Gene = Rpl21
index = 918
Annotated 5SS: [ 282 1373 1620 2215 2825]
Annotated 3SS: [1293 1557 2101 2673 2973]
SMsplice 5SS: [  77 1373 1620 2215 2825]
SMsplice 3SS: [1293 1557 2101 2673 2973]
length: 4143
Partition function (logZ) = 4.170548206378271
#Introns = 1626
5SS, 3SS, prob
2825, 2973, 0.7965781679223342
1373, 1557, 0.6729774209648417
1620, 2101, 0.6724635261867632
2215, 2673, 0.5563470225415796
1620, 2673, 0.23193308036236213
77, 141, 0.2175297688102715
282, 1293, 0.21029554250658866
77, 1293, 0.12291836700685907
2210, 2673, 0.12166080739930937
282, 1557, 0.10498296144223232
851, 1293, 0.07899114342261276
677, 1293, 0.0632413080182602
77, 1557, 0.06115398094047914
2546, 2673, 0.05964230560538988
77, 199, 0.05835358618665804
2825, 3610, 0.057860862951871234
286, 1293, 0.052958661285496034
2825, 3155, 0.04498069312620995
593, 1293, 0.04262853578824317
851, 1557, 0.03675413374915561
1620, 2123, 0.03372640429998058
677, 1557, 0.0277105395564033
286, 1557, 0.026438790140887902
228, 1293, 0.023715168772906678
2215, 2449, 0.023601421191651737
1620, 1928, 0.022854093758571805
593, 1557, 0.020976400465721846
282, 477, 0.019960282128648105
282, 757, 0.017203574646592956
677, 757, 0.014552355312432687
2825, 4064, 0.013954465724878016
228, 1557, 0.011827424096182128
282, 1163, 0.011209608780357093
2825, 3240, 0.010870500922948317
77, 757, 0.01052050592593247
2825, 3644, 0.010094132989330427
2825, 3536, 0.0099925360986165
2215, 2371, 0.009781765798332002
2043, 2673, 0.009044930667754164
77, 477, 0.008527200005944926
2588, 2673, 0.007511482848134705
1620, 2449, 0.0073179462991969655
77, 1163, 0.007155292827784361
282, 509, 0.007038542343222499
1620, 1870, 0.006898167488815881
584, 1293, 0.0068097813923142
2215, 2430, 0.006691496595541035
2825, 2987, 0.006423135083865209
1341, 1557, 0.006343646461862047
2825, 3942, 0.006015201495242385
3797, 4064, 0.005931450299334098
593, 757, 0.005314132437983474
1455, 1557, 0.005217250624767288
1373, 1453, 0.005158542755105374
1620, 2137, 0.005129360070279337
286, 477, 0.005108738396372285
2210, 2449, 0.005056149629309227
851, 1163, 0.005003252829346502
2825, 3867, 0.004961988693127794
286, 757, 0.004319434251248475
77, 172, 0.00420505869084477
77, 203, 0.0041955103441676566
2825, 3773, 0.004159870853409824
3241, 3610, 0.0041111481014890535
2825, 3183, 0.004037786562646829
3797, 3942, 0.0039482852634648
677, 1163, 0.003743774365312004
1174, 1293, 0.0036033821864661004
2215, 2504, 0.0035818505958032858
2825, 3701, 0.0035747271348933666
3797, 3867, 0.003533859964641744
2043, 2123, 0.003532398111146509
584, 1557, 0.0033923968236455994
77, 509, 0.0033676271020624798
282, 925, 0.00288857177191266
286, 1163, 0.0028454155821471226
1620, 2371, 0.002699744996622214
282, 411, 0.0026232456327731817
282, 1240, 0.002510598753931098
593, 1163, 0.0025099762141651823
2215, 2338, 0.0024556693367812307
3065, 3155, 0.0023738699530861745
2404, 2673, 0.0023560698804321544
2825, 3915, 0.0022175735379590792
282, 1355, 0.0021968985097558283
2210, 2371, 0.0021249179638201
2825, 3450, 0.0021206835945587117
851, 925, 0.002117719893957744
3797, 3915, 0.00211498983126717
2219, 2673, 0.002044294453366739
1373, 2101, 0.002042798345433984
1182, 1293, 0.0020359885759867126
1620, 2430, 0.0020327538061084907
228, 757, 0.002029075465019962
2825, 3221, 0.00198722024540587
282, 1121, 0.0018931029564530637
228, 477, 0.001834221462937505
286, 509, 0.0017977218698748772
1620, 1899, 0.001795389386295449
847, 1293, 0.0017596447242865746
142, 1293, 0.0016209788858338773
385, 1293, 0.0015467021202120088
1047, 1293, 0.0015158686798075784
77, 925, 0.0015086330131999159
2210, 2430, 0.0014528572903551604
228, 1163, 0.00142500031962452
77, 1240, 0.0014206178519707213
2825, 3116, 0.0013659858996489145
282, 547, 0.0013376351879565598
1200, 1293, 0.0013298574122735923
2825, 2901, 0.001322040401077078
2825, 2992, 0.001287179093818781
77, 1355, 0.0012847079916500047
941, 1293, 0.0012782571979198722
1620, 2504, 0.0012349146202994747
77, 270, 0.001197911781169474
77, 1121, 0.0011719440796547805
2490, 2673, 0.00114446349282576
1223, 1293, 0.0011283726358421015
282, 654, 0.0011083220559995012
3065, 3610, 0.0010128055140361566
3797, 3893, 0.0009848284686994923
2825, 3708, 0.0009749700210563815
601, 1293, 0.0009482220806733561
2825, 4117, 0.0009450932033689502
677, 925, 0.0009387792185197573
282, 1046, 0.0009131707036762722
851, 1240, 0.0008942756057490973
584, 757, 0.0008563366196960438
77, 411, 0.0008551613263051272
3241, 4064, 0.0008530523875653559
2825, 3951, 0.000840387406903815
385, 1557, 0.0008358460803073053
2242, 2673, 0.0008286232554027259
1493, 1557, 0.0008264821741966079
851, 1355, 0.0008123440436397485
847, 1557, 0.0008103286409633296
142, 1557, 0.0008064646016951437
159, 1293, 0.000797344969633231
2210, 2504, 0.0007937877796729864
22, 141, 0.0007921127598388579
851, 1121, 0.0007801904715362394
282, 1123, 0.000758098102689404
3241, 3536, 0.0007557244765033596
3241, 3644, 0.0007492909251223201
677, 1240, 0.000746525115448412
3797, 3903, 0.0007459296563994472
1174, 1557, 0.000738663016098151
2825, 3893, 0.0007311330015054372
286, 925, 0.000723644976222314
2215, 2640, 0.000721948741812961
1373, 2673, 0.0007172099962583696
77, 547, 0.0007081074022192249
286, 411, 0.0007054034673382528
2756, 2973, 0.0006997447189485808
1373, 1524, 0.0006935844468943522
677, 1355, 0.0006892171335267483
1620, 1737, 0.0006703731590898658
228, 509, 0.0006701986733961726
1055, 1293, 0.0006612994578726344
2825, 4020, 0.000651592128725533
1047, 1557, 0.0006439672092251709
2043, 2137, 0.0006366484468503351
286, 1240, 0.0006352290304187289
2825, 3903, 0.0006213097884934338
2825, 4027, 0.0006203763937833034
677, 1121, 0.0006199065465270128
77, 654, 0.0006107312302349799
593, 925, 0.000598358197974117
3099, 3610, 0.000595144998890678
2825, 4034, 0.0005945204187335263
941, 1557, 0.0005606572843270461
286, 1355, 0.0005532435786277702
1620, 2160, 0.0005356120112475623
3797, 3951, 0.0005237626797175708
1164, 1293, 0.0005210185517754355
77, 281, 0.000519502950365693
77, 1046, 0.0005188303514075441
1663, 2101, 0.0005160344151425445
593, 1240, 0.0005133634267426221
282, 2101, 0.0004994795125325659
2825, 3796, 0.0004968502537770278
2210, 2338, 0.0004960153713406196
1653, 2101, 0.0004937835976089031
767, 1293, 0.0004876156191989584
2215, 2692, 0.000487330053088644
282, 639, 0.0004831661553788253
809, 1293, 0.00047568644310601625
286, 1121, 0.0004749195661518486
77, 1123, 0.0004733799262669628
77, 158, 0.00047197376651594603
601, 1557, 0.0004564959157650826
593, 1355, 0.0004534880444758751
1620, 2338, 0.0004402829013993849
1373, 1435, 0.00043636412079253836
282, 588, 0.00043036853975300757
851, 1046, 0.00043017634244463113
593, 1121, 0.0004186316791835058
282, 1453, 0.000416420357233316
159, 1557, 0.0004124524029620012
2825, 3457, 0.00040981617802951823
3797, 4117, 0.00040734521667559173
584, 1163, 0.0004071795567321794
2825, 2989, 0.0004062155946194542
3241, 3942, 0.0004025956885861508
2215, 2474, 0.0003956571076335907
385, 477, 0.00039355633192337543
403, 1293, 0.0003771024289196774
1706, 2101, 0.00037674715572313087
2306, 2673, 0.0003671808036778519
282, 657, 0.0003651465460566849
1182, 1557, 0.0003507061484655481
1620, 2179, 0.00034947169428745594
282, 1100, 0.0003439007562690975
286, 547, 0.0003393552068561515
1240, 1557, 0.00033801178465227863
282, 347, 0.0003364234730596834
3797, 4020, 0.00033043051046766894
1223, 1557, 0.0003301471049222254
3791, 4064, 0.0003292720550278726
3241, 3867, 0.00032395965752828504
228, 925, 0.0003168605675687428
2043, 2449, 0.0003167953438949791
2464, 2673, 0.0003150469539996276
3797, 4027, 0.0003063235441136665
851, 1123, 0.00030585980773555315
1228, 1293, 0.00029707035313589864
282, 1067, 0.0002883817331168261
77, 2101, 0.0002876875867419955
3797, 4034, 0.0002834256139227926
286, 654, 0.0002828652234713093
1620, 2640, 0.00028213691579414245
677, 1046, 0.00028184186406880974
282, 1364, 0.00027444435135641834
228, 1240, 0.0002740880166623554
1055, 1557, 0.0002728017115906848
1983, 2101, 0.00027034680548646185
1620, 1877, 0.0002674624630108061
77, 639, 0.00025961926366734907
3241, 3773, 0.0002590993946040987
2521, 2673, 0.00024901305794142317
3241, 3701, 0.00024799129538331734
228, 1355, 0.0002477804305012006
677, 1123, 0.00024704160357399377
3065, 3240, 0.0002463123151839033
3791, 3867, 0.0002426482773506367
77, 1453, 0.00024208942119849434
809, 1557, 0.0002413790852317546
2825, 3676, 0.00023883536988164562
3065, 4064, 0.00023720944230149344
2825, 4092, 0.0002359102404857084
2215, 2973, 0.0002339256335599795
1600, 2101, 0.00023364532630406267
77, 588, 0.0002335301777566653
286, 1046, 0.00023137585238652028
767, 1557, 0.00022880231407694897
22, 1293, 0.0002238289676896462
77, 1100, 0.000219650722865623
228, 411, 0.00021899259841573192
2825, 3660, 0.00021896588882681762
3130, 3610, 0.0002179947689816951
59, 141, 0.0002091553870723128
403, 1557, 0.00020606733235675224
1620, 2692, 0.0002040355936040762
228, 1121, 0.00020341107058643058
77, 657, 0.00020205797764025709
2415, 2673, 0.0001978201864031558
3104, 3610, 0.0001958793413089307
1200, 1557, 0.00019513788078865323
3791, 3942, 0.00019237880443468298
286, 1123, 0.00019010009750325624
2825, 3715, 0.00018743120488764838
282, 431, 0.00018718709358467195
2825, 3295, 0.00018371926390546147
282, 997, 0.00018362673481286119
282, 724, 0.0001797331335516288
2571, 2673, 0.00017961342870458284
282, 1320, 0.00017634312315699082
188, 1293, 0.00017559234216381467
593, 1046, 0.0001747301144977253
3241, 3450, 0.00017413328004690996
3120, 3610, 0.00017410547129407067
3065, 3644, 0.0001737983467543265
401, 1293, 0.0001702265406703848
1663, 2673, 0.00016968856728727453
1047, 1163, 0.00016928038612444205
282, 2673, 0.00016878480904884002
77, 347, 0.0001685047029211522
77, 1067, 0.00016779928279086066
851, 2101, 0.00016676071961674156
593, 1123, 0.00016635510039760966
1653, 2673, 0.00016607549821582283
357, 1293, 0.0001652081102201194
1088, 1293, 0.00016474055791647796
3099, 3240, 0.00016278259814106488
3065, 3536, 0.00016256744098962542
77, 1364, 0.00016204890069174298
282, 1209, 0.00016175880864024097
282, 484, 0.0001617200413976098
2210, 2640, 0.00015763992947415238
228, 547, 0.00015388381746872835
2825, 3320, 0.0001499563312275914
851, 1453, 0.00014969324120108805
385, 757, 0.0001493024315333956
851, 1100, 0.00014369962326227754
3241, 3915, 0.00014337149821955748
1459, 1557, 0.00014254616232917616
2825, 3333, 0.00014233884142268355
677, 2101, 0.00014107245082428763
2807, 2973, 0.00014051723376391653
3065, 3183, 0.00013995702397589317
2186, 2673, 0.00013700470495783612
81, 1293, 0.00013599054749541023
1620, 2474, 0.00013579478728194873
134, 1293, 0.00013504175685983029
282, 446, 0.00013421324844706075
142, 757, 0.00013316138740794074
1681, 2101, 0.00013268058494651116
2215, 2306, 0.00013247088072860738
2825, 4079, 0.0001318509167936363
282, 741, 0.00013094821770925664
1377, 1557, 0.0001299159925073161
1228, 1557, 0.00012825974360356033
3099, 4064, 0.00012792068470867377
1706, 2673, 0.0001277873365260081
851, 1067, 0.00012741774473256677
286, 2101, 0.00012545186958084852
677, 1453, 0.0001249874691874459
228, 654, 0.0001244788694356216
286, 639, 0.00012245172512331435
142, 477, 0.00012225218474429605
2546, 2640, 0.0001215645145575429
601, 757, 0.00011919123601785586
3493, 3610, 0.00011900992980481147
2825, 3027, 0.0001177071148624457
677, 1100, 0.00011607517132286227
2825, 3831, 0.00011547037754869674
1620, 1772, 0.00011412136636697922
77, 215, 0.00011205115208933155
22, 1557, 0.00011135872333266452
2825, 3399, 0.00011103993983444358
3106, 3610, 0.0001110103011434039
2043, 2371, 0.00011047400551637836
3130, 3240, 0.0001096209085064562
77, 997, 0.00010792493430944422
286, 588, 0.00010792410854585594
2210, 2692, 0.00010780783711477723
1164, 1557, 0.00010685072963203271
17, 141, 0.00010642459385180083
77, 724, 0.00010611314603338888
3099, 3183, 0.00010511715692129653
1620, 2033, 0.00010496959955821027
286, 1453, 0.00010486848487371313
1620, 2010, 0.00010312154938592448
77, 1320, 0.00010308208127602362
851, 997, 0.00010265795441150605
385, 1163, 0.00010211311501708382
2215, 2635, 0.00010169590557945762
1373, 2123, 0.00010065290662359931
282, 1435, 0.00010032714557667709
851, 1364, 0.000100085821059568
188, 1557, 9.950764803428585e-05
584, 925, 9.895870766181359e-05
3099, 3536, 9.869591403100167e-05
282, 1524, 9.867997517628581e-05
1620, 2047, 9.861671947631573e-05
847, 1163, 9.830106975034785e-05
1620, 2973, 9.678845034969269e-05
385, 509, 9.616727344797409e-05
3791, 3915, 9.598021487156371e-05
593, 2101, 9.591370746589393e-05
77, 1209, 9.57288061196192e-05
2215, 2742, 9.48275122965515e-05
2856, 2973, 9.45889768901784e-05
142, 1163, 9.436001208143112e-05
2825, 3339, 9.412889899906804e-05
228, 1046, 9.37141178286214e-05
286, 657, 9.317283428144336e-05
2825, 3364, 9.260087910152447e-05
401, 1557, 9.05828744580468e-05
3797, 4092, 9.045876062650589e-05
77, 2673, 8.933289510944534e-05
2219, 2449, 8.851033368677437e-05
2483, 2673, 8.804477984925599e-05
286, 1100, 8.779326856087733e-05
2825, 3646, 8.71339741261635e-05
3099, 3644, 8.64617913734694e-05
2825, 3249, 8.644256027718879e-05
2210, 2474, 8.617647176791854e-05
3065, 3942, 8.610673456375275e-05
1055, 1163, 8.597602163702666e-05
677, 1067, 8.577422194071969e-05
1624, 2101, 8.547419648149056e-05
677, 1364, 8.440256065699492e-05
2043, 2430, 8.29818930649694e-05
2825, 3385, 8.266548614511414e-05
2825, 3123, 8.250205950282773e-05
1833, 2101, 8.215473168154249e-05
282, 890, 8.178824150101844e-05
228, 1123, 8.149538750762406e-05
77, 741, 8.077349949887367e-05
2843, 2973, 7.966742094204444e-05
1620, 2209, 7.894457827967058e-05
3065, 3867, 7.827630419949096e-05
2825, 3511, 7.769900636192099e-05
593, 657, 7.713110360006896e-05
593, 1453, 7.711029509768275e-05
77, 431, 7.581967802547585e-05
357, 1557, 7.562032235747598e-05
1600, 2673, 7.506175999057148e-05
1934, 2101, 7.439280359567191e-05
593, 1100, 7.375019645098187e-05
2215, 2411, 7.368426519416174e-05
941, 1163, 7.349929985194657e-05
584, 1355, 7.326542691276321e-05
286, 1067, 7.264908665792513e-05
77, 484, 7.253335997579739e-05
3120, 3240, 7.129968079782031e-05
22, 199, 7.087047015966565e-05
228, 347, 7.072510027833773e-05
81, 199, 6.974254716798792e-05
286, 1364, 6.911139341633942e-05
2215, 2694, 6.89995644537764e-05
159, 757, 6.84023523252374e-05
282, 1029, 6.82253303548086e-05
81, 1557, 6.76823899290243e-05
134, 1557, 6.721017756617243e-05
2215, 2736, 6.708396454287937e-05
1651, 2101, 6.674324502497096e-05
1373, 1928, 6.519699579688242e-05
1482, 1557, 6.511029198171954e-05
1088, 1557, 6.510066038029893e-05
593, 724, 6.441338700778539e-05
403, 477, 6.431257332215744e-05
2012, 2101, 6.288122749048443e-05
159, 477, 6.254497670430599e-05
677, 997, 6.098515530661351e-05
584, 1121, 6.0866804957967953e-05
2825, 2907, 5.9917084523482664e-05
2215, 2713, 5.911447553905382e-05
77, 1435, 5.850208211872721e-05
584, 654, 5.783903828239379e-05
847, 925, 5.764638643906388e-05
77, 1524, 5.748717421350411e-05
3620, 4064, 5.61889378658308e-05
228, 2101, 5.5856797050866485e-05
77, 446, 5.535647745510102e-05
593, 1364, 5.522232419308848e-05
1067, 1293, 5.4834395405872335e-05
573, 1293, 5.479118702962787e-05
1620, 2012, 5.470467999113886e-05
3797, 4079, 5.465429743388795e-05
593, 1067, 5.4470683450450895e-05
462, 1293, 5.356856345639396e-05
851, 2673, 5.323261222053264e-05
1620, 1767, 5.2455228322807775e-05
3130, 4064, 5.237196236665419e-05
2043, 2504, 5.2328388878600184e-05
1341, 1453, 5.2163858803338646e-05
855, 1293, 5.195981365327343e-05
3241, 4117, 5.158360490054886e-05
228, 639, 5.157814662624351e-05
753, 1293, 4.879494762836584e-05
77, 890, 4.856329473325867e-05
286, 431, 4.836111360380859e-05
1620, 2037, 4.832335787687897e-05
228, 588, 4.813533523796038e-05
282, 1073, 4.7833828572940186e-05
2215, 2738, 4.747990192487995e-05
2043, 2160, 4.741464002718897e-05
3104, 3240, 4.7336045372222806e-05
228, 1453, 4.6885993520827114e-05
286, 997, 4.657786954481468e-05
159, 1163, 4.6410835414863926e-05
142, 509, 4.604223552668245e-05
1620, 2054, 4.598444727155623e-05
3104, 4064, 4.576989959720476e-05
286, 724, 4.564969915927562e-05
2825, 3485, 4.5563137136171014e-05
677, 741, 4.525917802335389e-05
855, 1557, 4.4599705924881746e-05
3241, 3708, 4.410376107707011e-05
3065, 3701, 4.375850608115684e-05
1373, 1527, 4.3630002803965645e-05
1681, 2673, 4.308661854518945e-05
2825, 4068, 4.250482794790514e-05
3120, 4064, 4.18963260812136e-05
286, 2673, 4.16836239228783e-05
2404, 2504, 4.164628975663573e-05
77, 1029, 4.1561926498812495e-05
677, 2673, 4.144868299535036e-05
677, 1320, 4.132545738317365e-05
286, 484, 4.130383733526019e-05
228, 657, 4.1247932755661724e-05
593, 741, 4.109420579521228e-05
2215, 2761, 4.099806254688664e-05
2825, 3005, 4.0874716103157975e-05
851, 940, 4.064183485182743e-05
282, 940, 4.025953993386001e-05
1620, 2635, 3.970501979178738e-05
3099, 3942, 3.9624341556050104e-05
2825, 3195, 3.9600879638784176e-05
2546, 2692, 3.934927489858844e-05
403, 757, 3.932585594037597e-05
3241, 3951, 3.85112982132099e-05
228, 1100, 3.8228261506460685e-05
1620, 2162, 3.757768479206563e-05
573, 1557, 3.728171060186025e-05
2215, 2722, 3.703007582193071e-05
1620, 2742, 3.678852130752591e-05
593, 997, 3.6779735095538166e-05
134, 199, 3.669706545204362e-05
2219, 2371, 3.65547142217785e-05
851, 1524, 3.6396553085834044e-05
2242, 2449, 3.591719811051118e-05
851, 1435, 3.5286329419030425e-05
601, 1163, 3.4986193148284354e-05
1903, 2101, 3.4849394393464784e-05
4001, 4064, 3.4384584540847585e-05
286, 446, 3.409588846423611e-05
403, 509, 3.401507836557169e-05
2360, 2673, 3.391756372388424e-05
851, 1320, 3.3400073490113895e-05
286, 741, 3.321876626206988e-05
1620, 2245, 3.276634979274613e-05
1067, 1557, 3.267009069209967e-05
3065, 3773, 3.237520047788145e-05
401, 477, 3.191063813826152e-05
677, 890, 3.131649720825035e-05
1894, 2101, 3.1204614746341154e-05
228, 1364, 3.092530708140845e-05
2756, 3610, 3.086045135422923e-05
3241, 4020, 3.085867969211884e-05
677, 1435, 3.079471498520585e-05
851, 1029, 3.064256006223918e-05
228, 1067, 2.973700886075259e-05
77, 1073, 2.951189573355552e-05
1624, 2673, 2.9447672819433455e-05
3241, 4027, 2.9356371375722785e-05
2198, 2673, 2.9141894448123184e-05
2210, 2306, 2.9135073542581125e-05
1620, 2694, 2.8744164164017478e-05
462, 1557, 2.854245902963262e-05
3125, 3610, 2.8382024986479462e-05
3393, 3610, 2.830348852619399e-05
1983, 2673, 2.821293668405506e-05
2210, 2973, 2.803389982871583e-05
3241, 4034, 2.797007806062472e-05
2825, 3781, 2.7537883342080655e-05
282, 384, 2.7471183627531314e-05
593, 2673, 2.7341060267603873e-05
677, 1524, 2.7059288643688615e-05
584, 1046, 2.681167419983478e-05
2215, 2611, 2.6581486469681475e-05
4005, 4117, 2.6046268523514877e-05
1620, 2736, 2.5889545014951415e-05
1959, 2101, 2.5647584810031635e-05
357, 477, 2.5587008248597325e-05
809, 1163, 2.5294223941412203e-05
286, 1435, 2.5265511066118146e-05
286, 1524, 2.4850763390273847e-05
767, 1163, 2.4640511523149096e-05
282, 2123, 2.4527667220565864e-05
282, 571, 2.444265686512168e-05
159, 509, 2.4388117348767704e-05
2215, 2647, 2.4315601208584578e-05
1620, 2713, 2.4186235300467704e-05
2219, 2430, 2.409357165524826e-05
286, 1320, 2.4030937343687784e-05
3065, 3221, 2.346761321368379e-05
59, 1557, 2.326809119893627e-05
385, 925, 2.3177685418292746e-05
1373, 2449, 2.296076950615216e-05
753, 1557, 2.281269867289109e-05
584, 657, 2.2772330278986785e-05
77, 940, 2.2744534775144612e-05
142, 270, 2.2651634948488055e-05
3241, 3893, 2.2594366725716367e-05
3099, 3867, 2.2549776010418776e-05
1651, 2673, 2.2549271197139673e-05
1029, 1557, 2.2486334361039555e-05
3791, 3893, 2.2304047246547764e-05
2043, 2179, 2.215722399949707e-05
228, 997, 2.194640576724759e-05
282, 568, 2.185178469362694e-05
142, 925, 2.1783269320731814e-05
2210, 2635, 2.1643526655400503e-05
282, 711, 2.1361494146165244e-05
593, 1320, 2.1346982729967324e-05
2756, 3155, 2.1165262728335447e-05
2825, 3188, 2.1024637600948138e-05
3130, 3536, 2.092640532339963e-05
286, 890, 2.063526198209384e-05
1833, 2673, 2.0560817418539743e-05
1373, 1437, 2.04425501100868e-05
2210, 2742, 2.0073119676934103e-05
228, 724, 1.9949424265910024e-05
2306, 2449, 1.9801199455196702e-05
593, 1524, 1.9661568774274265e-05
677, 1029, 1.9438585412034847e-05
3099, 3221, 1.9380031047643864e-05
1663, 2123, 1.9281287117457922e-05
2043, 2338, 1.9279942022760534e-05
3241, 3903, 1.9265092287608717e-05
851, 1073, 1.923979592279556e-05
1341, 2101, 1.9046433709645035e-05
1620, 2738, 1.8895720943882604e-05
1373, 1870, 1.8854668358955267e-05
584, 1123, 1.8824602975272185e-05
1653, 2123, 1.8774744149575256e-05
2474, 2673, 1.8710822969854504e-05
593, 1435, 1.857420912833131e-05
121, 199, 1.834776314521089e-05
22, 757, 1.8216266821829964e-05
228, 2673, 1.810724577484831e-05
1174, 1355, 1.807344704614211e-05
3620, 3701, 1.7834836927537733e-05
228, 431, 1.7828586117570056e-05
401, 757, 1.776592712287507e-05
1620, 2411, 1.7693388019818565e-05
3106, 3240, 1.7467441804233792e-05
3001, 3155, 1.7407063983137884e-05
2825, 3019, 1.740250468199498e-05
2592, 2673, 1.7357608556026277e-05
2242, 2371, 1.7352367803986485e-05
282, 697, 1.7228650454630206e-05
59, 199, 1.716481236025733e-05
286, 1029, 1.7056559630030922e-05
3065, 3450, 1.70458894702101e-05
809, 925, 1.7012741319216553e-05
385, 1355, 1.6982586446836518e-05
805, 1557, 1.691289701588805e-05
142, 1355, 1.6804547537591327e-05
1047, 1121, 1.674807518876234e-05
282, 676, 1.6701500900978222e-05
188, 757, 1.6573662909035247e-05
17, 1557, 1.6430702241394463e-05
121, 1557, 1.6268579865604786e-05
1663, 1928, 1.6229533154600455e-05
1620, 2761, 1.621548159228405e-05
593, 890, 1.617550538730158e-05
3104, 3183, 1.6158645116017945e-05
1018, 1557, 1.5993269498958788e-05
3791, 3903, 1.597339264937986e-05
2210, 2411, 1.591364301628267e-05
3065, 3915, 1.5870107956598727e-05
2825, 3720, 1.5818043793743734e-05
1828, 2101, 1.5810555210132426e-05
1653, 1928, 1.573099802015795e-05
2546, 2635, 1.5690154347396586e-05
142, 1121, 1.561224041601318e-05
539, 1557, 1.5575753002182867e-05
228, 741, 1.5449942223119453e-05
385, 547, 1.5389167536561953e-05
159, 270, 1.535891166005678e-05
3241, 3333, 1.5308151662430837e-05
2210, 2694, 1.5262414239657798e-05
1718, 2101, 1.5122624108380424e-05
22, 477, 1.502497888708581e-05
1620, 2722, 1.494315870678556e-05
401, 509, 1.4891590010977785e-05
228, 484, 1.486958227444088e-05
1963, 2101, 1.4838085163302177e-05
1620, 2067, 1.4787801596152805e-05
1341, 1435, 1.4775472356312578e-05
188, 477, 1.4725496566701095e-05
1373, 2137, 1.4608014342732361e-05
1706, 1928, 1.4324195169191405e-05
2210, 2736, 1.4256420019988927e-05
77, 2123, 1.4120756117182466e-05
282, 1928, 1.4035219052772219e-05
1040, 1557, 1.3983787360743883e-05
3130, 3644, 1.3915447731092495e-05
357, 757, 1.381156537096474e-05
1620, 2306, 1.3774433896037054e-05
77, 571, 1.3314976550834617e-05
601, 925, 1.3140713159948521e-05
2210, 2713, 1.3092119783047873e-05
488, 1557, 1.2961006819993924e-05
228, 446, 1.2953783052081977e-05
3106, 4064, 1.2671828405680497e-05
2219, 2504, 1.2651523148143466e-05
677, 1073, 1.2518748491521881e-05
584, 1453, 1.2472678687649268e-05
2411, 2673, 1.2412819130067013e-05
294, 1557, 1.2368617825333923e-05
1620, 1814, 1.2319119434260298e-05
677, 940, 1.230642461169964e-05
77, 711, 1.199970913216105e-05
3104, 3644, 1.1986123514336634e-05
77, 568, 1.1911684154466117e-05
81, 757, 1.168347852979895e-05
228, 1435, 1.1306079104391707e-05
282, 361, 1.1148970875824558e-05
134, 757, 1.1133170307699287e-05
941, 1046, 1.1130664413106466e-05
228, 1524, 1.1117380310232757e-05
142, 411, 1.1074249683305236e-05
3099, 3701, 1.1022156194414157e-05
159, 925, 1.09837698880037e-05
1706, 2123, 1.079056509868407e-05
593, 1029, 1.0743397053673764e-05
2043, 2640, 1.0568984536290973e-05
573, 757, 1.053394828138634e-05
1256, 1557, 1.0505803112306008e-05
1620, 2611, 1.0452315897311731e-05
2210, 2738, 1.0400421403256615e-05
17, 199, 1.0289901259583391e-05
134, 477, 1.0243647662474187e-05
286, 940, 1.0122016313291071e-05
847, 1355, 1.0058274412847803e-05
2215, 2510, 1.0036853666640873e-05
767, 925, 9.906272690481823e-06
228, 890, 9.87698815448845e-06
142, 547, 9.864009248426888e-06
1240, 1355, 9.848976725820286e-06
584, 2101, 9.83274629940429e-06
2602, 2673, 9.728876770959916e-06
3791, 4117, 9.665056573241971e-06
282, 877, 9.651768146029373e-06
1620, 2647, 9.509899356142113e-06
2219, 2338, 9.509692200662442e-06
77, 676, 9.478627849164999e-06
1386, 1557, 9.476464350834789e-06
77, 697, 9.460132312681774e-06
81, 477, 9.396655037363146e-06
385, 654, 9.182185987620514e-06
593, 697, 8.878803857974157e-06
142, 281, 8.85912371537813e-06
2210, 2761, 8.752494014395332e-06
584, 724, 8.676385558853734e-06
3120, 3644, 8.662293078124059e-06
593, 676, 8.650106915289361e-06
282, 791, 8.507032621324938e-06
593, 711, 8.489543492732376e-06
286, 1073, 8.456368647666486e-06
142, 654, 8.453774835330024e-06
77, 232, 8.398789426356151e-06
1620, 2065, 8.284215303543835e-06
1833, 1928, 8.06326754088093e-06
2242, 2430, 7.902699300856806e-06
593, 940, 7.84824116405126e-06
1047, 1355, 7.753167035452625e-06
1620, 1851, 7.627789014304855e-06
1600, 1928, 7.520943357135962e-06
159, 1355, 7.474931651044805e-06
1373, 2371, 7.44870937949735e-06
77, 1928, 7.4205627513656885e-06
2351, 2673, 7.393770328602546e-06
77, 877, 7.273323592548763e-06
286, 384, 7.216850554592833e-06
3315, 3610, 7.131441409190442e-06
2215, 2752, 7.047978848375124e-06
3065, 4117, 7.04302890170192e-06
462, 757, 6.893694667644276e-06
357, 509, 6.807960183060963e-06
1620, 1808, 6.688828542761602e-06
677, 791, 6.639810046597836e-06
1223, 1355, 6.495759754955769e-06
228, 1029, 6.209548171869877e-06
1600, 2123, 6.1546721746020395e-06
286, 571, 6.135273906155271e-06
1341, 1524, 6.1242254165950165e-06
791, 1557, 6.12084509793725e-06
3001, 3610, 6.092719829118772e-06
1663, 1870, 5.940047295100905e-06
403, 925, 5.932301654815483e-06
584, 741, 5.928421416747675e-06
159, 411, 5.88785952583925e-06
22, 509, 5.84417983983171e-06
188, 509, 5.805936671591018e-06
282, 1527, 5.78454036592227e-06
2210, 2611, 5.716631653201022e-06
1653, 1870, 5.673232067018416e-06
159, 281, 5.592425708616912e-06
601, 1355, 5.542248061890053e-06
77, 384, 5.541659723963126e-06
1182, 1355, 5.5214470912526945e-06
286, 568, 5.493406261433653e-06
77, 791, 5.479122130858071e-06
22, 203, 5.4024569640061136e-06
286, 711, 5.399627957767337e-06
2242, 2338, 5.359918721317101e-06
2210, 2647, 5.306779578031723e-06
452, 1557, 5.299491919375052e-06
847, 1046, 5.297144470273855e-06
1373, 1899, 5.1984297926582705e-06
584, 997, 5.179830138550813e-06
77, 966, 5.1386967558039e-06
584, 1364, 5.044135523938617e-06
1706, 1870, 5.027323358896627e-06
81, 203, 4.985691295733636e-06
159, 547, 4.966953175320794e-06
851, 966, 4.94479244055013e-06
282, 847, 4.92861532449644e-06
282, 966, 4.871810659624944e-06
2242, 2504, 4.870077965236135e-06
1934, 2673, 4.8235291222482925e-06
81, 172, 4.642058158658196e-06
282, 415, 4.58545638725558e-06
385, 1046, 4.523923457907847e-06
123, 199, 4.514099921105175e-06
1718, 2673, 4.4923983822676995e-06
2210, 2722, 4.451890018041308e-06
1681, 1928, 4.420837202043618e-06
677, 877, 4.400291736278825e-06
123, 1557, 4.3298626321239495e-06
2215, 3610, 4.325751229208369e-06
228, 940, 4.322410604124726e-06
2043, 2474, 4.321591618259433e-06
286, 697, 4.317590931593451e-06
851, 1928, 4.29898232230273e-06
2043, 2692, 4.287667110836377e-06
282, 850, 4.278747141040991e-06
385, 588, 4.2763044910974735e-06
286, 676, 4.207422317292135e-06
403, 547, 4.179898123893078e-06
159, 654, 4.087589570607252e-06
2215, 2731, 4.061974894068549e-06
385, 1121, 3.998352270684146e-06
2306, 2371, 3.997512651984746e-06
385, 639, 3.955930070946471e-06
1373, 2430, 3.9500672104519835e-06
282, 1437, 3.92137341122394e-06
142, 1046, 3.872481641113777e-06
1373, 2504, 3.864136650344867e-06
59, 757, 3.8115987570346416e-06
2215, 2592, 3.771755815097686e-06
81, 509, 3.74672304393917e-06
134, 203, 3.741907528131668e-06
134, 509, 3.7366348112443467e-06
2306, 2430, 3.7295111851726726e-06
366, 1557, 3.704656699420611e-06
188, 270, 3.6601964699658775e-06
847, 1121, 3.6069338747432223e-06
22, 172, 3.5933618167560304e-06
286, 1928, 3.5326123727245353e-06
2043, 2209, 3.4912744200856027e-06
539, 757, 3.488174967460318e-06
142, 639, 3.4382825769349805e-06
584, 1067, 3.396488505486627e-06
1341, 2673, 3.389707928863116e-06
3106, 3644, 3.349066768308178e-06
664, 1557, 3.3428855260116272e-06
59, 477, 3.3261291476272065e-06
385, 1453, 3.3136719867060104e-06
282, 2449, 3.2974200402142653e-06
584, 1100, 3.270209864939236e-06
677, 1928, 3.2674221261974665e-06
87, 199, 3.242669038689929e-06
385, 484, 3.1969952636713248e-06
142, 1453, 3.1925402997308345e-06
593, 1073, 3.1872750591101874e-06
2415, 2504, 3.162376253344829e-06
1663, 2449, 3.1335205987132374e-06
3065, 3708, 3.1331391595481734e-06
2546, 2742, 3.110859513701234e-06
142, 588, 3.0540691637133916e-06
584, 2673, 3.0532693598289572e-06
2588, 2692, 3.0460090157324395e-06
385, 657, 3.0438680681986445e-06
1653, 2449, 3.033393398887168e-06
941, 1121, 3.0127092970003898e-06
294, 477, 2.9814921597321386e-06
77, 847, 2.924429366201051e-06
77, 1527, 2.893096345094008e-06
2186, 2449, 2.8896668613599988e-06
228, 571, 2.8451136089420373e-06
2546, 2694, 2.8435940411785203e-06
142, 657, 2.813104889370888e-06
142, 347, 2.7964664488261914e-06
121, 757, 2.7313092299901505e-06
17, 757, 2.7107543847932684e-06
3104, 3536, 2.7014074605683354e-06
282, 1870, 2.6899607196384096e-06
22, 925, 2.6146439646373603e-06
77, 361, 2.594034702368568e-06
77, 850, 2.579820493191361e-06
584, 890, 2.549686431567289e-06
228, 568, 2.544137697889737e-06
3099, 3773, 2.5394285743022013e-06
366, 477, 2.5144762887982953e-06
188, 925, 2.4768731493123708e-06
677, 966, 2.4681221444397736e-06
3120, 3536, 2.4630214098449366e-06
121, 477, 2.4614323025239144e-06
401, 925, 2.453932023966391e-06
2404, 2640, 2.437224861618358e-06
286, 877, 2.4230780545699566e-06
403, 654, 2.409147792769489e-06
286, 361, 2.3983360367998242e-06
1373, 1507, 2.3937977171668303e-06
488, 757, 2.3855368857378078e-06
1624, 1928, 2.2949857022967547e-06
2546, 2736, 2.246228129287012e-06
17, 477, 2.1974053762775976e-06
664, 757, 2.1887796715920038e-06
1600, 1870, 2.175455718954045e-06
593, 791, 2.1603784634689606e-06
286, 791, 2.1272775882117777e-06
584, 1435, 2.1219686890083488e-06
2210, 2510, 2.1067393378816727e-06
1706, 2449, 2.0977372973620155e-06
593, 877, 2.075426279527215e-06
593, 1928, 2.073883880696782e-06
677, 847, 2.055628833308505e-06
584, 1524, 2.044836307104874e-06
847, 1453, 1.9889182643730607e-06
2360, 2449, 1.9711668740471295e-06
77, 1437, 1.9613963844710363e-06
2306, 2504, 1.918552095625135e-06
2546, 2647, 1.9081338694128235e-06
188, 281, 1.9000078729656436e-06
228, 676, 1.8683785293654364e-06
1620, 1819, 1.842403463816482e-06
401, 547, 1.820100402846152e-06
1174, 1453, 1.8165140384171309e-06
134, 925, 1.8086342383223187e-06
677, 850, 1.797042911726553e-06
2043, 2162, 1.7964072831658788e-06
142, 215, 1.7789450137943195e-06
159, 1121, 1.7675058436502531e-06
22, 270, 1.7639742186032605e-06
134, 270, 1.6900532028402448e-06
159, 639, 1.6873880617340169e-06
3620, 3773, 1.6697180452643306e-06
357, 925, 1.6692609839399091e-06
81, 925, 1.6646842704651052e-06
188, 411, 1.627578155291456e-06
1681, 1870, 1.6249056851253218e-06
77, 415, 1.6134306449574304e-06
1047, 1453, 1.6105081928379874e-06
121, 203, 1.6036388755805397e-06
1651, 1928, 1.597556364240492e-06
1620, 2510, 1.5896571056271275e-06
1620, 2752, 1.5705382605217172e-06
159, 1453, 1.5703819282212606e-06
403, 1163, 1.5645878674401394e-06
159, 588, 1.552944427779432e-06
855, 925, 1.527620877774242e-06
159, 347, 1.5198801677049502e-06
228, 384, 1.5120270254991224e-06
159, 1046, 1.4579029545306835e-06
22, 411, 1.4269405200393668e-06
228, 711, 1.4251525591795275e-06
2219, 2640, 1.3940189538057326e-06
159, 657, 1.3580312155416875e-06
22, 547, 1.353920303967736e-06
1047, 1123, 1.3538895740751428e-06
81, 270, 1.3476244502643103e-06
142, 1123, 1.3436206690910182e-06
228, 1073, 1.3394169933425392e-06
1828, 1928, 1.3320525658050086e-06
462, 547, 1.3290879287037327e-06
593, 966, 1.3269678273674673e-06
2186, 2371, 1.3143173475248311e-06
77, 687, 1.311873697316792e-06
2546, 2761, 1.2998470663439662e-06
2043, 2245, 1.2866393258387804e-06
188, 547, 1.2861151999119168e-06
59, 203, 1.2797934599935693e-06
357, 547, 1.2670468720748592e-06
330, 477, 1.266520280315135e-06
677, 1209, 1.2547555762298598e-06
286, 847, 1.2481685193160754e-06
59, 172, 1.2466535121212716e-06
601, 1121, 1.2449339366837421e-06
3106, 3536, 1.2356532321489487e-06
228, 877, 1.2346111008263378e-06
59, 509, 1.2334805021869693e-06
286, 966, 1.2307904327337952e-06
228, 1928, 1.2302678610794626e-06
286, 415, 1.2229646065456895e-06
941, 1453, 1.2015754623543609e-06
584, 676, 1.1590055105599728e-06
851, 1209, 1.1370429784472062e-06
282, 687, 1.134871761898276e-06
228, 697, 1.1334655714496595e-06
22, 654, 1.1277090723457958e-06
1663, 1899, 1.117248910210745e-06
584, 1240, 1.1067761387523594e-06
286, 850, 1.0845437295254561e-06
601, 1453, 1.0380169497657498e-06
1653, 1899, 1.0350474366368095e-06
142, 484, 1.0331421344024775e-06
2215, 3155, 1.0220329317348411e-06
294, 509, 9.895327619629574e-07
142, 431, 9.782305281783714e-07
403, 588, 9.722573800515855e-07
593, 687, 9.681386244062313e-07
593, 847, 9.55874807679184e-07
1706, 1899, 9.53742127374029e-07
81, 411, 9.448236861758759e-07
134, 411, 9.177453304954647e-07
1373, 2338, 9.121799829412887e-07
1373, 1737, 9.100645954029383e-07
847, 997, 9.070725437094346e-07
188, 654, 8.929773349160956e-07
573, 654, 8.864074368906389e-07
677, 2123, 8.67525706852271e-07
228, 361, 8.662806280691737e-07
3241, 3457, 8.455130051221511e-07
1983, 2123, 8.392203788187996e-07
121, 509, 8.375634803037322e-07
601, 1046, 8.360435064979069e-07
593, 850, 8.302128558668268e-07
1620, 2592, 8.294986420322363e-07
403, 639, 8.290703474118892e-07
17, 509, 8.25385463329848e-07
142, 997, 8.23575446975039e-07
805, 925, 8.132451003728758e-07
2546, 2611, 8.008600782372645e-07
17, 203, 7.826065389951897e-07
134, 547, 7.751024464206243e-07
677, 1437, 7.727031574946312e-07
573, 925, 7.709306443563318e-07
282, 1398, 7.680635497828445e-07
22, 281, 7.633271935136878e-07
401, 654, 7.605007175733112e-07
142, 446, 7.583789302916291e-07
584, 940, 7.568963375012685e-07
753, 925, 7.526881587246292e-07
81, 547, 7.295142288705204e-07
282, 1899, 7.29351075115491e-07
851, 2123, 7.225327649725207e-07
134, 654, 7.073512360736224e-07
228, 791, 6.974886252144679e-07
355, 477, 6.963192911139465e-07
305, 477, 6.955014193965314e-07
851, 1870, 6.952644776926057e-07
134, 281, 6.912362789719203e-07
1624, 1870, 6.889149288155912e-07
403, 484, 6.830525624813592e-07
286, 1870, 6.77958518366532e-07
81, 654, 6.775998751983322e-07
123, 477, 6.365719186661185e-07
851, 1437, 6.318943736536312e-07
1653, 1737, 6.09019176279323e-07
1373, 1877, 6.080598890575536e-07
462, 925, 6.036719493317397e-07
1651, 1870, 5.940782454158791e-07
22, 119, 5.864227565354667e-07
81, 281, 5.826114828488951e-07
366, 509, 5.639272700325368e-07
142, 890, 5.6391959451329e-07
3099, 3450, 5.582182851621995e-07
228, 847, 5.501814148334228e-07
22, 1163, 5.431383121632354e-07
847, 940, 5.421448324956717e-07
22, 158, 5.324006382333966e-07
77, 241, 5.195182661413999e-07
17, 172, 5.189179990541165e-07
385, 890, 5.120200410644733e-07
159, 484, 5.029885840979332e-07
377, 477, 4.941882180720435e-07
159, 431, 4.928904236061646e-07
3130, 3773, 4.924312161932179e-07
228, 850, 4.830160634056605e-07
77, 234, 4.778276580458608e-07
1088, 1163, 4.77749294972466e-07
2807, 3155, 4.683911043015862e-07
77, 1398, 4.611780724460304e-07
1373, 1598, 4.5645071674324816e-07
81, 158, 4.563472807364727e-07
2210, 2592, 4.5566210973031744e-07
294, 411, 4.5025032490745076e-07
3106, 3183, 4.443695885699041e-07
330, 509, 4.3848898090602277e-07
1663, 1737, 4.3837887062673123e-07
401, 588, 4.372735491835223e-07
3104, 3773, 4.354481908096655e-07
59, 270, 4.296214580831388e-07
188, 1163, 4.264682160343394e-07
809, 890, 4.1245119037830577e-07
1373, 1611, 4.0528148934774015e-07
123, 203, 4.03354616467397e-07
228, 415, 4.0121016386366527e-07
188, 347, 3.9501715094876646e-07
77, 1404, 3.9216155734484153e-07
3120, 3773, 3.919312743643811e-07
87, 477, 3.74835166728822e-07
159, 446, 3.728154509673585e-07
77, 1870, 3.717139592989397e-07
121, 270, 3.662252792025914e-07
22, 588, 3.4893345570445573e-07
584, 877, 3.4676172326368476e-07
59, 1293, 3.4359660508946256e-07
59, 411, 3.2678367454332415e-07
401, 484, 3.259442064028047e-07
282, 1404, 3.2496535054192077e-07
357, 588, 3.18706921665442e-07
22, 347, 3.1232392079917396e-07
328, 477, 3.1068214954606487e-07
1620, 3155, 3.0841653260207983e-07
3120, 3183, 2.980070382401069e-07
188, 588, 2.8387832339690045e-07
228, 966, 2.799763476971942e-07
767, 890, 2.791690560085279e-07
385, 571, 2.638893127457237e-07
2825, 3074, 2.5932640175911273e-07
767, 1121, 2.5484361729199525e-07
59, 547, 2.548239972150163e-07
17, 270, 2.544534772253249e-07
59, 925, 2.5286344065144366e-07
1055, 1121, 2.515882563565359e-07
385, 568, 2.394125333637169e-07
142, 232, 2.3919447349143177e-07
305, 509, 2.3748954593257394e-07
677, 1870, 2.371531903779282e-07
593, 1870, 2.3681405145294753e-07
3241, 3339, 2.3526196164524548e-07
87, 203, 2.311586242971576e-07
134, 347, 2.2826765172827527e-07
310, 477, 2.2694249630921117e-07
357, 446, 2.2668841009113336e-07
142, 1435, 2.234861156171668e-07
123, 509, 2.2299883351495138e-07
2043, 2306, 2.189185487944614e-07
1718, 1928, 2.1875345256405263e-07
81, 588, 2.1721477374587808e-07
1373, 1772, 2.17074801215678e-07
121, 411, 2.1675537906876257e-07
2210, 3155, 2.1648755715725128e-07
3241, 3320, 2.157813871632373e-07
134, 588, 2.1132100233698626e-07
452, 547, 2.1047938944273353e-07
3241, 3364, 2.096383155735585e-07
2546, 2973, 2.0902274382469425e-07
330, 411, 2.0892967060034524e-07
2825, 3094, 2.0728664608302205e-07
59, 158, 2.0584188360532855e-07
17, 411, 2.0420748019936788e-07
159, 890, 2.0371000641138104e-07
134, 215, 2.032997137464981e-07
357, 431, 1.9700323469537989e-07
2843, 3155, 1.9681054443617598e-07
601, 890, 1.940775951055353e-07
462, 588, 1.9295395570495335e-07
3130, 3221, 1.8935637904684695e-07
59, 281, 1.8858290806372557e-07
121, 547, 1.8814226709782056e-07
355, 509, 1.877782771395135e-07
81, 347, 1.8736635170814508e-07
17, 547, 1.848938425985698e-07
539, 925, 1.8348838171303936e-07
2856, 3155, 1.833909008514202e-07
357, 484, 1.8329813790788618e-07
142, 571, 1.8252387087846346e-07
87, 172, 1.7921513921604264e-07
2825, 3088, 1.7603663569723385e-07
121, 925, 1.7597883493352618e-07
2215, 2531, 1.7437104797626847e-07
357, 654, 1.7423453703481452e-07
3241, 3399, 1.6940774964605553e-07
1620, 1833, 1.6443518425541893e-07
142, 568, 1.6422590314628762e-07
2215, 2521, 1.6381713455760232e-07
22, 215, 1.625481137283348e-07
17, 925, 1.620968118184035e-07
1341, 1928, 1.619104300899853e-07
1600, 1899, 1.6069588676835445e-07
22, 639, 1.5968708134300885e-07
401, 639, 1.5868720067214876e-07
121, 281, 1.5861717442514433e-07
1067, 1163, 1.5543039029226562e-07
488, 925, 1.5401520431335287e-07
3241, 3385, 1.5024602702128612e-07
3241, 3676, 1.48001681257037e-07
87, 509, 1.4769577937187057e-07
3120, 3221, 1.4333180277442361e-07
188, 639, 1.4060521667399616e-07
488, 588, 1.3896715912145415e-07
385, 1435, 1.383999822557721e-07
3241, 3660, 1.3551230823907855e-07
1600, 1737, 1.352477979659757e-07
1663, 2371, 1.3398014591884605e-07
403, 657, 1.3354674834873144e-07
3030, 3155, 1.3264575035818107e-07
1620, 1837, 1.3248647225955859e-07
282, 2371, 1.315383393716947e-07
81, 215, 1.2996827635824288e-07
305, 411, 1.296558220223496e-07
1653, 2371, 1.2887150703334973e-07
282, 705, 1.284034985593651e-07
22, 431, 1.2620322146534343e-07
228, 1870, 1.2578343910670615e-07
282, 349, 1.254550437066542e-07
1240, 1453, 1.2512791677899632e-07
188, 431, 1.2378931584748646e-07
1663, 1772, 1.2335586701520448e-07
22, 484, 1.218679131325325e-07
77, 705, 1.2073993753309563e-07
3104, 3221, 1.1936767147793827e-07
188, 484, 1.1569631694970738e-07
357, 639, 1.1567431311090498e-07
142, 940, 1.1515337297634495e-07
1223, 1453, 1.1504623753572978e-07
791, 925, 1.1484123388586586e-07
1620, 2206, 1.133205002547053e-07
584, 1928, 1.1230415322288748e-07
17, 281, 1.1143933862998687e-07
462, 654, 1.107197268455559e-07
584, 847, 1.0990485324428111e-07
282, 1737, 1.0804330150149802e-07
1681, 1899, 1.0769676457503037e-07
3001, 3116, 1.0704932133303415e-07
294, 547, 1.0583719967795443e-07
1182, 1453, 1.0574689411516773e-07
2845, 2973, 1.0344946666741692e-07
767, 1453, 1.0307475704163227e-07
584, 850, 9.93464276910144e-08
539, 654, 9.924586252300486e-08
123, 270, 9.865502747705679e-08
22, 446, 9.848138266405458e-08
809, 1453, 9.732899095190009e-08
2756, 3183, 9.61275688736602e-08
134, 639, 9.496502802153278e-08
81, 639, 9.464456360584771e-08
539, 639, 9.16519527480139e-08
81, 1163, 9.143977730905903e-08
134, 1163, 9.08018123473158e-08
159, 571, 8.967143422812863e-08
188, 446, 8.920175631460307e-08
2756, 2987, 8.912062768256332e-08
1718, 1870, 8.882086260877243e-08
2910, 2973, 8.646625068655617e-08
77, 1899, 8.553838384624936e-08
134, 484, 8.40215957312356e-08
81, 431, 8.260575343764824e-08
17, 119, 8.235436578793041e-08
1055, 1453, 8.180939651748624e-08
134, 431, 8.083540392770007e-08
1373, 1767, 7.975724397583799e-08
142, 384, 7.834467159547777e-08
142, 877, 7.800964393699319e-08
3125, 3240, 7.793500773351917e-08
81, 484, 7.777315193016375e-08
1624, 1737, 7.622242562031677e-08
847, 1435, 7.590501298433116e-08
462, 639, 7.567835386598841e-08
59, 588, 7.525801285432735e-08
17, 158, 7.45597796323757e-08
159, 232, 7.359240853221935e-08
1653, 1772, 7.24810267862647e-08
1377, 1453, 7.170008371495473e-08
3106, 3221, 7.118416524636087e-08
2756, 3116, 7.093731730104519e-08
1651, 1737, 7.07918119907428e-08
573, 639, 7.008245838597423e-08
282, 1611, 6.624339647120108e-08
3001, 3183, 6.598811851952802e-08
1706, 2371, 6.349696488337135e-08
134, 446, 6.329887678385395e-08
22, 657, 6.278534113904948e-08
59, 347, 6.267019115669495e-08
385, 997, 6.25802471045206e-08
573, 657, 6.209275437030468e-08
81, 446, 6.192947635013395e-08
1341, 1870, 5.8170877702557306e-08
121, 215, 5.796734722045157e-08
77, 349, 5.795096314389552e-08
123, 411, 5.7572117131829536e-08
3393, 3536, 5.73555323109822e-08
2043, 2973, 5.6837789429225315e-08
87, 270, 5.621752183851066e-08
767, 877, 5.5746571249695435e-08
2756, 3536, 5.5710732427892374e-08
2702, 2973, 5.547117030700554e-08
401, 657, 5.473956320522379e-08
328, 411, 5.4678485390423565e-08
294, 757, 5.337766886399546e-08
121, 347, 5.21565269712506e-08
385, 877, 4.994237463412119e-08
401, 1163, 4.82460010831738e-08
188, 657, 4.5639189225974044e-08
3130, 3450, 4.5587790312259566e-08
17, 347, 4.5114175770518975e-08
357, 657, 4.325112465517365e-08
2756, 3240, 4.3165165038534506e-08
159, 384, 4.296424571552475e-08
377, 509, 4.2720453426307093e-08
328, 509, 4.265332210070554e-08
488, 654, 4.245313329864519e-08
59, 654, 4.242475037453876e-08
123, 281, 4.181893639939023e-08
142, 361, 4.170319467672763e-08
3125, 3221, 4.046525485636728e-08
2215, 3183, 4.025111701421817e-08
3620, 3867, 3.938827968539173e-08
403, 1453, 3.854104151892874e-08
282, 662, 3.846415703783134e-08
3104, 3450, 3.7899458554871856e-08
87, 411, 3.787672812101978e-08
59, 215, 3.7869170123051455e-08
403, 890, 3.748959980577427e-08
134, 657, 3.693064637989914e-08
81, 657, 3.5263937075008924e-08
159, 997, 3.430078820461589e-08
3120, 3450, 3.399505482126318e-08
3099, 3915, 3.3391907366101363e-08
677, 1899, 3.166286833409751e-08
2215, 2987, 3.122320019596453e-08
282, 373, 3.104229503880788e-08
310, 509, 3.0731177931355176e-08
59, 639, 3.0392996725838585e-08
3065, 3457, 2.9486712941606123e-08
310, 411, 2.944209364500399e-08
488, 639, 2.8432063207203628e-08
2893, 2973, 2.8412582292165764e-08
446, 509, 2.834530830310127e-08
121, 654, 2.7742757142936185e-08
22, 890, 2.770791055167723e-08
17, 654, 2.7536825831297025e-08
294, 654, 2.710123138268008e-08
851, 1899, 2.6370930133476927e-08
77, 662, 2.5271105653845113e-08
2546, 3155, 2.4712493226919933e-08
1663, 1767, 2.4564309931928985e-08
87, 281, 2.423788065741962e-08
3620, 3942, 2.3802845432763077e-08
17, 215, 2.3516821859307253e-08
286, 349, 2.3314047615725307e-08
121, 639, 2.2484618373051203e-08
228, 349, 2.2391017019879397e-08
1620, 3610, 2.2176807753625673e-08
159, 361, 2.1945624537377874e-08
294, 925, 2.1861607582257474e-08
142, 724, 2.17079177990441e-08
17, 639, 2.152864516336322e-08
2825, 2910, 2.136266885254159e-08
142, 415, 2.07628197907443e-08
601, 997, 2.004307352029309e-08
1653, 1767, 2.0041878326430013e-08
3125, 3536, 2.0021901991694446e-08
462, 657, 1.99989669486117e-08
3150, 3240, 1.9890954524552447e-08
134, 232, 1.9767238699518163e-08
294, 431, 1.9588441225880335e-08
809, 1121, 1.958742032029648e-08
3130, 3942, 1.955716064167135e-08
3130, 3867, 1.9376389975481804e-08
3001, 3240, 1.8959787063690684e-08
539, 657, 1.890155971817937e-08
59, 431, 1.8094754618791812e-08
282, 672, 1.7492995489665788e-08
3791, 3951, 1.7411586978223367e-08
847, 1123, 1.73819178336313e-08
2807, 2987, 1.7379627364345615e-08
385, 1123, 1.736730452557868e-08
1706, 1772, 1.7174628079750862e-08
77, 672, 1.7061166337241797e-08
3315, 3536, 1.652916814825216e-08
3104, 3942, 1.6518582482724328e-08
59, 484, 1.6065581547212055e-08
286, 1737, 1.5843804725130602e-08
123, 215, 1.5361815890282012e-08
282, 1772, 1.5300695497052785e-08
142, 241, 1.4890459208946629e-08
1681, 1772, 1.4658337545298921e-08
87, 158, 1.4101243438864014e-08
330, 431, 1.4084585160382436e-08
123, 347, 1.3981389410967468e-08
142, 234, 1.38220871795685e-08
294, 484, 1.3750909753112643e-08
59, 446, 1.352174313636829e-08
121, 431, 1.3325830375823877e-08
294, 446, 1.3244904402314653e-08
22, 232, 1.2917477338207228e-08
851, 1737, 1.2817523557613207e-08
831, 925, 1.2700849400038165e-08
17, 431, 1.2599220996940578e-08
452, 654, 1.2336056307416865e-08
2588, 2973, 1.1968118071718074e-08
121, 484, 1.1699097897998404e-08
809, 997, 1.155924070298898e-08
2756, 2992, 1.126488504142e-08
59, 657, 1.1199181502700897e-08
2756, 3221, 1.0906331990072537e-08
844, 925, 1.0689038912806346e-08
2404, 2973, 1.0634049130542966e-08
17, 484, 1.0562828904266346e-08
366, 446, 1.0503054160658869e-08
2219, 2973, 1.0494250089377773e-08
366, 484, 1.039662045487569e-08
366, 547, 1.036773975321762e-08
2215, 3240, 1.0339510640317261e-08
121, 446, 1.0281428268700373e-08
488, 657, 9.905223401201078e-09
17, 446, 9.769395957427517e-09
81, 232, 9.450093329122622e-09
159, 415, 9.09512210145141e-09
3106, 3450, 8.970314628898532e-09
1620, 3183, 8.509838480708424e-09
3065, 3188, 8.355382625823355e-09
330, 446, 8.210646245996814e-09
3120, 3942, 8.194053546199238e-09
17, 657, 8.116176162385576e-09
121, 657, 8.10618634992146e-09
330, 547, 8.093834164008829e-09
188, 384, 7.743954820915416e-09
452, 925, 7.64272393472251e-09
286, 373, 7.54522842196755e-09
3099, 3188, 7.4225326484653e-09
714, 925, 7.208634568765768e-09
1620, 2987, 6.89985851732049e-09
22, 384, 6.7273658504252656e-09
724, 925, 6.6973891171384414e-09
159, 241, 6.564742925978658e-09
3099, 3457, 6.457435604286069e-09
366, 431, 6.237377018519776e-09
77, 373, 6.143990980373885e-09
3001, 3221, 5.941499690981747e-09
3099, 3195, 5.842737128895623e-09
87, 215, 5.826911707196074e-09
3065, 3195, 5.785297043102419e-09
593, 662, 5.419634288948312e-09
2756, 2901, 5.061362737081877e-09
87, 347, 5.014492587704933e-09
2856, 2987, 4.977205039751967e-09
123, 547, 4.897971585442105e-09
593, 672, 4.895400354227892e-09
286, 662, 4.811675637179573e-09
159, 234, 4.6395435241138275e-09
2843, 2987, 4.580787013959163e-09
446, 547, 4.5588649769320235e-09
305, 547, 4.3203599776736795e-09
584, 966, 4.2808177430629245e-09
134, 384, 4.255827942853498e-09
81, 384, 4.150954573718057e-09
121, 232, 3.906433109609113e-09
123, 431, 3.540172841084461e-09
355, 547, 3.524756344473213e-09
305, 431, 3.2079719619314825e-09
188, 361, 3.187000546804518e-09
59, 232, 3.0353925674769695e-09
2210, 2987, 2.9608874402193975e-09
87, 547, 2.9557674950706215e-09
22, 361, 2.9418007565607687e-09
452, 757, 2.8084632683452557e-09
294, 384, 2.798876271147248e-09
2215, 3221, 2.7261840214366464e-09
2490, 2973, 2.6282122296952354e-09
286, 672, 2.6201988981578946e-09
1663, 1877, 2.5934791056755093e-09
1600, 1772, 2.5738035861665212e-09
1653, 1877, 2.4708279429549863e-09
2242, 2973, 2.4676751761184615e-09
3065, 3295, 2.405673035325859e-09
22, 415, 2.318062964205515e-09
188, 415, 2.307296936993048e-09
228, 662, 2.1715571971939025e-09
134, 361, 2.05444050258636e-09
2215, 2992, 1.9988065045584565e-09
328, 547, 1.981276228526867e-09
3150, 3221, 1.943243229626393e-09
17, 232, 1.8660774005485376e-09
2043, 2635, 1.7589962910084962e-09
81, 361, 1.7386904776226724e-09
1373, 1595, 1.6588019892211787e-09
593, 1737, 1.578215031051962e-09
2807, 2901, 1.5602775381725162e-09
3150, 3610, 1.5494201734807021e-09
81, 415, 1.5364745728687377e-09
134, 415, 1.4889366695652952e-09
677, 1737, 1.4853520368908204e-09
2807, 3610, 1.4610806316885734e-09
228, 1737, 1.4299132403832653e-09
59, 384, 1.425098423319037e-09
228, 373, 1.414032885211127e-09
2756, 2989, 1.400543850213747e-09
1633, 2101, 1.2403545036811954e-09
3295, 3610, 1.2322910679973543e-09
2807, 2992, 1.2022020812837765e-09
377, 547, 1.1287213479711003e-09
123, 232, 1.0801370195588357e-09
134, 234, 1.0768734032930607e-09
3375, 3610, 1.067154154556629e-09
134, 241, 1.0635230595288762e-09
584, 662, 1.041228322790167e-09
3299, 3610, 1.0360176830982773e-09
2215, 2901, 1.0151683470545116e-09
121, 384, 9.867112567176146e-10
17, 384, 9.76019748939072e-10
142, 349, 9.579600653735486e-10
17, 588, 8.216534365395349e-10
294, 588, 8.169071302312655e-10
121, 588, 8.099405381467579e-10
1681, 1767, 7.969421514696447e-10
22, 241, 7.661788790061992e-10
228, 672, 7.638748787121535e-10
584, 672, 7.330562731991624e-10
22, 234, 7.134052213938768e-10
584, 697, 6.866374476937571e-10
330, 484, 6.698221996327362e-10
355, 431, 6.608318772964233e-10
452, 588, 6.580607498184994e-10
59, 361, 6.104953982520505e-10
355, 446, 5.979338971878371e-10
1373, 2973, 5.805740447678336e-10
2306, 2973, 5.668848112590655e-10
81, 241, 5.554562377794622e-10
328, 431, 5.322839168820043e-10
2613, 2973, 5.238891935077519e-10
81, 234, 5.198136568378113e-10
366, 588, 4.352156173267834e-10
305, 446, 4.319137314666838e-10
493, 588, 4.21805378870076e-10
123, 446, 4.1284910756444485e-10
123, 484, 4.0353649159284723e-10
87, 232, 3.970840233463639e-10
87, 431, 3.5873766631935213e-10
1600, 1767, 3.4770335602232085e-10
330, 588, 3.2460281081344456e-10
123, 757, 3.11921072285088e-10
159, 568, 2.9693649703682086e-10
366, 757, 2.7370384527118683e-10
159, 349, 2.7188429535903955e-10
87, 446, 2.6445922326141953e-10
87, 484, 2.417175167888714e-10
403, 568, 2.213685184989306e-10
403, 571, 2.20983386374757e-10
2856, 2992, 2.1678023206910508e-10
123, 588, 2.1572959578212772e-10
121, 234, 2.103588262060846e-10
2843, 2992, 2.0601025499147267e-10
2215, 2989, 2.029041440411911e-10
121, 241, 2.0009138194505113e-10
59, 241, 1.8084482194051992e-10
1620, 2992, 1.7752566607948704e-10
59, 234, 1.6426504546829349e-10
601, 724, 1.4725336608399205e-10
87, 588, 1.4248084098130111e-10
385, 724, 1.3354328317659288e-10
1620, 2901, 1.2321225066453687e-10
310, 547, 1.212846071900677e-10
17, 241, 1.0689039641581568e-10
17, 234, 1.0100385707871743e-10
401, 568, 9.988405677609814e-11
401, 571, 9.969364403072872e-11
22, 571, 8.082477771939961e-11
22, 568, 8.053456679428425e-11
142, 741, 7.889568744295539e-11
357, 571, 7.193051632229006e-11
2807, 3240, 6.926905073499476e-11
462, 568, 6.530172320473275e-11
188, 568, 6.51649126481314e-11
188, 349, 6.505685708233993e-11
188, 571, 6.498279585829976e-11
462, 571, 6.218377779905026e-11
22, 349, 5.837859143917234e-11
123, 234, 5.652431289200243e-11
123, 241, 5.2710316209694376e-11
134, 568, 5.022628468220488e-11
134, 571, 5.016235010891825e-11
81, 571, 4.86738603427164e-11
81, 568, 4.835970855285703e-11
357, 568, 4.5327213214700564e-11
282, 1767, 4.358193889382458e-11
87, 241, 2.2218440056105463e-11
87, 234, 2.147982939522788e-11
121, 361, 1.3221019811391251e-11
59, 415, 1.2697865131904908e-11
17, 361, 1.2343389399818186e-11
809, 1046, 1.2341698395790994e-11
294, 361, 1.222965972001434e-11
767, 1046, 1.1586996679857219e-11
159, 724, 9.843092748938005e-12
134, 349, 8.384181936955116e-12
17, 81, 7.330937940853695e-12
81, 349, 6.8970933767727385e-12
1455, 1524, 5.474975581582965e-12
488, 571, 2.756004283682246e-12
2464, 2973, 2.525403372292323e-12
488, 568, 2.5221970327307817e-12
584, 711, 1.7535797711295942e-12
142, 373, 1.736390431634066e-12
59, 571, 1.615652910202499e-12
59, 568, 1.595990165258897e-12
2546, 2987, 1.3364852994523184e-12
2910, 2987, 1.2701323176418392e-12
123, 361, 7.256920140336126e-13
59, 349, 6.832530760935987e-13
121, 349, 5.630192441758027e-13
17, 349, 4.911380752021693e-13
159, 373, 4.673023854605618e-13
87, 361, 4.157033224166228e-13
305, 484, 3.2140081249997227e-13
310, 431, 3.105788492021504e-13
355, 484, 2.934667555539675e-13
2210, 2901, 1.6524798498993684e-13
123, 349, 1.5103832225017808e-13
123, 384, 1.45352979287266e-13
305, 384, 1.3715696901828686e-13
188, 373, 1.1355941107059744e-13
22, 373, 1.0931473010768469e-13
87, 384, 9.345850854887494e-14
87, 349, 8.292809201745527e-14
134, 373, 7.186299060654733e-14
81, 373, 6.50261611651124e-14
310, 384, 3.6550125934031824e-14
59, 373, 2.281999193369523e-14
294, 373, 1.6768216019862173e-14
121, 373, 1.6256134554971892e-14
17, 373, 1.6024530589247522e-14
121, 415, 7.614266455670861e-15
17, 415, 7.155880707833485e-15
294, 415, 6.7795704875438584e-15
123, 373, 4.365579331800839e-15
330, 415, 4.046852875330001e-15
328, 446, 3.727837756986081e-15
2210, 2992, 3.4945532952156365e-15
2215, 3116, 3.068464512513812e-15
2807, 3116, 2.997319622008372e-15
87, 373, 2.666479672737436e-15
377, 446, 2.379919896601153e-15
305, 373, 2.2959090688938407e-15
310, 446, 2.0454708407015647e-15
123, 415, 2.020944197225534e-15
305, 415, 1.9913034328712778e-15
87, 415, 1.3222504035986672e-15
328, 415, 1.032977009558183e-15
377, 484, 8.757041723055159e-16
310, 415, 7.110179427116403e-16
310, 373, 5.174626989622912e-16
328, 484, 5.035147795441908e-16
310, 484, 3.547601972528665e-16
