Gene = 4930550C14Rik
index = 54
Annotated 5SS: [   40  2857  6554  9107 16484 17733 20408 22905]
Annotated 3SS: [ 2766  6460  9052 16282 17601 20236 22848 27116]
SMsplice 5SS: [  327  2857  6554  8378  9107 16484 17733 20408 21794 22905]
SMsplice 3SS: [ 2766  6460  8239  9052 16326 17601 20236 21626 22683 27116]
length: 27518
Partition function (logZ) = -7.058516964527691
#Introns = 2021
5SS, 3SS, prob
17733, 20236, 0.748180490273554
16484, 17601, 0.5648696225492822
21794, 22683, 0.3882617935865223
8378, 9052, 0.3790323177791256
327, 2766, 0.3553248177474665
6554, 8239, 0.35171167028702155
22905, 27116, 0.3130426255178435
20408, 21581, 0.28523201372984713
20408, 21626, 0.28487269926932135
9107, 16326, 0.2831736764888351
2857, 6460, 0.2820237343649473
9107, 17601, 0.22518636133029168
22772, 22848, 0.1951122236486555
8392, 9052, 0.1811943388678046
9107, 16282, 0.17693533132068878
5364, 6460, 0.1449144457706011
6554, 7211, 0.1432339528716721
6554, 9052, 0.13972237238726895
20408, 21353, 0.12887281560490876
21794, 22848, 0.12797556775253796
17733, 18107, 0.11404702197119959
9132, 17601, 0.11326998869711637
21794, 22363, 0.1110391597659823
18232, 20236, 0.10976995414133528
958, 2766, 0.10598483245185324
9132, 16282, 0.09964103311182525
2857, 5257, 0.0871313791949854
20408, 22683, 0.08046656070350026
21794, 27116, 0.07919194860170649
8897, 9052, 0.07820630208826705
23693, 27116, 0.07817407494381103
22458, 22683, 0.07478186700131308
9132, 16326, 0.07256667752022608
327, 6460, 0.069032631125572
21539, 21626, 0.06870676419163452
7349, 8239, 0.0683908687199413
2264, 2766, 0.06737242357530467
2857, 8239, 0.06415309444286627
2998, 6460, 0.05637345458642003
327, 814, 0.05504494921031555
21465, 21581, 0.05099458364428318
22927, 27116, 0.047934620555242946
23118, 27116, 0.047920832783087765
5364, 8239, 0.04725334411427826
22772, 27116, 0.0453478386543718
7349, 9052, 0.04501747447548768
2857, 5210, 0.04440949505650463
22905, 23847, 0.03804101573680837
327, 5257, 0.03766719932142663
16434, 17601, 0.037634014336507676
2857, 7211, 0.034164781383723884
7310, 8239, 0.03206047605685319
21465, 21626, 0.031116767016585365
958, 6460, 0.030491383181081008
5377, 6460, 0.030485718803454246
22905, 23385, 0.0294923341227534
16484, 20236, 0.028764286432976283
22905, 23450, 0.02857214236386614
435, 2766, 0.027671018545295793
327, 419, 0.027549565370901728
327, 2095, 0.02679320219169339
17733, 18452, 0.02637084621642434
22467, 22683, 0.02598532515764512
22905, 24230, 0.02559178956500805
17733, 21581, 0.02556136866730653
17733, 21626, 0.025509595463591276
12702, 17601, 0.025374863777099462
8378, 8993, 0.024184671288272633
20408, 22848, 0.023160183177243242
8378, 8725, 0.023135114120240934
23287, 27116, 0.022410423575499844
2264, 6460, 0.022256956555659634
327, 2143, 0.022023762403439052
6535, 8239, 0.021711029514990078
91, 2766, 0.021340168567943806
20408, 22363, 0.0197054194050004
20408, 21680, 0.019429434251976928
3673, 6460, 0.01910454980053282
327, 5210, 0.01904830324691404
22905, 23198, 0.019033737194347825
2857, 3644, 0.018885640068403806
5364, 7211, 0.018828605339510047
7310, 9052, 0.018826501612800455
8378, 8771, 0.01878306549610024
136, 2766, 0.018549005215536516
22458, 22848, 0.017774821047834833
327, 2099, 0.01770788572060641
22814, 27116, 0.017617505943343492
2998, 5257, 0.017600851657551292
22905, 23613, 0.017233380862598385
18519, 20236, 0.017014094731488873
23693, 23847, 0.015841010192911467
20408, 21375, 0.015599838444409927
27196, 27281, 0.015264738025381988
7288, 8239, 0.015063732422388804
22905, 23537, 0.015062195488656352
21794, 22811, 0.015016377627422455
5364, 9052, 0.01477219670813456
20408, 27116, 0.014761052009418662
2998, 8239, 0.012913456098546197
9107, 12558, 0.01266020919241133
958, 5257, 0.012584022491384236
603, 2766, 0.012454419531534658
327, 2673, 0.011663244506222829
6554, 8725, 0.01161099203349793
22905, 24703, 0.011493229068182037
17733, 21353, 0.01145364372741181
8392, 8993, 0.011273864900715694
8392, 8725, 0.010991474091849167
7502, 8239, 0.010814240079218171
18527, 20236, 0.01079430695617331
21794, 22950, 0.010481997108079961
8897, 8993, 0.010464040531099639
20408, 21411, 0.010429767201802227
6554, 8771, 0.010400781750084912
20947, 21626, 0.010265678589282394
20947, 21581, 0.010052629307115278
8440, 9052, 0.010007399981016612
5377, 8239, 0.009974267998428021
22772, 22950, 0.00959492876475214
21794, 23847, 0.009175972078437492
8392, 8771, 0.00916916601605306
21794, 22168, 0.00914750863237132
327, 894, 0.009005922457300591
2998, 5210, 0.008970557641884428
6535, 7211, 0.008902811157739011
22458, 27116, 0.008840816870240948
7288, 9052, 0.008500713319086133
24776, 27116, 0.00843829054663374
6554, 8993, 0.008397664428081798
2264, 5257, 0.008322910708034028
327, 2114, 0.008238758129774756
22905, 25485, 0.008230970831154927
2857, 4972, 0.008224928340378563
6535, 9052, 0.0081737309003718
7340, 8239, 0.008162856975835596
2857, 9052, 0.008069759911285867
5052, 6460, 0.007889996554477665
22905, 22998, 0.007876839083963062
23287, 23385, 0.007801991641836726
20408, 20529, 0.007635901162441659
44, 2766, 0.007534758236142622
327, 3644, 0.007525715695429804
2568, 2766, 0.007368259206907645
511, 2766, 0.007190265522367695
23118, 23198, 0.007151066246675448
3849, 6460, 0.007150162873308886
9132, 12558, 0.0071278281385083325
21794, 23385, 0.0070377890525958305
23693, 24230, 0.007004896373229365
8657, 9052, 0.006925791319900472
22329, 22683, 0.0069115904050798035
2998, 7211, 0.006903575052027462
8378, 8990, 0.006820586143960111
21794, 23450, 0.006695481306531981
2857, 6305, 0.006691791105102171
7231, 8239, 0.006556004460967189
21794, 24230, 0.006505455907895422
17733, 22683, 0.00645778342721164
958, 5210, 0.0063955514303981244
22905, 22980, 0.0062723212594190236
327, 2452, 0.006214470092700988
17733, 18007, 0.006176408352173982
22467, 22848, 0.0061340680796243665
327, 7211, 0.0061106767896713715
20408, 20906, 0.006097568078998982
327, 2796, 0.0060950165634562625
7502, 9052, 0.006085086072456012
21794, 22626, 0.006069361236788056
958, 2095, 0.005990596332664802
3673, 8239, 0.005941237219558625
2907, 6460, 0.005938523247547587
21539, 22683, 0.005753799400583269
23118, 23847, 0.005674789916489753
21465, 22683, 0.005546113120258549
8314, 9052, 0.0055366898106386595
22927, 23847, 0.0054674999682966675
20408, 20778, 0.005445001415186132
22772, 23847, 0.005337024124878165
2857, 6409, 0.005332162145167086
7340, 9052, 0.0053147052134403135
2264, 8239, 0.005303886769457114
327, 853, 0.005276093502376127
327, 2742, 0.005153627235943292
21794, 22288, 0.005112633571241996
23118, 23385, 0.005035985943811002
958, 2143, 0.004923837772285104
23118, 23450, 0.00484701388197906
3673, 5257, 0.004794742506703308
435, 6460, 0.0046874106469464985
22814, 22950, 0.004583997670176608
22927, 23385, 0.004566947480271515
387, 2766, 0.004549439946444513
21778, 22683, 0.004461315262048147
22927, 23450, 0.004449199725191948
5052, 5257, 0.004435428422620388
958, 8239, 0.004294778913682978
2264, 5210, 0.004244954308457109
22772, 23385, 0.00422730514453845
5978, 6460, 0.004216952890253751
91, 6460, 0.004189549117564754
22772, 23450, 0.0041725564288139
435, 814, 0.004132519055957589
23062, 27116, 0.0040746279670666324
2857, 4949, 0.004052660296199425
317, 2766, 0.0040098799482667785
2998, 3644, 0.003985125796664799
18232, 18452, 0.003984717305790553
5377, 7211, 0.0039750516545383465
958, 2099, 0.003958940120277312
22927, 24230, 0.003945555619001282
23118, 24230, 0.003923596647035732
18581, 20236, 0.0038787504776288018
7231, 9052, 0.003850009249954382
5052, 8239, 0.0038043136363017714
21794, 23613, 0.0037770494923639536
27196, 27285, 0.003748170202320722
27196, 27403, 0.003734774809191591
22772, 24230, 0.0036575668002137088
136, 6460, 0.003641581751570142
3849, 8239, 0.003622749017407249
9107, 20236, 0.0036212236471770227
23122, 27116, 0.0036116856037140335
25640, 27116, 0.003579698117526683
5364, 6305, 0.003534425996035413
21794, 23198, 0.0035343631012204955
21794, 21877, 0.0035313968776504957
958, 2673, 0.0034998918653725386
958, 7211, 0.0033946418450403106
23707, 27116, 0.0033811169907813727
23287, 23450, 0.0033089874271760257
21794, 22217, 0.0032862274933695614
18232, 21581, 0.003240803541243859
21794, 23537, 0.003159205882521333
5377, 9052, 0.0031287285179822863
91, 814, 0.0031210717052394697
2857, 3572, 0.0030837444222413177
2264, 7211, 0.0030644032965966047
3849, 5257, 0.003039834904632377
973, 2766, 0.003009667917233351
136, 814, 0.0029579225468979184
2857, 5696, 0.002943138236539543
23287, 23847, 0.002906033057192067
22849, 27116, 0.0028987055755381975
20947, 22683, 0.002775057614221404
22467, 27116, 0.0027371367809153934
84, 2766, 0.0027223705522376016
958, 3644, 0.002704605400469964
23693, 24703, 0.002697264530047366
22927, 23198, 0.0026322989027538005
5052, 5210, 0.002605347654106013
7349, 8725, 0.002581046220927559
21794, 24703, 0.0025702389434844753
20408, 20756, 0.002570189645876527
435, 5257, 0.0025576546665118556
23724, 27116, 0.0025404933361449643
22905, 23350, 0.002527433185666468
22905, 26680, 0.002527062512110181
327, 4972, 0.0025175397645188693
22927, 23613, 0.0025093976076345876
588, 2766, 0.0025015623473836268
23118, 23613, 0.0024841083207861048
8378, 8488, 0.002474716999537633
20408, 22811, 0.00246656819489782
3673, 7211, 0.002444255809126742
3673, 5210, 0.0024422709331404484
327, 833, 0.0024320660858075634
5978, 8239, 0.002394684034134955
327, 1452, 0.002349819283271555
22905, 24278, 0.0023238696781649132
2264, 2673, 0.0023155874406584503
7349, 8771, 0.0023047740187699837
21545, 21626, 0.0022985057157460433
91, 5257, 0.0022859998105991468
21794, 22189, 0.002209637006278716
20408, 20836, 0.002200366950365861
1449, 2766, 0.0021980099298678684
22772, 23198, 0.002190755758614581
20947, 21353, 0.0021262037878943545
21794, 22650, 0.0021044391516351615
23118, 23537, 0.002091048997919544
7319, 8239, 0.0020796857868262855
327, 689, 0.002072927987028305
22814, 23847, 0.0020504835830236685
2857, 3326, 0.0020412634828607507
2907, 5257, 0.0020083124347512198
136, 5257, 0.00198700503580908
18232, 21626, 0.0019832460263677254
23287, 24230, 0.0019667062124116372
435, 2095, 0.0019491303930483752
22905, 23217, 0.0018905353883959988
22458, 22811, 0.0018873077280310705
22772, 23613, 0.0018862072277504717
327, 8239, 0.001879826374437524
22927, 23537, 0.0018713377860317812
21794, 22406, 0.0018652582196877101
958, 2114, 0.0018419336230112782
20408, 20768, 0.0018103579809509757
2264, 3644, 0.0018043112351509717
27196, 27332, 0.0018024565802579242
958, 2796, 0.001780179769303442
91, 189, 0.0017786332311222378
2857, 4955, 0.001740660614814632
21794, 25485, 0.0017282484820008042
7336, 8239, 0.001717261060630822
20408, 23847, 0.0017118825846275066
22772, 23537, 0.0017049695025582448
968, 2766, 0.0016972784134105501
2857, 8725, 0.001685496618252689
17733, 22848, 0.0016802519146233831
2907, 8239, 0.001679897927241424
22329, 22848, 0.0016771065346200657
22814, 23385, 0.0016626197874127489
603, 814, 0.0016508578643092279
24849, 27116, 0.001646293681095484
1537, 2766, 0.0016442008521806216
23118, 24703, 0.001631533062495151
24017, 27116, 0.0016263522869548884
91, 2095, 0.001617896195204789
327, 3572, 0.0016108992283522634
435, 2143, 0.0016019971698355221
23693, 25485, 0.0015979701040421037
5052, 7211, 0.0015707137906320072
6554, 7000, 0.0015674195700186725
327, 6305, 0.0015672434030965143
2998, 4972, 0.0015639498651126142
20408, 22950, 0.0015468002433789505
25756, 27116, 0.0015330579998987341
21539, 22848, 0.001532164429886372
958, 2742, 0.0015281300007015336
3849, 5210, 0.0015101860734554706
3849, 7211, 0.001509596875786804
22814, 23450, 0.001504498139366888
1595, 2766, 0.001500776868979175
22927, 24703, 0.0014998955794741358
5364, 8725, 0.0014978654761765636
8378, 12558, 0.0014880288132280194
8378, 8503, 0.0014735655558259547
2857, 8771, 0.0014691082312704269
958, 2452, 0.0014577025920809953
22905, 24234, 0.001451998477270949
21465, 22848, 0.0014487189142214064
22814, 24230, 0.0014414713945149135
8392, 8488, 0.0014270552100925156
22905, 25195, 0.0014192498626332004
136, 2095, 0.0014062852815572608
9136, 12558, 0.0013997789082460473
22772, 24703, 0.0013971152519514933
20408, 22168, 0.0013916272241465656
7074, 8239, 0.001368951266813869
22849, 22950, 0.0013476196163811037
91, 2143, 0.0013298955885036063
22905, 25099, 0.0013273528398640793
2998, 9052, 0.0013221654198107154
435, 5210, 0.0012934060022054576
435, 2099, 0.00128819907406819
327, 4949, 0.0012616687772591434
20408, 23385, 0.0012525429572928478
9097, 12558, 0.00124610177195025
21778, 22848, 0.001233148873452275
8378, 8681, 0.0012288609137215902
20408, 24230, 0.0012272818523424908
136, 242, 0.0012140232820152513
22458, 22950, 0.001204018811413656
22458, 22626, 0.001179543329531207
91, 5210, 0.0011560301376033247
136, 2143, 0.0011559533903742383
44, 814, 0.0011553706133908537
6554, 7404, 0.0011510204727308666
3673, 9052, 0.0011462590257244197
303, 2766, 0.0011279336312765731
23287, 23613, 0.0011165553783704083
7774, 8239, 0.0011165487975113224
20408, 23450, 0.0011002399835738203
22458, 23847, 0.0010950584974575303
7310, 8725, 0.0010797834555995758
490, 2766, 0.001070253642820681
91, 2099, 0.0010692831983096216
21794, 22506, 0.001057312387439892
7367, 8239, 0.0010562812756190832
23724, 23847, 0.0010522636833576464
2264, 2796, 0.0010504660041665342
2998, 6305, 0.0010478118651912512
22905, 24417, 0.0010377970534137413
2912, 5257, 0.0010362700820276479
5364, 5696, 0.0010320989879203431
2907, 5210, 0.0010252325040685953
327, 3326, 0.0010184405055668805
603, 5257, 0.0010134120493660186
733, 2766, 0.0010119312511436501
20408, 22626, 0.001009222939660672
136, 5210, 0.0010048284756256503
327, 2148, 0.0009980573823451426
21913, 22683, 0.0009911859250092494
1980, 2766, 0.000987623621390973
18232, 22683, 0.0009866469205330798
16484, 18452, 0.0009711375262213015
23287, 23537, 0.00096448473553717
23707, 23847, 0.0009422530444298378
136, 2099, 0.0009294275047163692
2264, 2452, 0.000926880508437328
8392, 8503, 0.0009228593759531301
7490, 8239, 0.0009151273541370994
2907, 7211, 0.0009128804326954106
435, 2673, 0.0009096653594710928
2264, 2742, 0.0008995126945816163
1811, 2766, 0.0008976080456534122
5978, 7211, 0.0008838344939322639
5364, 8771, 0.0008603283910429846
22927, 25485, 0.0008596421661454597
23118, 25485, 0.0008462833648571475
22458, 23385, 0.0008196271314068252
327, 1722, 0.0008057555228122814
2264, 4972, 0.0008050856709295981
327, 2165, 0.0007963103538558414
5052, 9052, 0.0007821843042721792
7074, 7211, 0.0007666399843978345
387, 814, 0.0007522351116559794
6554, 7642, 0.0007493262146007109
5221, 8239, 0.0007406006854887986
327, 838, 0.000738443240858807
91, 242, 0.0007345685100046828
22458, 23450, 0.0007183625028663619
9107, 12343, 0.000714559172718531
958, 4972, 0.0007077134521639492
511, 814, 0.0007031142401118258
22772, 25485, 0.0007020618690710455
91, 2673, 0.0007003856860745732
22905, 26986, 0.0006840534017190309
331, 2766, 0.0006782177046184735
22458, 24230, 0.0006761327762389482
327, 426, 0.000666181170763109
2857, 5858, 0.0006567848787290107
603, 2095, 0.0006467186190677596
435, 894, 0.000643155610970268
317, 814, 0.0006323271595243433
2857, 5339, 0.0006323241047766521
17733, 27116, 0.0006274839510214661
23118, 23217, 0.0006206117891701575
435, 3644, 0.0006185450323175017
136, 2673, 0.0006087795277962113
435, 2114, 0.0005993465714485187
6535, 8725, 0.0005989370700543699
2998, 5696, 0.0005956270354665992
6554, 8681, 0.0005877351471268405
2857, 3347, 0.000585956596456247
8392, 8681, 0.0005766164994521787
2998, 3572, 0.0005751506996535655
44, 2095, 0.0005712446292647848
8822, 9052, 0.0005548553093374912
189, 2766, 0.000554245726315151
2568, 2673, 0.0005507280081985809
641, 2766, 0.0005488160510047097
2912, 8239, 0.0005477002547769172
603, 8239, 0.0005451832575472341
22905, 23235, 0.0005403920533897951
2857, 5120, 0.0005362683629475858
6897, 8239, 0.0005342659340720333
2857, 3433, 0.0005330876332347016
21794, 22814, 0.0005330794104535097
603, 2143, 0.0005315966753926977
91, 419, 0.0005302762508512448
2907, 3644, 0.0005268697333245998
21794, 23350, 0.0005258727582748262
958, 1452, 0.0005257087678940664
21794, 24278, 0.0005247707636817084
327, 2811, 0.0005223795174733125
91, 894, 0.0005193716196470848
327, 2456, 0.0005158730277926652
22905, 23843, 0.0005052272908815576
2857, 7000, 0.000497814153698617
91, 2114, 0.000497493929094731
23287, 24703, 0.0004838652776375767
20408, 20703, 0.0004814222396060859
23693, 24278, 0.00048067651584303114
435, 7211, 0.0004771981719191823
136, 894, 0.00047517739038997926
542, 2766, 0.00047464104515632663
435, 2796, 0.0004730387084373519
2998, 3326, 0.00047064269094266513
6554, 8488, 0.0004702957804679009
44, 2143, 0.0004695577594330505
21794, 22752, 0.000465164949678231
327, 718, 0.0004635293793595962
435, 2452, 0.00045708149474498253
136, 419, 0.0004508381588387088
91, 3644, 0.0004498656281135474
2857, 3455, 0.00044311022097056035
200, 2766, 0.00043849346863567907
136, 2114, 0.0004324247700338128
23122, 23847, 0.00043240408933096683
603, 2099, 0.0004274225722594188
2857, 3540, 0.000423473602072499
23062, 23847, 0.00042289379326465544
22252, 22683, 0.0004206052123974175
8018, 8239, 0.0004204793742068109
20947, 22848, 0.0004182618140871109
1328, 2766, 0.00041808963746210276
7310, 8771, 0.0004151510273700033
603, 2673, 0.0004105160206747059
84, 814, 0.0004049979770538277
733, 814, 0.00040452666366450806
2629, 2766, 0.00040395857660027306
9132, 12343, 0.00040213837542075483
23118, 23350, 0.00039550760850413366
136, 3644, 0.00039102595912497105
56, 2766, 0.0003881346589232234
435, 853, 0.00038711968613826665
603, 7211, 0.0003819964306985101
22905, 23994, 0.0003806826765323927
511, 8239, 0.0003791673573709412
23122, 23385, 0.00037795237981276504
8657, 8725, 0.0003778181436576729
44, 2099, 0.00037754108453177314
91, 2452, 0.00037494034617733
6554, 8503, 0.00037383690717016673
1484, 2766, 0.0003728025827966821
91, 2796, 0.0003661577348908039
23062, 23385, 0.00036541893738801286
91, 7211, 0.0003610112960836436
327, 5696, 0.00035609090105975176
8440, 8725, 0.00035383528697235646
435, 2742, 0.0003499383810565113
2912, 7211, 0.0003468791346518863
2857, 3672, 0.0003462235831947193
387, 2095, 0.00034491393806147677
511, 2095, 0.0003442333281753164
22849, 23847, 0.00033997547772997804
2857, 3784, 0.00033964940940929745
2857, 4744, 0.0003389889358036132
603, 3644, 0.00033381654985322037
136, 2452, 0.0003259004451916784
931, 2766, 0.00032199619249083215
958, 3326, 0.00032023060393088
697, 2766, 0.0003185404839527988
136, 2796, 0.000318266545672979
327, 1958, 0.00031677505275963535
136, 7211, 0.0003137932295428114
91, 2742, 0.00031277055627980686
7310, 7404, 0.00031122302395655626
44, 189, 0.00030905209007141564
958, 5696, 0.0003083089101341076
91, 853, 0.00030686636780829243
2568, 8239, 0.0003049841617567038
317, 2095, 0.0003040074163834913
588, 814, 0.0003008676545364739
2264, 5696, 0.00029850715540073427
327, 3347, 0.0002969252980656169
317, 419, 0.00029588489035242455
21974, 22683, 0.0002937929805890323
6554, 7901, 0.0002926324622864537
22814, 23613, 0.00028797826466213594
435, 8239, 0.00028634684404769674
387, 2143, 0.00028351604138812127
5221, 7211, 0.00028305828925431835
511, 2143, 0.00028295658640715374
3067, 8239, 0.00027923650136755596
22927, 23350, 0.0002769213211176371
334, 2766, 0.00027212228499594933
136, 2742, 0.0002718620830584838
6554, 6769, 0.00026917430403106606
2912, 3644, 0.00026887968484068885
22467, 22626, 0.00026599609325714377
20408, 23613, 0.00026312059309349504
327, 1097, 0.00025916882999082677
23122, 23450, 0.00025488681824184864
136, 853, 0.0002511147931065318
327, 3433, 0.0002505538200037847
317, 2143, 0.0002498912619481193
20408, 21515, 0.00024945797046886187
22772, 23350, 0.0002487562960727979
544, 2766, 0.0002476658982523591
44, 2673, 0.0002472912432638427
752, 2766, 0.00024511686028638795
22905, 25557, 0.00024495661143022254
327, 1423, 0.00024397079839083642
20408, 23537, 0.00024196057489318215
327, 2704, 0.00024017898736124186
511, 7211, 0.00024014092318917383
646, 2766, 0.00023850435114026753
511, 2673, 0.00023800468758171313
22467, 23847, 0.00023732370046664864
327, 1867, 0.00023526656286039686
6554, 6789, 0.0002344329062710407
387, 2099, 0.0002279569479952078
511, 2099, 0.00022750712635768143
91, 211, 0.00022458730075549003
44, 242, 0.00022359776933075673
18326, 18452, 0.0002213556525527283
603, 894, 0.00021934983202137164
5377, 5696, 0.00021852246632865215
6554, 7217, 0.0002174903697290538
1533, 2766, 0.00021738132780608295
7288, 8725, 0.00021727652591506426
84, 189, 0.00020819492491685313
327, 3455, 0.0002074595985402442
2857, 3760, 0.00020724588149616857
5364, 5858, 0.0002066421837938988
84, 2095, 0.00020639541549915494
17733, 20529, 0.00020345854649951936
317, 2099, 0.00020092143331806224
958, 2148, 0.0001996467105639735
20408, 22650, 0.00019900097860665365
603, 2114, 0.00019886231747891215
2857, 3766, 0.00019703826333883836
136, 211, 0.0001965584281934903
327, 1927, 0.00019651360771064664
1867, 2766, 0.0001949126273117751
2568, 7211, 0.00019315792021273854
2857, 7404, 0.00019194966027137302
2264, 3326, 0.00019138532459136626
2998, 8725, 0.00019125826192611597
2857, 7642, 0.00019024893151757148
6554, 6739, 0.00018978251556012776
327, 2543, 0.00018473922883845899
22849, 23385, 0.0001842275732023872
8657, 8771, 0.00018303916147504654
303, 814, 0.0001813612169910956
327, 1787, 0.00018026769489221746
44, 419, 0.00017719661830620185
958, 1722, 0.00017718951120070678
22458, 22650, 0.00017692991436813962
603, 2796, 0.00017691157830393645
3067, 7211, 0.00017685096019728986
23062, 23450, 0.00017572108538150514
44, 2114, 0.000175654492500509
435, 833, 0.0001741201328456564
973, 2095, 0.00017321207224649157
44, 894, 0.00017272165153653973
84, 2143, 0.00016965510727649154
435, 1452, 0.0001683312761910022
327, 490, 0.00016634872782750988
603, 2452, 0.00016047330570535204
958, 2165, 0.00015929018265642685
6897, 7211, 0.00015912379179020198
44, 3644, 0.00015883795555756626
511, 3644, 0.0001567971740653732
327, 555, 0.0001547719101484222
1449, 2095, 0.00015324716438851354
435, 689, 0.00015304353298185825
327, 752, 0.00015176477939052017
387, 2673, 0.00014931290762773138
3067, 3644, 0.00014662130371311736
21794, 22110, 0.00014567221792526305
91, 833, 0.00014319546162513155
1541, 2766, 0.00014282468190640574
9107, 18452, 0.00014248825392024482
91, 1452, 0.00014205648565805663
21794, 24234, 0.0001413370834490433
327, 1839, 0.0001393443056443942
20408, 21877, 0.0001386640002422321
603, 689, 0.0001368642767580762
23707, 24230, 0.00013681391525928138
84, 2099, 0.00013640872056902602
419, 2766, 0.00013426971691163199
2998, 3347, 0.00013380492294155533
2857, 2969, 0.00013294982172301284
44, 2452, 0.000132383437011154
317, 2673, 0.00013160451426153433
5364, 7000, 0.00013141221386068526
44, 2796, 0.00012928248433989015
603, 853, 0.0001291709690095712
136, 258, 0.00012823012036764108
2998, 5339, 0.00012794887995781106
44, 7211, 0.00012746538659459355
2568, 3644, 0.00012612017824984993
588, 2095, 0.00012449279102034615
23693, 24234, 0.0001240683986816222
2998, 5858, 0.00012357563137779736
136, 1452, 0.00012347636734839356
136, 833, 0.0001232516889854098
327, 1391, 0.00012071610016807831
23724, 24230, 0.00012028957463925587
387, 894, 0.00011959034268835516
490, 814, 0.00011920372863626022
23122, 24230, 0.00011716786507671822
3673, 5696, 0.00011547174122955115
22772, 24278, 0.00011545179466215806
23062, 24230, 0.00011494333708758655
973, 2099, 0.0001144775289950677
7349, 8488, 0.00011266883982447418
7349, 7642, 0.00011181785812713798
91, 689, 0.00011175793259102171
22814, 24703, 0.00011167882311794369
958, 2456, 0.00011116166402470781
603, 2742, 0.00010943745947689872
511, 894, 0.00010679602370516546
2998, 3433, 0.00010621020259560167
387, 2114, 0.00010605908509724958
331, 814, 0.00010581717872912158
697, 814, 0.00010460843687003227
22905, 24037, 0.00010396041359841294
44, 853, 0.00010129525136294632
317, 894, 0.00010113550598397266
91, 258, 0.00010073567123225846
2568, 2742, 0.00010055096794948878
136, 689, 9.965845601847416e-05
22467, 23385, 9.895433647950827e-05
968, 2095, 9.87504433333201e-05
973, 2673, 9.81085741217213e-05
91, 8239, 9.748322576396167e-05
2568, 2796, 9.664242958849935e-05
21545, 22683, 9.626814418758194e-05
387, 3644, 9.590536515941498e-05
641, 814, 9.586882281925865e-05
958, 1097, 9.350304556874703e-05
317, 2114, 9.348056105133302e-05
958, 3347, 9.28944128590433e-05
958, 2811, 9.185046451942158e-05
84, 242, 9.131395916522928e-05
2998, 3455, 8.992833200094427e-05
84, 2673, 8.934837421304705e-05
7349, 8503, 8.925158041651283e-05
20408, 24703, 8.910302033880026e-05
327, 1921, 8.777187377625056e-05
511, 2452, 8.706052703155395e-05
20408, 22506, 8.627558806635413e-05
511, 2796, 8.553319212118112e-05
303, 2095, 8.551382922190862e-05
1449, 2099, 8.545024383286685e-05
189, 814, 8.517237428155763e-05
136, 8239, 8.473301686282196e-05
317, 3644, 8.45310643092436e-05
8378, 12343, 8.395172805836148e-05
2857, 3172, 8.257738143060126e-05
2907, 5696, 8.13390918775051e-05
435, 3326, 8.037576978477508e-05
387, 2452, 7.993229214670785e-05
1980, 2095, 7.943949711163797e-05
9132, 18452, 7.916515256771862e-05
9136, 12343, 7.897283789282067e-05
2998, 3672, 7.873966386839678e-05
16434, 18452, 7.76575965878527e-05
20408, 20472, 7.583964666988781e-05
5052, 5696, 7.388515617128424e-05
2857, 5000, 7.333796152009027e-05
22849, 23450, 7.23307578640431e-05
327, 2373, 7.222457548814903e-05
3849, 5696, 7.193611948853221e-05
2998, 3784, 7.094895531017785e-05
317, 2452, 7.045238518833036e-05
9097, 12343, 7.030266898184006e-05
2998, 4744, 6.859339115260029e-05
22467, 23450, 6.783069264775097e-05
84, 419, 6.78231259832342e-05
200, 814, 6.697062681335753e-05
5364, 7642, 6.515579326590194e-05
387, 853, 6.508390822883108e-05
511, 853, 6.496118118206039e-05
303, 419, 6.477056994800243e-05
84, 894, 6.456941102738728e-05
327, 3672, 6.43550281015281e-05
2264, 5858, 6.373543860526768e-05
958, 1958, 6.368878084284357e-05
12093, 12343, 6.30728005443752e-05
327, 1672, 6.260322805216703e-05
603, 833, 6.235375426692834e-05
2907, 3326, 6.122840910993726e-05
91, 3326, 6.109208567000432e-05
7028, 7211, 6.105468636627274e-05
327, 3784, 6.0790679078043945e-05
56, 814, 6.051872587244693e-05
317, 853, 5.91478589035192e-05
2264, 2456, 5.80815208900348e-05
435, 1722, 5.7682522506301885e-05
511, 2114, 5.728637535791491e-05
2264, 3347, 5.4970881678216916e-05
588, 2673, 5.4934430692901116e-05
1537, 2095, 5.4629484157590255e-05
21794, 22700, 5.450804688244209e-05
136, 3326, 5.310161501831563e-05
435, 838, 5.2613883786481565e-05
44, 211, 5.213471464867707e-05
1595, 2095, 5.1883651074913815e-05
331, 419, 5.1742344234372324e-05
3667, 7211, 5.156810167127472e-05
1449, 2673, 5.140232281054486e-05
958, 1423, 5.1243671896345335e-05
327, 1285, 5.088859180089415e-05
7349, 7901, 5.0847660154838404e-05
711, 814, 5.047532746824887e-05
44, 1452, 5.015711435931975e-05
327, 3760, 4.9947301151188705e-05
44, 833, 4.975943868851848e-05
588, 2143, 4.950514729603578e-05
2264, 3433, 4.920675822493175e-05
603, 1452, 4.896458413531065e-05
91, 1722, 4.8713748410679715e-05
1980, 2099, 4.785695262334317e-05
84, 2452, 4.783123216806344e-05
387, 2796, 4.714198676279654e-05
327, 3766, 4.6622019759504466e-05
1537, 2673, 4.5713579120172947e-05
542, 814, 4.556477509164328e-05
5364, 8488, 4.52347872109823e-05
9107, 11987, 4.519552418150746e-05
3553, 3644, 4.4810852537204216e-05
327, 2205, 4.470580402302964e-05
752, 814, 4.4190512416601875e-05
958, 1867, 4.3586740568558164e-05
1537, 2143, 4.356754837416911e-05
5364, 7901, 4.356519658117428e-05
91, 838, 4.355406167893012e-05
1595, 2673, 4.3123797945219184e-05
603, 5696, 4.3075058630175506e-05
646, 814, 4.2763249982879554e-05
1595, 2143, 4.267129846837203e-05
588, 894, 4.2519413215495055e-05
136, 1722, 4.2342288462302305e-05
334, 814, 4.215472060028803e-05
435, 5696, 4.2066910108211437e-05
2912, 5696, 4.200786714474497e-05
973, 2452, 4.1974981321625625e-05
327, 624, 4.190617716839915e-05
958, 1927, 4.07986295124909e-05
44, 689, 4.072972744592747e-05
21794, 21943, 4.06049311699638e-05
8392, 12343, 4.021385166117752e-05
588, 2099, 3.980389339666609e-05
84, 853, 3.876447484086184e-05
603, 3326, 3.810373272491545e-05
435, 2456, 3.7212556151158786e-05
18232, 20529, 3.670673555033962e-05
136, 838, 3.659114718952542e-05
5364, 8503, 3.595701609448827e-05
1537, 2099, 3.574854266743212e-05
23287, 23350, 3.540823039836849e-05
733, 894, 3.526922388546136e-05
22814, 23350, 3.511478214509107e-05
435, 718, 3.494657310594812e-05
2857, 8488, 3.4715380407983626e-05
1595, 2099, 3.4482263762282265e-05
44, 8239, 3.441924724597125e-05
1449, 2452, 3.3489091395000764e-05
2857, 7901, 3.3434055184344276e-05
958, 1787, 3.341616563000818e-05
327, 726, 3.238930151378753e-05
511, 689, 3.2328727812016065e-05
1811, 2095, 3.1981783588953175e-05
327, 1138, 3.194210036619134e-05
2912, 3326, 3.168371674525677e-05
387, 833, 3.135946000433961e-05
588, 2452, 3.12060124333654e-05
91, 2456, 3.1170125550825875e-05
44, 258, 3.0640020948441507e-05
387, 1452, 3.0409366493369567e-05
544, 814, 3.0342796497077886e-05
733, 853, 2.984275302613743e-05
958, 2543, 2.9740493146102408e-05
303, 894, 2.8371723703442107e-05
511, 5696, 2.830840871943546e-05
317, 833, 2.8041606358569344e-05
511, 1452, 2.757418524992314e-05
511, 833, 2.7390459086809245e-05
387, 689, 2.720308079597914e-05
136, 2456, 2.709326402790019e-05
91, 718, 2.7009617357355516e-05
958, 1391, 2.6912372165139786e-05
317, 1452, 2.678072293050931e-05
7310, 8488, 2.649119203144898e-05
588, 689, 2.61185209883807e-05
958, 1839, 2.6000326516230593e-05
84, 211, 2.526771339385374e-05
2857, 3370, 2.4869087904066918e-05
968, 2452, 2.3912396102877126e-05
603, 718, 2.363881163160915e-05
588, 853, 2.343172320293927e-05
136, 718, 2.3238870023469237e-05
327, 1339, 2.3138362855606958e-05
2998, 3172, 2.2970302309515215e-05
2568, 5696, 2.292992989500454e-05
317, 689, 2.2884418383493008e-05
490, 2095, 2.2782515731524672e-05
638, 814, 2.2498776054222167e-05
44, 3326, 2.1570312071323422e-05
419, 814, 2.1529800551065034e-05
435, 1958, 2.1509461986050696e-05
3067, 5696, 2.1311960877115674e-05
17733, 23385, 2.108771920901767e-05
5221, 5696, 2.0592352808668262e-05
91, 5696, 2.0458664165648622e-05
435, 3347, 2.0161636327736023e-05
334, 419, 1.987857855746809e-05
303, 2452, 1.9817454807323435e-05
327, 1397, 1.948661508233513e-05
733, 833, 1.940244384027346e-05
435, 555, 1.9353246561519478e-05
2264, 2373, 1.928792133781192e-05
91, 1958, 1.9224888594229425e-05
435, 1097, 1.9127170387411267e-05
3067, 3326, 1.8499922572435554e-05
84, 833, 1.8476906854805747e-05
490, 894, 1.8157383739932953e-05
84, 1452, 1.812218081026711e-05
91, 3347, 1.802021884738277e-05
56, 189, 1.799643399038763e-05
22923, 23385, 1.7888170704402032e-05
21778, 21877, 1.7868168999144027e-05
603, 838, 1.7821049579926974e-05
136, 5696, 1.7782796190353173e-05
17733, 19114, 1.778104899287557e-05
708, 814, 1.7559177442575677e-05
429, 814, 1.7511109561244428e-05
603, 1722, 1.7502389394895688e-05
435, 1423, 1.7466884058325655e-05
327, 398, 1.7413658695426952e-05
331, 894, 1.7411841610192585e-05
44, 1722, 1.7199785272648166e-05
17733, 18771, 1.7052930023856462e-05
136, 1958, 1.671039090750862e-05
435, 1867, 1.6709883259612096e-05
303, 853, 1.649924990048523e-05
511, 3326, 1.6362670324431145e-05
958, 2373, 1.6298026999113935e-05
733, 2452, 1.58591370153276e-05
189, 419, 1.5824036832316537e-05
136, 3347, 1.5663284585638985e-05
2907, 3347, 1.5458133771144783e-05
973, 1452, 1.5071952013428021e-05
91, 1097, 1.494028392911753e-05
44, 838, 1.4907057111239977e-05
91, 1423, 1.4759051860381807e-05
624, 814, 1.4553432770918444e-05
327, 899, 1.4313625662404627e-05
2568, 3326, 1.4252866771496533e-05
84, 689, 1.4239210459760414e-05
91, 1867, 1.4231903407435113e-05
958, 1921, 1.4223667360177387e-05
490, 2452, 1.3982543009898073e-05
189, 894, 1.3631247782917999e-05
136, 1097, 1.3360881820816785e-05
435, 1927, 1.3343544379427976e-05
752, 853, 1.3309296523296135e-05
91, 426, 1.3213184276818055e-05
5377, 5858, 1.3087192509387187e-05
387, 3326, 1.3024019659161835e-05
200, 419, 1.3007868833658125e-05
44, 136, 1.2954768575693411e-05
1537, 2452, 1.2898368655321542e-05
136, 1423, 1.2828658267762398e-05
664, 814, 1.2794701653195784e-05
435, 1787, 1.2759257651581417e-05
327, 1261, 1.2675383360345123e-05
84, 258, 1.2654398842312993e-05
435, 2543, 1.2544047851673177e-05
136, 1867, 1.2370457603979528e-05
752, 894, 1.2267419790261874e-05
1595, 2452, 1.2209361671192313e-05
56, 242, 1.2084002331369926e-05
91, 1927, 1.192629338255985e-05
331, 2452, 1.1916081175442464e-05
603, 2456, 1.1804921050505627e-05
641, 894, 1.160578063005391e-05
2264, 2811, 1.1531492720934825e-05
317, 3326, 1.1479381174801561e-05
136, 426, 1.1263446586938208e-05
91, 2543, 1.1211713367144866e-05
200, 894, 1.1133912682815519e-05
44, 2456, 1.1005506328027788e-05
86, 814, 1.0964279739163234e-05
435, 752, 1.0959866851131962e-05
91, 1787, 1.0907665441730001e-05
490, 853, 1.0795531561686228e-05
588, 833, 1.0787282187324052e-05
636, 814, 1.0535627727223896e-05
387, 1722, 1.0385122884807073e-05
136, 1927, 1.0366407249820344e-05
331, 853, 1.0164921938167007e-05
9107, 11783, 1.0066074042907208e-05
435, 1839, 9.931671976563637e-06
958, 1672, 9.910944347438648e-06
44, 718, 9.895440189361555e-06
163, 814, 9.796185773273904e-06
136, 2543, 9.745289924029367e-06
189, 2452, 9.737930786735632e-06
697, 894, 9.65132615258031e-06
56, 419, 9.490664866505937e-06
136, 1787, 9.481009605139795e-06
3667, 5696, 9.473041242499349e-06
387, 838, 9.33639958225975e-06
958, 1285, 9.295860455247354e-06
588, 1452, 9.197730931551369e-06
317, 1722, 9.15345548161801e-06
5420, 5696, 9.09368031018061e-06
511, 1722, 9.018096154828393e-06
91, 752, 8.921544932533903e-06
435, 1391, 8.870088446077732e-06
56, 894, 8.807907478377046e-06
968, 1452, 8.635475618416121e-06
317, 838, 8.463429371530518e-06
91, 1839, 8.427124528414338e-06
958, 1138, 8.313651221589688e-06
189, 853, 8.220655386748861e-06
588, 5696, 8.194663648965653e-06
606, 814, 8.066506832272334e-06
511, 838, 7.926102571677619e-06
1811, 2452, 7.903490520809186e-06
973, 5696, 7.87522771852887e-06
303, 833, 7.839985042833001e-06
641, 853, 7.754783431372193e-06
200, 2452, 7.704198418269619e-06
542, 894, 7.675798878123471e-06
1980, 2452, 7.579912754396618e-06
303, 1452, 7.50838903659693e-06
136, 752, 7.4133088947688655e-06
136, 1839, 7.324908251396904e-06
91, 1391, 7.302934780702113e-06
44, 5696, 7.223517838287165e-06
91, 555, 7.13926680117579e-06
2857, 3465, 7.028547635409451e-06
334, 894, 7.012608506857474e-06
1537, 5696, 6.924639403722514e-06
456, 814, 6.856188194983002e-06
56, 2452, 6.819409271147807e-06
44, 1958, 6.787898006198902e-06
641, 2452, 6.73958440903443e-06
136, 555, 6.663679479848351e-06
387, 2456, 6.6450559593813835e-06
2264, 3172, 6.62732024044622e-06
17733, 19215, 6.5972025115834274e-06
91, 490, 6.573942975771128e-06
317, 426, 6.557871657141769e-06
327, 2818, 6.528737128948461e-06
387, 718, 6.523466171395533e-06
200, 853, 6.479012073666807e-06
2901, 5696, 6.446472814311788e-06
1595, 5696, 6.4111724465196385e-06
136, 1391, 6.347755637668728e-06
958, 3172, 6.302826754637704e-06
136, 490, 6.22821122676702e-06
84, 1722, 6.214424864551272e-06
303, 689, 6.183192270466341e-06
511, 718, 6.165416493876525e-06
697, 853, 6.152637415384232e-06
435, 1921, 5.959831009379498e-06
317, 2456, 5.856957550886786e-06
86, 189, 5.844575667004464e-06
9132, 11783, 5.747430705497747e-06
733, 1452, 5.731000566089215e-06
136, 340, 5.5956744463667275e-06
84, 838, 5.565971125878878e-06
327, 5120, 5.514569483564169e-06
752, 833, 5.430741667987807e-06
56, 853, 5.423202946228131e-06
733, 838, 5.416463543547571e-06
91, 340, 5.392623995242053e-06
603, 1097, 5.3347441983652215e-06
91, 1921, 5.326822552328842e-06
317, 718, 5.3074360346426535e-06
44, 1097, 5.275095509523164e-06
435, 2373, 5.264697195897836e-06
646, 894, 5.2364971513173164e-06
2998, 3370, 5.22572437397959e-06
44, 1423, 5.2111063325767876e-06
973, 1722, 5.211097305792934e-06
544, 894, 5.1108366009683535e-06
490, 689, 5.082163218700965e-06
44, 1867, 5.024981460373258e-06
1328, 1452, 4.880422055167092e-06
603, 1867, 4.833096622667086e-06
490, 833, 4.823304608970459e-06
327, 5339, 4.793380444027616e-06
1449, 1722, 4.792450931824899e-06
603, 1423, 4.765129599259899e-06
21539, 21877, 4.714138575636948e-06
331, 833, 4.647645406449554e-06
136, 1921, 4.630106786213893e-06
490, 1452, 4.623175789228882e-06
518, 814, 4.6185339801998345e-06
331, 1452, 4.5147358289334e-06
1328, 2452, 4.510417102095768e-06
387, 490, 4.452453290894849e-06
683, 814, 4.410214062095195e-06
387, 5696, 4.361514938823327e-06
91, 2373, 4.360549948742449e-06
44, 426, 4.31881800907603e-06
542, 853, 4.289222357960125e-06
435, 1672, 4.250845330973403e-06
44, 1927, 4.210919749991211e-06
334, 853, 4.0789060307838715e-06
958, 1339, 4.061554954975513e-06
331, 689, 4.0226190278538e-06
17733, 18360, 3.9792785426402075e-06
44, 1787, 3.851263956162951e-06
317, 5696, 3.844242698691258e-06
334, 2452, 3.842867060165365e-06
711, 894, 3.8085020473585985e-06
189, 833, 3.805788934369565e-06
91, 1672, 3.7993524883264076e-06
136, 2373, 3.790216721311703e-06
542, 2452, 3.781431120204941e-06
435, 624, 3.760906405784422e-06
189, 1452, 3.6894835118405866e-06
641, 833, 3.6709281779486247e-06
84, 2456, 3.6452697518032915e-06
163, 242, 3.6281335450513184e-06
22923, 23847, 3.6224879850171185e-06
603, 1787, 3.6107318464943527e-06
84, 718, 3.4891352173543646e-06
646, 853, 3.463826779337878e-06
752, 2452, 3.461500803948259e-06
9107, 9689, 3.4304581628935055e-06
419, 894, 3.4039919729441767e-06
958, 1397, 3.402802247546121e-06
973, 1097, 3.3653288053774154e-06
588, 718, 3.3618767429948835e-06
603, 752, 3.34270517511577e-06
327, 2515, 3.324719604172889e-06
588, 1722, 3.3164402790957107e-06
136, 1672, 3.3024204517058543e-06
6554, 8201, 3.2318712933152033e-06
387, 1097, 3.229315672389723e-06
21465, 21877, 3.2194100019456646e-06
697, 833, 3.2071069479191604e-06
435, 1285, 3.194715445666809e-06
387, 1423, 3.1464334450539434e-06
511, 2456, 3.145604589450969e-06
3667, 8239, 3.073974734409149e-06
588, 838, 3.0641332382388867e-06
387, 1867, 3.0340524101100654e-06
91, 1285, 2.9898741505806995e-06
189, 689, 2.979309133230965e-06
44, 1839, 2.9754378811632614e-06
968, 1722, 2.9716064904271503e-06
200, 833, 2.961507708939663e-06
317, 1097, 2.9415777557404294e-06
2857, 2973, 2.9373786422714807e-06
44, 752, 2.927018184408787e-06
200, 1452, 2.9189479427058658e-06
1595, 1722, 2.909686628109145e-06
189, 258, 2.8958768489459024e-06
544, 853, 2.8270786634141608e-06
317, 1423, 2.7732689140644866e-06
56, 211, 2.7656637245335462e-06
429, 894, 2.7387526797442276e-06
638, 894, 2.7142775062342037e-06
44, 555, 2.6291582433780414e-06
84, 5696, 2.609916818855151e-06
511, 1097, 2.6089925301442672e-06
136, 1285, 2.5988169229472295e-06
56, 1452, 2.583721184449594e-06
641, 1452, 2.5794079421580183e-06
44, 1391, 2.578510465449883e-06
303, 1722, 2.574762938868654e-06
603, 1391, 2.5715841661073687e-06
56, 833, 2.5698369266616177e-06
2857, 3015, 2.513215265500185e-06
86, 242, 2.5022807944645435e-06
711, 853, 2.48859427610913e-06
603, 1839, 2.475776243926155e-06
544, 2452, 2.4413123178038617e-06
387, 555, 2.4196185435704023e-06
1484, 2452, 2.3984495943451773e-06
511, 1423, 2.3623708266536675e-06
435, 726, 2.3507880136371382e-06
542, 689, 2.348577321583173e-06
303, 838, 2.345475423587672e-06
91, 624, 2.3423209002746843e-06
200, 689, 2.3346488932351718e-06
958, 1261, 2.3254210487965946e-06
387, 1787, 2.325369114356546e-06
44, 490, 2.295966330743572e-06
435, 1138, 2.2712999972887464e-06
2907, 3172, 2.2669581526409667e-06
1867, 2452, 2.2241386160495996e-06
1537, 1722, 2.1715748835208615e-06
603, 1958, 2.088156219788433e-06
5, 814, 2.067280665357712e-06
8378, 11783, 2.063771614462811e-06
56, 689, 2.061692559498192e-06
317, 1787, 2.0495821669795764e-06
419, 853, 2.0336468210894876e-06
387, 752, 2.0327632145757774e-06
9132, 9689, 1.9955948672298883e-06
136, 624, 1.98987723396516e-06
733, 1722, 1.980398823781118e-06
91, 1138, 1.9694751918283667e-06
91, 726, 1.912095806666099e-06
84, 1097, 1.9059356949876782e-06
317, 1867, 1.8920781533055196e-06
603, 1927, 1.887552787560261e-06
752, 1452, 1.8843761060496476e-06
84, 1423, 1.8828158754100407e-06
697, 1452, 1.8660274086756722e-06
334, 833, 1.8576821245056568e-06
317, 490, 1.8575696179905955e-06
86, 419, 1.8452004701855258e-06
931, 1452, 1.8195043264051866e-06
44, 340, 1.8168234048105532e-06
334, 1452, 1.8114540825995598e-06
511, 1787, 1.8092926861872247e-06
624, 894, 1.7971299773023615e-06
638, 853, 1.7963984538473308e-06
3067, 3172, 1.7732157825145548e-06
86, 894, 1.7724655209048233e-06
603, 2373, 1.7665640032690775e-06
968, 1097, 1.7637466209730357e-06
672, 814, 1.7308292612743112e-06
136, 1138, 1.7118798986419711e-06
317, 752, 1.7085744653418581e-06
84, 426, 1.6938639731177614e-06
317, 555, 1.6802532985679153e-06
752, 838, 1.6681150040102698e-06
646, 833, 1.6371982405259161e-06
664, 894, 1.633038289265171e-06
56, 258, 1.6305090759043352e-06
136, 726, 1.6262818705848048e-06
334, 689, 1.6231590984527677e-06
542, 1452, 1.6225370134149056e-06
429, 853, 1.5893109369523368e-06
327, 579, 1.5856222529465351e-06
544, 689, 1.5827538523090228e-06
387, 1391, 1.5568885087212033e-06
331, 1722, 1.5481848948504606e-06
163, 419, 1.5447736360331665e-06
44, 2373, 1.5396171560590511e-06
490, 1722, 1.5362401364512624e-06
973, 1423, 1.5295891847873183e-06
303, 718, 1.525009653470754e-06
163, 894, 1.5094442658062293e-06
1449, 5696, 1.5014937631726938e-06
435, 1339, 1.430313257666363e-06
511, 1958, 1.4127044725180834e-06
331, 838, 1.4111272215536462e-06
303, 426, 1.4051748787960499e-06
91, 1339, 1.4042534103512023e-06
490, 838, 1.3994422019053592e-06
84, 1787, 1.3914935628405223e-06
387, 1839, 1.3727820294622002e-06
317, 1391, 1.3722427565369035e-06
808, 894, 1.3700743610951225e-06
708, 894, 1.3693016051035106e-06
435, 1397, 1.3594887701893589e-06
1533, 2452, 1.359073875901248e-06
2857, 3042, 1.3540406290109834e-06
44, 1672, 1.3414703057420476e-06
331, 426, 1.317619425786686e-06
711, 833, 1.3159057614404396e-06
2857, 2921, 1.2948527736157963e-06
5382, 5696, 1.293984038208999e-06
636, 894, 1.2717692262670485e-06
189, 1722, 1.2651908902897778e-06
641, 718, 1.2325091666969864e-06
136, 1339, 1.2205856645231365e-06
2912, 3172, 1.1989074854622418e-06
91, 1397, 1.1826310208865716e-06
646, 1452, 1.1602547392011874e-06
511, 1391, 1.1415399298589106e-06
84, 752, 1.140473152207357e-06
189, 838, 1.1327199654993027e-06
327, 1548, 1.0860982654091106e-06
3553, 5696, 1.072582627579618e-06
544, 1452, 1.0702723590878106e-06
606, 894, 1.0601584405375195e-06
44, 1285, 1.0556607746275349e-06
511, 1867, 1.0546720164623792e-06
3673, 3784, 1.0532026031038047e-06
456, 894, 1.043139442713951e-06
511, 752, 1.0323019241764889e-06
86, 853, 1.0302317575576558e-06
136, 1397, 1.0279501262905834e-06
490, 718, 1.0266857747586318e-06
588, 1097, 1.0171807897542929e-06
3805, 5696, 1.0059581877326022e-06
588, 2456, 1.0052272695921566e-06
200, 1722, 1.000960252157136e-06
603, 726, 9.946466957425712e-07
435, 899, 9.703665902364069e-07
603, 3172, 9.664107145918733e-07
511, 1927, 9.454444495748709e-07
419, 833, 9.363608317154843e-07
84, 1391, 9.316371859292576e-07
387, 2373, 9.296112194294113e-07
406, 814, 9.16250346632957e-07
84, 555, 9.103852594310876e-07
327, 1898, 9.040761875075646e-07
419, 1452, 8.948756361894764e-07
331, 718, 8.942186639156624e-07
2264, 3572, 8.922700455684218e-07
588, 1423, 8.829792342163125e-07
603, 1672, 8.77744304020666e-07
4068, 5696, 8.722731968658191e-07
968, 1423, 8.613881896076457e-07
542, 833, 8.552689841217438e-07
84, 490, 8.479056522132102e-07
327, 574, 8.465240552286208e-07
2857, 2988, 8.383819275424813e-07
973, 1787, 8.219395065868755e-07
91, 899, 8.208119592578209e-07
303, 1097, 8.187902697044939e-07
56, 1722, 8.13426932786264e-07
387, 1672, 8.099713892129272e-07
973, 1391, 7.916130318414619e-07
44, 624, 7.907686643239715e-07
435, 1261, 7.879860038139097e-07
419, 689, 7.86291925631912e-07
303, 1423, 7.800890094226541e-07
1328, 1423, 7.736291422069118e-07
136, 899, 7.590133546333931e-07
2264, 2543, 7.508366935948721e-07
603, 1285, 7.500594864639657e-07
91, 1261, 7.46601163028021e-07
1449, 1787, 7.441851391813969e-07
189, 718, 7.307051385070072e-07
317, 1672, 7.139094197326444e-07
86, 211, 7.119120692255514e-07
44, 1138, 6.953796721549148e-07
429, 1452, 6.912349288293333e-07
733, 1097, 6.905381550943053e-07
641, 1722, 6.889848987856304e-07
44, 726, 6.849620443172311e-07
711, 1452, 6.841379726724356e-07
511, 1839, 6.744556094897824e-07
84, 340, 6.685513840108725e-07
511, 3172, 6.5915347892374e-07
163, 258, 6.51467761100171e-07
136, 1261, 6.489503034074081e-07
429, 689, 6.459001561071466e-07
136, 327, 6.386055362868662e-07
91, 327, 6.293138429442067e-07
606, 689, 6.269193337034323e-07
511, 624, 6.126752315292319e-07
91, 398, 6.066616889541354e-07
327, 434, 6.062556532901599e-07
387, 624, 6.055406217467219e-07
638, 1452, 6.003797671432999e-07
733, 1423, 5.894835797892714e-07
200, 718, 5.816018854028118e-07
2857, 3980, 5.801945233049515e-07
387, 1285, 5.74679819687749e-07
317, 1285, 5.726699517189523e-07
544, 833, 5.660333568339876e-07
2568, 3172, 5.651528885115238e-07
56, 136, 5.506222251040885e-07
588, 752, 5.465812802780673e-07
334, 426, 5.291778179184965e-07
958, 2515, 5.251036746070871e-07
327, 1201, 5.217877950515745e-07
136, 398, 5.213868945845988e-07
511, 2373, 5.181771568455487e-07
5, 189, 5.144128971904817e-07
56, 718, 5.092498729159754e-07
331, 1097, 5.007812144602408e-07
303, 490, 4.992628026837906e-07
603, 1138, 4.958631280398672e-07
86, 1452, 4.936266428011094e-07
435, 3172, 4.867593672934483e-07
84, 1672, 4.846843312815994e-07
317, 624, 4.837923860331406e-07
327, 3172, 4.7556660423041274e-07
331, 1423, 4.6906144359747315e-07
303, 752, 4.6608269686808483e-07
387, 1927, 4.636123260711573e-07
490, 1097, 4.5991062232037663e-07
387, 726, 4.574990849641753e-07
387, 1138, 4.502694474558452e-07
1328, 1722, 4.490039174453122e-07
542, 718, 4.467755868336791e-07
624, 689, 4.4335688839017314e-07
303, 555, 4.392404160963748e-07
646, 718, 4.3203831207620106e-07
136, 363, 4.2827053329040227e-07
334, 1722, 4.2723017572579484e-07
44, 1397, 4.175617824466615e-07
91, 363, 4.1553083235736406e-07
958, 3433, 4.1279955391614153e-07
8378, 9689, 4.102913870753449e-07
163, 1452, 4.0951467225119993e-07
86, 689, 3.8817793903642217e-07
1449, 1672, 3.8384034927193074e-07
624, 1452, 3.838359159263276e-07
189, 1423, 3.833213122021961e-07
9136, 9689, 3.8270406602910277e-07
84, 1285, 3.814189806665415e-07
189, 426, 3.79695367860098e-07
317, 726, 3.753335550600073e-07
996, 1452, 3.7416658064470717e-07
5, 242, 3.7080245422329553e-07
518, 894, 3.685268659998616e-07
511, 1672, 3.6216001164552804e-07
9107, 9282, 3.606250783645589e-07
334, 718, 3.6047111425298626e-07
624, 853, 3.60126834089316e-07
189, 1097, 3.576192591800103e-07
317, 1138, 3.522407567862472e-07
86, 258, 3.4635709353492765e-07
9107, 10814, 3.455483506324066e-07
163, 689, 3.381387905088315e-07
641, 752, 3.37602148662461e-07
327, 2609, 3.3571105239405115e-07
5, 419, 3.340511464193554e-07
331, 490, 3.2383138981852676e-07
638, 718, 3.234147707219798e-07
327, 495, 3.231102294860295e-07
542, 1722, 3.19452490523227e-07
9097, 9689, 3.165937953637363e-07
200, 426, 3.1626448203199414e-07
968, 1391, 3.154785276830325e-07
752, 1722, 3.0997448086898414e-07
317, 398, 3.0341171146247374e-07
331, 555, 3.0298793525501157e-07
544, 718, 2.9850972924700753e-07
1595, 1787, 2.9766097484202075e-07
84, 624, 2.963358325833524e-07
331, 752, 2.9310835489129706e-07
1533, 1722, 2.918654391053208e-07
603, 1397, 2.8329298495354815e-07
44, 899, 2.7780494685615497e-07
200, 1097, 2.7661293444294184e-07
641, 1097, 2.764068294075338e-07
931, 1097, 2.760300349967802e-07
327, 3015, 2.748122560702293e-07
56, 1097, 2.7173365517622503e-07
490, 1423, 2.709025898519381e-07
1484, 1722, 2.7027925418812475e-07
456, 689, 2.6528184493454333e-07
624, 718, 2.6428830103152505e-07
44, 1261, 2.6360894218471035e-07
327, 1299, 2.623425617922927e-07
973, 1138, 2.5491922461577813e-07
387, 1397, 2.521211953502495e-07
84, 1138, 2.512464345595686e-07
511, 726, 2.5121237838131764e-07
1537, 1787, 2.508001182943168e-07
84, 726, 2.465543889486741e-07
588, 1787, 2.41270220867326e-07
303, 1391, 2.4047228399653035e-07
542, 838, 2.3639638902595585e-07
56, 426, 2.3064141683771713e-07
189, 752, 2.2667269754201624e-07
435, 2515, 2.257530361600076e-07
603, 899, 2.2559212864768643e-07
752, 1097, 2.254156957744475e-07
641, 838, 2.2233568048515863e-07
327, 901, 2.2107749036206666e-07
518, 689, 2.1618918913828054e-07
44, 398, 2.1384951592597977e-07
317, 1397, 2.1376443256760235e-07
9107, 13215, 2.134602375263749e-07
544, 1722, 2.1195157547983957e-07
1541, 1722, 2.1002208047439107e-07
189, 555, 2.0525884122849617e-07
1231, 1452, 2.047536175115121e-07
511, 1138, 2.0283071175277063e-07
9132, 9282, 2.0274019383705753e-07
334, 1097, 2.018304089282799e-07
91, 2515, 2.017752453687506e-07
490, 555, 1.9855687832056563e-07
189, 340, 1.979584653052202e-07
697, 1097, 1.9636102334617085e-07
9132, 10814, 1.952654746420442e-07
44, 327, 1.9486317721406264e-07
419, 718, 1.918020589406349e-07
1217, 1452, 1.8950507847130252e-07
603, 1261, 1.8837635059014942e-07
664, 1452, 1.85414544215366e-07
189, 490, 1.8524260597047874e-07
136, 267, 1.808646664350738e-07
958, 1548, 1.7964764697803939e-07
958, 3015, 1.7820467228958262e-07
136, 2515, 1.7538427903204388e-07
542, 1097, 1.7486728475537702e-07
588, 1391, 1.7427174915118654e-07
8392, 9689, 1.7217197571543969e-07
200, 340, 1.6936614599729977e-07
200, 555, 1.6694769140333264e-07
2264, 3015, 1.6515497202994283e-07
6554, 9689, 1.648624609410869e-07
91, 267, 1.6159710770395869e-07
435, 579, 1.6111410939154735e-07
327, 524, 1.5010849144086426e-07
44, 363, 1.5006740433708918e-07
958, 1898, 1.4860346613710601e-07
429, 718, 1.4604090468498578e-07
200, 490, 1.4420855828663923e-07
968, 1138, 1.4307492383079063e-07
588, 726, 1.3744135705735789e-07
303, 624, 1.3566169630286952e-07
56, 555, 1.3301535126179137e-07
2907, 3015, 1.3223115412856808e-07
334, 490, 1.3106663367870866e-07
996, 1097, 1.297881610936761e-07
646, 1097, 1.2361647874386034e-07
334, 555, 1.2270917990644053e-07
56, 490, 1.2130161357993652e-07
456, 1452, 1.194975902197733e-07
2998, 3980, 1.1864518011158245e-07
544, 1097, 1.1628235288995207e-07
958, 1201, 1.1366038586578068e-07
200, 1423, 1.1090459208175933e-07
9107, 9664, 1.0895641612761302e-07
303, 726, 1.0668568476258905e-07
327, 440, 1.0600351160180207e-07
9111, 9689, 1.0560632214179957e-07
419, 1097, 1.02728402463506e-07
303, 398, 1.003177719458275e-07
303, 1138, 9.814256753191369e-08
9107, 11608, 9.575691228130655e-08
2264, 3042, 9.307304694874003e-08
56, 340, 9.234350179570364e-08
490, 624, 9.064142591186845e-08
518, 1452, 8.924016813483318e-08
435, 574, 8.785048350076129e-08
5, 211, 8.676433447911703e-08
603, 2543, 8.626038717777657e-08
419, 555, 8.465485768030458e-08
588, 1138, 8.444062252372386e-08
91, 579, 8.391716870795142e-08
327, 461, 8.056652860569411e-08
331, 624, 8.033288612161783e-08
429, 1097, 7.964425478561455e-08
606, 1452, 7.921104999182509e-08
419, 490, 7.876046396093442e-08
733, 1138, 7.819520649583454e-08
958, 3042, 7.794321400408766e-08
84, 398, 7.745024944389194e-08
84, 327, 7.721040333919271e-08
429, 555, 7.547748202383328e-08
2912, 3015, 7.513239197509681e-08
136, 579, 7.484704461726837e-08
542, 1423, 7.4149179061429e-08
435, 1548, 7.37475667651747e-08
711, 1097, 7.334497344115016e-08
56, 1423, 7.074845667938564e-08
91, 1548, 6.591465449370322e-08
638, 1097, 6.495726177342278e-08
21539, 23847, 6.350623993311052e-08
331, 1138, 6.256796026993023e-08
189, 624, 6.20293944547648e-08
2264, 3980, 6.060658773582753e-08
136, 1548, 5.729342137534001e-08
44, 113, 5.570036861724092e-08
189, 1138, 5.330025482492246e-08
958, 3980, 5.3171320209489866e-08
84, 363, 5.282989137855129e-08
86, 1097, 5.1915420575571435e-08
200, 624, 4.9738513835414236e-08
958, 1299, 4.9108814426699935e-08
5, 258, 4.90031487036756e-08
44, 267, 4.899009042258532e-08
2907, 3042, 4.756355619640701e-08
136, 261, 4.682082130885136e-08
86, 426, 4.607998147267916e-08
490, 1138, 4.463039958977748e-08
163, 1097, 4.440069910590165e-08
624, 1097, 4.3606695548355247e-08
91, 574, 4.3571067250689835e-08
327, 641, 4.327979423538397e-08
200, 1138, 4.201608199169214e-08
56, 624, 4.1361142538300556e-08
435, 1201, 4.0217532140682286e-08
456, 555, 4.0183211404620433e-08
542, 624, 3.981080850082944e-08
136, 574, 3.9451428919378095e-08
91, 261, 3.858431484961488e-08
163, 426, 3.7720038772909433e-08
664, 1097, 3.667663783206766e-08
636, 1452, 3.569907230797082e-08
636, 718, 3.5659540582718005e-08
327, 497, 3.536503403382474e-08
606, 718, 3.517069317393074e-08
91, 1201, 3.408252805012524e-08
9107, 9867, 3.23679794517227e-08
334, 624, 3.210459454522437e-08
327, 697, 3.162958613398537e-08
636, 1097, 3.035337775433326e-08
44, 579, 3.023214693488233e-08
136, 1201, 2.9624742117084216e-08
2912, 3042, 2.6660375781893002e-08
327, 9052, 2.6658725629289234e-08
331, 398, 2.6073871704120325e-08
456, 1097, 2.6055411256528282e-08
641, 1423, 2.5969396577802195e-08
387, 579, 2.5948459414809146e-08
848, 1097, 2.5077837984870747e-08
544, 624, 2.5062296429836866e-08
435, 524, 2.4827957285482722e-08
86, 555, 2.477945037812731e-08
189, 327, 2.3757518402683535e-08
708, 1097, 2.3546695142578456e-08
3849, 3980, 2.32976347236361e-08
44, 1548, 2.327305823511498e-08
86, 490, 2.3016804184856375e-08
872, 1097, 2.2425850770319582e-08
200, 327, 2.1820383589015378e-08
163, 555, 2.1437913163727474e-08
544, 1423, 2.0719973944072335e-08
163, 340, 2.0510192938441565e-08
327, 1029, 2.02965728863888e-08
84, 267, 2.0156374688318457e-08
3673, 3980, 2.0150927517490017e-08
419, 624, 1.995197210707585e-08
189, 398, 1.9171204932561367e-08
163, 490, 1.8745810916620175e-08
86, 340, 1.833911219620798e-08
1449, 1548, 1.772917491581946e-08
317, 579, 1.7534650313392346e-08
435, 1299, 1.660279537879096e-08
2907, 3980, 1.620702326284154e-08
603, 1548, 1.5885335159342168e-08
44, 574, 1.5874610185720076e-08
200, 398, 1.5699465916464033e-08
91, 1299, 1.5687771366676365e-08
189, 363, 1.5196010045151464e-08
435, 901, 1.5016719458210805e-08
606, 1097, 1.48676189378144e-08
56, 1138, 1.4451270159469195e-08
387, 1548, 1.4052127154243707e-08
387, 574, 1.3807660703095214e-08
5, 136, 1.3783175409425223e-08
958, 9052, 1.3748451413208688e-08
91, 434, 1.3508492936938532e-08
511, 579, 1.3335394921952803e-08
136, 365, 1.3260217752369295e-08
91, 495, 1.2996031189897724e-08
327, 594, 1.2972819178291596e-08
91, 365, 1.2953106818904908e-08
91, 901, 1.2617104317394604e-08
317, 1548, 1.2385555929875201e-08
200, 363, 1.2307841672500451e-08
136, 495, 1.2105437718504218e-08
44, 1201, 1.2033813515418991e-08
44, 261, 1.1723011679783203e-08
136, 901, 1.1722223388770718e-08
136, 434, 1.1587611722221404e-08
91, 385, 1.1523144280880742e-08
327, 448, 1.1108803197548447e-08
56, 398, 1.1055723878688085e-08
2264, 9052, 1.0815875356310107e-08
84, 579, 1.0761241656772948e-08
136, 385, 1.0529198685252116e-08
56, 327, 1.0077830727434057e-08
327, 534, 9.27689038329491e-09
317, 574, 9.258693953069192e-09
327, 848, 8.470290878142347e-09
84, 1548, 8.408748683650312e-09
334, 398, 8.370884339653807e-09
603, 1201, 8.27828270099068e-09
387, 495, 8.052612301973332e-09
5, 426, 7.96778900474754e-09
56, 363, 7.744960076021036e-09
518, 1097, 7.629631069318585e-09
189, 267, 7.416522463376e-09
327, 646, 7.358784573946062e-09
387, 1201, 7.070478108449401e-09
91, 524, 6.707456333171719e-09
958, 1029, 6.488380499608343e-09
511, 1548, 6.434332685967838e-09
490, 579, 6.055321501008895e-09
317, 1201, 5.835405996515777e-09
136, 524, 5.7243338141898e-09
317, 434, 5.699002905594367e-09
84, 574, 5.590226128428774e-09
406, 490, 5.033250612538566e-09
303, 579, 4.855736908182978e-09
84, 261, 4.8374287083864376e-09
511, 574, 4.795051575262686e-09
44, 365, 4.678769956422382e-09
327, 518, 4.504603504229716e-09
44, 495, 4.451679597936544e-09
84, 1201, 4.347916485010831e-09
44, 434, 4.341368909010108e-09
44, 385, 4.143782550063168e-09
973, 1548, 3.914208817699533e-09
5, 490, 3.874488437739157e-09
435, 641, 3.6019882534627167e-09
317, 495, 3.5955432705895317e-09
5, 340, 3.477415329993528e-09
200, 267, 3.2854321197328606e-09
317, 385, 3.1877017836207136e-09
331, 579, 3.1154457836886956e-09
490, 574, 2.936191696282061e-09
91, 461, 2.7690763453988932e-09
91, 440, 2.6467137798130842e-09
56, 267, 2.603499115410124e-09
303, 574, 2.5402739971394957e-09
387, 524, 2.5041208892783824e-09
136, 461, 2.5026348533313164e-09
91, 641, 2.3583455704326925e-09
163, 327, 2.2971297427649252e-09
136, 440, 2.2880609539333716e-09
44, 524, 2.245893795597936e-09
189, 579, 2.2367029039037425e-09
435, 697, 2.2191325049424496e-09
5, 555, 2.157916089953185e-09
86, 327, 2.126886557742326e-09
86, 398, 2.110614115111339e-09
136, 641, 2.064208487758741e-09
163, 398, 1.9512146841528575e-09
200, 579, 1.8035820257715003e-09
303, 1787, 1.7751748191145937e-09
91, 697, 1.7526159115731098e-09
84, 434, 1.723086487749416e-09
303, 385, 1.6939132842851032e-09
84, 495, 1.6772079704921724e-09
331, 574, 1.668438058598941e-09
317, 524, 1.656259049219051e-09
84, 365, 1.6489717234653168e-09
435, 497, 1.5892648119220175e-09
435, 534, 1.5711523115762148e-09
136, 697, 1.5566012000677438e-09
163, 363, 1.5356412240714849e-09
84, 385, 1.4858263978834153e-09
603, 697, 1.4530129730468513e-09
86, 363, 1.4397732423602478e-09
91, 497, 1.4332609876074836e-09
406, 555, 1.4263822044961244e-09
435, 1029, 1.3994396494736281e-09
189, 261, 1.3307772938184826e-09
136, 497, 1.3238446178734363e-09
435, 594, 1.2750761374257685e-09
387, 461, 1.2582590703472932e-09
303, 434, 1.2534336771401892e-09
331, 434, 1.2461905994782753e-09
91, 1029, 1.2370133774169236e-09
189, 574, 1.172789840027691e-09
317, 440, 9.948438565333697e-10
163, 267, 9.779770801818066e-10
44, 461, 9.60116286548213e-10
303, 495, 9.598822130623708e-10
136, 1029, 9.332338418668063e-10
387, 497, 8.527459418588257e-10
44, 440, 8.509067477396318e-10
84, 524, 8.443339840858691e-10
56, 579, 8.312705701057823e-10
317, 461, 8.296289132115138e-10
44, 641, 8.108960118005059e-10
91, 594, 7.240937782376083e-10
200, 574, 7.215803911569129e-10
429, 624, 7.214986922506391e-10
5, 689, 6.950252234328053e-10
334, 579, 6.682015637378241e-10
435, 518, 6.618154510657582e-10
303, 365, 6.448414681514558e-10
44, 697, 6.428349669151613e-10
331, 495, 6.282178471708445e-10
56, 574, 6.225723256000383e-10
56, 261, 6.225132471233984e-10
136, 594, 6.157085817657487e-10
435, 646, 6.060907987799973e-10
86, 267, 5.529171298401046e-10
387, 641, 5.524323951055231e-10
334, 434, 5.190298149319076e-10
334, 574, 5.145143099519724e-10
44, 497, 4.870435177503572e-10
317, 641, 4.79126022686009e-10
189, 365, 4.718595298557017e-10
411, 490, 4.5045137542647665e-10
303, 524, 4.4969658128483056e-10
511, 641, 4.4658377855967704e-10
419, 579, 4.4305880028089973e-10
387, 697, 4.281548937353193e-10
44, 1029, 4.2440464369763216e-10
91, 534, 4.199518720410961e-10
91, 646, 4.014522532407184e-10
317, 497, 3.926873699415508e-10
189, 385, 3.863108455290273e-10
200, 365, 3.826391116424018e-10
5, 327, 3.778453659432677e-10
189, 434, 3.6924696816222857e-10
5, 398, 3.68807764321737e-10
136, 534, 3.660244937260731e-10
86, 624, 3.655480785106075e-10
189, 495, 3.65471221872614e-10
429, 579, 3.54807368012454e-10
136, 646, 3.547803531178384e-10
317, 697, 3.496199707352413e-10
84, 461, 3.4530515722043524e-10
973, 1201, 3.417405132330913e-10
419, 574, 3.3664499085565386e-10
84, 440, 3.350429918554983e-10
511, 1201, 3.3478211281622216e-10
91, 448, 3.2162046932959627e-10
200, 385, 3.1943290647214545e-10
603, 1029, 3.104533963521439e-10
200, 434, 3.1035901349099985e-10
406, 689, 3.0195547725591386e-10
163, 624, 2.948819325306903e-10
331, 524, 2.9415714886948255e-10
84, 641, 2.9286733618346706e-10
200, 495, 2.8491897288810736e-10
5, 363, 2.821484457232174e-10
136, 448, 2.817852265318213e-10
387, 1029, 2.74781452822197e-10
429, 574, 2.740488342822621e-10
456, 624, 2.618810933924097e-10
44, 594, 2.5467176365130576e-10
334, 495, 2.5368884118877e-10
327, 442, 2.4952802069852723e-10
163, 261, 2.4694877404764885e-10
56, 365, 2.4199602503154724e-10
56, 495, 2.357329286434966e-10
56, 434, 2.28575458368462e-10
303, 440, 2.273687674172109e-10
317, 1029, 2.2523192755613014e-10
331, 440, 2.20890676916801e-10
511, 594, 2.195592823612546e-10
303, 461, 2.1772376321608507e-10
56, 385, 2.1200767383008975e-10
387, 594, 2.0932831493638956e-10
91, 518, 1.9804835307999661e-10
518, 624, 1.975763478918711e-10
419, 495, 1.8828849074323817e-10
189, 524, 1.866116759924375e-10
84, 497, 1.8483284752542918e-10
5, 113, 1.8314612976192513e-10
5, 68, 1.8188708219313986e-10
136, 518, 1.6937803199525683e-10
331, 461, 1.6423643547948557e-10
456, 579, 1.6101276888564893e-10
84, 1029, 1.5855502299994227e-10
86, 579, 1.540086075592028e-10
327, 540, 1.4779550239772177e-10
200, 524, 1.4738148960029119e-10
317, 594, 1.4676704802349279e-10
387, 534, 1.4658116992302435e-10
44, 534, 1.4471218059180647e-10
44, 646, 1.3825214543206286e-10
303, 641, 1.3529908396656267e-10
163, 579, 1.345184191421436e-10
456, 574, 1.3262038032817022e-10
86, 261, 1.3249753987604612e-10
511, 1029, 1.2858784944714094e-10
419, 524, 1.141491970304045e-10
86, 574, 1.0935632332587035e-10
411, 555, 1.0713110468313822e-10
317, 448, 1.0707480679514547e-10
334, 524, 1.0640821307203645e-10
44, 448, 1.0550936328108227e-10
303, 497, 1.046438853959183e-10
317, 534, 1.0320966907421968e-10
56, 524, 1.0211326520479644e-10
429, 524, 9.769834851033346e-11
387, 646, 9.497108249514626e-11
334, 440, 9.347540627151487e-11
84, 594, 9.34158530303009e-11
317, 646, 8.361930467606273e-11
429, 495, 8.205697653786202e-11
331, 641, 8.151242936956752e-11
387, 518, 7.920735095277253e-11
5, 267, 7.814339017336641e-11
189, 461, 7.333790069625055e-11
511, 646, 7.288510050590436e-11
189, 440, 7.018917533573878e-11
490, 641, 6.915521492229385e-11
334, 461, 6.906598730048055e-11
331, 497, 6.8769198072669e-11
511, 1285, 6.748137603655764e-11
44, 518, 6.540251601351561e-11
303, 1029, 6.34012015708752e-11
973, 1285, 6.11090507567276e-11
511, 697, 6.034967744133992e-11
200, 461, 5.891513580377363e-11
200, 440, 5.883241190755251e-11
84, 534, 5.269702838938966e-11
588, 1029, 5.210305568274321e-11
84, 697, 5.19616792930343e-11
163, 574, 5.102537728779376e-11
84, 646, 5.089417372085921e-11
733, 1029, 5.046453205886496e-11
317, 518, 4.9424882892693527e-11
588, 697, 4.894889927808381e-11
56, 461, 4.865628139951492e-11
163, 365, 4.760984967045486e-11
86, 434, 4.568427221111648e-11
86, 365, 4.4920794075321404e-11
56, 440, 4.4121845547624795e-11
86, 495, 4.330524051303157e-11
86, 385, 4.0354022766061274e-11
84, 448, 4.0303269576273875e-11
189, 497, 4.021798692027519e-11
163, 385, 3.979477081633988e-11
331, 1029, 3.9612954936715874e-11
86, 718, 3.958402626692779e-11
931, 1029, 3.8552267415474173e-11
163, 495, 3.844196861374549e-11
163, 434, 3.691493771433709e-11
163, 718, 3.326956281923763e-11
200, 497, 3.1412908972556516e-11
189, 1029, 2.9318137483200695e-11
334, 497, 2.7760401908308272e-11
303, 534, 2.7672543650535657e-11
490, 1029, 2.692757180483252e-11
303, 448, 2.5916822778239813e-11
56, 497, 2.5797994501810692e-11
84, 518, 2.502620760223606e-11
419, 497, 2.354698791799873e-11
435, 540, 2.351723792337183e-11
331, 448, 2.3161930094927897e-11
200, 1029, 2.3043668946452757e-11
303, 697, 2.2558713469965545e-11
641, 726, 2.2250215297757196e-11
456, 718, 2.054152438882532e-11
86, 524, 1.9589447787708414e-11
5, 261, 1.8680497685967078e-11
56, 1029, 1.814988866671621e-11
331, 534, 1.8105855096153126e-11
163, 524, 1.734977967527862e-11
331, 726, 1.627182253450364e-11
387, 1261, 1.4795231734408336e-11
910, 1097, 1.4693705741680862e-11
641, 1029, 1.467674317772529e-11
317, 1261, 1.463968886741041e-11
331, 697, 1.4419227190554001e-11
456, 524, 1.3833300655923091e-11
303, 518, 1.3380746577756438e-11
189, 726, 1.318648757080536e-11
490, 726, 1.2965537508569963e-11
189, 534, 1.199275512570527e-11
490, 697, 1.1924330812403472e-11
5, 624, 1.1513533546089426e-11
189, 697, 1.1049584471538354e-11
641, 1138, 1.1041938359881117e-11
429, 497, 1.0896102025590363e-11
200, 726, 1.0583925408486815e-11
406, 495, 1.04745459739982e-11
334, 448, 9.866663712379017e-12
518, 718, 9.507637564329141e-12
86, 461, 9.462042053716547e-12
200, 534, 9.424186976351905e-12
56, 726, 9.307666415823107e-12
86, 440, 9.155405333287581e-12
331, 518, 8.83036059681325e-12
646, 726, 8.819026273084635e-12
5, 365, 8.7665882996641e-12
189, 448, 8.372583833528436e-12
163, 461, 8.255625579070197e-12
5, 434, 7.991923628501933e-12
5, 495, 7.527351061257999e-12
163, 440, 7.405103552624107e-12
56, 534, 7.374092913284193e-12
334, 534, 7.338312963532661e-12
5, 385, 7.266587902729476e-12
200, 448, 6.910408824757607e-12
419, 534, 6.791871672672733e-12
91, 540, 6.696853260336408e-12
5, 579, 6.6182424857642036e-12
334, 726, 6.5240150705223945e-12
91, 442, 6.475769235307575e-12
429, 534, 6.323817239053876e-12
5, 574, 6.075802747347123e-12
136, 540, 5.971814446685469e-12
136, 442, 5.6154254973470014e-12
189, 518, 5.453217978502995e-12
638, 726, 5.448472172650306e-12
56, 448, 5.370404105261373e-12
5, 718, 5.163394033782913e-12
86, 497, 5.018991926828054e-12
163, 497, 4.446300666741478e-12
200, 518, 4.332396654092054e-12
542, 726, 4.223910513943389e-12
419, 518, 4.057398912223212e-12
406, 579, 4.018775854622673e-12
406, 574, 3.713490302618947e-12
334, 518, 3.584294100042998e-12
419, 726, 3.5341931594893046e-12
624, 726, 3.4192623343892866e-12
56, 518, 3.36931217452363e-12
5, 524, 3.336843936164173e-12
406, 524, 3.21792888028428e-12
429, 518, 3.1633988035802656e-12
317, 442, 2.3518696174996674e-12
44, 540, 2.3513390166553642e-12
387, 540, 2.297897446684218e-12
44, 442, 2.0883494624542827e-12
456, 534, 1.7964388772079096e-12
5, 461, 1.7127648144942545e-12
317, 540, 1.6415613249254529e-12
5, 440, 1.6360364994964748e-12
86, 534, 1.442235317295718e-12
406, 497, 1.298437264570301e-12
163, 534, 1.266148013631749e-12
86, 448, 1.1042209415544963e-12
163, 448, 9.092493222307052e-13
84, 540, 8.411125639498933e-13
84, 442, 8.17514181827224e-13
683, 894, 6.944935013364812e-13
86, 518, 6.839039119102575e-13
163, 518, 6.070129403773706e-13
303, 442, 5.452078457622646e-13
331, 442, 5.209235034172533e-13
490, 594, 4.941970477738692e-13
406, 624, 4.665849724239631e-13
303, 540, 4.3407997119576056e-13
303, 594, 4.280182106604706e-13
200, 838, 4.0558784122359236e-13
331, 540, 2.8786970942985847e-13
411, 579, 2.8477543694614206e-13
411, 574, 2.6635327211459384e-13
331, 594, 2.5941332559698727e-13
334, 442, 2.2113331515824434e-13
189, 594, 1.985963032933967e-13
189, 540, 1.9366780926451443e-13
189, 442, 1.7050207676385203e-13
200, 594, 1.5502844109697733e-13
200, 540, 1.5307113732921547e-13
200, 442, 1.4250680321934503e-13
56, 594, 1.3598805069779379e-13
411, 495, 1.2833480988670632e-13
56, 540, 1.1999101208789912e-13
334, 540, 1.1643887770896765e-13
56, 442, 1.0772584432319056e-13
334, 594, 1.0474641317843963e-13
419, 540, 9.764404270260557e-14
429, 540, 9.183936090554e-14
5, 497, 8.978565433775667e-14
419, 594, 7.14065772535191e-14
429, 594, 5.638221610175118e-14
456, 540, 3.445010983269676e-14
411, 524, 3.0822765058859e-14
86, 594, 2.613343115675083e-14
163, 594, 2.2274039952878767e-14
456, 594, 2.154990988244848e-14
518, 594, 1.1285664228491625e-14
5, 594, 4.817193982750536e-15
5, 448, 4.283425104968623e-15
86, 442, 2.062459322779159e-15
5, 534, 1.884709370549288e-15
163, 442, 1.6729691160889933e-15
406, 534, 1.5266688991935298e-15
5, 442, 3.684209918088848e-16
