Gene = Srrd
index = 1027
Annotated 5SS: [ 166 1945 3144 3322 4723 5065]
Annotated 3SS: [1903 2916 3222 4567 4992 5298]
SMsplice 5SS: [ 166 3322 4139 4723]
SMsplice 3SS: [3222 4025 4567 4992]
length: 5649
Partition function (logZ) = -0.3800676753510819
#Introns = 2284
5SS, 3SS, prob
4723, 4992, 0.7162510003605889
3322, 4025, 0.44140194278049827
3144, 3222, 0.3656425807936343
4139, 4567, 0.3522285591710751
3322, 4567, 0.22083339572028268
4723, 5298, 0.1489725003535226
166, 3222, 0.14616837611622222
166, 3132, 0.10677640062367905
4139, 4544, 0.09874971042365348
166, 1790, 0.09812516312570106
166, 1903, 0.09067386582046245
166, 1478, 0.08841791863541845
1945, 3222, 0.08584203916175451
3322, 4544, 0.062787643517136
1945, 3132, 0.06207704135685954
5065, 5298, 0.059215058347391526
1945, 2041, 0.05344887363990379
166, 3010, 0.04225512126708014
4139, 4472, 0.04003561403323685
4723, 4874, 0.03891488656172325
166, 4025, 0.03411111992425879
166, 1718, 0.03270576893362888
166, 3176, 0.029832262016427517
3144, 4025, 0.02761590857440487
4362, 4567, 0.02644672312248941
166, 2041, 0.026092477637328946
166, 2938, 0.025693314319330737
4139, 4628, 0.024934360468680396
1945, 3010, 0.024413783467791585
4723, 5151, 0.0242759084618816
5065, 5151, 0.023666048442010635
3322, 4472, 0.023634616836578404
166, 1811, 0.02255043983913373
166, 2240, 0.021123244482064023
1945, 4025, 0.020320750170551773
2620, 3222, 0.02000271767495565
166, 1604, 0.01902943308725093
166, 2916, 0.017995982419798044
3322, 3642, 0.017822825677610683
166, 4567, 0.017736365790792137
166, 2508, 0.01757743066277283
1945, 3176, 0.017463787544251767
3782, 4025, 0.01709682206235776
166, 1933, 0.0163886921066475
166, 271, 0.01637434802110094
3322, 4628, 0.016331384716990145
3144, 4567, 0.015370528751538604
1945, 2938, 0.014831373605130638
166, 3020, 0.014760565557117125
2620, 3132, 0.014726636054439513
5233, 5298, 0.014665975596238756
2324, 3222, 0.014602958168131912
1945, 2240, 0.013830210588125953
2159, 3222, 0.013354153943313104
166, 1770, 0.012763153540228719
166, 1856, 0.011384006781735831
2324, 3132, 0.011335530798668949
166, 1545, 0.011157475710647248
1945, 2916, 0.010459401908621076
1945, 2508, 0.010444387957039756
1945, 4567, 0.010409449660597602
4723, 5430, 0.010074511733186655
4723, 5225, 0.009649450359088369
2159, 3132, 0.009627280537066102
166, 2262, 0.00927700138345494
4362, 4544, 0.008115188642913855
1945, 3020, 0.007941418911921912
4723, 5394, 0.007638633360187818
3782, 4567, 0.00715037610548169
2053, 3222, 0.006556994063526802
1790, 1903, 0.006354136766999941
1945, 2262, 0.006175567154610641
2154, 3222, 0.006026490590759462
4362, 4472, 0.005946755849108668
2620, 3010, 0.005070956736262391
166, 4544, 0.0050414387938935885
1955, 3222, 0.00501981860532459
2159, 2240, 0.004916214951791327
2053, 3132, 0.00473360605823123
5065, 5225, 0.004656437112171069
4321, 4567, 0.0046357908937744155
4723, 5135, 0.004594305613091461
1790, 3222, 0.0044858463980889385
4723, 5014, 0.004443705398843493
2620, 4025, 0.004357900063827117
2154, 3132, 0.004324716242278342
3144, 4544, 0.004286316773963718
2620, 3176, 0.0041238397433332186
2324, 3010, 0.004064461764905936
3311, 4025, 0.004021805395301779
5246, 5430, 0.003983983886184991
166, 2970, 0.003946844695577618
2324, 4025, 0.0037680268487750267
2620, 2938, 0.0037387654289911354
1955, 3132, 0.003667459869438287
4139, 4992, 0.0036196404577579205
2119, 3222, 0.0035615704662268766
5065, 5430, 0.003545495904954426
2159, 3010, 0.003411280711847313
2644, 3222, 0.003295000656624055
1790, 3132, 0.0032578492402654115
166, 2445, 0.0031780040856455396
2159, 4025, 0.0031640754467792864
5246, 5394, 0.0031321599920300087
2324, 3176, 0.0031111635351353554
1955, 2041, 0.0030511892506681518
1945, 4544, 0.0029507810853536425
166, 2530, 0.0029372694035849443
3010, 3132, 0.002914771676330147
3326, 4025, 0.00284441955341175
4139, 4290, 0.002821934509072988
4723, 4921, 0.002764172770723657
166, 2857, 0.002760754648073689
2324, 2938, 0.002751565235769237
1945, 2024, 0.0027428620536558246
2159, 3176, 0.002713848060860163
3322, 4992, 0.002650842961975655
4723, 5100, 0.002563991467845062
2620, 2916, 0.0025567595444469914
5065, 5394, 0.0025558857128045657
2119, 3132, 0.0025261070988551607
4723, 5530, 0.0024938708431669204
2154, 2240, 0.0024904099976393217
5065, 5135, 0.0024833500549573486
2644, 3132, 0.0024419689163094538
4139, 4503, 0.002430245722347556
2324, 2508, 0.002423352970643466
3322, 4168, 0.002389435946972364
2159, 2262, 0.0023523923691838003
5039, 5298, 0.002332320678539033
166, 1239, 0.002313634931163039
3053, 3132, 0.002290895509926774
166, 3053, 0.0022791776960745334
166, 771, 0.002270483522001667
3010, 3222, 0.002258331336361057
2159, 2938, 0.0022251218316580966
2620, 4567, 0.0021787555351369114
3322, 3605, 0.0021767742054470845
166, 2973, 0.002155898206817112
1945, 2970, 0.0021234754651726757
166, 2960, 0.0021186581172985166
3782, 4544, 0.002087565198992854
2113, 3222, 0.0020399065075637174
2561, 3222, 0.0019714729263558307
3311, 4567, 0.0019203668681178046
2324, 4567, 0.001919577118182783
1945, 2445, 0.0019193968256754285
2324, 2916, 0.0019091078929528943
4139, 4237, 0.0019045886994464624
166, 2869, 0.0018991637397437024
166, 4472, 0.0018976220811135246
2143, 3222, 0.0018974844228851955
3322, 3561, 0.0018552985624187084
166, 1288, 0.0018478101476006555
166, 2482, 0.0018458488537040035
2356, 3222, 0.0017470303429270766
1945, 2530, 0.001700765946871185
4723, 5049, 0.0016983850593818444
3053, 3222, 0.0016954277805361782
2385, 3222, 0.0016943331308930695
166, 2024, 0.0016901584073055048
166, 3037, 0.0016864284416649102
166, 1749, 0.0016626914826106771
4723, 5038, 0.001662431139726503
3144, 4472, 0.0016243921011468616
1390, 1478, 0.001618306009712737
2159, 2508, 0.0016131922833068774
2159, 2916, 0.0015842737726294463
3274, 4025, 0.0015648352436886525
2159, 4567, 0.0015505322459950111
2053, 4025, 0.00152720828139611
1945, 2078, 0.0015168753041663566
3322, 4503, 0.0014631134540308486
166, 680, 0.0014546818051756672
2053, 3010, 0.0014500079866486626
1945, 2857, 0.0014454339427446175
2154, 4025, 0.0014352785536067198
2113, 3132, 0.0014171967221619822
4723, 5434, 0.0013991687536974314
4321, 4544, 0.0013905379136113314
2561, 3132, 0.001376997259244994
2053, 2240, 0.0013701859215437754
2385, 3132, 0.0013667701011080165
2356, 3132, 0.0013660716410858044
2263, 3222, 0.001364967735561901
4362, 4628, 0.001347567318210235
166, 2078, 0.0013391292188007296
1955, 3010, 0.0013375726694921982
2053, 3176, 0.00133555227590161
5189, 5298, 0.0013316067142688335
166, 4628, 0.0013201738780781683
2143, 3132, 0.0013194416857900608
3326, 4567, 0.0012995137265407939
4723, 5334, 0.001288674713676268
166, 3107, 0.0012869047681091466
4723, 5228, 0.0012573826163667706
436, 3222, 0.0012553086952686826
166, 1681, 0.0012256060178061374
1945, 3053, 0.0012254888303679938
1790, 3010, 0.0012114880994769513
166, 3642, 0.0012074929346090775
3322, 4290, 0.001188316817391354
166, 1277, 0.001170876170711566
1955, 4025, 0.0011705203630095074
2154, 3176, 0.0011701788380507835
1945, 2973, 0.0011593932209165818
1945, 2960, 0.001139366344323955
3144, 3642, 0.0011321389711790723
5246, 5334, 0.0011300548722846873
1945, 4472, 0.001115240209987381
166, 409, 0.0010991893142541307
1945, 2482, 0.0010987933458212662
5233, 5430, 0.0010943639050261904
166, 490, 0.0010888583289118618
4219, 4567, 0.0010636446987738741
166, 2945, 0.0010579606695000408
459, 3222, 0.0010525568797827116
2119, 2240, 0.001043972820777031
1955, 3176, 0.0010276163984596141
1945, 2869, 0.0010129798466870373
3144, 4628, 0.0009910313802834277
5071, 5298, 0.0009887930902200703
1790, 4025, 0.0009872183666687333
2154, 2262, 0.0009857824997487907
1390, 3222, 0.0009669479167828882
166, 1684, 0.0009642184272312682
1790, 2041, 0.0009344697741027064
436, 3132, 0.0009094637060243678
4176, 4567, 0.0009030486158599922
3144, 3230, 0.000890860934579829
5039, 5151, 0.0008853091006116371
4139, 5298, 0.0008745986717119083
1790, 3176, 0.000866528749097475
2263, 3132, 0.0008625681004121159
5233, 5394, 0.0008621440165947084
5113, 5298, 0.0008356498196150648
166, 2773, 0.0008328185485306172
2143, 2240, 0.0008220331506818955
1955, 2240, 0.0008194801554344117
1955, 2938, 0.0008181872591477755
836, 3222, 0.0008091106985044372
5065, 5530, 0.0008081011834656801
4139, 4571, 0.000802056602036877
2119, 4025, 0.0008007174559602321
166, 2814, 0.00079042951137086
373, 3222, 0.0007859476734606365
3782, 4472, 0.000782361821975059
2053, 2938, 0.000778255063112158
2053, 2508, 0.0007778931379836893
4723, 5554, 0.0007683496406297321
459, 3132, 0.0007625712179773759
166, 1794, 0.0007529198741002888
2053, 4567, 0.0007513991331250401
1734, 3222, 0.0007420121176765814
1790, 2938, 0.000732470750501374
5246, 5530, 0.0007299179976273139
3274, 4567, 0.0007273231506153928
1945, 4628, 0.000718486618568804
4723, 5343, 0.0007174505314081456
2154, 2508, 0.0007152885727729754
2644, 3176, 0.0007119424220284618
3322, 4036, 0.000710146344870266
1390, 3132, 0.0007089653961253583
1945, 3642, 0.0007061658223403879
2119, 3176, 0.0006971902504528706
4321, 4472, 0.000693712117319264
2154, 2938, 0.0006895452290762721
436, 1790, 0.0006886167532671487
1572, 3222, 0.0006876105644076683
4723, 5571, 0.0006845942923219268
2324, 2445, 0.0006827567342295249
1945, 3107, 0.0006700778326795862
4139, 4241, 0.0006686103468647693
1790, 2240, 0.0006668944457123085
1790, 1933, 0.0006650754784349396
436, 1903, 0.0006613296440171964
2154, 4567, 0.0006508788068919969
3223, 4025, 0.000646386208207036
2644, 4025, 0.0006379721133023028
1734, 1903, 0.0006340925299925433
166, 1733, 0.0006332035206516436
1955, 2508, 0.0006255854114147145
4139, 4262, 0.0006254886232454067
5246, 5343, 0.0006249651781464837
1390, 1790, 0.0006211567952253453
2620, 4544, 0.0006180224279323306
3322, 5298, 0.0006163684167852112
836, 3132, 0.0006009804786002579
166, 2490, 0.0005910280730354037
5065, 5228, 0.0005856769474646288
1955, 2916, 0.0005838470351783786
459, 1790, 0.0005784864867676452
2053, 2916, 0.0005734896909069794
1390, 1903, 0.0005712988883678159
459, 1903, 0.0005711727359746148
373, 3132, 0.0005694144289295697
436, 1478, 0.0005660054275866394
2053, 2262, 0.0005565827445649559
1955, 4567, 0.0005563073970431655
2324, 4544, 0.0005490247480663564
2113, 2240, 0.0005487690632593552
1945, 2945, 0.0005478784194988936
166, 1631, 0.0005467576376725344
3311, 4544, 0.0005447895805584844
1572, 1790, 0.0005412449774677624
3322, 3725, 0.0005396654463939176
1734, 3132, 0.0005375833792919707
5246, 5434, 0.0005346543255962529
166, 1756, 0.0005229805815661226
1790, 2916, 0.0005126587259867775
166, 3134, 0.0005118185876996171
1790, 4567, 0.0005061790880377484
3010, 3176, 0.0004988259071352004
1572, 3132, 0.0004981697765376004
2154, 2916, 0.0004976414941502541
4757, 4992, 0.0004920071667762883
1790, 2508, 0.0004900133441696873
1681, 1790, 0.0004887841446488091
459, 1478, 0.0004875715182979907
4139, 4667, 0.0004852515606809245
836, 1790, 0.00047975504678066095
5065, 5434, 0.0004794303133524804
4975, 5298, 0.0004722735061034256
166, 730, 0.00047008457505004866
491, 3222, 0.0004673789974566883
2113, 4025, 0.0004548617433425978
2356, 4025, 0.00044396238071020924
2159, 4544, 0.000439869713326744
3053, 3176, 0.00043767937938018467
373, 1790, 0.00043265425213804464
2385, 4025, 0.0004298757546687386
1945, 2773, 0.00042582538340504763
1572, 1903, 0.0004206455512206837
836, 1903, 0.00042026628301781397
5065, 5334, 0.00041712424152615866
2385, 2508, 0.00041535091875445683
3322, 3686, 0.0004068677983933514
4139, 4680, 0.00040664119303150973
2143, 4025, 0.00040423523035008994
4139, 4256, 0.000403334684953735
2113, 3176, 0.00039719436312228085
3322, 4571, 0.0003970422607467028
836, 1478, 0.00039460073948042725
1968, 3222, 0.00039444740300324576
373, 1903, 0.00039333115709843237
166, 353, 0.00039310524347177945
166, 2135, 0.0003917180317038721
2119, 2508, 0.0003912442642383403
1790, 1856, 0.00039092647205005827
5453, 5530, 0.0003857250887917324
2385, 3176, 0.00037867826292163067
2143, 3176, 0.0003727939052985282
1955, 2262, 0.00037026301065139216
3326, 4544, 0.0003686599944563608
2620, 2857, 0.0003682322013729604
4971, 5298, 0.00035611681272816034
2324, 2530, 0.0003524821602316676
373, 1478, 0.000350408770983687
166, 3137, 0.00035001848843033563
3048, 3132, 0.0003476420010313556
3298, 4025, 0.00034742379486873704
1945, 2814, 0.0003468718711639405
2561, 4025, 0.00034607138089884696
2119, 2938, 0.0003442773932147612
166, 2759, 0.0003422244778834405
491, 3132, 0.0003386133122051979
2119, 2262, 0.0003376253290456482
166, 929, 0.0003326153490262884
166, 2464, 0.00033113332796674773
3322, 4667, 0.0003301060312970363
2399, 3222, 0.0003282127823615151
166, 2800, 0.0003270030183584477
2561, 3176, 0.0003249498807302981
166, 1248, 0.0003211379115014986
4723, 5448, 0.0003175653680334929
5071, 5151, 0.0003175567695161004
5127, 5298, 0.00031725789010322137
1945, 2135, 0.00031557335986379066
1968, 3132, 0.00031173368646565176
2356, 2508, 0.0003081851117491907
513, 3222, 0.0003038536108544024
1945, 2490, 0.00030282617145285416
3010, 4025, 0.00030213198785419056
5233, 5334, 0.0002992311400444983
2356, 3176, 0.0002970177581405416
166, 3230, 0.0002946345456266292
2483, 3222, 0.0002942709685934148
1790, 2262, 0.000286012810352569
436, 4025, 0.0002850003724859744
221, 3222, 0.0002846669375736437
3322, 4680, 0.00028109055785077106
2159, 2445, 0.00027887597909495105
166, 2286, 0.00027195182730650535
4723, 4852, 0.00027076590754781084
2263, 4025, 0.000269400735398566
1681, 3222, 0.0002672467272901226
2119, 4567, 0.00026309129495168023
3055, 3132, 0.0002627075809617633
491, 1790, 0.000261010983017241
491, 1903, 0.0002580561539878913
1734, 1811, 0.00025723418758195725
2119, 2916, 0.0002568100947985788
436, 3176, 0.00025621460466860007
3322, 4041, 0.00025251269628256804
2159, 2530, 0.00025178240399699627
2143, 2262, 0.00025148674083057336
5065, 5554, 0.0002513366385260142
459, 4025, 0.000246341275654468
2324, 2857, 0.0002461442177702688
5246, 5554, 0.00024001740443413633
2446, 3222, 0.0002386155060848946
1945, 3134, 0.00023756551883664958
166, 2402, 0.00023519825022907934
2620, 4472, 0.00023294545723422883
2324, 2482, 0.0002328339853477685
5065, 5343, 0.0002309755023190218
436, 2041, 0.00022814358364400947
2113, 2508, 0.00022788499532303938
2263, 3176, 0.00022730243631918632
491, 1478, 0.00022681466268114868
513, 3132, 0.00022614298782273315
4219, 4544, 0.00022504335081365617
5065, 5571, 0.00022485134747925775
2143, 2508, 0.00022082134006428877
1390, 4025, 0.00021973349133851917
436, 1718, 0.0002175847535429012
1572, 1718, 0.00021598377161333174
3053, 4025, 0.00021586242820724057
459, 3176, 0.0002148319738891166
4139, 4514, 0.000213555642181194
1390, 1718, 0.00021298619953588483
5246, 5571, 0.00020967558744347905
221, 3132, 0.00020799523059506666
2399, 3132, 0.00020720844880482264
4723, 4821, 0.00020678695016312755
3311, 4472, 0.0002050367840604519
1681, 3132, 0.00020501813115406228
2324, 4472, 0.00020430508121917166
4176, 4544, 0.00020341527843970725
4723, 5401, 0.00020152754659374695
166, 1907, 0.0002010106468498428
5233, 5530, 0.0002001826324852869
5039, 5135, 0.00019996636873707935
1681, 1903, 0.00019862134493344935
3782, 4628, 0.0001986158762260077
4362, 4992, 0.00019761775456279867
1390, 3176, 0.00019735876853830596
459, 2041, 0.00019508038975982214
1390, 2041, 0.0001938320762127066
1968, 2041, 0.00019374190999222888
4362, 4503, 0.0001930706148947121
1945, 2464, 0.00019159406197156447
221, 1790, 0.00019118285648713038
4723, 5245, 0.00019066932471899033
2113, 2262, 0.00018967620163713023
836, 4025, 0.00018900314970423995
373, 4025, 0.00018658049651864572
166, 2460, 0.00018495987368524498
459, 1718, 0.0001836356309687429
436, 2240, 0.00018346829292954404
5039, 5225, 0.00018239037509885464
166, 4992, 0.00018180729435019618
2483, 3132, 0.00017730863835468784
166, 2615, 0.00017678010094201364
221, 1903, 0.00017666506861323416
1734, 4025, 0.00017615039017719315
3322, 4237, 0.00017549606448720684
513, 1790, 0.000173424975656595
166, 1877, 0.0001726484916199743
3385, 4025, 0.00017244954199551962
221, 1478, 0.00017211809288101676
1945, 3137, 0.00017161044038520575
200, 3222, 0.00016871339877491887
836, 3176, 0.00016744879196531817
1945, 2759, 0.00016659095901971994
166, 687, 0.00016603998173727078
4723, 4816, 0.00016471620064282164
2159, 4472, 0.000163686617310499
1572, 4025, 0.00016323570238938338
5453, 5554, 0.0001621490196215421
4989, 5298, 0.00016175500152484348
1945, 2286, 0.0001613740029844235
166, 4168, 0.0001611037685722404
3144, 4992, 0.00016105373194428126
373, 3176, 0.00016041573933559192
1945, 3230, 0.00015989629384795796
1734, 2041, 0.00015960991177774332
2263, 2508, 0.00015886319994393638
2053, 4544, 0.00015839160518279612
1955, 4544, 0.00015781208164739827
3311, 3642, 0.00015771674854283846
513, 1903, 0.0001576627203076956
4723, 4940, 0.00015745079983687274
459, 2240, 0.0001567089560402243
3144, 4168, 0.00015619124181479976
912, 3222, 0.00015587917082446098
1945, 2800, 0.0001555542098403516
436, 1811, 0.00015509850280723516
4723, 5634, 0.00015372133298070483
2620, 3642, 0.00015285093002717127
166, 318, 0.00015252696400471435
4723, 4847, 0.0001523744397848859
166, 3605, 0.00015203112478033557
1734, 3176, 0.00015144827890252487
2159, 2857, 0.00014984079135064388
4139, 4229, 0.00014969801022270729
513, 1478, 0.00014958511808594417
166, 2245, 0.00014878574342098118
2159, 2482, 0.00014618445695381994
436, 4567, 0.00014605420339301536
836, 2041, 0.0001456790969412896
2053, 2445, 0.00014555500915555187
436, 2508, 0.0001453366794479457
5233, 5343, 0.00014417442209455297
1790, 4544, 0.00014359179114675766
1390, 1811, 0.00014348766408805696
166, 2518, 0.00014260215808433507
166, 2364, 0.00014137901813538712
5233, 5434, 0.00014060847101589203
1572, 3176, 0.00014034465752502085
1535, 3222, 0.0001402491994575378
2620, 2773, 0.0001402475426155854
2113, 4567, 0.00013956277421820455
5039, 5430, 0.0001393130887133893
2620, 2869, 0.0001392936552633163
1390, 2240, 0.00013860078983127602
1390, 1604, 0.000138521772320388
2143, 4567, 0.00013821165915765758
3144, 3605, 0.00013725252599640028
3326, 4472, 0.00013718826198000635
373, 2041, 0.00013669518489722827
373, 1718, 0.00013666877772949273
836, 1718, 0.00013354556707543636
2154, 4544, 0.00013344951927980034
2324, 3642, 0.00013297991548270966
3055, 3222, 0.00013271393496530037
2644, 4567, 0.00013161518845541145
459, 1811, 0.00013033593040416344
3144, 3263, 0.00013002332742906075
1572, 2041, 0.0001296334047370356
3048, 3222, 0.0001286571627890849
4139, 4874, 0.0001270574789399638
2154, 2445, 0.00012701342192123201
436, 1604, 0.00012544393007224333
166, 1209, 0.00012451909875150043
166, 1882, 0.00012338985015376123
459, 2508, 0.00012144697043986031
1945, 2402, 0.00012137027971929982
166, 2385, 0.0001208039699996868
4139, 5151, 0.00011922575717123497
836, 2240, 0.00011881748586948033
166, 4503, 0.0001184878013419343
1734, 2240, 0.00011801550329412674
2356, 2445, 0.00011757452337661293
1945, 4992, 0.00011641402140462612
5246, 5448, 0.00011608605705538002
2399, 2508, 0.00011608412345684977
1390, 2508, 0.00011569222362996618
4219, 4472, 0.00011365617695890208
373, 2240, 0.00011340213478132992
4723, 5436, 0.0001131904136805959
200, 1790, 0.0001127691671322277
1945, 4168, 0.00011255338043652449
3144, 3561, 0.00011188756543513717
1572, 1811, 0.0001116726903569287
1734, 1856, 0.00011097046430819574
1572, 2240, 0.00011015754420562397
1949, 3222, 0.00010996458277626584
3326, 3642, 0.00010809205591612138
459, 1604, 0.0001079981549482977
5065, 5448, 0.000107666349262371
4139, 4215, 0.00010717127090006174
2159, 3642, 0.00010652611934757489
1955, 2445, 0.00010642354568212968
1955, 2078, 0.00010633775588812527
166, 1383, 0.00010631553699263059
491, 4025, 0.00010602463140628685
1945, 2460, 0.00010600966142146866
436, 1933, 0.00010599668439047643
2154, 2530, 0.00010546157362962405
836, 1811, 0.00010544298760934737
4723, 5308, 0.0001052549736627189
166, 2331, 0.00010513882123815633
200, 1903, 0.00010470398994906877
1949, 2041, 0.0001032313566437073
4176, 4472, 0.000103067696413229
200, 1478, 0.0001020091363195321
1955, 2024, 0.00010140599157806224
1561, 3222, 0.0001010802813407865
200, 3132, 0.00010055595320977248
2053, 2530, 0.00010008711267438942
166, 1687, 9.85326388633314e-05
1790, 2445, 9.759616558673878e-05
373, 1811, 9.747919058717601e-05
1945, 2615, 9.702553150750739e-05
5453, 5571, 9.66116582878734e-05
836, 2508, 9.623883472104052e-05
491, 3176, 9.539432453157783e-05
1955, 2530, 9.523731904790532e-05
1390, 1545, 9.486845751915807e-05
1734, 1933, 9.475880355720106e-05
3274, 4544, 9.466098195004344e-05
1945, 2245, 9.40981724027534e-05
1535, 1790, 9.406452823079218e-05
1390, 1933, 9.383507109375402e-05
912, 1790, 9.241340201518057e-05
912, 3132, 9.192921266170813e-05
912, 1903, 9.169556413157598e-05
373, 2508, 9.068485105123789e-05
3322, 4874, 9.023294445180416e-05
5039, 5394, 9.021215489364654e-05
1734, 2508, 8.959509382288651e-05
4139, 4447, 8.935296563863899e-05
459, 1933, 8.907356441060791e-05
436, 1770, 8.722831139350317e-05
1790, 2530, 8.621207741485326e-05
491, 2041, 8.553470467428764e-05
166, 3561, 8.523353518162528e-05
1968, 3176, 8.443308439090919e-05
681, 3222, 8.388857559320581e-05
912, 1478, 8.38647490655679e-05
1945, 2364, 8.329792948031979e-05
1535, 3132, 8.271149002380416e-05
836, 1604, 8.261945967634003e-05
491, 1718, 8.244932725533002e-05
1945, 3605, 8.231843561026695e-05
166, 1873, 8.222093568690934e-05
1572, 2508, 8.209974627781869e-05
1535, 1903, 8.138174386138339e-05
1968, 4025, 8.058488247167371e-05
1968, 2240, 7.992000171951722e-05
436, 2262, 7.97495824898438e-05
1390, 1770, 7.957420141433902e-05
1945, 2518, 7.823312737357777e-05
373, 1604, 7.754551144733495e-05
2119, 2445, 7.712208925886018e-05
1561, 1790, 7.60509421414625e-05
436, 1856, 7.524816743496799e-05
459, 1770, 7.327791426115048e-05
4975, 5151, 7.266786120717063e-05
1572, 1770, 7.253975361466918e-05
1681, 1770, 7.239624851820627e-05
836, 1933, 7.118078754619574e-05
436, 1545, 7.089444759323979e-05
491, 2240, 7.063492108587337e-05
2324, 2773, 7.055773616213991e-05
5086, 5298, 6.931252391349145e-05
1572, 1933, 6.883765154796573e-05
459, 2262, 6.882671846808333e-05
1945, 3561, 6.771136931849674e-05
513, 4025, 6.728332768815443e-05
2053, 2482, 6.684695344324253e-05
373, 1933, 6.661876686295129e-05
3322, 4514, 6.647023990455867e-05
1790, 2024, 6.48109901886709e-05
1945, 4503, 6.460026292920618e-05
166, 745, 6.439562350058764e-05
5113, 5225, 6.386153010992973e-05
221, 1718, 6.372251652034669e-05
2159, 2773, 6.311610301716478e-05
1955, 2482, 6.286574230552244e-05
2620, 2814, 6.25377800237088e-05
4757, 5298, 6.237132818219708e-05
221, 4025, 6.197494944737757e-05
3274, 4472, 6.169798740905322e-05
459, 1545, 6.107890536645317e-05
1561, 1903, 6.040849193541266e-05
836, 1770, 6.0335422390825574e-05
2053, 4472, 6.021625316426612e-05
1955, 4472, 5.998411088259619e-05
4723, 5457, 5.987773635158577e-05
5065, 5245, 5.850170473284342e-05
1390, 2262, 5.78407981730923e-05
1681, 2041, 5.770392797207382e-05
5165, 5298, 5.7651550324680636e-05
1968, 2508, 5.754083239871108e-05
166, 985, 5.7452943193737866e-05
5233, 5554, 5.6513974031345915e-05
4723, 5054, 5.597404723474296e-05
5135, 5298, 5.5234015882193354e-05
373, 1770, 5.4805085197483394e-05
513, 1718, 5.47822639755114e-05
1790, 2482, 5.462561240641e-05
513, 2041, 5.4471426222447745e-05
4971, 5151, 5.4012011643258986e-05
5065, 5634, 5.371256170936075e-05
1790, 4472, 5.34319993279532e-05
166, 1492, 5.273025372029614e-05
5246, 5401, 5.2079746819794897e-05
1734, 2262, 5.1577151874502054e-05
4769, 4992, 5.137950337856105e-05
836, 2262, 5.087322327928492e-05
221, 2041, 5.0827613218612505e-05
166, 5298, 5.051465606968234e-05
1805, 1903, 5.043755862283282e-05
166, 1698, 5.032511115986764e-05
491, 1604, 4.9774294906457546e-05
3144, 4503, 4.975193011780152e-05
166, 3263, 4.973686268478603e-05
5233, 5571, 4.972987343072093e-05
2154, 4472, 4.966091814677237e-05
5071, 5225, 4.956521913920316e-05
4139, 4366, 4.938268881751478e-05
2154, 3642, 4.847354660487545e-05
3322, 5151, 4.83413494270705e-05
875, 1903, 4.833388198802036e-05
4660, 4992, 4.832343910147958e-05
491, 2508, 4.8109889201725424e-05
373, 2262, 4.805493309034109e-05
166, 999, 4.785832662645939e-05
681, 1903, 4.772444136413284e-05
166, 755, 4.747434849220944e-05
1572, 2262, 4.657657802572662e-05
3274, 3642, 4.637919306127767e-05
5065, 5401, 4.6271202500081595e-05
1790, 2078, 4.586459021763328e-05
166, 905, 4.5538730052624456e-05
5320, 5430, 4.5533654682052086e-05
836, 1545, 4.5113533342398627e-05
373, 1545, 4.388845244646597e-05
875, 1478, 4.381781248692794e-05
513, 2240, 4.369217855734153e-05
681, 1478, 4.3679540198150954e-05
1945, 3263, 4.334341565867632e-05
4723, 4789, 4.271464864613539e-05
1945, 2385, 4.2532837805929415e-05
1681, 2240, 4.204428172718677e-05
2053, 2135, 4.1222544527095946e-05
2644, 2916, 4.114563455685696e-05
221, 2240, 4.1115800291953185e-05
4139, 5430, 4.029732263165618e-05
3782, 4992, 4.028555118806069e-05
491, 1933, 4.015623729348087e-05
2119, 2530, 3.988397553616767e-05
2053, 3642, 3.948878228605736e-05
1535, 1718, 3.9414784642153665e-05
2324, 2490, 3.914188243698062e-05
1955, 3642, 3.8473767562639786e-05
5246, 5634, 3.829855964240663e-05
4723, 5474, 3.8069239675316056e-05
2154, 2482, 3.805806603207484e-05
200, 1718, 3.7762423370858975e-05
5071, 5430, 3.7440471419694386e-05
5277, 5394, 3.723269174978792e-05
221, 1604, 3.707613071981173e-05
1945, 2331, 3.692656168749141e-05
140, 1478, 3.666446122728735e-05
166, 3143, 3.6328416251033826e-05
2620, 2759, 3.611287776422712e-05
2644, 2938, 3.484568660641691e-05
1968, 2262, 3.459149120864651e-05
1790, 3642, 3.427124770715311e-05
5277, 5430, 3.3961891243966596e-05
3144, 3725, 3.371018984032083e-05
140, 1903, 3.33231499701924e-05
166, 733, 3.261023443411244e-05
2140, 2240, 3.212854526000969e-05
221, 1933, 3.193102432882769e-05
912, 1718, 3.179078709572821e-05
912, 2041, 3.138423557686619e-05
166, 4290, 3.123817100341325e-05
166, 1637, 3.104998899804032e-05
491, 2262, 3.0154737806677884e-05
166, 1386, 3.0138922825925063e-05
200, 2041, 3.0123973829980457e-05
513, 1604, 3.005939128036531e-05
2324, 2402, 2.9974200887976794e-05
1561, 1718, 2.9907038963685553e-05
1681, 1933, 2.9137763219415624e-05
2620, 2800, 2.9091189838293783e-05
166, 275, 2.9040484393512853e-05
1637, 1718, 2.837866044828605e-05
491, 1545, 2.818264338869412e-05
2119, 4472, 2.777274841948251e-05
166, 823, 2.740062135469161e-05
2324, 2464, 2.734881484023267e-05
2159, 2245, 2.7167491057931757e-05
738, 1478, 2.6991230957721724e-05
4723, 5506, 2.6963307687372033e-05
1637, 1903, 2.695684859762621e-05
1945, 5298, 2.6800281277282672e-05
513, 1933, 2.666208231352988e-05
1174, 1478, 2.665742846071646e-05
1535, 2041, 2.6538431970335677e-05
436, 2445, 2.648956690949122e-05
1019, 1478, 2.625872511310548e-05
2113, 2445, 2.6249236406646916e-05
2053, 2773, 2.6236722528512878e-05
3322, 4447, 2.6204304803385092e-05
3144, 3267, 2.6107500137919258e-05
1949, 2240, 2.5803426626374473e-05
166, 3311, 2.572952051560988e-05
166, 3267, 2.5644370529903916e-05
738, 1903, 2.558293027455364e-05
3322, 4366, 2.5537523219978753e-05
2143, 2445, 2.5228658142741558e-05
912, 2240, 2.5217553550008276e-05
1535, 1604, 2.4500848535185773e-05
200, 2240, 2.436807895476685e-05
166, 587, 2.4287082421759555e-05
1955, 2773, 2.412522664320181e-05
671, 1903, 2.3531041981430663e-05
1019, 1903, 2.346579781889132e-05
5039, 5530, 2.3416825158342727e-05
166, 1220, 2.3246653874046024e-05
1945, 3725, 2.306297737549781e-05
671, 1478, 2.305424278475316e-05
1790, 2773, 2.2914632189072895e-05
1174, 1903, 2.2098774992913432e-05
166, 1258, 2.2063328208531755e-05
200, 1604, 2.197389019068776e-05
4139, 5225, 2.187506035260477e-05
221, 1545, 2.1731755436926456e-05
1545, 1903, 2.158384085046039e-05
1121, 1478, 2.150052800303477e-05
2063, 2240, 2.1088317936838808e-05
166, 1126, 2.010372527057804e-05
579, 1903, 2.004001648622773e-05
1535, 2240, 1.9866731546789304e-05
942, 1478, 1.979367635270987e-05
1955, 2135, 1.9573601703918916e-05
1933, 2041, 1.9353733778827663e-05
1015, 1478, 1.92086841457583e-05
4723, 5579, 1.9163220957577738e-05
513, 2262, 1.9103757586549517e-05
3322, 5430, 1.8866925270447956e-05
330, 1478, 1.849393336677743e-05
1561, 2041, 1.844534059667017e-05
2159, 2286, 1.839101957552357e-05
1035, 1478, 1.8321028380126834e-05
579, 1478, 1.8286991038479204e-05
513, 1545, 1.8249791353399484e-05
1121, 1903, 1.824474677971598e-05
3144, 3311, 1.82303451411155e-05
2119, 3642, 1.8205734492266137e-05
912, 1604, 1.8121862527462015e-05
221, 2262, 1.8050484611350047e-05
1681, 2262, 1.797706815775278e-05
942, 1903, 1.785436517054265e-05
1945, 3686, 1.767438850421773e-05
200, 1933, 1.7585974077535214e-05
166, 4036, 1.6810382460670356e-05
2620, 3605, 1.6765387359623245e-05
875, 2041, 1.6627265510623675e-05
681, 2041, 1.6540631066723195e-05
1394, 1478, 1.6295254207243586e-05
681, 1718, 1.6284677754659255e-05
166, 2107, 1.595961968583012e-05
2324, 2759, 1.5872894547127856e-05
3311, 3561, 1.5593580869920195e-05
166, 1349, 1.52675604525777e-05
1561, 2240, 1.5241805013869e-05
912, 1933, 1.5119176771870918e-05
761, 1478, 1.4834025182539028e-05
282, 1478, 1.4775467006461314e-05
166, 1091, 1.4752749805022216e-05
436, 2024, 1.4180623099993924e-05
1945, 3311, 1.4044256246686637e-05
2053, 2857, 1.388750006291126e-05
1162, 1478, 1.3509104436224767e-05
2620, 3561, 1.327062855711555e-05
2123, 2240, 1.3270304197087824e-05
2324, 2869, 1.3181550425465718e-05
681, 2240, 1.3112137500473373e-05
1790, 2135, 1.3082108426018146e-05
1968, 2078, 1.3077480703302386e-05
2154, 2245, 1.2984386556809087e-05
200, 1545, 1.2879747653029329e-05
875, 2240, 1.2832096203800058e-05
400, 1478, 1.281400585512629e-05
1390, 2024, 1.2374888505780011e-05
1955, 2857, 1.1914343675012385e-05
459, 2024, 1.1890924164964624e-05
1790, 2857, 1.1875393937420366e-05
1945, 2107, 1.179537551483907e-05
166, 554, 1.1747492476399887e-05
200, 271, 1.1657450180031728e-05
1949, 2262, 1.160663051393567e-05
436, 2078, 1.1541910069582879e-05
2053, 2286, 1.1446254794520127e-05
170, 1478, 1.1403062538860835e-05
1291, 1478, 1.0865950000542505e-05
912, 2262, 1.0766926686329182e-05
200, 2262, 1.0697970878783223e-05
2324, 3561, 1.0620053344224437e-05
140, 2041, 1.0521740615620355e-05
1845, 2041, 1.035925907300117e-05
912, 1545, 1.0257728083316377e-05
2159, 3561, 1.0174147442994359e-05
1390, 2078, 1.0101165017519984e-05
1734, 2024, 9.873835081843092e-06
459, 2078, 9.68369957958818e-06
166, 1329, 9.583973273116619e-06
1637, 2041, 9.532073375028046e-06
836, 2024, 9.517491462420021e-06
1955, 2286, 9.515654832379442e-06
360, 1478, 9.486220662540295e-06
1019, 2041, 9.477894060489502e-06
738, 2041, 9.422680695131357e-06
3311, 3605, 9.276032975521884e-06
4682, 4992, 9.200442369681644e-06
875, 1604, 9.169202968005413e-06
166, 242, 9.05965767280818e-06
2159, 3605, 8.961480844408908e-06
373, 2024, 8.907509550152072e-06
681, 1604, 8.877381805949734e-06
1535, 1933, 8.83095869383757e-06
166, 592, 8.795577501156626e-06
671, 2041, 8.77040835391819e-06
140, 2240, 8.758455548745341e-06
1006, 1478, 8.666271462708415e-06
2324, 2615, 8.665492746216e-06
1845, 1933, 8.664901482518114e-06
166, 3344, 8.620800778140052e-06
166, 1575, 8.613035162832204e-06
1535, 2262, 8.609081711347595e-06
4723, 4944, 8.48752325518694e-06
2053, 2245, 8.402087271708972e-06
1572, 2024, 8.35500492127136e-06
2140, 2262, 8.286344475203159e-06
1734, 2078, 8.247089021372824e-06
579, 2041, 8.051501042229975e-06
140, 1604, 7.897928303063963e-06
166, 1315, 7.892499294667018e-06
2063, 2262, 7.890329916635602e-06
4321, 4992, 7.762174261836667e-06
2154, 2286, 7.751124631870536e-06
1174, 2041, 7.721277256867048e-06
1019, 2240, 7.70947069611586e-06
1790, 2286, 7.676190288545223e-06
1637, 2240, 7.477037907012438e-06
836, 2078, 7.413304125232886e-06
1545, 2041, 7.33866804585263e-06
738, 2240, 7.175995865218865e-06
2324, 3605, 7.157889605621431e-06
373, 2078, 6.938180880374886e-06
1029, 1478, 6.785489956561831e-06
671, 2240, 6.748652796948335e-06
579, 2240, 6.662533687637149e-06
1083, 1478, 6.6066891592214576e-06
1561, 2262, 6.37706099736453e-06
166, 435, 6.3635832216144135e-06
1572, 2078, 6.323279604231423e-06
166, 1611, 6.299437461589903e-06
1561, 1933, 6.161235194940842e-06
1174, 2240, 6.1343761336910686e-06
166, 2183, 6.1136231446201e-06
1845, 2240, 6.094216319920886e-06
166, 429, 5.919115346897062e-06
1545, 2240, 5.89432992074456e-06
2159, 2364, 5.888772724220702e-06
2053, 2615, 5.876282237313198e-06
166, 1094, 5.866499689527664e-06
1955, 2615, 5.746981012778596e-06
1019, 1604, 5.665038285094969e-06
681, 2262, 5.660330982715811e-06
875, 1545, 5.5775767483522375e-06
875, 2262, 5.551286950387191e-06
3326, 3561, 5.513050556205711e-06
2053, 2364, 5.492912821841776e-06
1174, 1604, 5.37867984158046e-06
166, 386, 5.358780083784901e-06
1955, 2245, 5.357405505880905e-06
2116, 2240, 5.321634440355777e-06
202, 1478, 5.303484347176188e-06
1351, 1478, 5.108698806088373e-06
2159, 2615, 5.084084601507803e-06
4989, 5151, 5.059083108365136e-06
671, 1604, 5.052662332027833e-06
738, 1604, 5.040110184644289e-06
1015, 2240, 5.01486029971483e-06
942, 2240, 4.988006455227676e-06
1185, 1478, 4.963084310022913e-06
1121, 2240, 4.940568309387928e-06
1955, 2364, 4.907796163729296e-06
166, 1310, 4.83450662675e-06
4757, 4874, 4.825984564632012e-06
2119, 2245, 4.816371323882486e-06
681, 1545, 4.784548142778056e-06
166, 1039, 4.726924608849819e-06
166, 696, 4.713449214918224e-06
140, 1545, 4.629281508300745e-06
2154, 2857, 4.610810800094077e-06
221, 771, 4.537582678488332e-06
221, 1239, 4.507787003029185e-06
1790, 2615, 4.4781256587556974e-06
579, 1604, 4.470517850258253e-06
406, 1478, 4.442690610235573e-06
1035, 2240, 4.441190118680792e-06
1790, 2245, 4.373173994327535e-06
942, 1604, 4.352022118933185e-06
330, 2240, 4.347337690677734e-06
140, 271, 4.232967197587018e-06
395, 1478, 4.2045302592785255e-06
1121, 1604, 4.198143567776996e-06
1015, 1604, 4.1663850723518224e-06
1933, 2240, 4.116526674898628e-06
491, 2078, 4.008566655299231e-06
2620, 4992, 3.994715577353454e-06
2119, 2286, 3.945742594430854e-06
817, 1478, 3.934685701190856e-06
2143, 2245, 3.886989579340224e-06
4139, 5135, 3.84243250584223e-06
1035, 1604, 3.827325538975102e-06
3311, 4992, 3.8104040742637505e-06
2053, 3561, 3.788275892906841e-06
2324, 4992, 3.7699918462402247e-06
5071, 5135, 3.7133075917262047e-06
166, 727, 3.6980044706147455e-06
1955, 3561, 3.690902522925103e-06
761, 2240, 3.610674327965134e-06
221, 1288, 3.600193987057633e-06
338, 1478, 3.5326974766524333e-06
400, 2240, 3.4255719349554683e-06
330, 1604, 3.399987723224121e-06
1019, 1545, 3.3902876635612853e-06
1805, 2240, 3.2567290215236805e-06
459, 2445, 3.254314056432477e-06
636, 1478, 3.2273179473784683e-06
436, 2135, 3.20343220445232e-06
1174, 1545, 3.0919211264337187e-06
738, 1545, 3.0108734228902293e-06
2159, 2331, 3.0079359643237458e-06
761, 1604, 2.9358178536830683e-06
2159, 4992, 2.9349612989809055e-06
666, 1478, 2.8722825915759516e-06
1390, 2135, 2.7810767801285385e-06
140, 2262, 2.775762053515053e-06
221, 680, 2.7170293637987304e-06
656, 1478, 2.712323268358515e-06
459, 2135, 2.6853883832900334e-06
436, 1239, 2.6747817408067955e-06
200, 1239, 2.6716276667630693e-06
2263, 2445, 2.6572527284660756e-06
459, 1239, 2.6488843547537424e-06
221, 409, 2.631638672344053e-06
200, 771, 2.6300822163079328e-06
166, 1317, 2.6198460826076805e-06
579, 1545, 2.5744784941054135e-06
671, 1545, 2.5741161523590088e-06
1121, 1545, 2.531506121802345e-06
4723, 5109, 2.5312337350204695e-06
1015, 1545, 2.4619274031356333e-06
1019, 2262, 2.440534481422752e-06
166, 376, 2.439579937638609e-06
2053, 2331, 2.428609696795899e-06
318, 1478, 2.3843834924969862e-06
942, 1545, 2.3565796591216996e-06
2113, 2286, 2.3362915319990612e-06
1637, 2262, 2.3294572106170634e-06
4975, 5135, 2.2966047373782967e-06
2154, 2615, 2.285372166292591e-06
736, 1478, 2.2848961833408377e-06
221, 1277, 2.2812848792168624e-06
1955, 2331, 2.2540552992421027e-06
1035, 1545, 2.2499506644587702e-06
170, 271, 2.2342808745633966e-06
738, 2262, 2.233634083211207e-06
1945, 2183, 2.2333701544370063e-06
4139, 4921, 2.2242506702891076e-06
1572, 1681, 2.2230345899784397e-06
3326, 4992, 2.205851787344271e-06
718, 1478, 2.1845043929524206e-06
3322, 5135, 2.1839687511747565e-06
200, 1288, 2.133725008540499e-06
436, 2286, 2.115340145385202e-06
916, 1478, 2.099423041843369e-06
2159, 2402, 2.081992906714573e-06
4139, 5014, 2.0657786543633166e-06
221, 490, 2.0613133493925097e-06
579, 2262, 2.055858307471307e-06
671, 2262, 2.022142800579702e-06
436, 1288, 2.011699063289146e-06
2123, 2262, 1.949981546569498e-06
1790, 2331, 1.945015860278513e-06
166, 958, 1.9263599748472648e-06
330, 1545, 1.915988862012911e-06
1015, 2041, 1.912470264430608e-06
459, 1288, 1.9032388059369047e-06
942, 2041, 1.9022292654798998e-06
1121, 2041, 1.901241125498262e-06
1174, 2262, 1.8702399570049906e-06
332, 1478, 1.8543680354400143e-06
761, 1545, 1.8322910374604075e-06
459, 771, 1.8089449974712796e-06
436, 771, 1.7220806869406646e-06
4219, 4992, 1.7213803059042223e-06
4971, 5135, 1.7144376510260183e-06
4975, 5100, 1.628711289540223e-06
3322, 5014, 1.6206299121055736e-06
200, 680, 1.6134581807019504e-06
166, 1133, 1.6091856888576433e-06
166, 1613, 1.5568932025877034e-06
1162, 1545, 1.531084985599538e-06
400, 1545, 1.52611271553375e-06
166, 1643, 1.5161496835279136e-06
3322, 4921, 1.4949897965094415e-06
4176, 4992, 1.4826041036494932e-06
1959, 2041, 1.4628397850364046e-06
5086, 5151, 1.4623600330034092e-06
200, 409, 1.447704600371719e-06
373, 1239, 1.4383525189097953e-06
1035, 2041, 1.4008091237389072e-06
4757, 5151, 1.3795519377799913e-06
491, 1239, 1.3607290561154204e-06
200, 1277, 1.3502565512665505e-06
2053, 4992, 1.3497676207277123e-06
1015, 2262, 1.3325614107366586e-06
459, 680, 1.3320348992396199e-06
330, 2041, 1.331740736846984e-06
1805, 2041, 1.3308583529683149e-06
1545, 2262, 1.3219374859994092e-06
1121, 2262, 1.3128203544519792e-06
1572, 1684, 1.302355863445609e-06
4139, 5100, 1.2928812538333369e-06
1845, 2262, 1.2833446949870663e-06
2644, 2773, 1.2675407463007693e-06
436, 1277, 1.2663008717156646e-06
459, 1277, 1.231833622194438e-06
200, 490, 1.2208664321356144e-06
260, 1478, 1.212470525156807e-06
2154, 4992, 1.203854891875963e-06
836, 1239, 1.2008274085777725e-06
436, 680, 1.1502860186636028e-06
1006, 1545, 1.0978556498929655e-06
360, 1545, 1.0960729859656266e-06
2143, 2286, 1.0798035336193653e-06
2113, 2245, 1.0774090496355038e-06
166, 1138, 1.0687553379775748e-06
166, 1339, 1.0687232362733242e-06
3274, 4992, 1.0575883536558005e-06
491, 1288, 1.0456759902050238e-06
221, 353, 1.0098404052256519e-06
1790, 4992, 9.860656982139818e-07
4362, 4874, 9.691762603724555e-07
140, 1239, 9.590538697804552e-07
140, 771, 9.514339856655454e-07
699, 1478, 9.469340051453971e-07
166, 1063, 9.42237996863879e-07
1094, 1478, 9.417522702413922e-07
221, 730, 9.382180649522374e-07
491, 771, 9.319979911630989e-07
836, 1288, 9.30238715799918e-07
991, 1478, 9.254605239061471e-07
1955, 4992, 9.253598808714979e-07
166, 287, 8.608509310705814e-07
373, 771, 8.576469826137292e-07
166, 1042, 8.208106206863263e-07
491, 680, 7.788132308112445e-07
373, 1288, 7.705107596293928e-07
140, 1288, 7.646595322887069e-07
459, 2286, 7.572216093242313e-07
513, 1239, 7.57010708586637e-07
393, 1478, 7.489889602114941e-07
268, 1478, 7.489589764303847e-07
1955, 2107, 7.266753255707734e-07
373, 490, 7.211538177060602e-07
2053, 2402, 7.087903902859744e-07
1296, 1478, 7.018617031692791e-07
166, 829, 6.847637473012907e-07
1152, 1478, 6.790855417997549e-07
223, 1478, 6.691668561125701e-07
4675, 4992, 6.575915711961098e-07
1390, 2286, 6.565707383522864e-07
5127, 5225, 6.458616586258433e-07
221, 318, 6.333734278395783e-07
3144, 4874, 6.328447470378151e-07
221, 1248, 6.256913241358669e-07
166, 1174, 6.180234484499531e-07
221, 929, 6.096042781087455e-07
836, 1277, 6.057385804101469e-07
836, 2286, 5.981600415215361e-07
140, 680, 5.927279431130539e-07
373, 680, 5.910406564251875e-07
1734, 2286, 5.741200977793495e-07
836, 2135, 5.655537036458781e-07
373, 2286, 5.65428510419278e-07
200, 730, 5.578002103913042e-07
4769, 4874, 5.55897020059197e-07
1734, 2135, 5.510970744370728e-07
967, 1478, 5.483286863640212e-07
969, 1478, 5.431072166549405e-07
202, 271, 5.373328443014978e-07
166, 1169, 5.332428816779493e-07
513, 771, 5.328635553722778e-07
373, 2135, 5.2868332470037e-07
1968, 2135, 5.151684594163326e-07
200, 353, 4.993912722163376e-07
1047, 1478, 4.988735127693401e-07
836, 929, 4.985715609466668e-07
1572, 2135, 4.93925801683689e-07
140, 1277, 4.838785944585847e-07
491, 2024, 4.760130545289705e-07
449, 1478, 4.754316155610814e-07
1408, 1478, 4.7140846658823056e-07
373, 1277, 4.6854171780879737e-07
1572, 2286, 4.6797912976771604e-07
166, 1162, 4.653888921871209e-07
513, 680, 4.652449502058993e-07
140, 490, 4.4981342053420165e-07
1790, 2107, 4.497268173674245e-07
3322, 5225, 4.455411457745471e-07
3322, 5100, 4.385091551372915e-07
4975, 5225, 4.3817839414592257e-07
4975, 5049, 4.215642688196237e-07
2119, 4992, 4.214279848264877e-07
140, 409, 4.1845782032467136e-07
1945, 4874, 4.0410669704427893e-07
166, 1192, 4.023505637579717e-07
166, 495, 3.950964753690773e-07
459, 730, 3.700449064692117e-07
166, 411, 3.6607664734528485e-07
200, 929, 3.610012390862091e-07
436, 730, 3.585008191771517e-07
513, 1288, 3.4084487239586944e-07
400, 1604, 3.3283564374443707e-07
1162, 1604, 3.3153222199269743e-07
491, 1277, 3.2448473588146984e-07
170, 1545, 3.159567200806379e-07
681, 771, 3.113950723810855e-07
221, 687, 3.0741569822779627e-07
436, 929, 3.039644029055395e-07
1945, 5151, 2.9808547191683267e-07
875, 1718, 2.977053380056791e-07
459, 929, 2.948795862588781e-07
170, 771, 2.928385659258291e-07
166, 568, 2.874023886604098e-07
912, 1239, 2.821902769942382e-07
4971, 5225, 2.701037860912111e-07
200, 318, 2.672826170772879e-07
761, 2041, 2.64607774599594e-07
282, 1545, 2.6178372173489924e-07
282, 771, 2.5251788279706847e-07
221, 1209, 2.4468657495827163e-07
436, 4992, 2.3482119450143826e-07
2113, 4992, 2.3076699424862653e-07
2143, 4992, 2.285329260083454e-07
2053, 2183, 2.251639547571708e-07
513, 1277, 2.1876387717505928e-07
491, 730, 2.18410383958561e-07
912, 1288, 2.1214800378078283e-07
221, 1383, 2.0714062941405233e-07
282, 409, 2.0677273607158224e-07
373, 730, 1.9762946066795663e-07
140, 730, 1.9131734979152017e-07
170, 680, 1.863890753691461e-07
200, 687, 1.8498864350292284e-07
436, 1248, 1.817873158235505e-07
4139, 5038, 1.8110659822591306e-07
373, 929, 1.7297685997433019e-07
436, 1681, 1.654328779493504e-07
459, 1248, 1.6241188867258201e-07
1390, 1681, 1.5942293073489825e-07
491, 929, 1.590844687928354e-07
282, 680, 1.588358560847804e-07
671, 771, 1.5749887355613533e-07
1174, 1288, 1.5330694161805269e-07
140, 353, 1.4936564253158384e-07
1121, 1239, 1.4673043320722658e-07
875, 1239, 1.4646005893859485e-07
170, 409, 1.4511303671856204e-07
282, 490, 1.4302120376978065e-07
5039, 5228, 1.4219591404365173e-07
836, 1248, 1.397972702011816e-07
912, 1277, 1.3959623653950603e-07
170, 490, 1.3921463156525442e-07
202, 771, 1.372012399593328e-07
513, 730, 1.3364462725590882e-07
681, 1239, 1.3342421159658774e-07
140, 929, 1.3328611870655814e-07
221, 745, 1.3258082928827843e-07
1394, 1545, 1.3173436614431608e-07
1291, 1545, 1.2388021949759294e-07
221, 985, 1.237354377758477e-07
459, 687, 1.2320260975974364e-07
4139, 5049, 1.2115142236079828e-07
1174, 1277, 1.1848782269658793e-07
248, 1478, 1.1579964955202171e-07
875, 1288, 1.1227695763194037e-07
1029, 1545, 1.098749074572858e-07
4989, 5225, 1.0828364098884484e-07
373, 1248, 1.0796477188557613e-07
1019, 1239, 1.0788056639763913e-07
681, 1288, 1.039568552139479e-07
221, 999, 1.0350645840489807e-07
330, 771, 1.0142848157545154e-07
1083, 1545, 1.006717113624522e-07
4971, 5049, 1.0031775241759508e-07
436, 687, 1.0013835388891836e-07
1162, 1239, 9.834844405495171e-08
221, 755, 9.644423698210119e-08
513, 3176, 9.616188538794882e-08
1174, 1239, 9.388398784897109e-08
513, 929, 9.384721388739074e-08
330, 409, 9.314529409284306e-08
221, 905, 9.141696272454575e-08
1162, 2240, 8.955098790161473e-08
4971, 5038, 8.673315848385646e-08
4975, 5038, 8.499976487988792e-08
202, 680, 8.370775129611481e-08
360, 2240, 8.196488667418975e-08
166, 366, 8.121207728277143e-08
738, 1239, 8.007143351277528e-08
1015, 1239, 7.875290105746714e-08
200, 745, 7.685717325742225e-08
1035, 1239, 7.589810397220651e-08
200, 1383, 7.587827647747997e-08
202, 409, 7.566563197639797e-08
491, 1248, 7.511755564250243e-08
579, 680, 7.503190990581229e-08
166, 282, 7.459465563766527e-08
436, 1209, 7.4471126645394e-08
1121, 1288, 7.413180606479723e-08
491, 687, 7.385608252452236e-08
671, 1239, 7.241816097553704e-08
200, 985, 7.241543122479816e-08
1019, 1288, 7.123488489841704e-08
875, 1277, 7.002200658460585e-08
5113, 5228, 6.900531869135598e-08
330, 680, 6.861685799787352e-08
3322, 5038, 6.791225129504561e-08
579, 1239, 6.78106104945613e-08
140, 687, 6.728084059403832e-08
681, 1277, 6.609621043672485e-08
942, 1239, 6.575269888523512e-08
221, 733, 6.570518006428499e-08
459, 1209, 6.405859600331761e-08
1162, 1288, 6.401311961768726e-08
738, 1288, 6.377719832964888e-08
202, 490, 6.333856602723821e-08
4660, 4874, 6.332617127063233e-08
170, 730, 6.099858451601288e-08
330, 490, 6.071425558124217e-08
200, 999, 6.022004462247597e-08
140, 318, 5.915745205904941e-08
2137, 2240, 5.871717143176126e-08
671, 1288, 5.700424355445832e-08
459, 985, 5.6454276626799516e-08
200, 755, 5.645089104103361e-08
282, 353, 5.5785596650171986e-08
436, 985, 5.518938140748334e-08
836, 1209, 5.43358969517777e-08
942, 1288, 5.3365405876742934e-08
282, 730, 5.231430615572628e-08
1015, 1288, 5.2287541117136644e-08
170, 353, 5.15231828966356e-08
221, 823, 5.140284772170735e-08
200, 905, 5.129655275984118e-08
373, 687, 5.1210508005895114e-08
579, 771, 5.056681369018352e-08
5135, 5225, 5.027055871917019e-08
579, 1288, 5.022911643498968e-08
1162, 1277, 5.000633933493779e-08
1035, 1288, 4.990792785371594e-08
221, 587, 4.876639591226185e-08
513, 1248, 4.847901058489732e-08
1121, 1277, 4.8290662703085995e-08
4139, 5394, 4.679916963007624e-08
1019, 1277, 4.612818197694416e-08
4362, 5298, 4.609728700011151e-08
761, 1239, 4.579049584590458e-08
436, 1383, 4.5502244789557346e-08
459, 999, 4.536658983394849e-08
436, 999, 4.441215686630985e-08
5071, 5394, 4.3786206937599184e-08
459, 1383, 4.37701783554436e-08
330, 1239, 4.370582066950203e-08
3322, 5049, 4.345597515689045e-08
513, 687, 4.32615382542682e-08
221, 1386, 4.308156861986242e-08
523, 1478, 4.285555491390326e-08
459, 745, 4.280413152165833e-08
1230, 1478, 4.243575711015368e-08
170, 929, 4.237190440431764e-08
373, 1209, 4.21468895255528e-08
5320, 5394, 4.1732684127526236e-08
836, 985, 4.079210264912092e-08
738, 1277, 4.076507141681769e-08
3144, 5298, 4.065254163381652e-08
436, 745, 4.0248793433132636e-08
330, 1288, 3.888150526331353e-08
200, 733, 3.871949451266419e-08
3782, 4874, 3.8623645469845885e-08
761, 1288, 3.809307963234896e-08
985, 1478, 3.777733059918057e-08
282, 929, 3.7516425431439226e-08
1063, 1478, 3.682103681924866e-08
400, 1239, 3.5788814258708245e-08
221, 1126, 3.470360540398122e-08
1006, 1239, 3.447521142887345e-08
400, 490, 3.335658035683724e-08
459, 755, 3.274496446719012e-08
260, 771, 3.2438742294744815e-08
912, 1248, 3.24161082745767e-08
1083, 1239, 3.222940184634035e-08
836, 999, 3.091585399563901e-08
459, 587, 3.075469929076058e-08
436, 755, 3.056043133432524e-08
400, 771, 3.053399306669777e-08
200, 823, 3.040787741516149e-08
459, 905, 3.0291974298017514e-08
373, 985, 3.0018887342515453e-08
202, 730, 2.9076771587591933e-08
1029, 1239, 2.884598573148235e-08
491, 985, 2.8339425308956326e-08
491, 587, 2.7925565278427987e-08
360, 771, 2.7641577796924355e-08
436, 905, 2.7374782568537072e-08
200, 587, 2.7270944256770807e-08
200, 275, 2.7209694146801883e-08
221, 1091, 2.69602123892874e-08
491, 1209, 2.6922268363180438e-08
140, 745, 2.6843564809243564e-08
202, 353, 2.619559810542204e-08
221, 554, 2.494155250834093e-08
373, 999, 2.442818225404993e-08
491, 745, 2.41878394421847e-08
140, 985, 2.3728742513241533e-08
491, 999, 2.3698947122967603e-08
436, 587, 2.287654396012476e-08
318, 409, 2.2603710227087765e-08
459, 733, 2.2516086914583794e-08
681, 929, 2.239209234234822e-08
140, 1383, 2.2349024385610113e-08
3322, 5394, 2.190860125325895e-08
170, 687, 2.140990339016095e-08
436, 733, 2.1219624957507957e-08
330, 730, 2.1025624091788168e-08
260, 409, 2.0876280848091978e-08
200, 1386, 2.068584652579119e-08
459, 554, 2.045986739834147e-08
260, 680, 2.044180280228792e-08
170, 318, 2.0101123083451885e-08
140, 999, 2.007886127958888e-08
373, 745, 2.000936922235282e-08
666, 771, 1.9995073153713218e-08
268, 771, 1.9834008608978788e-08
400, 680, 1.971889433372924e-08
140, 755, 1.9677090711730618e-08
166, 1998, 1.9528641963336686e-08
140, 905, 1.9005017194737377e-08
513, 1209, 1.8881857332628466e-08
738, 929, 1.873058677496277e-08
360, 490, 1.8727047647190884e-08
202, 929, 1.866169135870424e-08
360, 680, 1.8568135505125016e-08
459, 823, 1.8064400772521875e-08
282, 687, 1.8041334625924807e-08
318, 771, 1.7943995368859516e-08
491, 755, 1.7723074043517747e-08
223, 771, 1.7678130127644612e-08
338, 771, 1.7650035188908974e-08
9, 271, 1.759263771069666e-08
221, 592, 1.7406686503653616e-08
836, 905, 1.728010608567333e-08
260, 490, 1.6958302907228306e-08
491, 905, 1.6835655616119853e-08
330, 929, 1.6236918487669692e-08
513, 985, 1.5963975100703947e-08
436, 823, 1.5655756474089694e-08
50, 271, 1.5294301703793566e-08
221, 435, 1.5230787882182747e-08
373, 905, 1.5206470141934778e-08
656, 771, 1.5042548507488123e-08
373, 755, 1.4892484284610883e-08
200, 554, 1.4818841232395102e-08
513, 745, 1.4650939337335707e-08
202, 318, 1.445902296767582e-08
836, 1383, 1.4369610940380172e-08
221, 429, 1.42560535443662e-08
268, 409, 1.3723543869531432e-08
491, 733, 1.3368790561691236e-08
140, 733, 1.3361625550521279e-08
513, 999, 1.3221255691741677e-08
260, 353, 1.285867506057204e-08
5113, 5430, 1.272188180223547e-08
268, 680, 1.2583299760473364e-08
436, 554, 1.2542794661984395e-08
373, 1383, 1.2448056722848229e-08
221, 386, 1.2353283170919717e-08
912, 1209, 1.2341154930615161e-08
248, 771, 1.2208419597854061e-08
318, 680, 1.220017479700271e-08
579, 730, 1.2182613196029655e-08
338, 680, 1.1835619367221911e-08
406, 771, 1.1541709043722999e-08
406, 490, 1.1510914332826742e-08
395, 490, 1.1457717898215656e-08
332, 771, 1.1305742768993452e-08
140, 823, 1.1292627344157157e-08
373, 733, 1.1245274990611484e-08
318, 490, 1.1106990712109178e-08
5189, 5430, 1.091253199677958e-08
268, 490, 1.0832468890727042e-08
636, 771, 1.0764029595331809e-08
223, 680, 1.0649337691274477e-08
338, 409, 1.0570020364994331e-08
4682, 4874, 1.054541602459403e-08
513, 755, 1.0496132970634118e-08
338, 490, 1.0486478698903057e-08
360, 1604, 1.037367791482844e-08
223, 409, 1.0371244521835283e-08
912, 999, 1.0168206070839217e-08
395, 771, 1.012958626478506e-08
373, 587, 1.0059147240874281e-08
513, 587, 1.0048674666863267e-08
491, 823, 9.972954520924531e-09
671, 929, 9.957522672317975e-09
200, 592, 9.864392020499583e-09
140, 587, 9.683482403717521e-09
202, 687, 9.601715315247974e-09
332, 409, 9.573593594019924e-09
761, 929, 9.426165230095268e-09
513, 905, 8.993778516888052e-09
221, 696, 8.827538354796593e-09
2119, 4544, 8.520329169403642e-09
912, 985, 8.499563138219485e-09
200, 435, 8.374139068655472e-09
170, 745, 8.316389198357744e-09
459, 592, 8.158660321288846e-09
373, 823, 8.107707314213812e-09
223, 490, 8.078168107654974e-09
513, 733, 8.066661875799528e-09
579, 929, 8.007666204721587e-09
4081, 4567, 7.971331838376031e-09
491, 592, 7.967679296055206e-09
200, 429, 7.948738935108966e-09
170, 1604, 7.937086170429082e-09
332, 680, 7.67415542491263e-09
140, 275, 7.63683619504059e-09
248, 680, 7.626079815866848e-09
248, 409, 7.530019990502885e-09
170, 985, 7.51392895237081e-09
268, 353, 7.421382944556994e-09
221, 727, 7.314239363593484e-09
406, 680, 7.163123030500044e-09
282, 745, 6.998138273152178e-09
330, 687, 6.988054503016425e-09
9, 771, 6.952687712939426e-09
200, 386, 6.905391391863316e-09
332, 490, 6.798200949305795e-09
491, 1383, 6.773071824541721e-09
395, 680, 6.575266371696889e-09
400, 730, 6.558756439189708e-09
170, 755, 6.082421248658667e-09
260, 730, 6.080877652935874e-09
248, 490, 5.999750309500323e-09
3223, 4992, 5.946522134526465e-09
875, 985, 5.934358789582605e-09
436, 592, 5.932137802565912e-09
170, 905, 5.798676596906557e-09
360, 730, 5.744812608679862e-09
221, 376, 5.627585499227167e-09
513, 823, 5.462838054546704e-09
200, 696, 5.329329691016246e-09
5343, 5430, 5.159187313297126e-09
282, 755, 5.151233393571024e-09
140, 554, 5.000198589343188e-09
140, 242, 4.968500954367885e-09
400, 929, 4.956626152902282e-09
282, 905, 4.950340007256684e-09
579, 687, 4.928675705409527e-09
699, 771, 4.741469620084559e-09
50, 771, 4.696299573764468e-09
513, 1383, 4.683689834514589e-09
9, 680, 4.415824636243699e-09
200, 727, 4.386794940781436e-09
248, 353, 4.362384381771281e-09
223, 353, 4.063362977457152e-09
221, 1039, 4.052435191604805e-09
170, 733, 4.032189319568903e-09
170, 275, 4.018882832629595e-09
360, 929, 3.901840754579267e-09
373, 554, 3.821600261909118e-09
221, 958, 3.766491506368896e-09
202, 745, 3.741435755378964e-09
282, 985, 3.733364204427003e-09
268, 730, 3.6958731313516194e-09
318, 730, 3.6709182986522468e-09
491, 554, 3.6537800662355394e-09
170, 823, 3.5140936733087975e-09
875, 999, 3.506844643252366e-09
513, 592, 3.4994441616471304e-09
140, 592, 3.4730757352052486e-09
223, 730, 3.422297152829441e-09
282, 733, 3.414897960618354e-09
817, 929, 3.188106022792269e-09
200, 376, 3.172398995354899e-09
170, 587, 3.1310654271014166e-09
170, 999, 3.129372629888597e-09
912, 1383, 3.0391498941626044e-09
681, 755, 3.0234756437975957e-09
50, 680, 2.9797570082689097e-09
260, 929, 2.9570807527241346e-09
9, 490, 2.9332824456538102e-09
459, 696, 2.8956498761841367e-09
9, 409, 2.8938843385520892e-09
282, 999, 2.8439330384260465e-09
282, 823, 2.814552353627534e-09
282, 587, 2.8062072102240065e-09
636, 730, 2.7593965074175138e-09
9, 1478, 2.6624807833372104e-09
140, 435, 2.657833337317316e-09
202, 755, 2.595050301300876e-09
200, 1091, 2.5272787236144005e-09
223, 318, 2.499869740161162e-09
373, 592, 2.4568974829840735e-09
140, 429, 2.431530355047618e-09
200, 958, 2.283222624923846e-09
50, 409, 2.271935589912592e-09
436, 696, 2.265521577242285e-09
681, 985, 2.263457012409966e-09
50, 490, 2.219760530449764e-09
202, 905, 2.18205658746175e-09
459, 727, 2.064309438632329e-09
393, 490, 2.0211044161226577e-09
140, 386, 1.9712894481274103e-09
202, 985, 1.937686019335835e-09
140, 696, 1.9200258667978714e-09
491, 696, 1.807231206031638e-09
268, 929, 1.8065504916296937e-09
436, 727, 1.7932022175778805e-09
681, 999, 1.756034502067787e-09
738, 823, 1.7524842754119374e-09
338, 929, 1.7116398498988462e-09
875, 1383, 1.6740465373340162e-09
318, 929, 1.6181224906216822e-09
656, 730, 1.5823003629706462e-09
681, 1383, 1.5708414618601011e-09
166, 248, 1.5606990784606103e-09
170, 554, 1.5251962201643424e-09
200, 287, 1.4381472902112214e-09
202, 587, 1.4219480697634883e-09
738, 985, 1.4186763632541929e-09
406, 929, 1.4062373507468823e-09
282, 386, 1.3915458929180826e-09
282, 554, 1.3448123158701343e-09
373, 435, 1.3185916922298971e-09
395, 929, 1.3089813498345938e-09
202, 823, 1.3075883857490414e-09
202, 275, 1.2849275148143964e-09
166, 1077, 1.2830820029189594e-09
681, 823, 1.2794719492559863e-09
221, 829, 1.2784073958190782e-09
3223, 4567, 1.263925015217062e-09
671, 985, 1.2501806508842428e-09
459, 4567, 1.2287193195591317e-09
330, 905, 1.2262241426088745e-09
1174, 1383, 1.1940701346617566e-09
636, 929, 1.1615133601235166e-09
223, 929, 1.1557036749642286e-09
170, 592, 1.1376088672992103e-09
406, 730, 1.1160416719470438e-09
1019, 1383, 1.0873259148241661e-09
330, 587, 1.0584171577709494e-09
579, 985, 1.0548602349246955e-09
395, 730, 1.0547222699743444e-09
451, 1478, 1.0485776383586654e-09
666, 929, 1.0483089690852123e-09
736, 929, 1.0452407545551559e-09
738, 999, 1.0437072337928952e-09
656, 929, 1.0177818386853723e-09
221, 287, 1.0145459797437945e-09
5092, 5298, 1.011471249349366e-09
282, 435, 1.0095601459112504e-09
282, 592, 1.0055261477282522e-09
738, 1383, 9.818807065862483e-10
170, 242, 9.647407384382612e-10
671, 999, 9.622716230079242e-10
282, 429, 9.606163361183751e-10
681, 905, 9.567198413419151e-10
1291, 1383, 9.509884428686987e-10
761, 985, 9.344909670356094e-10
4993, 5298, 9.318531280425124e-10
140, 376, 9.253644842877357e-10
718, 929, 9.216136908935244e-10
9, 353, 9.19716918896281e-10
330, 823, 9.010313389780749e-10
248, 318, 8.913410023471074e-10
221, 411, 8.789906846077994e-10
330, 985, 8.571993063958997e-10
666, 730, 8.553033445718816e-10
671, 1383, 8.400588849368764e-10
579, 999, 8.300537061739514e-10
170, 435, 8.256392874115649e-10
1121, 1383, 8.032143177534495e-10
1015, 1383, 7.930041165834774e-10
671, 755, 7.921269770231828e-10
338, 730, 7.839415286224656e-10
166, 618, 7.794558599817613e-10
393, 771, 7.775807122767922e-10
202, 554, 7.722904476397734e-10
170, 429, 7.708296400410043e-10
200, 829, 7.650834603651734e-10
200, 1248, 7.595551279853477e-10
221, 495, 7.542183773781406e-10
221, 1094, 7.488331260717136e-10
170, 386, 6.988775607950913e-10
738, 905, 6.905771617484053e-10
761, 999, 6.786595028421451e-10
282, 376, 6.756893436259421e-10
50, 353, 6.652007281214292e-10
330, 435, 6.635537589580646e-10
330, 429, 6.612719388793548e-10
671, 745, 6.479567976029695e-10
681, 745, 6.240175922212507e-10
221, 568, 6.107949655622742e-10
330, 999, 6.107310179780776e-10
400, 985, 6.013299843365938e-10
449, 771, 5.658595890543337e-10
332, 929, 5.652069574269868e-10
393, 680, 5.494440935032972e-10
330, 554, 5.433234275831385e-10
248, 929, 5.227235562274475e-10
202, 592, 5.131587189436339e-10
200, 411, 4.850631176215151e-10
400, 999, 4.686077825314875e-10
449, 680, 4.5206343842663104e-10
200, 495, 4.517023973744502e-10
170, 1239, 4.442566708934266e-10
671, 905, 4.410124370400942e-10
202, 435, 4.398517248615723e-10
360, 985, 4.351481465395109e-10
400, 687, 4.3250662037233475e-10
699, 929, 4.293117958054696e-10
332, 730, 4.235172826567155e-10
459, 568, 4.1862907799631194e-10
202, 429, 4.16645181539551e-10
579, 745, 4.046156473428861e-10
761, 905, 3.9367847515129295e-10
523, 771, 3.925363180611883e-10
523, 680, 3.732223303939889e-10
202, 386, 3.6176842286968086e-10
200, 1126, 3.487761566842729e-10
200, 568, 3.4755645142945055e-10
579, 755, 3.443853690026636e-10
360, 687, 3.245813338300425e-10
459, 958, 3.227328079208507e-10
9, 318, 3.223503873030015e-10
170, 376, 3.1825965037783593e-10
579, 905, 3.169941145912114e-10
459, 829, 3.1357922540406545e-10
262, 409, 3.0957084399588286e-10
579, 733, 2.8875234640262293e-10
140, 287, 2.56327466224463e-10
400, 587, 2.5244391227280235e-10
451, 771, 2.4504969015823403e-10
436, 568, 2.3973632102120615e-10
671, 823, 2.329739571105227e-10
50, 318, 2.296781300202155e-10
200, 1039, 2.1629036048884636e-10
491, 568, 2.0688656449605732e-10
330, 745, 2.058396103781547e-10
671, 733, 2.0173235246876364e-10
360, 587, 1.9781226424666746e-10
221, 366, 1.9165200697084117e-10
262, 353, 1.880907735566892e-10
451, 680, 1.8779569771154317e-10
393, 730, 1.877058943279761e-10
166, 388, 1.831094395900676e-10
262, 490, 1.8180804974418087e-10
817, 905, 1.814702097366264e-10
330, 755, 1.7949477386930755e-10
373, 495, 1.793303312798921e-10
260, 587, 1.7680485310710056e-10
400, 745, 1.761813432365804e-10
400, 905, 1.750409571573184e-10
202, 376, 1.6580836619304374e-10
140, 495, 1.6435935746623167e-10
579, 823, 1.5483584791958146e-10
330, 592, 1.52781967677681e-10
360, 999, 1.526667226346161e-10
400, 755, 1.524328508200607e-10
406, 687, 1.5027299734984907e-10
817, 985, 1.494729123482184e-10
395, 687, 1.4292900925678828e-10
140, 411, 1.4063687273794072e-10
330, 733, 1.398403722776012e-10
656, 745, 1.366629067588715e-10
338, 687, 1.3470543106891304e-10
636, 745, 1.32567584771275e-10
393, 929, 1.286382359251785e-10
360, 905, 1.251726431671681e-10
260, 435, 1.223349450315684e-10
140, 568, 1.2152521019408145e-10
666, 755, 1.2115424794813455e-10
400, 733, 1.209959102636413e-10
449, 730, 1.2027113913362527e-10
170, 287, 1.20119862248267e-10
338, 435, 1.186864950503861e-10
260, 386, 1.1822946899340816e-10
656, 755, 1.1785183039552385e-10
627, 771, 1.1615891587267644e-10
360, 745, 1.159033795809923e-10
260, 429, 1.144114836021123e-10
436, 958, 1.136989584688982e-10
666, 745, 1.1310798738508596e-10
916, 999, 1.1281600301790982e-10
406, 985, 1.1259992484678492e-10
338, 429, 1.1021839802039684e-10
268, 587, 1.1001564194204624e-10
636, 733, 1.0794278629056103e-10
260, 554, 1.0739811885454415e-10
318, 429, 1.0690200764190734e-10
360, 435, 1.0665247467095278e-10
395, 985, 1.061133840026784e-10
200, 366, 1.0486665796413347e-10
338, 587, 1.038791064568825e-10
318, 435, 1.0290178101754541e-10
200, 282, 1.0258189874654445e-10
636, 985, 1.0115772644667795e-10
360, 755, 1.0035931825444806e-10
318, 587, 9.934867715271392e-11
523, 730, 9.832647846776783e-11
817, 999, 9.626821975454526e-11
223, 587, 9.626571195254851e-11
636, 755, 9.483807014119206e-11
761, 823, 9.403471305681459e-11
916, 985, 9.298970249169207e-11
666, 985, 9.039249209351357e-11
166, 530, 8.92883850818921e-11
338, 985, 8.841339460700031e-11
656, 985, 8.809415823151415e-11
373, 568, 8.794085245208974e-11
449, 929, 8.592066750816511e-11
268, 386, 8.49974542099482e-11
400, 823, 8.331129182177121e-11
360, 733, 8.278251332010059e-11
400, 554, 7.947277210035682e-11
406, 587, 7.889777605265192e-11
318, 687, 7.860913266910563e-11
268, 435, 7.722812768697982e-11
360, 554, 7.590862106805321e-11
332, 435, 7.561714200370648e-11
332, 429, 7.427524326078622e-11
202, 287, 7.246438187800222e-11
268, 429, 7.211765668368594e-11
656, 733, 7.140915668781482e-11
360, 429, 7.109123557056523e-11
332, 687, 7.005000534904882e-11
395, 587, 6.962423255733596e-11
282, 411, 6.744579917145342e-11
332, 587, 6.485415034035496e-11
406, 745, 6.410808409989734e-11
268, 554, 6.410667739065255e-11
248, 587, 6.402562669628965e-11
406, 905, 6.338379681657716e-11
260, 376, 6.335025630626962e-11
395, 905, 6.079608393684794e-11
395, 745, 6.062950114665681e-11
318, 554, 6.029191552960513e-11
223, 435, 5.983386688450284e-11
223, 554, 5.860851146225068e-11
223, 429, 5.6044683773601206e-11
406, 755, 5.5982590443054434e-11
360, 823, 5.583677702842687e-11
260, 592, 5.49772441595448e-11
338, 554, 5.446942785266347e-11
666, 905, 5.4192756393858666e-11
636, 905, 5.409640809163875e-11
166, 455, 5.246586949163141e-11
736, 905, 5.2362094493575215e-11
736, 823, 5.203460982093779e-11
395, 755, 5.1961224625142513e-11
282, 495, 5.131763249050302e-11
170, 495, 5.102132306038243e-11
260, 905, 5.0732321279346245e-11
656, 905, 5.0410451586310955e-11
223, 386, 4.849667633509558e-11
170, 411, 4.8316973207261584e-11
338, 905, 4.7449756964384644e-11
718, 905, 4.7022370848239217e-11
140, 958, 4.6408229579214893e-11
718, 823, 4.623844976976597e-11
318, 386, 4.605326567286369e-11
268, 376, 4.5887341436519306e-11
338, 745, 4.52047496652277e-11
248, 435, 4.427341367300844e-11
406, 733, 4.4119920118788394e-11
666, 733, 4.23076736629625e-11
395, 733, 4.1822058204226935e-11
248, 429, 4.175408850130081e-11
166, 800, 4.074121549864218e-11
202, 999, 4.012477702753192e-11
260, 687, 3.998591722190127e-11
338, 755, 3.987136635446055e-11
248, 386, 3.774491688491073e-11
523, 929, 3.522720476651299e-11
406, 999, 3.4412882551565135e-11
636, 823, 3.339413701957862e-11
330, 411, 3.337196934093809e-11
9, 275, 3.3248774366171995e-11
248, 554, 3.3209509661837285e-11
666, 823, 3.2502145953799e-11
395, 999, 3.2415560948132486e-11
140, 366, 3.131197686728349e-11
656, 823, 3.11913573354639e-11
268, 905, 3.113091828679312e-11
166, 447, 3.093238366840694e-11
406, 823, 3.0384831723140704e-11
332, 554, 3.0220041327863167e-11
50, 275, 2.873162314467029e-11
395, 823, 2.8590358940690803e-11
166, 798, 2.6818467913184353e-11
406, 554, 2.5655860545239532e-11
202, 411, 2.5344602850993637e-11
268, 687, 2.2928814896906657e-11
400, 592, 2.285883342454863e-11
170, 568, 2.242081065228618e-11
223, 376, 2.2170879306332823e-11
395, 554, 2.2050338573854694e-11
338, 823, 2.179951956879765e-11
9, 587, 2.1796252165782042e-11
360, 592, 2.1607830655117104e-11
166, 444, 2.1327117243177803e-11
268, 592, 2.1067627516112352e-11
140, 282, 2.091375491744547e-11
282, 366, 1.9942966759284734e-11
282, 568, 1.9829688355106994e-11
166, 517, 1.922671147288678e-11
248, 376, 1.9149086920635277e-11
223, 687, 1.9112295486744084e-11
9, 435, 1.8747219295181328e-11
223, 592, 1.819049823641716e-11
9, 554, 1.774419378820196e-11
202, 495, 1.757651247855511e-11
9, 429, 1.7325341320706986e-11
318, 592, 1.7036703095776535e-11
50, 587, 1.6488672031271025e-11
699, 823, 1.59743449046628e-11
330, 495, 1.5096923313383504e-11
338, 592, 1.481423686029679e-11
9, 929, 1.4540752366129328e-11
9, 242, 1.4037456801543874e-11
50, 435, 1.3338335237796316e-11
9, 386, 1.2997944390505801e-11
50, 554, 1.2973500529487794e-11
248, 592, 1.2902039620053249e-11
50, 429, 1.2468646056926544e-11
50, 242, 1.1699188362775665e-11
166, 469, 1.1119847916817542e-11
202, 568, 1.1051297539966344e-11
332, 905, 1.100797414946551e-11
170, 366, 1.0640803256323177e-11
170, 282, 1.042654084507633e-11
50, 386, 1.0094052929965226e-11
332, 592, 9.869168760130126e-12
449, 587, 9.739569184404284e-12
449, 554, 9.677343108144002e-12
406, 592, 8.838960388267433e-12
248, 687, 8.275054109194742e-12
318, 411, 7.649869958738709e-12
395, 592, 7.600623640156353e-12
330, 568, 7.505293781149896e-12
260, 411, 6.957103097198075e-12
248, 730, 6.786967678580733e-12
400, 495, 6.648953764924558e-12
9, 592, 6.637845256291818e-12
9, 376, 5.964871426641002e-12
166, 605, 5.944950123893962e-12
202, 366, 5.473937736385367e-12
202, 282, 5.039568483697566e-12
50, 592, 5.0079132821391896e-12
260, 495, 4.560170513729717e-12
268, 411, 4.54139864943329e-12
50, 376, 4.469344087756442e-12
393, 587, 4.402437884142318e-12
338, 411, 3.965700096485431e-12
360, 495, 3.8153366092557155e-12
332, 411, 3.468034073299753e-12
223, 411, 3.4646345104030803e-12
223, 287, 3.4079701570067244e-12
268, 495, 2.9338171544256167e-12
318, 495, 2.854460156787574e-12
260, 568, 2.599684248676354e-12
248, 411, 2.5244643868771964e-12
338, 495, 2.5046876071009176e-12
260, 366, 2.4764993231343933e-12
406, 495, 2.4678126034539234e-12
223, 495, 2.2146741346553904e-12
166, 458, 2.213784959373764e-12
395, 495, 2.1756132150297434e-12
451, 587, 2.042091017280983e-12
523, 587, 2.025991525401481e-12
400, 568, 1.8786138044851752e-12
262, 435, 1.807600143037268e-12
262, 386, 1.7995838550070586e-12
360, 568, 1.772164227841721e-12
268, 366, 1.7010972941913507e-12
262, 429, 1.6888545657670272e-12
332, 495, 1.6744858680254313e-12
248, 495, 1.608804685396797e-12
268, 568, 1.598676040762164e-12
9, 730, 1.5668024207953811e-12
221, 618, 1.5537768359039444e-12
50, 730, 1.2435077594437297e-12
9, 287, 1.2347294541482672e-12
451, 554, 1.19577814129561e-12
166, 466, 1.172853915467075e-12
393, 554, 1.0442866071647013e-12
50, 287, 1.0195238789465154e-12
9, 411, 9.798932070654383e-13
262, 376, 9.693294071547005e-13
200, 618, 9.473627912826173e-13
451, 929, 8.750224435361285e-13
50, 411, 7.632019094401946e-13
223, 366, 7.610208365290396e-13
248, 366, 7.414299275288604e-13
140, 248, 6.354140175829003e-13
9, 124, 5.397674862228988e-13
449, 592, 4.401282230359337e-13
221, 388, 4.2287614688830745e-13
9, 84, 4.171261872944655e-13
50, 124, 3.4217595092149056e-13
9, 495, 3.292490306093626e-13
436, 829, 2.5283276219341525e-13
50, 495, 2.452188929892524e-13
200, 388, 2.3545141083095837e-13
140, 829, 2.320311725032695e-13
9, 366, 1.9809179425585898e-13
9, 103, 1.8496729659467385e-13
221, 530, 1.784614713920921e-13
491, 829, 1.7841043928191536e-13
170, 248, 1.7793694888590932e-13
393, 495, 1.5248365872613574e-13
50, 366, 1.4517281325121695e-13
221, 455, 1.1730900207699653e-13
436, 530, 1.1416824319604398e-13
262, 411, 1.0334380733514928e-13
9, 282, 9.72606028213677e-14
200, 530, 9.459006966448894e-14
459, 618, 8.801663814596835e-14
50, 282, 8.22120530966299e-14
459, 530, 7.298357556567712e-14
436, 618, 7.226658091554304e-14
221, 447, 7.198538613130899e-14
140, 388, 6.705427181994616e-14
491, 618, 6.495167633913056e-14
200, 455, 6.251310125895801e-14
262, 680, 6.222800103986853e-14
221, 800, 6.028742039553579e-14
513, 618, 5.1381007935691673e-14
221, 444, 5.013146017682928e-14
9, 118, 4.7645822183791084e-14
282, 388, 4.6322756486657715e-14
140, 618, 4.454962482254411e-14
200, 447, 3.8346892690070447e-14
262, 366, 3.7589637985728846e-14
221, 517, 3.6883149710324025e-14
373, 455, 3.244741823366026e-14
140, 530, 3.118694544235067e-14
262, 495, 2.7272857340199e-14
200, 444, 2.6858904018156732e-14
373, 618, 2.607658267906078e-14
373, 530, 2.594073228827007e-14
170, 388, 2.3899964671404446e-14
436, 517, 2.2591088958528498e-14
221, 469, 2.2585822686319772e-14
140, 455, 2.2301258630868122e-14
200, 517, 2.2149618049777238e-14
50, 118, 1.9064945134633823e-14
373, 447, 1.4333022065015375e-14
140, 447, 1.3202345294017213e-14
200, 469, 1.2610612752251896e-14
202, 388, 1.2338705270814419e-14
221, 605, 1.1567884409238657e-14
170, 530, 1.0475153615514262e-14
170, 618, 1.0257088737506206e-14
282, 618, 9.426843931729148e-15
282, 530, 9.159432914268724e-15
140, 444, 9.076677328732412e-15
373, 696, 8.908707611533428e-15
373, 444, 8.437625550796912e-15
513, 696, 8.081677296186935e-15
282, 455, 7.92474192635298e-15
373, 469, 7.68360163876306e-15
140, 517, 7.451850418570359e-15
200, 605, 6.895190016925354e-15
50, 160, 6.831504759059951e-15
170, 455, 6.743918023243481e-15
50, 137, 6.71325288149612e-15
373, 517, 6.469829429648816e-15
9, 137, 5.637515934866041e-15
9, 160, 5.30381208774757e-15
223, 568, 5.0784691315913344e-15
202, 618, 4.964013471983928e-15
459, 605, 4.941400155140777e-15
202, 530, 4.9108181733158545e-15
221, 458, 4.853746771007982e-15
318, 568, 4.805538657894323e-15
282, 447, 4.777753687906979e-15
140, 469, 4.606944345669301e-15
338, 568, 4.4714537092947495e-15
491, 605, 4.395440367367813e-15
170, 447, 3.995298704295643e-15
436, 605, 3.9691220908355714e-15
260, 388, 3.932160100996738e-15
330, 455, 3.753900677522842e-15
202, 733, 3.651690101418124e-15
170, 696, 3.5264628464242615e-15
248, 568, 3.4287476975612613e-15
282, 444, 3.313637963787085e-15
202, 455, 3.271039540996826e-15
330, 618, 3.1048855523341012e-15
513, 605, 3.020533202734478e-15
332, 568, 2.94523615515493e-15
268, 388, 2.809522072446764e-15
170, 444, 2.757832451758935e-15
200, 458, 2.603183370285369e-15
330, 447, 2.587322793013678e-15
221, 466, 2.429599958399836e-15
140, 605, 2.346763993652887e-15
202, 447, 2.014908175341354e-15
9, 248, 1.9118893396802255e-15
330, 444, 1.8933549119357315e-15
318, 388, 1.796363305467523e-15
223, 388, 1.6599691186120266e-15
50, 248, 1.6067521654954574e-15
282, 469, 1.574833149580087e-15
373, 458, 1.4564021856231023e-15
170, 469, 1.4274847329322607e-15
202, 444, 1.412060864578566e-15
330, 530, 1.354886066090517e-15
200, 466, 1.340335230936569e-15
282, 696, 1.310555797703399e-15
360, 455, 1.2882730238655074e-15
248, 388, 1.271095535332878e-15
170, 517, 1.0052711261270565e-15
260, 455, 9.383836176620052e-16
140, 458, 9.360243708315714e-16
282, 517, 9.279463710595535e-16
373, 466, 8.189023679424446e-16
360, 447, 7.353871632622506e-16
338, 455, 7.111843543324113e-16
202, 469, 6.571563970809091e-16
330, 469, 6.435000992662423e-16
318, 455, 6.14841847210143e-16
268, 455, 6.009985478012046e-16
260, 447, 5.746491310071564e-16
338, 447, 4.933316941152378e-16
140, 466, 4.879417631176891e-16
360, 444, 4.818516160399275e-16
223, 455, 4.627435869848186e-16
9, 388, 4.427552253641158e-16
332, 455, 4.3011960301006094e-16
318, 447, 4.0544387899110003e-16
260, 444, 4.0069487648788876e-16
268, 447, 3.667384561073737e-16
338, 444, 3.586285245072606e-16
50, 388, 3.4633154692323423e-16
248, 455, 3.3949314264645917e-16
282, 458, 3.308986733422596e-16
332, 447, 2.9773281596848773e-16
318, 444, 2.9333682175669747e-16
170, 458, 2.844249452195165e-16
223, 447, 2.834445308336125e-16
260, 618, 2.769037050071925e-16
268, 444, 2.5503322449299016e-16
360, 469, 2.255733295581686e-16
406, 568, 2.1988179805268404e-16
332, 444, 2.178211560646888e-16
140, 727, 2.171191939674507e-16
248, 447, 2.064651067926344e-16
223, 444, 1.9719942126700793e-16
395, 568, 1.9310057542822034e-16
491, 727, 1.8986144535726108e-16
260, 469, 1.8639549715462484e-16
282, 466, 1.687141579472448e-16
170, 466, 1.5046052563748122e-16
330, 458, 1.5028615726323745e-16
9, 455, 1.492587685101701e-16
248, 444, 1.3731570337415254e-16
202, 458, 1.3616934980806252e-16
9, 687, 1.3165354663201665e-16
400, 469, 1.22844655386124e-16
268, 469, 1.1834435473007733e-16
338, 469, 1.1566491950890178e-16
318, 469, 1.1461636729946294e-16
50, 455, 1.0319343910497375e-16
223, 469, 8.922313377601936e-17
9, 447, 8.537238747252227e-17
9, 568, 8.522517863873764e-17
202, 517, 7.774172041398257e-17
332, 469, 7.269124493102219e-17
330, 466, 7.042019528570229e-17
202, 466, 6.989882862729425e-17
248, 469, 6.816152739440976e-17
50, 166, 6.628306979201694e-17
50, 447, 6.159225084290608e-17
330, 517, 6.156525339112573e-17
373, 727, 6.079751873624917e-17
9, 444, 5.95727891984709e-17
262, 388, 5.955074822684704e-17
9, 166, 5.660785506725827e-17
360, 458, 5.332746905061813e-17
513, 727, 4.948201990122205e-17
395, 469, 4.73312896380703e-17
262, 587, 4.2748422084298454e-17
50, 444, 4.264954050493867e-17
50, 687, 4.1088977533367447e-17
393, 592, 3.764609553393905e-17
523, 592, 3.7593595406826494e-17
260, 530, 3.6116060640125554e-17
400, 530, 3.425806850963574e-17
260, 458, 3.3681817336606654e-17
360, 530, 2.8646959957749707e-17
50, 568, 2.853247042386835e-17
9, 469, 2.5925181142946982e-17
406, 469, 2.5772418223070553e-17
338, 458, 2.435044719363716e-17
262, 554, 2.3795953795121886e-17
318, 530, 2.285383759648567e-17
268, 530, 2.265049896422875e-17
318, 458, 2.163833286857313e-17
268, 458, 2.1560890364147145e-17
400, 517, 2.076485670221897e-17
223, 530, 2.0504820076544174e-17
338, 530, 2.0442147457478343e-17
360, 466, 2.029665722352291e-17
50, 469, 2.0182341696901113e-17
393, 455, 1.9730963175185727e-17
260, 517, 1.779065469438345e-17
223, 458, 1.6551026484167362e-17
260, 466, 1.603076508896073e-17
332, 458, 1.481658794740908e-17
406, 530, 1.4265993489344018e-17
360, 517, 1.418265177760151e-17
332, 530, 1.354557536475593e-17
248, 530, 1.3540773735912856e-17
9, 200, 1.3365148587989532e-17
262, 455, 1.2943482467187202e-17
248, 458, 1.2231878204893162e-17
318, 517, 1.1418566994244555e-17
268, 517, 1.1386619072542372e-17
50, 200, 1.1031861926604223e-17
170, 727, 1.0975483383165338e-17
395, 530, 1.085859383446878e-17
338, 517, 1.0326431783183898e-17
338, 466, 1.0326291393807906e-17
268, 466, 1.0205498122958955e-17
318, 466, 9.937134256559398e-18
223, 517, 9.695321188961137e-18
282, 727, 9.238353139269826e-18
393, 469, 9.224937860896845e-18
406, 517, 8.827899028463432e-18
400, 466, 8.546477007663493e-18
262, 447, 8.069942084995448e-18
449, 568, 7.776128108557818e-18
223, 466, 7.737525794918398e-18
9, 530, 7.610185943054092e-18
9, 194, 6.998924302605983e-18
332, 517, 6.8607886377187035e-18
248, 517, 6.552011544219418e-18
332, 466, 6.428517024160101e-18
395, 517, 6.3948225949020614e-18
248, 466, 5.8625672051250266e-18
50, 194, 5.861382818145455e-18
262, 444, 5.661124111076982e-18
9, 458, 5.381398284571378e-18
50, 530, 5.310999046740249e-18
395, 458, 4.701622297857708e-18
50, 458, 4.047024382083258e-18
395, 466, 4.009825858216686e-18
393, 568, 3.974286156955037e-18
449, 530, 3.822070683752941e-18
451, 568, 3.62873083526358e-18
9, 517, 3.6137828921940266e-18
9, 466, 2.5842165768789342e-18
262, 469, 2.3694110976012326e-18
50, 466, 1.998552847894106e-18
50, 170, 1.8385360869119645e-18
9, 170, 1.6810742729161977e-18
373, 605, 1.5072752752470035e-18
262, 568, 1.3584166358456597e-18
50, 175, 1.3537967490643296e-18
9, 175, 1.3428523470365924e-18
393, 458, 9.807705678892389e-19
393, 466, 7.956140591419483e-19
262, 458, 2.0782473052272043e-19
9, 184, 1.3665123723314926e-19
9, 182, 1.347119298974836e-19
50, 182, 1.235574212632627e-19
50, 184, 1.2266263465139526e-19
262, 466, 8.42632833411996e-20
