Gene = Gm5286
index = 502
Annotated 5SS: [121]
Annotated 3SS: [1616]
SMsplice 5SS: [121]
SMsplice 3SS: [1153]
length: 3089
Partition function (logZ) = -8.751188582750324
#Introns = 1501
5SS, 3SS, prob
121, 2006, 0.36365037829136104
121, 1616, 0.12161324613935766
2095, 2291, 0.09786222929405794
121, 1153, 0.0886664845597966
121, 865, 0.0645684590205283
2095, 3006, 0.06336079868513832
2095, 2986, 0.05269094652369839
2457, 3006, 0.05042505534670123
121, 1580, 0.04574438043211648
2457, 2986, 0.044120381977424836
2095, 2284, 0.03911066222377305
121, 1183, 0.03222721203300626
1917, 2006, 0.029025413104571712
2095, 2780, 0.024622857196184518
121, 2057, 0.020589179327770494
121, 3006, 0.02026026164470147
121, 2291, 0.019123824674606747
2095, 2700, 0.018787751196735723
2457, 2780, 0.018724952606459563
121, 1035, 0.018306663860921318
121, 2986, 0.01741399972730696
2457, 2565, 0.015826703266141048
2457, 2700, 0.015715361845950987
2095, 2417, 0.014914759493683047
2095, 2362, 0.014416782433708426
121, 1760, 0.012595967955344685
2095, 2215, 0.012554759306764567
2095, 2963, 0.011876215685878192
2095, 2233, 0.011835432869445677
121, 670, 0.010810428842612489
1866, 2006, 0.009672911301749595
1677, 2006, 0.009624382666181102
2095, 2272, 0.009606772516913492
2457, 2963, 0.009466671079064315
121, 1645, 0.007918141046418296
2095, 2565, 0.0075055085146048615
121, 2284, 0.007433077827659157
2095, 2518, 0.007197088391893795
325, 2006, 0.0067609449351191085
121, 2780, 0.006760455615377223
177, 2006, 0.006117473398201257
1825, 2006, 0.005821402661927246
2095, 2742, 0.005549629964444678
121, 767, 0.005362074499996351
121, 2700, 0.0053107437136891015
121, 1162, 0.0052744079110451396
121, 227, 0.005120249470132381
121, 1985, 0.004922854056375996
2095, 2446, 0.004461012009654786
121, 261, 0.004457213720791925
2457, 2742, 0.004088676715792523
121, 1794, 0.004085072439542803
966, 2006, 0.004017746592203732
121, 716, 0.0038322020991365347
121, 2963, 0.003771796567634952
121, 2417, 0.0037110308768988102
121, 2362, 0.0036493127975409582
121, 2018, 0.00344541593328707
2095, 3045, 0.003288695970838895
1002, 2006, 0.0032885773558314437
121, 1517, 0.002785520123704965
77, 2006, 0.0025816936312114966
121, 1648, 0.0025220033663499054
2095, 2176, 0.002394291145334662
2457, 3045, 0.0022631439846179284
325, 1616, 0.002215443684861175
121, 591, 0.002151429600097395
121, 2565, 0.0021270968505394216
2095, 2504, 0.002094101107069117
177, 1616, 0.0020458270980550112
121, 972, 0.0019731829654465734
121, 184, 0.0019424705387737621
121, 2518, 0.001901162640012207
121, 1603, 0.0018276630216926795
121, 2233, 0.0018211719342732012
121, 1799, 0.001811795866027452
1961, 2057, 0.0017632446148791916
121, 2272, 0.001751549365883333
125, 2006, 0.00167492489446931
2095, 2370, 0.0016734874072022981
966, 1153, 0.0015609654678766648
325, 1153, 0.0015546257219777968
121, 2742, 0.001522356685112867
177, 1153, 0.00150903423041964
121, 2215, 0.0014680713225695174
1002, 1153, 0.0014196075097250714
121, 1587, 0.001380449072671405
966, 1616, 0.0013710299996090467
1881, 2006, 0.0013420391043857023
121, 1298, 0.0012875040024960774
2095, 2185, 0.0012578374823832927
121, 685, 0.0012507401005977339
2095, 2319, 0.001247824972911359
121, 639, 0.0012463310547720864
875, 2006, 0.0011235949418659022
325, 865, 0.001113463602864825
121, 2446, 0.0011105116382381644
177, 865, 0.0010955234466287986
2095, 2816, 0.0010768558765240441
2095, 3073, 0.0010672480429572639
1002, 1616, 0.0010595795140480805
1050, 2006, 0.0010405943082850667
2457, 2568, 0.0010081324714418898
838, 2006, 0.0010004114630087816
121, 3045, 0.000942609363342056
121, 2094, 0.0009124864168951837
2457, 2629, 0.0009116424259936878
121, 719, 0.0009101265707282805
2457, 2816, 0.0008824395603490532
2095, 2269, 0.0008782102898635465
121, 2032, 0.0008727708579089153
2095, 2629, 0.0008705400089274
1050, 1153, 0.0008701568335839428
77, 1616, 0.0008633791184382591
1841, 2006, 0.0008370988545482219
325, 1580, 0.0008321399074237234
1917, 2057, 0.0008206029431441307
2095, 2400, 0.0008155408235656494
1677, 1760, 0.0007764073687318291
177, 1580, 0.0007695304256949226
2457, 3073, 0.0007605637115977182
819, 2006, 0.0007016690481184791
2095, 2321, 0.0006875717173487803
2457, 2622, 0.0006811156004431086
181, 2006, 0.0006680863960680075
2095, 2622, 0.0006471029735408543
121, 601, 0.0006389168733150351
2095, 2456, 0.0006301442182962964
77, 1153, 0.000629477410598301
325, 1183, 0.0005715551967685049
121, 2504, 0.0005622218793207087
125, 1616, 0.0005601343092590779
856, 2006, 0.0005557975368930852
2095, 2316, 0.0005465697652657418
177, 1183, 0.000542139164646073
2095, 2568, 0.0005059170390655146
404, 2006, 0.0005028149703842619
966, 1183, 0.0005017885864450663
1677, 2057, 0.0005004230434246823
1961, 2291, 0.0004982089153077512
121, 1899, 0.0004948237812236449
966, 1580, 0.00048355432077487197
121, 837, 0.000480522178073615
1002, 1183, 0.000463937094877909
1961, 3006, 0.0004540074274341358
77, 865, 0.00044934287551724836
1917, 2291, 0.00044560014098674673
1866, 2057, 0.00044004689218522124
1917, 3006, 0.0004325618022474389
1677, 3006, 0.0004318487735698043
1677, 2291, 0.00043094087136423147
121, 2370, 0.0004275368837317746
1870, 2006, 0.0004150054146334377
125, 1153, 0.0004083859419920486
2095, 2478, 0.0003981655947038825
121, 524, 0.0003980373945752508
1002, 1580, 0.00039658272010253156
121, 1870, 0.00039488400466538946
121, 1230, 0.00039216614376299066
121, 1945, 0.0003907030511168947
966, 1035, 0.00038534749863720533
325, 2057, 0.00038298665887288126
875, 1616, 0.0003797901174412698
325, 3006, 0.0003774175026416316
1961, 2986, 0.0003737192686851864
1677, 2986, 0.00037311989310585
325, 1035, 0.0003628468781039432
1917, 2986, 0.0003542889442728707
177, 2057, 0.0003463594824793922
177, 3006, 0.00034082629649502186
838, 1616, 0.0003359594464816439
1050, 1616, 0.00032738236421769835
121, 1964, 0.0003272076031004277
875, 1153, 0.00032687021814197404
2812, 3006, 0.00032590311023505985
77, 1580, 0.0003247569167402027
325, 2986, 0.0003243960222893311
325, 2291, 0.00032368660685295103
121, 2816, 0.00032359300054671697
177, 2291, 0.0003217086952265948
121, 3073, 0.00031703647886282063
177, 1035, 0.00031028017049702055
2095, 2852, 0.00030867649602157236
2812, 2986, 0.00030087199505839416
838, 1153, 0.00030034630292469005
125, 865, 0.00029438161258865236
177, 2986, 0.00029294533004096425
1866, 2291, 0.00029179360423859567
736, 2006, 0.0002904162748480399
2095, 2875, 0.00028531062355817975
1866, 3006, 0.0002686724586159272
1825, 2057, 0.00026683054684842306
121, 2319, 0.00026646725049609093
2095, 2293, 0.0002585770379717846
121, 754, 0.0002567988525192773
1917, 2018, 0.00025127748522515086
121, 1719, 0.00024449339419068604
2095, 2373, 0.00024348782001993514
121, 2629, 0.00023946178212739858
121, 2154, 0.0002345388664046564
819, 1616, 0.0002322249381551185
1866, 2986, 0.00023197762996515978
1719, 2006, 0.00022953790180681527
77, 1183, 0.0002287933493930077
121, 403, 0.00022503144900426063
121, 2176, 0.00022475765545087244
181, 1616, 0.00022342381632909508
966, 2057, 0.00022310784385020906
966, 3006, 0.00021927971717634821
121, 381, 0.0002122062922176884
177, 1760, 0.00021189445547524955
125, 1580, 0.00021069248415971423
121, 341, 0.00021042626703510903
819, 1153, 0.00020973408427635165
325, 670, 0.00020841644252036378
966, 2291, 0.00020829169966342446
325, 1760, 0.0002065437195132735
2095, 3020, 0.00020590933805273803
121, 2400, 0.0002038477973058809
121, 2071, 0.00019992099613465778
1677, 1794, 0.00019974306958216496
1961, 2284, 0.0001938440005908382
121, 1767, 0.0001935889775110044
1825, 2291, 0.00019273105324478344
2457, 2852, 0.00019138936480455105
2910, 3006, 0.0001913368838701414
1825, 3006, 0.00019076402012373173
966, 2986, 0.0001884742162800014
2479, 3006, 0.00018707376619637306
2457, 2875, 0.00018637080957204226
1002, 2057, 0.00018270906343867944
177, 670, 0.00018058101250032938
1002, 3006, 0.00017911619349328397
1050, 1183, 0.00017824699487444033
1917, 2284, 0.0001774507426056057
121, 1730, 0.00017718127993027503
2843, 3006, 0.0001766772948673951
121, 2622, 0.0001763224076083897
404, 1616, 0.0001738449228161774
121, 1950, 0.000173608717246768
856, 1616, 0.0001705460966401527
1002, 2291, 0.00017032618761716423
1677, 2284, 0.00016805858189603424
2843, 2986, 0.0001660391669973233
181, 1153, 0.0001653211579311463
856, 1153, 0.0001651555596211088
121, 1056, 0.0001643826017600326
1825, 2986, 0.00016396454560513638
121, 2456, 0.00016001266651029646
121, 2269, 0.00015966762969319855
2095, 2249, 0.0001587962301758429
121, 189, 0.00015618977387441758
121, 1531, 0.00015527890748300325
1303, 2006, 0.00015466135995233273
1002, 2986, 0.00015465724701021224
1917, 1985, 0.00015415163489778403
2457, 3020, 0.00015202126477156813
1866, 1985, 0.00015128924744493437
125, 1183, 0.00014843421851241755
77, 2057, 0.00014617048768690707
1677, 2780, 0.0001457932992891499
121, 2568, 0.00014420366476439344
77, 3006, 0.0001438353747920376
325, 1645, 0.00014285759596922054
77, 1035, 0.00014197369907377233
2479, 2986, 0.00014162027768666388
1961, 2780, 0.00014042298447637904
404, 1153, 0.00013963314373579693
177, 261, 0.00013591861886107562
77, 2291, 0.00013576737249336782
177, 1645, 0.00013320216368882583
921, 2006, 0.00013309653174875373
1917, 2780, 0.0001314801656306617
2095, 2712, 0.00012861368293355175
2095, 2887, 0.0001276096512296327
325, 2780, 0.00012618331961612467
1050, 1580, 0.00012615157193809838
875, 1580, 0.0001252087229261771
177, 2284, 0.00012504223449764194
77, 2986, 0.00012362866883610516
1961, 2700, 0.00012150751623890674
966, 1760, 0.00012099832707760497
181, 865, 0.00012061172677716418
121, 2321, 0.00012005225622371691
1677, 2700, 0.00011447524430504687
1917, 2700, 0.00011434748676078806
838, 1580, 0.00011413260063863354
177, 2780, 0.00011372711223650873
1866, 2284, 0.00011348655367739465
1677, 1985, 0.00011150803370314773
121, 1906, 0.00011096367793289423
1117, 2006, 0.00010824994233120981
2890, 2986, 0.00010803925322624497
121, 2478, 0.00010802914611287697
875, 1183, 0.00010760173077003421
121, 2076, 0.00010617429870661645
2910, 2986, 0.00010374397174048474
1275, 2006, 0.00010372667083808918
1057, 1153, 0.00010282498545987087
1002, 1760, 0.0001021541958717682
121, 2185, 0.00010127284218882401
121, 1970, 0.00010095023867776389
121, 1488, 9.9492820760701e-05
2095, 2843, 9.736364332645824e-05
1057, 2006, 9.712602961286143e-05
125, 2057, 9.483099996982698e-05
957, 2006, 9.460682477411937e-05
924, 2006, 9.45604578696041e-05
838, 1183, 9.450424450272113e-05
167, 2006, 9.367965601304865e-05
125, 3006, 9.331604921357629e-05
121, 2131, 9.319411221749459e-05
121, 2316, 9.2830063147011e-05
325, 1162, 9.275312999790815e-05
338, 2006, 9.262512565311331e-05
2890, 3006, 9.261147200739133e-05
325, 2284, 9.158573539166396e-05
121, 1209, 9.114400407977468e-05
325, 767, 9.065373552020063e-05
121, 1172, 9.06425393788991e-05
875, 1035, 9.052054948531624e-05
2095, 3025, 8.960574263113072e-05
177, 1162, 8.951499022178293e-05
177, 2700, 8.933947366095541e-05
121, 1675, 8.917121179578575e-05
121, 1334, 8.779890255303422e-05
966, 1162, 8.740169906980949e-05
177, 767, 8.697734652667825e-05
121, 2852, 8.671318104090865e-05
1815, 2006, 8.652806375997405e-05
1866, 2780, 8.631641582278444e-05
1961, 2417, 8.605079602996699e-05
736, 865, 8.568809214697624e-05
2457, 2712, 8.489586951225604e-05
1677, 2417, 8.434492754564822e-05
966, 1645, 8.413696692607726e-05
181, 1580, 8.404005629486955e-05
736, 1153, 8.386326032802999e-05
404, 865, 8.371093231500944e-05
125, 1035, 8.28193404586705e-05
121, 343, 8.279984098567825e-05
1917, 2417, 8.232989098542398e-05
121, 2875, 8.195586683577709e-05
891, 2006, 8.155412011579716e-05
1961, 2963, 8.094596743764973e-05
1677, 2963, 8.081614529522055e-05
819, 1580, 8.06042531993701e-05
125, 2986, 8.02065483682218e-05
1002, 1162, 7.995125159626649e-05
2457, 2887, 7.854947819950403e-05
1917, 2963, 7.673744371684802e-05
77, 670, 7.459239221075712e-05
966, 2780, 7.364463361540155e-05
177, 1985, 7.312176366463474e-05
1677, 2018, 7.254303157255577e-05
736, 1616, 7.218663569519409e-05
838, 1035, 7.085267410599839e-05
1825, 1985, 7.043201959338261e-05
121, 206, 7.042454899596599e-05
325, 2700, 6.978167106202214e-05
121, 921, 6.95606652390047e-05
1961, 2362, 6.89436070114128e-05
1002, 1645, 6.851612503901199e-05
1866, 2700, 6.752702296885137e-05
77, 1760, 6.718973138412377e-05
1825, 2780, 6.677270690147329e-05
1677, 2362, 6.673758567255534e-05
325, 716, 6.662778160343354e-05
177, 716, 6.657971985434492e-05
1866, 2018, 6.608725545396575e-05
121, 1203, 6.576878005475297e-05
1303, 1616, 6.54248688662344e-05
819, 1183, 6.485593167158668e-05
121, 915, 6.451428882510966e-05
1917, 2362, 6.423164256246561e-05
1044, 2006, 6.394237392018524e-05
177, 2963, 6.345068379784984e-05
177, 2417, 6.242845882905359e-05
121, 1901, 6.195623529982457e-05
121, 3020, 6.192284952993767e-05
143, 2006, 6.122902733624136e-05
125, 2291, 6.110830999348193e-05
1002, 2780, 6.043095186618538e-05
856, 1580, 5.993736752912482e-05
2812, 2963, 5.985593758693877e-05
181, 1183, 5.920676349523855e-05
1044, 1153, 5.8131291008493774e-05
966, 2700, 5.7824930679144015e-05
2457, 2843, 5.702764880337388e-05
325, 1794, 5.698404742427085e-05
325, 1985, 5.6577976162542865e-05
1677, 1799, 5.632193489307586e-05
1906, 2006, 5.6303473069204394e-05
77, 1645, 5.621392285255346e-05
121, 1187, 5.511776007178226e-05
121, 2373, 5.5100261732230504e-05
875, 3006, 5.510021837121991e-05
177, 1794, 5.4752389380536576e-05
1699, 2006, 5.405009220857373e-05
921, 1153, 5.3900878776029845e-05
966, 2284, 5.361530889326083e-05
921, 1616, 5.3590101086080906e-05
2457, 3025, 5.320458043623432e-05
1050, 3006, 5.2568089333363924e-05
856, 1183, 5.188445398060469e-05
1866, 2963, 5.02453452493532e-05
121, 1303, 4.9960110321125535e-05
1825, 2284, 4.994572974442376e-05
125, 670, 4.983923357206025e-05
2479, 2780, 4.9774309617660274e-05
404, 1183, 4.9485669804888845e-05
325, 2963, 4.909497659105338e-05
1961, 2565, 4.846499611188876e-05
838, 3006, 4.8368457560808566e-05
875, 2986, 4.8010245693784094e-05
77, 2780, 4.7995069572905695e-05
177, 2362, 4.795398055207487e-05
177, 2018, 4.75315198713387e-05
1917, 2565, 4.747185891187139e-05
404, 1580, 4.746844475587774e-05
1002, 2700, 4.744969770351413e-05
819, 1035, 4.731377397628918e-05
1825, 2700, 4.709247165224982e-05
2479, 2565, 4.700471283647869e-05
121, 450, 4.69878468605657e-05
966, 1985, 4.697595336975417e-05
177, 1517, 4.6859143491022144e-05
1117, 1616, 4.678682483807793e-05
2479, 2700, 4.675595905224402e-05
1050, 2986, 4.5183063741708856e-05
121, 434, 4.474665519991325e-05
1961, 2518, 4.4312754059416686e-05
1275, 1616, 4.4283047078766276e-05
1002, 2284, 4.384279919200912e-05
121, 1042, 4.366852145350353e-05
121, 2712, 4.360913728555176e-05
125, 1760, 4.3590669468849654e-05
121, 2887, 4.3496564695169035e-05
325, 591, 4.345407291077762e-05
121, 1823, 4.342293307409609e-05
754, 2006, 4.2727018764701855e-05
957, 1153, 4.2668740326225635e-05
177, 1648, 4.242615826858363e-05
1050, 1162, 4.240725650895825e-05
2095, 2520, 4.206703793840096e-05
856, 1035, 4.2023091085112184e-05
121, 1449, 4.174998124617461e-05
838, 2986, 4.157341704392342e-05
1825, 2018, 4.143318813747562e-05
1677, 2565, 4.140526302728214e-05
1917, 2518, 4.094587071598223e-05
966, 2963, 4.08226951409591e-05
1961, 2094, 4.074812653976873e-05
121, 548, 4.000193034410933e-05
121, 1841, 3.995926237460573e-05
1002, 1985, 3.882094019659234e-05
957, 1616, 3.875850602251668e-05
177, 591, 3.8758496693350204e-05
924, 1153, 3.863632137033203e-05
365, 2006, 3.8088243285935436e-05
77, 184, 3.772372793728144e-05
121, 2293, 3.7717739619362905e-05
1917, 2032, 3.755375218478581e-05
77, 767, 3.745337763230051e-05
77, 1162, 3.744504646561015e-05
924, 1616, 3.737985050399849e-05
325, 1517, 3.7311043111909614e-05
181, 3006, 3.722147973336777e-05
875, 2291, 3.709010887607826e-05
2486, 3006, 3.6991255718026614e-05
1057, 1616, 3.682955552147583e-05
325, 2018, 3.677752099339311e-05
125, 1645, 3.646989621976784e-05
167, 1616, 3.642671938288578e-05
177, 972, 3.597084917049322e-05
1825, 2963, 3.551400712137938e-05
1050, 2291, 3.532013823222912e-05
77, 2284, 3.4898351484251945e-05
121, 409, 3.42755524212217e-05
819, 3006, 3.424126921757633e-05
767, 2006, 3.422084504932771e-05
2230, 3006, 3.4209112342936254e-05
181, 1035, 3.3965057081325395e-05
1002, 2963, 3.349808674444037e-05
891, 1616, 3.287416114590714e-05
838, 2291, 3.2343322447857184e-05
949, 2006, 3.209087851172473e-05
181, 2986, 3.199242187952415e-05
875, 2057, 3.193296749665974e-05
121, 3025, 3.1185988186026036e-05
2486, 2986, 3.1016978672533e-05
177, 1603, 3.074568482126813e-05
1050, 2057, 3.067660068714043e-05
966, 2018, 3.053589450208336e-05
2230, 2986, 3.008042754820909e-05
966, 1517, 2.9647927775114227e-05
1961, 2032, 2.9605492822542007e-05
891, 1153, 2.9540973119642645e-05
819, 2986, 2.9430886099807984e-05
325, 972, 2.9225453240909744e-05
1881, 3006, 2.8937009283322013e-05
1881, 2057, 2.8911757417720927e-05
838, 2057, 2.7946492908143846e-05
77, 716, 2.7908014551885163e-05
1961, 2272, 2.7905933874862303e-05
1841, 3006, 2.689935232367682e-05
167, 1153, 2.6791065078896287e-05
77, 2963, 2.6777431726158202e-05
966, 1794, 2.6698086498726483e-05
77, 261, 2.6668980764359384e-05
1917, 2272, 2.6203742849810015e-05
1881, 2986, 2.5885486180798545e-05
856, 3006, 2.5392692976241128e-05
2818, 3006, 2.521607353701211e-05
125, 227, 2.5044458773432204e-05
1002, 2018, 2.5006672062519433e-05
2843, 2963, 2.4978299579895613e-05
1002, 1517, 2.4841724708030597e-05
2479, 2963, 2.462131405024077e-05
125, 767, 2.4599127557073058e-05
921, 1035, 2.4536854503020375e-05
177, 1799, 2.4344739792546873e-05
125, 1162, 2.4293215795082337e-05
1002, 1794, 2.4178956311580094e-05
1677, 2272, 2.4093583143153185e-05
1841, 2986, 2.312039806019716e-05
77, 1794, 2.3106581059903967e-05
2400, 3006, 2.305399551423323e-05
2818, 2986, 2.3024157802047042e-05
1057, 1183, 2.275792752363733e-05
125, 2284, 2.259759286221094e-05
1866, 2417, 2.258805813405722e-05
1841, 2057, 2.253282224048894e-05
736, 1183, 2.211004363449521e-05
856, 2986, 2.1825401681300304e-05
177, 1298, 2.1658911843718257e-05
177, 685, 2.151806469955261e-05
2095, 2242, 2.1428790749539282e-05
125, 261, 2.1426296138623265e-05
181, 2057, 2.1254296139210173e-05
2400, 2986, 2.1185617387431117e-05
1961, 2233, 2.1118168860038054e-05
1050, 1760, 2.0606860531722732e-05
1917, 2233, 2.0408677360019557e-05
2095, 2259, 2.0213694194150546e-05
1961, 3045, 2.0112480984768734e-05
1677, 3045, 2.0091778904599505e-05
325, 2417, 2.003743294114748e-05
754, 865, 2.0006964644946354e-05
177, 639, 1.9988885037031616e-05
819, 2057, 1.9712476808789317e-05
767, 865, 1.968882884123516e-05
181, 670, 1.9664276301605476e-05
875, 972, 1.941247091740819e-05
77, 227, 1.9213456132802994e-05
875, 1760, 1.920939634614912e-05
1677, 2233, 1.918713141757264e-05
404, 1035, 1.9110401007028488e-05
1917, 3045, 1.9057633160423648e-05
167, 865, 1.9008635416910215e-05
1117, 1183, 1.8934149752257438e-05
325, 1799, 1.8836746252226847e-05
2095, 3076, 1.8540510875131792e-05
924, 1035, 1.842693129304309e-05
121, 1347, 1.8309179739099266e-05
838, 1760, 1.822275610446e-05
325, 685, 1.806621490438347e-05
177, 2272, 1.784798048116441e-05
325, 639, 1.7638980867037894e-05
957, 1035, 1.7560677079963007e-05
143, 1153, 1.7421421080188846e-05
181, 1760, 1.738724725138361e-05
875, 1162, 1.7169647751432958e-05
921, 1183, 1.7079891384272117e-05
325, 1298, 1.699268350016908e-05
966, 2417, 1.6864479734521795e-05
338, 1153, 1.683820740788339e-05
966, 1298, 1.677533310116008e-05
1677, 2032, 1.6724589202193184e-05
77, 591, 1.6009265886218613e-05
1825, 2417, 1.556677168935537e-05
121, 891, 1.554055484358189e-05
856, 2057, 1.5438070526832723e-05
838, 1162, 1.5358562181283843e-05
121, 2249, 1.5328555395763108e-05
1961, 2215, 1.4928782710307456e-05
325, 1648, 1.4731540098484994e-05
736, 1035, 1.4502915758999972e-05
177, 2233, 1.3863768595828259e-05
1002, 2417, 1.3790576119785828e-05
1917, 2215, 1.3782354524559093e-05
819, 1760, 1.3607870611942802e-05
125, 1794, 1.3193789260942574e-05
1677, 2215, 1.3190204674562674e-05
1866, 2233, 1.2969588854505864e-05
77, 2417, 1.0859024493821377e-05
325, 2233, 1.0727093136528762e-05
404, 2057, 1.0330020495682775e-05
338, 1616, 1.0251050706149253e-05
1870, 2057, 9.920846549373138e-06
177, 2215, 9.457457387793406e-06
121, 1856, 9.454164359735943e-06
1866, 2215, 9.177495659049e-06
966, 1799, 9.071519303859746e-06
856, 1760, 8.261311007658486e-06
1002, 1799, 8.147104324551603e-06
404, 1760, 7.986390780823737e-06
736, 1580, 7.983017748118206e-06
77, 1799, 7.89591274291393e-06
143, 1616, 7.369167185697369e-06
325, 2215, 7.317709144693852e-06
1719, 2057, 7.174843091715618e-06
77, 1648, 6.918284831225784e-06
736, 2057, 6.906793696665825e-06
365, 1616, 6.902003727792046e-06
325, 1603, 6.881719740095523e-06
875, 1645, 6.7548216274799194e-06
177, 1587, 6.352543123637683e-06
125, 716, 6.169977684446458e-06
1044, 1616, 6.099461822405809e-06
1050, 1645, 6.090385276628745e-06
177, 719, 5.515096312985373e-06
181, 1645, 5.49670046637357e-06
838, 1645, 5.483559263068257e-06
325, 1587, 5.480322955071571e-06
1303, 1580, 5.1771122168931024e-06
754, 1616, 4.808509405632277e-06
1961, 2446, 4.745123320823436e-06
1677, 2446, 4.6312290768147684e-06
1917, 2446, 4.616379511058303e-06
125, 1648, 4.488374356569878e-06
921, 1580, 4.481948465550951e-06
325, 719, 4.3208572712708355e-06
966, 1648, 4.310383699594906e-06
181, 261, 4.257231065972849e-06
338, 865, 3.95927511409239e-06
167, 1580, 3.829287300290506e-06
404, 1645, 3.822452837626236e-06
77, 1603, 3.753112175003093e-06
1117, 1580, 3.739414960291794e-06
143, 865, 3.604570341425893e-06
1275, 1580, 3.5945826949130257e-06
1002, 1648, 3.5351531064603607e-06
819, 1645, 3.5007935709265797e-06
177, 2446, 3.404992417427289e-06
338, 1580, 3.3826770081524336e-06
949, 1616, 3.3696664723800633e-06
767, 1616, 3.3177349739712263e-06
460, 1616, 3.282098951975473e-06
203, 1616, 3.2553534148154534e-06
181, 767, 3.23777185943243e-06
77, 1517, 3.212252555219824e-06
924, 1580, 3.1345726131451807e-06
1057, 1580, 3.1050677801908727e-06
856, 1645, 3.032477868669607e-06
957, 1580, 3.0303473078443387e-06
1961, 2071, 2.9756555884022276e-06
1134, 1616, 2.9476462073720037e-06
980, 1616, 2.8967099486929642e-06
1101, 1616, 2.8569451200858653e-06
1866, 2446, 2.8563651249464856e-06
891, 1580, 2.7512609972575998e-06
77, 1587, 2.680897660971287e-06
404, 670, 2.6668489566442975e-06
566, 1616, 2.6408139605940047e-06
181, 716, 2.5593841730955924e-06
1917, 2094, 2.5341180363747005e-06
143, 1580, 2.5119029744970796e-06
125, 1603, 2.434905884126409e-06
365, 865, 2.4204409250902745e-06
1347, 1616, 2.4034935460043203e-06
77, 685, 2.402309020013827e-06
177, 837, 2.399966340883134e-06
77, 719, 2.326739846163091e-06
533, 1616, 2.294882889658057e-06
365, 1580, 2.2636656721844046e-06
125, 1517, 2.084012489714185e-06
1044, 1580, 2.0294035277192684e-06
520, 1616, 2.005260537937701e-06
1156, 1616, 1.9328440949318235e-06
931, 1616, 1.9169287924642927e-06
325, 837, 1.8674805402942576e-06
404, 767, 1.8420115561767265e-06
1677, 2094, 1.8275600197551354e-06
261, 1616, 1.8110310402249773e-06
203, 865, 1.7418352163310298e-06
125, 1587, 1.7392854743102136e-06
181, 1648, 1.6508953750923545e-06
460, 865, 1.626132214489457e-06
125, 685, 1.596135039581806e-06
77, 639, 1.5706622033927131e-06
566, 865, 1.5378075795370286e-06
125, 719, 1.4648717228417232e-06
77, 972, 1.4458687738392425e-06
177, 754, 1.4318872442613176e-06
404, 716, 1.4284283994213916e-06
177, 601, 1.412079211251321e-06
1866, 2094, 1.405616408999e-06
533, 865, 1.3424870448925657e-06
177, 2094, 1.3152227862284657e-06
598, 1616, 1.2964248793865675e-06
754, 1580, 1.1941763279037263e-06
325, 754, 1.189798321503731e-06
520, 865, 1.182258147105245e-06
966, 1587, 1.1475106783233468e-06
1502, 1616, 1.14476630610845e-06
121, 1853, 1.1345402744502826e-06
325, 601, 1.1312391294688588e-06
736, 1645, 1.1247406672858427e-06
125, 591, 1.1227079908397667e-06
1303, 1645, 1.1219840871543743e-06
949, 1580, 1.0742717162679321e-06
875, 1648, 1.0623866419360937e-06
203, 1580, 1.060669418228848e-06
77, 152, 1.0530363688486782e-06
125, 639, 1.0483885922026517e-06
1050, 1648, 1.0299622190787024e-06
767, 1580, 1.0192603919529332e-06
325, 2094, 1.0176538381780983e-06
125, 972, 9.93278692920353e-07
77, 837, 9.863124345483285e-07
460, 1580, 9.751944580685822e-07
121, 210, 9.57578387333681e-07
1002, 1587, 9.383927263167724e-07
261, 865, 9.307816881465475e-07
1134, 1580, 9.132335487503751e-07
77, 189, 8.793306349027631e-07
980, 1580, 8.752448491856864e-07
181, 1603, 8.702211664253669e-07
838, 1648, 8.663403985800418e-07
167, 261, 8.422264623225545e-07
1347, 1580, 8.369819404765372e-07
566, 1580, 8.31384135540433e-07
181, 1517, 8.312613886218507e-07
1101, 1580, 8.297192777340694e-07
598, 865, 8.009624863718926e-07
167, 670, 7.89663118812306e-07
121, 201, 7.605392787578716e-07
1961, 2742, 6.668531852411606e-07
181, 685, 6.43518760361149e-07
1677, 2742, 6.327411047411921e-07
77, 754, 6.305071824405631e-07
1156, 1580, 6.248110615790504e-07
125, 837, 6.048794455384546e-07
181, 719, 6.043656621955852e-07
77, 2700, 6.01932866947003e-07
566, 670, 5.901805818956684e-07
77, 601, 5.829468782604351e-07
819, 1648, 5.823180677625789e-07
1917, 2742, 5.70175549056428e-07
931, 1580, 5.700524983906387e-07
338, 670, 5.698325134710552e-07
875, 1517, 5.653107135608981e-07
167, 767, 5.31170441166992e-07
1050, 1517, 5.308352618636862e-07
143, 670, 5.266615865356221e-07
533, 1580, 5.213406221298667e-07
1050, 1794, 5.124393925430472e-07
493, 865, 5.025438770872893e-07
838, 1517, 4.990386278150426e-07
143, 227, 4.954228725201827e-07
875, 1794, 4.834511165625179e-07
181, 591, 4.7708888808497e-07
181, 972, 4.3243505712801457e-07
181, 1587, 4.281254625362789e-07
493, 1616, 4.253689116085169e-07
121, 2133, 4.21015879784239e-07
167, 716, 4.1334691371454466e-07
392, 865, 4.1290566755300845e-07
310, 865, 4.1201761544135937e-07
561, 865, 4.0911357095106185e-07
181, 639, 4.022629783637085e-07
404, 1517, 3.9736454272924165e-07
125, 754, 3.963409522778184e-07
189, 865, 3.954810020429734e-07
143, 261, 3.8884309985132317e-07
121, 879, 3.814262273254359e-07
338, 767, 3.7145186101582796e-07
520, 1580, 3.690059416263001e-07
184, 865, 3.6727655344468174e-07
125, 601, 3.6148836713053815e-07
365, 670, 3.567152837624837e-07
404, 685, 3.5030614769880485e-07
143, 767, 3.4809308386317803e-07
404, 591, 3.406235916304135e-07
404, 719, 3.382360857417834e-07
819, 1517, 3.3786455497253034e-07
921, 1645, 3.3426214147729715e-07
1117, 1645, 3.200231564830488e-07
177, 1531, 3.169227493029198e-07
45, 865, 2.99186702774056e-07
1007, 1616, 2.9647179301104833e-07
1050, 1587, 2.9443508211503055e-07
533, 670, 2.9151401309401663e-07
858, 1616, 2.8465564396076484e-07
460, 670, 2.830840125063788e-07
875, 1587, 2.818964299943712e-07
338, 716, 2.8050927022747685e-07
261, 1580, 2.7788874374035206e-07
856, 1517, 2.7710757264104846e-07
121, 931, 2.6679805516663236e-07
143, 716, 2.64296529398814e-07
838, 1587, 2.629978305996798e-07
181, 837, 2.6173968963840497e-07
404, 639, 2.570789255798805e-07
125, 189, 2.4827982193984323e-07
177, 921, 2.4688245994797987e-07
325, 1531, 2.452190272333431e-07
520, 670, 2.29429584525946e-07
125, 2780, 2.291690567533677e-07
392, 1616, 2.282597613199377e-07
365, 767, 2.2780214476030692e-07
404, 972, 2.2290556367007752e-07
310, 1616, 2.2256516459235705e-07
203, 670, 2.2194286863637833e-07
210, 865, 2.0224487799211455e-07
177, 915, 2.0038018582493837e-07
112, 865, 1.996482945180908e-07
598, 670, 1.994314653342583e-07
325, 921, 1.8858176563254092e-07
365, 716, 1.8801993830148912e-07
177, 524, 1.835938248585388e-07
819, 1587, 1.8216287296182203e-07
566, 767, 1.7773369767910738e-07
325, 524, 1.776476941536644e-07
838, 972, 1.762898070732977e-07
425, 865, 1.7247825382857801e-07
1502, 1580, 1.6900319545343925e-07
460, 767, 1.6167510376591244e-07
1070, 1616, 1.612730729777463e-07
566, 716, 1.5874413776696716e-07
177, 2742, 1.5817980141653038e-07
181, 754, 1.5714882376107432e-07
203, 767, 1.563418172117435e-07
325, 915, 1.550890614158963e-07
181, 601, 1.5432381027686733e-07
77, 206, 1.5216400707599554e-07
688, 865, 1.4771087097946146e-07
121, 576, 1.45536458225533e-07
125, 206, 1.4492184550417315e-07
561, 670, 1.432390051250463e-07
533, 767, 1.389534043665453e-07
856, 1587, 1.3885321553084666e-07
856, 972, 1.386254936809873e-07
404, 837, 1.3560791788785334e-07
261, 670, 1.3136345078993353e-07
177, 341, 1.3121940235029472e-07
1303, 1517, 1.3088823842370165e-07
533, 716, 1.2556509349111216e-07
598, 716, 1.255510406351347e-07
736, 1517, 1.2354532737098959e-07
460, 716, 1.2308904328467874e-07
203, 716, 1.2211704678623596e-07
189, 1616, 1.2142488137057745e-07
1275, 1645, 1.1619622729141321e-07
561, 1616, 1.1462827482919373e-07
184, 1616, 1.1337833140602186e-07
520, 767, 1.1308108375972408e-07
329, 865, 1.0864537531198016e-07
219, 865, 1.0850011324471226e-07
121, 561, 1.0726395572712364e-07
167, 685, 1.0689310515558835e-07
404, 601, 1.0486978735851943e-07
598, 767, 1.0431486104699432e-07
520, 716, 1.0419706176777319e-07
45, 1616, 1.0191130644664112e-07
819, 972, 1.015421797399524e-07
167, 719, 9.790328492782792e-08
736, 837, 9.575375953177578e-08
493, 670, 9.555041779575256e-08
77, 921, 9.312977734102429e-08
177, 1488, 9.203388216256709e-08
404, 754, 9.093980344616327e-08
261, 767, 8.865857171056679e-08
167, 1035, 8.841627627842157e-08
167, 591, 7.844396750440714e-08
77, 915, 7.636196000512405e-08
338, 685, 7.620215338092547e-08
776, 865, 7.103744566619472e-08
77, 524, 6.979676230017626e-08
143, 685, 6.863117167681596e-08
167, 972, 6.820419693319212e-08
338, 719, 6.594902767657636e-08
261, 716, 6.580569698765112e-08
125, 921, 6.561192017562016e-08
167, 639, 6.511388136520854e-08
338, 1035, 6.454743469412235e-08
143, 719, 6.23928444831982e-08
736, 972, 6.15987553598511e-08
392, 670, 6.074861870043657e-08
310, 670, 6.008016850087444e-08
566, 685, 5.9077587175322524e-08
690, 865, 5.765383706095885e-08
143, 1035, 5.5648824064713656e-08
338, 591, 5.540423556617646e-08
125, 915, 5.459758616324139e-08
758, 865, 5.351665299977673e-08
189, 670, 5.090836515621563e-08
1866, 2565, 5.076691244477906e-08
143, 591, 4.9353798029244926e-08
338, 639, 4.829836166440706e-08
359, 865, 4.795346105333366e-08
184, 670, 4.7756970011341803e-08
493, 767, 4.7354221305387574e-08
338, 972, 4.731762973793297e-08
365, 685, 4.727807425568452e-08
561, 767, 4.624242489204248e-08
125, 524, 4.5886913483147336e-08
365, 719, 4.4412786054597395e-08
418, 865, 4.421486306894166e-08
45, 670, 4.3731118250104445e-08
143, 639, 4.3613768949263565e-08
598, 685, 4.327730670452975e-08
493, 716, 4.322621752741081e-08
167, 837, 4.284209189974075e-08
533, 639, 4.2174177175987994e-08
365, 1035, 4.207189937407208e-08
143, 972, 4.1819890322532284e-08
561, 716, 4.1045259258655514e-08
392, 767, 4.069449684850756e-08
365, 591, 3.9549911750343556e-08
460, 591, 3.912386878870157e-08
77, 341, 3.886277444945734e-08
184, 261, 3.838368724364959e-08
310, 767, 3.726708359490502e-08
566, 719, 3.710285781911548e-08
460, 685, 3.607034450882942e-08
201, 865, 3.519377323487102e-08
167, 1183, 3.513402950010175e-08
365, 1153, 3.4931720817508616e-08
167, 1645, 3.452979495282701e-08
533, 685, 3.450007828204969e-08
189, 767, 3.407390650084131e-08
566, 639, 3.391332414638797e-08
189, 261, 3.2557044141943e-08
177, 891, 3.245110261263254e-08
392, 716, 3.237774476422011e-08
184, 767, 3.174120197353571e-08
125, 341, 3.061748440533498e-08
203, 685, 2.976892048451972e-08
365, 639, 2.9556772974933845e-08
310, 716, 2.9372742269711065e-08
533, 719, 2.927696497932559e-08
520, 685, 2.9042790295400017e-08
365, 972, 2.8994267850876092e-08
181, 1162, 2.8900348686209388e-08
203, 719, 2.8891161490477828e-08
460, 719, 2.8771614332986208e-08
520, 639, 2.870799977472786e-08
45, 767, 2.8213366899975967e-08
598, 719, 2.793640689874524e-08
189, 716, 2.7521215090615513e-08
338, 837, 2.745645957663133e-08
609, 865, 2.7057005716585817e-08
143, 837, 2.7030658467093714e-08
460, 639, 2.6825553889337615e-08
181, 921, 2.6688842542852693e-08
325, 891, 2.666778324958957e-08
112, 670, 2.656299668733501e-08
460, 1035, 2.6306231640807442e-08
425, 670, 2.6272807413421453e-08
210, 670, 2.597388301944248e-08
520, 591, 2.5945866638823305e-08
203, 1035, 2.5662472489648167e-08
184, 716, 2.552712505443305e-08
167, 754, 2.5292524864304903e-08
167, 601, 2.4850769667642302e-08
203, 1153, 2.4757127611099737e-08
688, 767, 2.4401200820087892e-08
520, 719, 2.429416101335216e-08
891, 972, 2.4239150724966408e-08
177, 343, 2.4015142584759686e-08
45, 184, 2.3938938454834256e-08
45, 716, 2.3725790697818954e-08
566, 1035, 2.3245947449526266e-08
460, 1153, 2.3182714504134404e-08
143, 1183, 2.3046918730981047e-08
203, 591, 2.2097414179164557e-08
338, 1183, 2.1878068877665147e-08
181, 915, 2.158022722359485e-08
121, 552, 2.1542649560215363e-08
404, 524, 2.1447487812684226e-08
112, 227, 2.093321985139025e-08
533, 1035, 2.0796468138293547e-08
203, 972, 2.062236113293042e-08
493, 591, 2.056203306019731e-08
45, 227, 2.0178033465622185e-08
566, 1153, 2.016221650212405e-08
181, 524, 2.003240963005414e-08
639, 865, 2.0027415672518853e-08
203, 639, 1.9942108624983544e-08
460, 972, 1.9834016245269672e-08
891, 1035, 1.930164563613605e-08
576, 865, 1.9161329771542163e-08
520, 1035, 1.8526984991740995e-08
45, 261, 1.83322832714858e-08
177, 381, 1.7947125555949954e-08
566, 972, 1.7712652092626897e-08
533, 1153, 1.7538338078052772e-08
261, 685, 1.7531167514087255e-08
338, 754, 1.7441528737535082e-08
338, 601, 1.725784660241362e-08
112, 767, 1.7192046076790066e-08
503, 865, 1.7126248799796908e-08
700, 865, 1.689927431179455e-08
210, 767, 1.688490157239695e-08
112, 184, 1.6411962345654627e-08
143, 754, 1.623360114223036e-08
425, 767, 1.5921103474740097e-08
261, 1035, 1.5873107625379344e-08
329, 670, 1.58091091223756e-08
520, 1153, 1.561610011358442e-08
143, 601, 1.5480053167198627e-08
404, 1162, 1.5451346074027243e-08
365, 837, 1.5363090909017064e-08
533, 972, 1.5298209356670446e-08
261, 719, 1.505872401793409e-08
181, 341, 1.4457056958559537e-08
219, 670, 1.4146423646470607e-08
561, 685, 1.3878495873194524e-08
365, 1183, 1.3762279914284239e-08
112, 261, 1.343561049000204e-08
261, 591, 1.338063933158081e-08
77, 891, 1.3295071738959549e-08
520, 972, 1.2973779318062433e-08
598, 1035, 1.2919880636334596e-08
210, 716, 1.287298695609956e-08
520, 601, 1.2706172599919443e-08
112, 716, 1.2479438193794543e-08
365, 601, 1.2105896555295296e-08
754, 1035, 1.1953026768723249e-08
261, 1153, 1.1925245917813139e-08
425, 716, 1.1728132910889727e-08
493, 685, 1.170939253762326e-08
460, 601, 1.1150866812894552e-08
261, 639, 1.114902241634659e-08
561, 639, 1.1126223363008177e-08
598, 1153, 1.0937163742085667e-08
203, 1183, 1.0281496500192677e-08
754, 1153, 9.817269241591142e-09
365, 754, 9.58116504101305e-09
261, 972, 9.459634902255465e-09
460, 1183, 9.371100539107088e-09
493, 719, 9.312040162221211e-09
177, 548, 9.26867850634994e-09
754, 837, 9.218290607824505e-09
395, 865, 9.151633515615885e-09
576, 670, 9.132894945702175e-09
838, 921, 9.1153924979389e-09
754, 972, 9.050600303294407e-09
493, 639, 8.929452631121235e-09
325, 548, 8.82464895398371e-09
561, 719, 8.815214659907024e-09
566, 1183, 8.633202648507159e-09
838, 915, 8.218545694324456e-09
767, 1035, 8.169028330570466e-09
493, 1035, 8.153791854214987e-09
329, 767, 8.005694763155914e-09
325, 403, 7.980471298512328e-09
533, 601, 7.895237222552583e-09
566, 754, 7.876259894565407e-09
533, 1183, 7.815311916635667e-09
404, 915, 7.811023751265247e-09
219, 767, 7.808221960653466e-09
203, 837, 7.796122807044697e-09
392, 685, 7.593107673545861e-09
460, 837, 7.538843666594859e-09
392, 591, 7.454619877824337e-09
819, 915, 7.40384946067074e-09
125, 891, 7.346657465267058e-09
392, 1035, 7.269425362836203e-09
404, 921, 7.238898336813116e-09
493, 1153, 7.1802117862455995e-09
77, 343, 7.119129241417528e-09
310, 685, 7.098077420478171e-09
203, 601, 7.078776145944702e-09
392, 719, 6.987205187804377e-09
690, 767, 6.908732603617053e-09
520, 1183, 6.861574570378282e-09
329, 716, 6.830977591818949e-09
121, 338, 6.7671072633054414e-09
219, 716, 6.690409605731544e-09
767, 1153, 6.6616582652765285e-09
460, 754, 6.626981572089771e-09
203, 754, 6.585964126135457e-09
310, 1035, 6.57440245299805e-09
359, 670, 6.541638635408247e-09
819, 921, 6.450538324189124e-09
310, 719, 6.375951712108692e-09
189, 685, 6.360214338576121e-09
392, 1153, 6.2192859916955834e-09
177, 879, 6.215674829977706e-09
561, 1035, 6.160876562539669e-09
418, 670, 6.1351127703362175e-09
77, 381, 6.122842234924212e-09
533, 754, 6.101864638219398e-09
184, 685, 5.971504632838075e-09
189, 1035, 5.825163587974956e-09
493, 601, 5.735632973460702e-09
310, 591, 5.632927273621904e-09
125, 343, 5.598013171753081e-09
261, 1183, 5.5749991997730845e-09
45, 685, 5.535839857607286e-09
189, 1153, 5.532004194787773e-09
310, 1153, 5.423837118039638e-09
184, 1035, 5.389105172389839e-09
561, 1153, 5.344454655493475e-09
392, 639, 5.2962205388749046e-09
45, 1035, 5.281020920538597e-09
184, 1153, 5.132534943657092e-09
189, 591, 5.041506680906684e-09
325, 879, 5.015798237071168e-09
177, 403, 4.9600214215787215e-09
310, 639, 4.9197488571183405e-09
177, 931, 4.866920590293678e-09
819, 1162, 4.84473176499108e-09
184, 591, 4.747287126750546e-09
167, 1162, 4.69804498239512e-09
45, 1153, 4.679997630551348e-09
891, 1183, 4.631177172248311e-09
598, 1183, 4.5400893209832585e-09
121, 347, 4.457659354147797e-09
189, 719, 4.386493945541817e-09
754, 1183, 4.296976368946131e-09
261, 601, 4.290969737799178e-09
45, 591, 4.243577525110438e-09
189, 639, 4.196271841351588e-09
125, 210, 4.181396642666524e-09
856, 1162, 4.157498244758802e-09
201, 670, 4.1503748566445536e-09
77, 201, 4.117366149621218e-09
949, 1035, 4.090884910566186e-09
184, 719, 4.067240391301182e-09
125, 381, 4.0001279840893676e-09
609, 716, 3.941335115457462e-09
184, 639, 3.874560209413883e-09
45, 719, 3.79287911603027e-09
77, 210, 3.779157650061672e-09
736, 1162, 3.5931807001851094e-09
77, 548, 3.5911295783567933e-09
931, 1035, 3.564592609014048e-09
45, 639, 3.5356709360025075e-09
45, 152, 3.2385431181983015e-09
167, 524, 3.236103863561802e-09
425, 591, 3.201302995929957e-09
112, 1035, 3.076917934804964e-09
143, 1162, 3.061653066511498e-09
125, 201, 3.0263834935218043e-09
210, 1035, 2.9248949235924568e-09
520, 754, 2.8979172003328904e-09
338, 1162, 2.8871558565658488e-09
966, 2233, 2.835757076137943e-09
338, 524, 2.814941952870731e-09
503, 670, 2.8014662359756915e-09
1825, 2233, 2.7863855444472724e-09
425, 1035, 2.7347010906911158e-09
181, 343, 2.6443009082837477e-09
112, 685, 2.6032734473550177e-09
210, 685, 2.5978215310794e-09
77, 1298, 2.5820289223355897e-09
493, 1183, 2.5674912931728303e-09
598, 754, 2.5657030111714775e-09
210, 1153, 2.5553704288522498e-09
177, 576, 2.5268691607304956e-09
210, 591, 2.509933208030854e-09
125, 548, 2.502698260697746e-09
767, 1183, 2.497085193734345e-09
425, 685, 2.477531799963941e-09
112, 1153, 2.4618645237986635e-09
112, 591, 2.403167045419932e-09
924, 1183, 2.333245545810364e-09
143, 206, 2.3184584620801293e-09
167, 341, 2.2869371741769395e-09
392, 601, 2.272274209206099e-09
392, 1183, 2.2279204625726987e-09
325, 576, 2.185866881560934e-09
121, 365, 2.1730011151386172e-09
858, 1035, 2.1676047884861307e-09
121, 199, 2.118593527259846e-09
425, 1153, 2.091568694142088e-09
261, 754, 2.0836302549257984e-09
425, 639, 2.0618062334784424e-09
395, 670, 2.0215493294494902e-09
189, 1183, 1.988422180849271e-09
181, 381, 1.9860743824843704e-09
143, 524, 1.9772770907833914e-09
365, 1162, 1.9638315220722814e-09
561, 1183, 1.953705576334552e-09
310, 1183, 1.9428324173016633e-09
210, 639, 1.9039584167553556e-09
365, 524, 1.8876193338296695e-09
359, 716, 1.87689976209115e-09
112, 639, 1.8739552074505036e-09
598, 972, 1.8612726706122777e-09
184, 1183, 1.8501097014681137e-09
177, 561, 1.8059102427834767e-09
688, 1035, 1.8055841892059605e-09
77, 403, 1.7926964473101508e-09
310, 601, 1.7806234127681385e-09
359, 767, 1.727235790380491e-09
418, 767, 1.7233593010397004e-09
45, 1183, 1.7115284220264872e-09
329, 1035, 1.6932432502445965e-09
325, 561, 1.6861277601806407e-09
125, 1298, 1.6751424212292077e-09
1044, 1183, 1.629717809734902e-09
189, 601, 1.4179962854147078e-09
203, 1162, 1.3953084632041728e-09
143, 341, 1.375060184645287e-09
219, 1153, 1.3606946312103256e-09
949, 1153, 1.3452983994406284e-09
184, 601, 1.3307662890827179e-09
566, 837, 1.3117304441154898e-09
45, 189, 1.2988057515499459e-09
460, 1162, 1.285656180281883e-09
329, 591, 1.2716883285438188e-09
767, 972, 1.2558509992030651e-09
688, 1153, 1.2542578446675518e-09
329, 1153, 1.2482919823504802e-09
858, 1153, 1.2469238988884786e-09
1101, 1183, 1.2438851965522689e-09
77, 879, 1.23969295779991e-09
966, 1603, 1.2309506833259854e-09
957, 1183, 1.2245601636592008e-09
219, 591, 1.2234452999140072e-09
45, 601, 1.1789168728389718e-09
112, 189, 1.1756979041798091e-09
931, 1153, 1.154132392941985e-09
125, 403, 1.1373191444462007e-09
533, 837, 1.1027681269685093e-09
77, 576, 1.0446724199198422e-09
325, 931, 1.040174571643163e-09
181, 548, 1.0258300348236097e-09
219, 1035, 9.91855539166666e-10
1002, 1603, 9.879171301835283e-10
493, 972, 9.770317562303492e-10
325, 450, 9.75471722926874e-10
203, 524, 9.411716434794778e-10
460, 524, 9.392743893294253e-10
609, 767, 9.093960594596569e-10
520, 837, 8.870174701486669e-10
325, 434, 8.520384677443411e-10
177, 1056, 8.422097893608298e-10
404, 548, 8.189731089228939e-10
425, 601, 8.087579224097366e-10
203, 341, 7.776560468166506e-10
77, 561, 7.347630140216082e-10
325, 1056, 7.237745814362043e-10
261, 341, 6.93340272865987e-10
125, 576, 6.762842073298671e-10
418, 716, 6.745284334443165e-10
181, 1298, 6.681731621490087e-10
329, 639, 6.607646968282133e-10
418, 591, 6.556611292984945e-10
329, 685, 6.505445308021707e-10
639, 716, 6.433731665042379e-10
177, 450, 6.34958186843011e-10
210, 719, 6.26111039961959e-10
219, 639, 6.214145076160501e-10
112, 719, 6.030772885446466e-10
261, 837, 6.023330711890989e-10
598, 837, 5.778773277854427e-10
219, 685, 5.724613107551826e-10
425, 719, 5.700185066411941e-10
181, 403, 5.4900939498426e-10
261, 524, 5.130253866993837e-10
125, 561, 4.980446277868992e-10
767, 837, 4.956414489037819e-10
210, 601, 4.858112312760269e-10
112, 601, 4.761281080575399e-10
566, 1162, 4.6172809155723516e-10
503, 591, 4.5294280129628343e-10
359, 591, 4.429170116606466e-10
177, 434, 4.1865042533317556e-10
167, 343, 4.180085235495291e-10
392, 524, 3.991841810166649e-10
325, 409, 3.925129423467183e-10
77, 1056, 3.903234164024112e-10
112, 206, 3.76183584591774e-10
177, 552, 3.653350916864236e-10
325, 552, 3.475065719685694e-10
167, 381, 3.113096037202056e-10
1050, 1603, 3.055720174593825e-10
875, 1603, 2.9662075782185863e-10
45, 206, 2.853838432194491e-10
181, 576, 2.749438116971664e-10
838, 1603, 2.711297774936593e-10
77, 450, 2.6034405955833766e-10
125, 1056, 2.561299349274075e-10
425, 524, 2.5526009940031803e-10
143, 343, 2.508334797184495e-10
310, 524, 2.4593361668330947e-10
404, 576, 2.1036195183307002e-10
329, 601, 2.0635920927106916e-10
177, 409, 2.0054687713722885e-10
181, 561, 1.9900930662567145e-10
418, 639, 1.9598295926131412e-10
219, 601, 1.9534792100279583e-10
201, 591, 1.9491612125045353e-10
189, 524, 1.9301037529878602e-10
819, 1603, 1.8923706107062007e-10
143, 381, 1.863914210105723e-10
639, 767, 1.8630744905706408e-10
184, 524, 1.8087156933779568e-10
125, 450, 1.7739511293000392e-10
201, 767, 1.7681186064705017e-10
77, 434, 1.7527343788728887e-10
359, 639, 1.6217080231389385e-10
189, 341, 1.5928193820308154e-10
404, 561, 1.5490753220135456e-10
856, 1603, 1.5183570238340801e-10
576, 767, 1.490346169876221e-10
184, 341, 1.460183651164153e-10
167, 548, 1.444630281188157e-10
77, 552, 1.4385701922645266e-10
45, 524, 1.413241017921914e-10
591, 670, 1.4026390623554163e-10
203, 343, 1.400147698616297e-10
395, 591, 1.380365037910815e-10
261, 343, 1.3482590650221647e-10
177, 338, 1.347740357146314e-10
460, 548, 1.2685055809925245e-10
338, 548, 1.2392036127271865e-10
125, 434, 1.1458687919582183e-10
418, 601, 1.0444296277192445e-10
203, 381, 1.0198485561961548e-10
201, 639, 1.0154398966256565e-10
125, 552, 9.969697026052069e-11
210, 341, 9.880045358379125e-11
503, 601, 9.877494774525578e-11
143, 548, 9.46889159411186e-11
45, 341, 9.364468787498874e-11
503, 639, 9.315546734903867e-11
181, 1056, 9.27176841160582e-11
359, 601, 9.069107403357964e-11
177, 347, 8.953490097844541e-11
261, 381, 8.861297319914379e-11
167, 403, 8.434036645628383e-11
365, 548, 8.365019134719538e-11
143, 210, 8.262486166942426e-11
77, 409, 7.441480807146781e-11
609, 685, 7.38132107436909e-11
181, 450, 6.958624107549318e-11
210, 524, 6.605145855610155e-11
112, 341, 6.472670730945448e-11
112, 524, 6.199412942860773e-11
219, 341, 6.182251120093853e-11
338, 403, 5.8138897795158547e-11
404, 1056, 5.510981930636704e-11
966, 1056, 5.4395784483676134e-11
576, 685, 5.4247916015555e-11
143, 403, 4.953507480083195e-11
359, 685, 4.8004084799299076e-11
125, 409, 4.719646472388372e-11
181, 434, 4.6368503703804846e-11
329, 524, 4.528436627601312e-11
177, 365, 4.516921714703844e-11
418, 685, 4.375688489074876e-11
167, 576, 4.1042814380245955e-11
181, 552, 4.0427823000534455e-11
77, 338, 3.988996054426301e-11
418, 524, 3.9672612658339646e-11
493, 837, 3.535686277200506e-11
219, 524, 3.498274602185895e-11
201, 716, 3.3810641742703015e-11
576, 716, 3.3552880453130843e-11
404, 552, 3.182648548222569e-11
338, 576, 3.163600046370858e-11
125, 338, 3.146992266017469e-11
1558, 1645, 3.1374974953400554e-11
310, 381, 3.1347802602056104e-11
203, 548, 3.0235176985638333e-11
957, 1645, 2.9456148650779895e-11
189, 343, 2.9028125465103314e-11
167, 561, 2.843496535336331e-11
1057, 1645, 2.7966694612624795e-11
203, 403, 2.754950628187336e-11
924, 1645, 2.708665133107441e-11
460, 576, 2.697589545008006e-11
143, 576, 2.6923712846461843e-11
184, 343, 2.668158601118737e-11
77, 347, 2.663429379712705e-11
460, 561, 2.480705258037245e-11
338, 561, 2.3921947168207707e-11
503, 716, 2.276423820073402e-11
181, 409, 2.229530451077975e-11
189, 381, 2.1788964638957664e-11
125, 347, 2.080912680087791e-11
365, 576, 2.0374487477096563e-11
184, 381, 1.9943368003714083e-11
143, 561, 1.922651489439565e-11
261, 403, 1.9013407340994225e-11
338, 450, 1.8851031619374776e-11
210, 343, 1.7533443652515148e-11
45, 343, 1.7138522556021943e-11
310, 403, 1.6588760778522494e-11
395, 716, 1.5891650379309026e-11
261, 548, 1.5673256938105925e-11
201, 341, 1.5532247698423448e-11
338, 434, 1.5171641926414945e-11
365, 561, 1.5039277414277768e-11
181, 338, 1.4873245426867678e-11
45, 381, 1.4521434656395959e-11
77, 365, 1.4189636474442665e-11
365, 450, 1.3814564085584911e-11
77, 199, 1.2725581511340995e-11
210, 381, 1.1907127644292452e-11
112, 343, 1.1704074063701312e-11
167, 450, 1.1278568776293241e-11
219, 343, 1.0875664062447553e-11
125, 365, 1.023552617627475e-11
181, 347, 9.857996039812578e-12
112, 210, 9.711897583691848e-12
329, 719, 9.291421001088443e-12
112, 201, 9.199600884424797e-12
219, 719, 9.154591641549854e-12
112, 381, 8.458770929462445e-12
125, 199, 8.24057139120577e-12
143, 450, 7.605627495952871e-12
45, 210, 7.443658160507303e-12
167, 434, 7.30175843101327e-12
45, 201, 7.202802462963452e-12
219, 381, 6.481177656604268e-12
167, 552, 6.3416379531144954e-12
609, 719, 5.851348822265148e-12
460, 552, 5.766438960818125e-12
181, 365, 5.010364387996744e-12
143, 434, 4.781312426641573e-12
365, 434, 4.69248798735592e-12
189, 403, 4.685711348253592e-12
184, 403, 4.321360233352814e-12
338, 409, 3.5929998619644006e-12
203, 450, 3.5076571430300703e-12
167, 409, 3.383618153364194e-12
45, 403, 3.209771133433379e-12
201, 343, 2.793135215140927e-12
210, 403, 2.459045442090723e-12
203, 434, 2.454018796244701e-12
261, 450, 2.440399142961149e-12
167, 338, 2.3503996273895987e-12
329, 403, 2.1027771604758067e-12
143, 409, 2.0319594496743762e-12
112, 403, 1.805557036387857e-12
201, 381, 1.7972939461159946e-12
261, 434, 1.6531945399522286e-12
167, 347, 1.5522796324637635e-12
143, 338, 1.4196237148484495e-12
1070, 1153, 1.3107048372850326e-12
980, 1153, 1.3094173414149236e-12
219, 403, 1.2361646023956357e-12
203, 409, 1.1211478209146706e-12
310, 450, 1.115351984653213e-12
310, 434, 1.020376088017046e-12
143, 347, 9.304399821008768e-13
359, 1153, 8.843109690953582e-13
45, 137, 8.415662074416286e-13
203, 338, 8.213647781950678e-13
418, 1153, 8.169607418590439e-13
167, 365, 7.726975570486152e-13
261, 409, 7.54913723459923e-13
690, 1153, 7.140437837755225e-13
310, 409, 6.69367286705735e-13
261, 338, 6.367429705143169e-13
261, 347, 5.502671588701608e-13
203, 347, 5.082890186011872e-13
143, 365, 4.737717289230309e-13
561, 754, 4.306853856616294e-13
493, 754, 4.282742118157359e-13
392, 754, 3.7787819337359205e-13
310, 754, 3.417462591870692e-13
189, 754, 3.1530659369672107e-13
184, 754, 2.9193347785551793e-13
261, 365, 2.8365432672806535e-13
203, 365, 2.5062740460126297e-13
45, 121, 2.3087271669958845e-13
189, 338, 1.6499981854037356e-13
184, 338, 1.5053105854158291e-13
189, 347, 1.0769602584673557e-13
210, 338, 1.0551202201455314e-13
184, 347, 9.936632987546961e-14
45, 338, 9.512853193129888e-14
112, 338, 6.684884650423861e-14
219, 338, 6.68067605683888e-14
45, 347, 6.525915760428679e-14
210, 347, 6.320232485040345e-14
189, 365, 5.518631539812896e-14
184, 365, 5.07390939660291e-14
112, 347, 4.343714121998636e-14
219, 347, 3.848341800998153e-14
45, 365, 3.491279296343212e-14
210, 365, 2.973590441599165e-14
112, 199, 2.681937660540258e-14
45, 199, 2.1617027360976035e-14
112, 365, 2.111071435076741e-14
219, 365, 1.6769626581158785e-14
201, 338, 1.641901488690934e-14
201, 347, 1.0251315778666002e-14
201, 365, 5.107376827284255e-15
404, 1298, 1.6843132837129036e-15
167, 1517, 1.6303520032421467e-15
875, 1298, 8.559983905879387e-16
