Gene = Apoc4
index = 132
Annotated 5SS: [ 175 2870]
Annotated 3SS: [2736 3166]
SMsplice 5SS: [175]
SMsplice 3SS: [2736]
length: 3397
Partition function (logZ) = -9.450419085068695
#Introns = 1883
5SS, 3SS, prob
175, 2736, 0.40742977034236705
175, 1014, 0.09364729798520989
175, 2590, 0.08532844811096811
2870, 3166, 0.08277393200770893
175, 1892, 0.06111288576262847
2799, 3166, 0.0488195744964662
2870, 3242, 0.040529381563189935
175, 1925, 0.03921693230301799
175, 540, 0.02661511825179836
175, 3166, 0.026456814747020427
621, 2736, 0.025095861703644248
2799, 3242, 0.023412816927817964
175, 1813, 0.022967184979008796
2870, 3197, 0.021465894408921996
175, 689, 0.01742634070116891
175, 2751, 0.015078217400961897
175, 3242, 0.013441062137097936
2625, 2736, 0.013305817403116253
2799, 3197, 0.011883669418516688
2083, 2736, 0.011843885763279775
113, 2736, 0.011511852349753389
175, 522, 0.010757342581367076
1199, 2736, 0.010301201277398848
2870, 3059, 0.010049072241710798
2870, 3023, 0.007661464174811103
2870, 3149, 0.006951620723888516
175, 3197, 0.006803660467284898
2870, 3210, 0.00662894264068819
2615, 2736, 0.006612054508301081
175, 2689, 0.006558367677331153
621, 1014, 0.006544365604699882
621, 2590, 0.005159083904451725
255, 2736, 0.005056023708592206
175, 1141, 0.004667358232285809
2799, 3059, 0.004572911002419156
2870, 3129, 0.004377064616153657
200, 2736, 0.004324972171316379
2799, 3149, 0.004285972944459566
2661, 2736, 0.0042769220302757704
162, 2736, 0.0042491208909180905
175, 836, 0.004098662105496123
171, 2736, 0.003810015454423116
2799, 3023, 0.003703087726099915
2799, 3210, 0.0036995779174706332
621, 1892, 0.0036775502578158302
175, 1575, 0.003575282334930991
175, 2007, 0.0035710479197832608
175, 1449, 0.003123418615075828
175, 1596, 0.002734912567583888
175, 1284, 0.0026923953751991866
2799, 3129, 0.0026332977571704125
175, 1358, 0.0025598019799345476
113, 1014, 0.0025295428655269497
175, 380, 0.0025088890958618725
175, 3059, 0.0024258382331392657
113, 2590, 0.0024109394241408335
2083, 2590, 0.0023735073996915155
621, 1925, 0.0023298304728215143
243, 2736, 0.002264909089204649
175, 3149, 0.00225328086568347
2649, 2736, 0.002232055764379865
175, 3210, 0.00208817828976898
1199, 2590, 0.0020433945157094916
175, 326, 0.0018611927465069875
113, 1892, 0.0017267332158264932
621, 689, 0.001696464500811159
2870, 3027, 0.0016833937175304214
175, 3023, 0.0016687749621186498
621, 3166, 0.0016358221117109438
175, 1339, 0.0016001193644078306
2644, 2736, 0.0015959335842308429
1199, 1892, 0.0015759468844783171
175, 1859, 0.0015524616403654145
175, 2316, 0.0014989182259772787
621, 1813, 0.0014059603970770027
175, 2785, 0.001398140476755094
175, 3129, 0.00139415977995297
175, 2660, 0.0013437355368786524
255, 1014, 0.001309208110132374
2870, 3030, 0.001279780087393411
2057, 2736, 0.0012446884957514593
175, 555, 0.0012075234870966502
175, 239, 0.0012030108729315491
113, 1925, 0.0011080671250489438
138, 2736, 0.001099020577172506
592, 2736, 0.0010982391572736496
175, 1363, 0.0010712027851780108
2835, 3166, 0.0010648065211950396
255, 2590, 0.0010588883976345325
175, 2209, 0.0010583849391579121
175, 1018, 0.0010383031961178311
200, 1014, 0.001022105588405137
162, 1014, 0.0009857671982825673
2870, 3185, 0.0009827782520857818
175, 2755, 0.0009632596002386478
621, 2751, 0.0009289385975223784
1199, 1925, 0.0009173043819125514
200, 2590, 0.0009057835002862939
162, 2590, 0.0008898978863357558
171, 1014, 0.0008794782624892448
175, 2780, 0.0008314782961236401
621, 3242, 0.0008305859881320406
2799, 3027, 0.0008183136781314997
2870, 2989, 0.0008166012197549592
171, 2590, 0.0007979355699303514
2870, 3289, 0.0007779431779345072
2040, 2736, 0.000772787648978356
175, 877, 0.0007666937004714799
255, 1892, 0.0007583839518076722
113, 3166, 0.0007475323778047596
2870, 2960, 0.0007460373449386968
113, 540, 0.0007252441929180309
2083, 3166, 0.0007113360707584783
2223, 2736, 0.0006844677177168888
113, 1813, 0.0006489335380319638
200, 1892, 0.0006487290558323737
669, 2736, 0.0006415888597732185
162, 1892, 0.0006373516578822092
1199, 3166, 0.0006311676604394982
2799, 3030, 0.0006190077235026353
41, 2736, 0.0006042633472313838
175, 1288, 0.0005986339700606258
2870, 3254, 0.0005985789558662935
1199, 1813, 0.0005876760238160718
243, 1014, 0.0005769214764171353
171, 1892, 0.0005714875450175131
175, 1865, 0.000563409113530656
2127, 2736, 0.0005613283100628915
2870, 3301, 0.0005585174735725211
175, 550, 0.0005514259762543422
175, 863, 0.0005501014313994404
2870, 3371, 0.0005495553838516208
2799, 3185, 0.0005419634613248675
2010, 2736, 0.0005410292568033684
175, 1155, 0.0005332846842588635
175, 1071, 0.0005326752859674239
175, 1640, 0.0005285924003718469
2835, 3242, 0.000503347978073544
255, 1925, 0.0004866648289733382
243, 2590, 0.0004743423082016297
113, 689, 0.00046835785829095093
2799, 3289, 0.0004434498875485902
113, 2751, 0.00042603222703018633
621, 3197, 0.00042051730133674963
2083, 2751, 0.0004195129600296045
200, 1925, 0.0004162978584319555
175, 2566, 0.0004150304471700009
162, 1925, 0.0004089968344395811
621, 2689, 0.00040353637818427314
2210, 2736, 0.00040113722475715167
3136, 3242, 0.000384020154527756
175, 1549, 0.00038371176467048715
113, 3242, 0.0003797747096784547
175, 1465, 0.0003735056366023296
175, 3027, 0.0003732353266934982
2870, 3281, 0.00037205065201098895
175, 510, 0.00036927483260196426
171, 1925, 0.00036673097801372443
1199, 2751, 0.0003580389420865369
2625, 2751, 0.000353735814798909
2799, 3254, 0.0003479788897180972
2083, 3242, 0.0003410845201227166
243, 1892, 0.0003397275813080401
621, 836, 0.0003313887170178599
255, 540, 0.00033057185033612204
255, 3166, 0.0003283173993455661
2799, 3301, 0.00032444031696372047
2799, 3371, 0.00032274566026109616
175, 437, 0.0003209735655851343
1199, 3242, 0.000320657033887628
175, 2693, 0.00031759264359084295
175, 3185, 0.00031174451248219023
621, 1141, 0.0003045073762223331
175, 1756, 0.0003040881136822932
175, 1197, 0.000298441513232984
592, 1014, 0.0002979949792142832
2135, 2736, 0.00029748863925630506
200, 540, 0.0002906476253009546
255, 1813, 0.000285012633406519
175, 3030, 0.00028415265216139664
2625, 3166, 0.0002831063661933925
113, 522, 0.00028195149718322353
200, 3166, 0.0002808459171414596
175, 1634, 0.00027736936418810065
162, 3166, 0.00027592044674165135
2835, 3197, 0.0002698391574778604
162, 540, 0.00026613479584589354
175, 3289, 0.00026244043361978706
175, 2691, 0.00026086100488634473
2799, 2989, 0.00025973187252772284
239, 2736, 0.0002577752559432766
175, 2609, 0.0002501646387943556
2057, 2590, 0.0002480116787213038
171, 3166, 0.0002474067444218746
138, 1014, 0.0002470015865394688
171, 540, 0.00024566669531209963
200, 1813, 0.00024380259646765247
162, 1813, 0.0002395267911274141
175, 1929, 0.00023401355713398026
2870, 2982, 0.00023349776425188535
138, 2590, 0.00023016904290854373
592, 2590, 0.0002271103549000536
621, 1575, 0.0002241722416532789
175, 1815, 0.0002224362082902152
1199, 1284, 0.00021912297477888126
255, 689, 0.00021906113594523898
243, 1925, 0.0002180076000562991
171, 1813, 0.00021477402017306264
2799, 3281, 0.00021223815164869323
2661, 2751, 0.0002113903959534696
621, 2007, 0.00020909625950453012
175, 2614, 0.00020829328184994664
175, 1667, 0.00020758739502082683
175, 3254, 0.00020663293669852145
2870, 3062, 0.00020577717249328488
2870, 2939, 0.0002037846067243977
1670, 2736, 0.00019762658740541945
175, 340, 0.0001962606610631381
175, 1116, 0.0001960432991594688
175, 3371, 0.00019386605495125283
113, 3197, 0.000192236160532458
175, 2029, 0.00019073243953310318
175, 3301, 0.00018982282390904047
255, 2751, 0.00018711402605290538
175, 1161, 0.00018580431550924853
669, 1014, 0.00018546298097011217
113, 2689, 0.00018530545839443374
1429, 2736, 0.00018339982594862072
175, 1821, 0.00018311464316407455
175, 2425, 0.00018184393691177435
175, 620, 0.00018171837848436653
162, 689, 0.00018169805660805268
621, 1449, 0.00018012929672448532
2799, 2960, 0.0001796222852180675
200, 689, 0.00017943520704068183
621, 1284, 0.00017884194436849747
175, 421, 0.00017852634314500786
2615, 2751, 0.00017825872273747036
175, 1843, 0.00017549604318786393
1162, 2736, 0.0001738170618460262
2083, 2689, 0.00017360418595252245
2083, 3197, 0.00017265177721013095
3099, 3166, 0.00017173746048870217
175, 2094, 0.0001716500192316364
2615, 3166, 0.00017056766051663295
175, 658, 0.00016900101410687827
621, 1596, 0.00016871969668330012
2799, 2884, 0.00016868205746520178
255, 3242, 0.00016679765147431955
138, 1892, 0.0001648488251780983
171, 689, 0.00016350343624548986
175, 869, 0.00016234505100036183
1199, 3197, 0.00016231169551673004
592, 1892, 0.00016229212773796948
621, 1358, 0.00016201609832864375
200, 2751, 0.00016005916945494554
592, 689, 0.00015922498126328774
2040, 2590, 0.0001576475169631879
162, 2751, 0.00015725205475877217
1199, 2689, 0.00015539863859905548
175, 1898, 0.0001532601585814317
243, 540, 0.00015024428829383407
621, 3059, 0.00015006215761986224
41, 1014, 0.0001488011856509236
243, 3166, 0.0001470738874618242
2223, 2590, 0.0001431029872453548
200, 3242, 0.00014268034377319476
171, 2751, 0.00014100157991533654
162, 3242, 0.0001401780185941706
621, 3149, 0.00013932012221521534
2625, 3242, 0.00013882844388919324
2870, 3072, 0.00013316461250929547
2870, 3032, 0.000131006426068371
255, 522, 0.00013048705429978292
621, 3210, 0.0001290650971408727
113, 1141, 0.00012904696151102153
175, 1960, 0.00012823436730954467
243, 1813, 0.000127674975661915
41, 2590, 0.00012655151248831372
175, 3281, 0.00012644902683383585
2799, 2939, 0.00012629708005171308
171, 3242, 0.0001256919798059225
175, 991, 0.00011875330657774052
175, 2989, 0.00011692813413640132
200, 522, 0.0001133875008926601
2127, 2590, 0.00011240354555879417
2010, 2590, 0.00011122807707584989
162, 522, 0.00011031580534518024
2870, 2957, 0.00010822050531536853
2661, 3166, 0.00010819268329520035
669, 2590, 0.00010714991101584112
2870, 2992, 0.00010620776462444423
113, 836, 0.00010603981789869887
138, 1925, 0.00010578563156634433
592, 1925, 0.00010324544153540626
582, 2736, 0.00010240268479155046
175, 2782, 0.00010230764069196264
485, 2736, 0.00010196971537913286
1199, 1358, 0.00010114908760016309
113, 1575, 0.00010101893711355821
113, 2007, 0.00010089929450146553
3099, 3197, 0.00010049450806890797
171, 522, 0.00010042399086133033
2835, 3059, 0.00010005858431161297
175, 1344, 9.873700617875153e-05
1273, 2736, 9.79968778387402e-05
3099, 3242, 9.726522250715755e-05
621, 1339, 9.649582119750314e-05
2870, 3326, 9.61232150676489e-05
2615, 2689, 9.590518735455275e-05
243, 689, 9.567953339554513e-05
2799, 3062, 9.540252941792296e-05
669, 1892, 9.419783271538714e-05
621, 1859, 9.405379921125629e-05
1460, 2736, 9.34391732586182e-05
1199, 1575, 9.273551147444948e-05
1199, 1449, 9.084890153041115e-05
41, 1892, 9.063715908354926e-05
175, 854, 8.918635956985203e-05
175, 1157, 8.854451946213887e-05
113, 1449, 8.825161178823443e-05
175, 2009, 8.653275620374967e-05
175, 471, 8.553088400204568e-05
175, 1943, 8.492680819394446e-05
2615, 3242, 8.471748881488658e-05
255, 3197, 8.443042490218077e-05
2625, 2689, 8.410114651907456e-05
243, 2751, 8.382006943612626e-05
2210, 2590, 8.304205235365647e-05
255, 2689, 8.138644959200444e-05
175, 1180, 7.964161714780444e-05
2835, 3149, 7.945158492652934e-05
175, 1689, 7.848205406065995e-05
2870, 3095, 7.837917068487105e-05
1199, 2007, 7.742130630468103e-05
113, 1596, 7.727444570644501e-05
2835, 3023, 7.717263460198966e-05
175, 2398, 7.62026950620002e-05
175, 1469, 7.612839482673866e-05
113, 1284, 7.607313034687408e-05
2799, 2982, 7.603981584334212e-05
175, 2960, 7.493491056582444e-05
243, 3242, 7.47190952131363e-05
175, 1619, 7.294593803599155e-05
621, 1018, 7.244838523845804e-05
113, 1358, 7.23267286355893e-05
200, 3197, 7.222261191018486e-05
2057, 3166, 7.220640632093823e-05
175, 591, 7.151296955272061e-05
138, 3166, 7.136587929984384e-05
162, 3197, 7.095597310417623e-05
2625, 3197, 7.085364807281321e-05
1199, 1596, 7.009047902140622e-05
1199, 1339, 6.986524180168634e-05
175, 692, 6.973224354434135e-05
175, 1393, 6.964215761859513e-05
175, 958, 6.922369847519612e-05
2835, 3210, 6.917769681990914e-05
621, 1363, 6.901719462069157e-05
113, 3059, 6.854160789679024e-05
138, 540, 6.789208911419934e-05
239, 1014, 6.548422769685032e-05
113, 3149, 6.366603158742035e-05
171, 3197, 6.362336140832414e-05
2799, 3032, 6.343618663693615e-05
2799, 3072, 6.335573917410942e-05
2083, 3059, 6.238316324776593e-05
621, 3023, 6.229051865613364e-05
2870, 3177, 6.215187612894982e-05
138, 1813, 6.195278482092108e-05
592, 1813, 6.170552252244139e-05
2135, 2590, 6.12011753205475e-05
2799, 3326, 6.0307201595761125e-05
113, 239, 5.9783242630763584e-05
113, 3210, 5.9001089025922335e-05
2083, 2209, 5.862257229886082e-05
896, 1014, 5.8215119390497825e-05
41, 1925, 5.8163041845604556e-05
1199, 3059, 5.797993111626594e-05
243, 522, 5.796030503030663e-05
175, 3062, 5.7726731348227966e-05
2083, 3149, 5.72287717843158e-05
2870, 3222, 5.7168714781594894e-05
113, 380, 5.651781730561117e-05
175, 2356, 5.4889060503707874e-05
621, 877, 5.4668079235616257e-05
175, 1185, 5.41210597397551e-05
175, 1478, 5.387572699331293e-05
1199, 3149, 5.378608532581106e-05
2083, 3210, 5.2990253495718814e-05
2661, 3242, 5.2823678396080846e-05
2870, 3065, 5.261274097318564e-05
175, 402, 5.249714834245487e-05
2799, 2898, 5.245812639380653e-05
621, 2316, 5.169357850022194e-05
255, 1141, 5.147053114799073e-05
1199, 1288, 5.13301969067774e-05
621, 3129, 5.1236646225424316e-05
200, 1141, 5.050027576373829e-05
1199, 3210, 4.9816677417015086e-05
255, 380, 4.89993183590018e-05
175, 582, 4.867001314493776e-05
255, 836, 4.859432539826837e-05
175, 607, 4.849210271093006e-05
2835, 3129, 4.8331172266549606e-05
162, 1141, 4.811724496491072e-05
175, 2939, 4.770971147570602e-05
113, 3023, 4.7150926042375954e-05
2040, 3166, 4.649057862884779e-05
138, 689, 4.603451069853518e-05
113, 1339, 4.521107490394096e-05
255, 1575, 4.4367676508105676e-05
255, 2007, 4.431512928417334e-05
2083, 3023, 4.419167575184254e-05
113, 1859, 4.386451477889012e-05
669, 1925, 4.373202680497343e-05
175, 1506, 4.346231741872008e-05
171, 1141, 4.343505598816214e-05
113, 326, 4.3373271361076614e-05
175, 2472, 4.293587059430296e-05
162, 836, 4.280159326851469e-05
200, 836, 4.266811114869584e-05
592, 3166, 4.2531650316616465e-05
2615, 3197, 4.244787121788586e-05
113, 2316, 4.235165556828344e-05
1670, 1892, 4.2085292937201956e-05
1199, 1363, 4.203022732680122e-05
175, 1410, 4.17390234664398e-05
2083, 2316, 4.1621019123469904e-05
2649, 3166, 4.094040342881967e-05
621, 863, 4.045668065106417e-05
2223, 3166, 4.027967951133933e-05
2799, 3095, 4.017781634493388e-05
621, 2660, 3.9982227176508085e-05
621, 1288, 3.978316375216818e-05
175, 3326, 3.955952941432622e-05
113, 3129, 3.9391725168479494e-05
41, 3166, 3.9238378242908646e-05
1199, 1859, 3.918577474385808e-05
255, 1449, 3.876024708850164e-05
239, 1892, 3.866528888072184e-05
171, 836, 3.838004221253253e-05
621, 2209, 3.8296034601247866e-05
200, 1575, 3.7952544778899684e-05
200, 2007, 3.790759536918857e-05
243, 3197, 3.78216653615345e-05
200, 2689, 3.769457931761151e-05
162, 1575, 3.728693376411795e-05
2870, 3315, 3.725801936427388e-05
162, 2007, 3.7242772676306754e-05
162, 2689, 3.703349249622622e-05
2057, 3242, 3.668358429903471e-05
896, 2736, 3.647968496848932e-05
41, 540, 3.6412325027984294e-05
2649, 2751, 3.6330547142514746e-05
138, 3242, 3.6256564794742015e-05
448, 2736, 3.538987303034233e-05
2460, 2736, 3.5378837220930474e-05
2799, 3177, 3.512106250004843e-05
41, 1813, 3.4062871891359736e-05
2127, 3166, 3.3943868405187214e-05
255, 1596, 3.393905843211042e-05
2010, 3166, 3.38685046472395e-05
621, 1155, 3.382144744660478e-05
113, 555, 3.36366879522703e-05
171, 1575, 3.34336907648315e-05
255, 1284, 3.3411438831463086e-05
171, 2007, 3.339409329717532e-05
171, 2689, 3.320644019412628e-05
200, 1449, 3.3155894764938123e-05
150, 2736, 3.299720179631249e-05
1238, 2736, 3.2892369654684103e-05
162, 1449, 3.257440730766605e-05
2799, 3222, 3.255385428404269e-05
621, 2785, 3.248278056883795e-05
255, 1358, 3.1766013291013716e-05
175, 625, 3.1589857702464355e-05
3136, 3210, 3.124756513842764e-05
113, 1363, 3.0266635374365352e-05
2870, 3262, 2.9566902789798526e-05
200, 380, 2.923379957314871e-05
175, 1788, 2.923277911941435e-05
171, 1449, 2.920815821600817e-05
200, 1596, 2.9031802795962184e-05
200, 1284, 2.858047182495361e-05
175, 1608, 2.8571224594444433e-05
1429, 1892, 2.854450200447444e-05
162, 1596, 2.852264358588701e-05
247, 2736, 2.8189641385505102e-05
113, 1018, 2.8173696283798108e-05
162, 1284, 2.807922804893877e-05
175, 1209, 2.803481350893495e-05
2517, 2736, 2.80038979763995e-05
255, 326, 2.7541949047165006e-05
1550, 2736, 2.7435918519092614e-05
200, 1358, 2.7172958711373256e-05
162, 239, 2.6961017168430348e-05
162, 1358, 2.6696399873807382e-05
621, 1071, 2.669495888426258e-05
1162, 1892, 2.5810636331239995e-05
200, 326, 2.5738814461399914e-05
175, 974, 2.5643471392869822e-05
171, 1596, 2.5575104981245056e-05
41, 689, 2.5510200466031912e-05
162, 380, 2.531837383194042e-05
171, 1284, 2.517751213983764e-05
669, 1813, 2.4802806175765275e-05
485, 1014, 2.4487804401667114e-05
239, 2590, 2.409349212996503e-05
89, 2736, 2.397616916189509e-05
582, 1014, 2.3942003857836755e-05
171, 1358, 2.393758584606633e-05
175, 1793, 2.3887208862949722e-05
171, 380, 2.320550805727296e-05
2644, 2751, 2.3130522716354017e-05
243, 1141, 2.2891080601556193e-05
2799, 3315, 2.2848074045644628e-05
2500, 2736, 2.27513781425491e-05
113, 877, 2.2163969232883034e-05
175, 302, 2.212492696812608e-05
243, 836, 2.186639514488605e-05
2057, 2751, 2.1287261813061175e-05
1670, 1813, 2.1276681506186094e-05
175, 1396, 2.1075731918109485e-05
138, 522, 2.0538965425197548e-05
138, 2751, 2.000792303688719e-05
243, 1575, 1.987505589013159e-05
255, 1339, 1.985677540505982e-05
175, 573, 1.985395116542373e-05
243, 326, 1.9844366070837612e-05
243, 2689, 1.973996408032812e-05
175, 424, 1.9442189425484936e-05
621, 1640, 1.9413390828399346e-05
1635, 2736, 1.9299797368503276e-05
621, 2755, 1.910836515143945e-05
162, 326, 1.8651499522769467e-05
243, 380, 1.848042981795831e-05
448, 1014, 1.8464024727243512e-05
113, 2660, 1.8462271421330114e-05
175, 649, 1.841484594063502e-05
175, 1669, 1.8141894473537605e-05
175, 2716, 1.7449666177574515e-05
243, 1449, 1.7363137712621366e-05
175, 2641, 1.73177609904197e-05
171, 326, 1.7119728649306046e-05
2083, 2660, 1.7095315607840062e-05
200, 1339, 1.698568004992117e-05
113, 1288, 1.691429143504587e-05
1982, 2736, 1.6768362226878818e-05
162, 1339, 1.668778551345068e-05
1670, 2590, 1.6591843112664808e-05
1429, 2590, 1.5800598723440097e-05
113, 863, 1.5523305829931723e-05
1199, 2660, 1.5337717720461556e-05
1162, 2590, 1.5149552245665254e-05
171, 239, 1.504861566517629e-05
243, 1284, 1.4967072121158318e-05
113, 2785, 1.4958072750850694e-05
113, 1155, 1.492123803273858e-05
150, 1014, 1.4822318281340284e-05
2106, 2736, 1.396343952742755e-05
2083, 2785, 1.3741248392980309e-05
366, 2736, 1.3542110182513245e-05
113, 2755, 1.3202831866988967e-05
2040, 2751, 1.3070352877764205e-05
621, 2780, 1.2988638811189959e-05
2083, 2755, 1.2796439648265817e-05
1199, 2785, 1.2486492133178307e-05
239, 540, 1.2260617483183044e-05
175, 881, 1.1379839917827437e-05
2460, 2590, 1.1005267751886318e-05
41, 522, 1.0855452560047016e-05
2500, 2590, 1.0792458941669401e-05
239, 689, 1.0786537583902501e-05
582, 689, 1.0573944853360144e-05
448, 540, 1.0371834013858536e-05
113, 550, 1.0052295135317349e-05
255, 555, 9.994509031357121e-06
175, 2809, 9.900479219425413e-06
113, 2780, 9.484001328185887e-06
175, 2794, 9.302543629923926e-06
175, 2667, 9.291817282841916e-06
138, 239, 8.957198353974636e-06
2083, 2780, 8.856257749938393e-06
2625, 2785, 8.824055728276515e-06
200, 555, 8.588317645475744e-06
2517, 2590, 7.75439328501475e-06
1460, 2590, 7.73623705215897e-06
162, 555, 7.718935089581558e-06
1273, 2590, 7.718490894691654e-06
485, 2590, 7.591487673275224e-06
113, 510, 7.523871826112146e-06
171, 555, 6.9764176515690854e-06
175, 2624, 6.577703751288326e-06
113, 1071, 5.447882165148805e-06
113, 437, 5.425324307542479e-06
239, 1925, 5.413034658665854e-06
239, 522, 5.097984981134515e-06
582, 2590, 4.9847228328949925e-06
175, 441, 4.758567857088559e-06
255, 550, 4.704308102747522e-06
243, 2007, 4.518073465843644e-06
243, 555, 4.517210494853647e-06
550, 2736, 4.47051646080453e-06
448, 2590, 4.153184080545993e-06
200, 550, 4.096386303493521e-06
1122, 2736, 4.04785796781296e-06
175, 382, 4.0303805625774105e-06
162, 550, 3.669319166598783e-06
1670, 1925, 3.653336404273813e-06
255, 510, 3.6440220161056568e-06
255, 2316, 3.6015993407282456e-06
171, 550, 3.348179074173917e-06
255, 437, 3.2106260614795577e-06
200, 510, 3.0964728554650095e-06
200, 2316, 3.0808433303842722e-06
162, 510, 3.0483842546874017e-06
162, 2316, 3.0268115581416715e-06
1429, 1925, 2.9539542967756516e-06
896, 2590, 2.94226214589317e-06
448, 522, 2.8695669383746996e-06
150, 540, 2.8178792276183377e-06
150, 2590, 2.7455606820195545e-06
1162, 1925, 2.7409240834440567e-06
171, 510, 2.724507017895113e-06
171, 2316, 2.714019937346284e-06
247, 540, 2.5900039708575306e-06
2223, 2751, 2.5816108681290853e-06
113, 421, 2.551333352897833e-06
592, 2751, 2.500674668917217e-06
1238, 2590, 2.4245462020660016e-06
255, 1018, 2.3148253433116086e-06
41, 2751, 2.3070447017923302e-06
582, 1892, 2.2714015125418677e-06
200, 437, 2.259143186898458e-06
255, 1071, 2.2379635464176873e-06
485, 1892, 2.21424172215646e-06
138, 380, 2.211864391184628e-06
138, 2007, 2.1923421702912354e-06
247, 1014, 2.190294587242071e-06
243, 550, 2.140104209382416e-06
138, 555, 2.0572607380236897e-06
1199, 2755, 2.0324045845281296e-06
89, 540, 2.009060103914476e-06
162, 437, 1.9593477552408497e-06
485, 1925, 1.855874763355331e-06
200, 1071, 1.8518267366468697e-06
138, 1141, 1.838781593229619e-06
162, 1071, 1.8008793701244206e-06
200, 1018, 1.7939793206489514e-06
113, 471, 1.7855350729263619e-06
171, 437, 1.771673932333659e-06
89, 1014, 1.7657047097668053e-06
592, 1141, 1.7606651482481012e-06
162, 1018, 1.7519964226630744e-06
582, 1925, 1.7440849651469324e-06
366, 540, 1.74224953520729e-06
1273, 1925, 1.61234453571731e-06
255, 1859, 1.602592937770505e-06
243, 2316, 1.594282743966359e-06
243, 510, 1.5885278309996722e-06
171, 1071, 1.5770120744331674e-06
171, 1018, 1.570316174773784e-06
255, 421, 1.565806023241792e-06
1460, 1892, 1.5596701956295927e-06
1460, 1925, 1.5406336869723834e-06
621, 1116, 1.497003257683434e-06
1273, 1892, 1.470954104686016e-06
448, 1925, 1.453141158534796e-06
448, 1892, 1.4330143453037229e-06
113, 2209, 1.4303326905306546e-06
884, 1014, 1.412539272489503e-06
243, 437, 1.3718423689902763e-06
200, 1859, 1.370873685981086e-06
150, 1925, 1.3548958484702518e-06
113, 1116, 1.3528164270734748e-06
162, 1859, 1.3468313291225614e-06
150, 1892, 1.3361297874241108e-06
463, 540, 1.33566877014107e-06
592, 2007, 1.3065617838103607e-06
550, 1014, 1.2494280788157919e-06
150, 522, 1.2468699971709029e-06
113, 1929, 1.2444410998938802e-06
255, 340, 1.2104119138333339e-06
171, 1859, 1.2076493727034118e-06
445, 540, 1.1708607378261077e-06
366, 1014, 1.1674358188699443e-06
247, 1925, 1.1574929389119954e-06
247, 1892, 1.1414610179517139e-06
41, 380, 1.1336126965714372e-06
200, 421, 1.1310998147047075e-06
113, 1865, 1.1292820358679636e-06
621, 1929, 1.1057437826171292e-06
41, 555, 1.1041843776590625e-06
113, 340, 1.0922423691998235e-06
247, 522, 1.0913949183071204e-06
1238, 1925, 1.024700486798905e-06
243, 1018, 1.023854736038195e-06
41, 1141, 1.0109986504629197e-06
1238, 1892, 1.0046854212018626e-06
621, 1865, 1.0034195994400267e-06
41, 2007, 9.83632239820006e-07
243, 1071, 9.77171341798253e-07
896, 1892, 9.75099367076239e-07
138, 550, 9.709183074958386e-07
89, 1892, 9.70848195046263e-07
896, 1925, 9.66366450454447e-07
255, 471, 9.464219038005738e-07
162, 421, 9.370772037067423e-07
1199, 3023, 9.33777347884223e-07
1550, 1892, 9.297639378957131e-07
669, 1141, 9.236884907292652e-07
266, 540, 9.223381035720188e-07
138, 326, 9.200633014842208e-07
1550, 1925, 8.982228578273978e-07
942, 1014, 8.917792610628305e-07
89, 522, 8.871977318057357e-07
89, 1925, 8.85980601738278e-07
171, 421, 8.681498512192473e-07
54, 540, 8.163293091498224e-07
266, 1014, 7.98922563648403e-07
366, 522, 7.713719663246516e-07
1635, 1892, 7.64175532481923e-07
239, 380, 7.568259003702861e-07
138, 510, 7.470283560550909e-07
54, 1014, 7.467665030722623e-07
1199, 2780, 7.440230385765017e-07
1635, 1925, 7.296916894849517e-07
243, 1859, 7.179015606440345e-07
384, 540, 6.997421835989541e-07
113, 2029, 6.983803175524523e-07
175, 1036, 6.818218695259167e-07
243, 421, 6.817291096697105e-07
162, 471, 6.6550393232368e-07
200, 471, 6.609268689815882e-07
239, 1813, 6.479899092178157e-07
763, 1014, 6.413411603689534e-07
255, 2209, 6.282043736125905e-07
392, 540, 6.254936651704339e-07
463, 1014, 5.981163132318898e-07
171, 471, 5.916088936130571e-07
171, 1339, 5.884110632879527e-07
243, 340, 5.755861677919488e-07
255, 1155, 5.665165167865172e-07
255, 1116, 5.643086601056548e-07
113, 591, 5.619705955758967e-07
200, 340, 5.602700478360282e-07
281, 540, 5.561302355267023e-07
200, 1155, 5.560650368090994e-07
113, 402, 5.536509873857304e-07
640, 1014, 5.535213960740029e-07
200, 2209, 5.373721703789646e-07
343, 540, 5.323202423143989e-07
162, 1155, 5.309281108829905e-07
162, 2209, 5.27947747386377e-07
460, 540, 5.242617434627671e-07
41, 550, 5.200113451430762e-07
205, 540, 5.186798747359351e-07
162, 1116, 5.182092026552114e-07
138, 1071, 5.174765528140813e-07
138, 437, 5.156146562620389e-07
239, 555, 5.13419473290372e-07
255, 1865, 4.95982451265373e-07
239, 326, 4.95915881558741e-07
113, 1549, 4.952813753421576e-07
399, 540, 4.93746687640111e-07
366, 1892, 4.912252271906957e-07
113, 582, 4.877281524743887e-07
200, 1116, 4.853420084914883e-07
592, 1018, 4.848464921463788e-07
592, 1071, 4.831563250546438e-07
113, 1898, 4.819510520084329e-07
550, 1892, 4.7678239801713365e-07
171, 1155, 4.7676863105865725e-07
162, 340, 4.73466766217922e-07
171, 2209, 4.733894676824198e-07
171, 1116, 4.670639681071514e-07
900, 1014, 4.634805929352664e-07
243, 1358, 4.604716099526424e-07
326, 540, 4.5716087676837773e-07
281, 1014, 4.529876169736523e-07
384, 1014, 4.451721774798534e-07
621, 1549, 4.4489969632620115e-07
1604, 1892, 4.4342068961785584e-07
138, 1018, 4.360361177476146e-07
171, 340, 4.341717744597729e-07
621, 1898, 4.282359199881406e-07
200, 1865, 4.2426824374628786e-07
162, 1865, 4.168274352865444e-07
1539, 1892, 4.1181443866824037e-07
621, 2029, 4.097450293217866e-07
243, 471, 4.0843318179532647e-07
205, 1014, 4.0676252620785175e-07
266, 522, 4.0385359644286316e-07
846, 1014, 3.95576759665678e-07
621, 991, 3.9343521768604615e-07
239, 1141, 3.909042726458843e-07
392, 1014, 3.834601219190187e-07
101, 540, 3.810220664522386e-07
41, 510, 3.7807108791593423e-07
448, 555, 3.7639089690562303e-07
243, 1596, 3.759112606408352e-07
41, 326, 3.757127425822763e-07
138, 1575, 3.750175442218143e-07
113, 1161, 3.74956914300558e-07
445, 1014, 3.743831493554004e-07
255, 1363, 3.738056587536929e-07
171, 1865, 3.7375236220359555e-07
255, 402, 3.7188500984790786e-07
445, 522, 3.6966381311488186e-07
343, 1014, 3.636616775117919e-07
621, 1161, 3.6107629310649216e-07
113, 991, 3.550417766336146e-07
243, 1339, 3.497879684142228e-07
138, 1859, 3.48353314176118e-07
54, 522, 3.417125450357415e-07
384, 522, 3.3463627797352163e-07
1429, 1813, 3.235531797671101e-07
326, 1014, 3.2183903341626313e-07
200, 1363, 3.197570195018839e-07
255, 3059, 3.1968377943093925e-07
392, 522, 3.196113215985508e-07
162, 1363, 3.141491269225014e-07
101, 1014, 3.071038114390154e-07
2625, 3059, 3.0602411639820293e-07
1162, 1813, 3.01559449504665e-07
485, 555, 2.8921490965775613e-07
399, 1014, 2.8877000524032265e-07
669, 1018, 2.833519241288225e-07
171, 1363, 2.816848612442395e-07
255, 591, 2.795810233886578e-07
113, 424, 2.7787095961902266e-07
41, 1071, 2.7683969505543115e-07
669, 1071, 2.7595819141103395e-07
200, 3059, 2.734606341561301e-07
399, 522, 2.6886641792727007e-07
162, 3059, 2.686646867100786e-07
922, 1014, 2.681859592922354e-07
832, 1014, 2.6493214253208886e-07
200, 402, 2.644370087692035e-07
41, 1018, 2.640422725233441e-07
243, 1155, 2.631490838502178e-07
41, 437, 2.612700758913025e-07
281, 522, 2.5597916574674566e-07
155, 540, 2.4834367672197404e-07
243, 1116, 2.47786401922179e-07
239, 550, 2.4388187688358746e-07
255, 582, 2.4349818723741054e-07
113, 573, 2.428115780636549e-07
343, 522, 2.423024141673556e-07
171, 3059, 2.4090079682387604e-07
255, 1288, 2.3736053815759265e-07
138, 421, 2.3680633736023302e-07
113, 607, 2.334640282446568e-07
113, 1843, 2.3070693793768041e-07
255, 3023, 2.2987588568738774e-07
162, 402, 2.269878307005814e-07
592, 1575, 2.2553730839512366e-07
138, 1284, 2.2369350351992334e-07
138, 1358, 2.2343844923127491e-07
485, 1813, 2.2216523544718205e-07
205, 522, 2.2082087087932234e-07
162, 591, 2.204403449383312e-07
200, 591, 2.186220372109765e-07
255, 1549, 2.1752836121180316e-07
809, 1014, 2.1665308648554522e-07
171, 402, 2.1338878789527206e-07
460, 1014, 2.1045040387003658e-07
582, 1813, 2.0878297101320704e-07
41, 1575, 2.0619209617073154e-07
326, 522, 2.050318377211122e-07
621, 1843, 2.0499384201709572e-07
582, 1141, 2.0458627553946988e-07
155, 1014, 2.0306688736033016e-07
200, 1288, 2.0304052774825792e-07
370, 540, 2.005574187663977e-07
162, 1288, 1.994796068006987e-07
485, 1141, 1.9940086705919531e-07
171, 591, 1.9865839083990817e-07
255, 877, 1.968108026813788e-07
162, 582, 1.935841236856857e-07
200, 582, 1.9331205327768137e-07
448, 550, 1.9287808149684397e-07
113, 1157, 1.9261730726686552e-07
113, 1815, 1.92017521047195e-07
1460, 1813, 1.8631863010413738e-07
621, 1157, 1.8628028823955586e-07
200, 1549, 1.8607588946117908e-07
162, 1549, 1.828124940200504e-07
138, 1596, 1.8240653128387316e-07
239, 510, 1.8002762324812987e-07
171, 1288, 1.788653239726236e-07
247, 380, 1.7702772525301988e-07
255, 991, 1.7591938451560758e-07
200, 877, 1.754829258538369e-07
448, 1813, 1.7395432816824252e-07
113, 1821, 1.7297399947217465e-07
171, 582, 1.722526761554358e-07
138, 471, 1.7126156022001523e-07
621, 1815, 1.7061649608775933e-07
1273, 1813, 1.6980538005517483e-07
138, 1339, 1.6973051005309626e-07
255, 424, 1.69384922651553e-07
113, 1465, 1.6803433169724948e-07
243, 1363, 1.674509224845197e-07
101, 522, 1.654551234066115e-07
171, 1549, 1.6392059566173765e-07
243, 402, 1.5832520313653126e-07
162, 877, 1.5794710549376135e-07
150, 1813, 1.5627838477918781e-07
138, 836, 1.5539828907085025e-07
896, 1141, 1.5465028325657437e-07
113, 1197, 1.5414564840686249e-07
239, 437, 1.537152675026272e-07
621, 1821, 1.5369544166219454e-07
255, 1161, 1.507616154986507e-07
200, 991, 1.5064287625524248e-07
448, 1141, 1.4688360580269872e-07
200, 1161, 1.449348972812435e-07
171, 877, 1.4455615377775432e-07
621, 1197, 1.4356469117352425e-07
621, 1465, 1.4205086354384434e-07
592, 1284, 1.4176000204554057e-07
592, 1358, 1.4044213498906774e-07
162, 1161, 1.388876911488547e-07
138, 1449, 1.388509212613805e-07
182, 540, 1.3883786645269563e-07
150, 380, 1.3831570993021646e-07
138, 1155, 1.3630228209092074e-07
113, 441, 1.3615154327189509e-07
162, 991, 1.338291935320762e-07
138, 1116, 1.3052151596918544e-07
41, 166, 1.289656091427069e-07
621, 958, 1.2760140595537634e-07
41, 239, 1.2611456957222162e-07
243, 591, 1.259262650330517e-07
625, 1014, 1.2546256544283634e-07
171, 1161, 1.2512566415720379e-07
41, 421, 1.2414975024557574e-07
370, 1014, 1.2359639322188474e-07
41, 1284, 1.2299113228491176e-07
41, 1358, 1.2285089836992816e-07
200, 424, 1.2195633023211224e-07
171, 991, 1.216563882574305e-07
592, 836, 1.2116067255641198e-07
255, 573, 1.2107709596533517e-07
150, 555, 1.1882062140955217e-07
243, 2209, 1.1744716872193085e-07
239, 1018, 1.1642549302913601e-07
1635, 1813, 1.1554003842272243e-07
255, 607, 1.1490281335130693e-07
113, 958, 1.140130281358704e-07
138, 340, 1.1190662437616272e-07
239, 1071, 1.1115774860434481e-07
155, 522, 1.1111907680845246e-07
247, 555, 1.0986101021253567e-07
243, 582, 1.0967240497647e-07
150, 1141, 1.0882433265747668e-07
592, 1596, 1.0870812326766363e-07
592, 1339, 1.0819766141983248e-07
1238, 1813, 1.0769601976364736e-07
41, 118, 1.0666635402663278e-07
243, 1288, 1.0632862329700691e-07
255, 863, 1.0515237906749488e-07
182, 1014, 1.0391914151838414e-07
1550, 1813, 1.0201907083092027e-07
162, 424, 1.0128232103357457e-07
41, 1596, 1.0029073471402182e-07
896, 1813, 9.934599836125959e-08
200, 573, 9.824338427576628e-08
485, 550, 9.764551830828886e-08
243, 1549, 9.74445514626724e-08
881, 1014, 9.67458381434858e-08
162, 573, 9.512331613111051e-08
302, 540, 9.401772463000353e-08
200, 863, 9.387141373186247e-08
41, 1339, 9.332120641074724e-08
171, 424, 9.326762250279638e-08
592, 1155, 9.291087667623942e-08
200, 607, 9.110973585406702e-08
113, 382, 9.10977217554868e-08
113, 620, 9.031064029080274e-08
586, 1014, 8.987201463864682e-08
243, 877, 8.98615268291611e-08
370, 522, 8.933057761482658e-08
266, 380, 8.866131414184615e-08
41, 471, 8.83994559689325e-08
247, 326, 8.806191260263579e-08
239, 1575, 8.79603580250556e-08
162, 607, 8.76301601834512e-08
162, 863, 8.741139728105179e-08
89, 380, 8.611227733065921e-08
592, 1116, 8.503321434626679e-08
41, 836, 8.454113066982603e-08
171, 573, 8.40353934162788e-08
247, 1141, 8.304547372415796e-08
89, 555, 8.172080711018581e-08
138, 1363, 8.125359660313394e-08
243, 991, 8.115079273266317e-08
171, 863, 8.037370852783065e-08
171, 607, 8.01091255064148e-08
255, 441, 7.944774231946742e-08
460, 522, 7.910362983702252e-08
592, 1449, 7.88990603468519e-08
89, 1141, 7.738601462752396e-08
255, 1157, 7.667681504448172e-08
239, 421, 7.657777527428261e-08
255, 382, 7.653326161477358e-08
41, 1449, 7.634299501782075e-08
41, 1155, 7.494170256887545e-08
463, 555, 7.486581088208524e-08
200, 1157, 7.484427652747858e-08
255, 1465, 7.380094350644958e-08
243, 424, 7.348142177513993e-08
162, 1157, 7.156411197185168e-08
243, 1161, 7.116215809345276e-08
41, 1116, 7.101006489459792e-08
255, 1197, 7.056470094888259e-08
49, 540, 6.965967274055165e-08
366, 555, 6.890053597721922e-08
302, 1014, 6.781442416097901e-08
281, 380, 6.680024507967799e-08
669, 1575, 6.573653640624384e-08
171, 1157, 6.430846509652273e-08
239, 340, 6.313385446832601e-08
200, 1465, 6.313004947739063e-08
49, 1014, 6.292207989229898e-08
162, 1465, 6.20228758598988e-08
182, 522, 5.953648559674725e-08
669, 836, 5.8460047736650685e-08
200, 1197, 5.8217469944525624e-08
162, 1197, 5.689644680890511e-08
150, 326, 5.631901855255867e-08
214, 540, 5.6226556892686384e-08
150, 550, 5.5915892537344514e-08
171, 1465, 5.561341313189192e-08
200, 441, 5.548874061242198e-08
896, 1018, 5.548488700282871e-08
138, 591, 5.428620254557237e-08
255, 958, 5.420266957300158e-08
243, 573, 5.4021250935160874e-08
138, 402, 5.3308481866225266e-08
239, 1284, 5.2467307091781186e-08
239, 1358, 5.240748411312056e-08
247, 550, 5.189320605583825e-08
138, 1288, 5.159471764355506e-08
171, 1197, 5.101675080768381e-08
592, 1363, 5.0778342412602126e-08
243, 607, 5.018413476012811e-08
162, 441, 4.914326552446106e-08
41, 340, 4.909710945476706e-08
138, 582, 4.8444147710172796e-08
200, 958, 4.8007364456112754e-08
175, 247, 4.7638076456362655e-08
243, 863, 4.702149537146113e-08
200, 382, 4.690937694969973e-08
1071, 1141, 4.6618332755370755e-08
669, 1358, 4.582471327611015e-08
366, 1141, 4.574337680759866e-08
239, 471, 4.5664058107821964e-08
162, 958, 4.565849966567604e-08
150, 510, 4.5522982901933366e-08
214, 1014, 4.549807778105117e-08
448, 510, 4.541833371991182e-08
669, 1284, 4.4768273522439935e-08
41, 1363, 4.4674841652479326e-08
550, 1141, 4.4480137166247315e-08
171, 441, 4.4291625877009734e-08
302, 522, 4.3098487311397435e-08
138, 877, 4.287068172269762e-08
239, 1596, 4.2783448521405726e-08
255, 620, 4.25032616931146e-08
485, 1018, 4.173936061665413e-08
171, 958, 4.13644123166259e-08
162, 382, 4.068736395356341e-08
445, 555, 4.025715982808278e-08
582, 1018, 3.992197243675179e-08
20, 540, 3.9466410326924564e-08
239, 1339, 3.942662836422856e-08
382, 540, 3.8992174314680044e-08
89, 550, 3.891338720682311e-08
247, 510, 3.88993221561392e-08
871, 1014, 3.8649231810976034e-08
266, 555, 3.84787278283737e-08
171, 382, 3.73042686263245e-08
239, 836, 3.662191000512519e-08
54, 380, 3.5853920053699995e-08
243, 1157, 3.583465477226853e-08
138, 1161, 3.579661655217891e-08
669, 1339, 3.525558420511968e-08
669, 1596, 3.5167534739158614e-08
200, 620, 3.516559626862198e-08
138, 991, 3.512574070269892e-08
54, 555, 3.442170534599188e-08
463, 550, 3.415803260139439e-08
247, 437, 3.393543365554315e-08
243, 441, 3.392290239327264e-08
20, 1014, 3.373109715601827e-08
813, 1014, 3.365043673234952e-08
669, 1155, 3.364271597672264e-08
366, 550, 3.332761054779929e-08
243, 1465, 3.3060056157485386e-08
89, 326, 3.303097559063509e-08
150, 239, 3.2926659386218425e-08
1122, 1892, 3.286691791581919e-08
239, 1449, 3.256748100039806e-08
162, 620, 3.240393578871136e-08
592, 1288, 3.235047238106106e-08
89, 510, 3.1544430417862e-08
243, 1197, 3.147380206225114e-08
227, 540, 3.132275077689795e-08
239, 1155, 3.0427771399756196e-08
54, 1141, 3.017843594387518e-08
41, 591, 3.0090355994007183e-08
150, 437, 2.9783820236745798e-08
171, 620, 2.9620369531946857e-08
41, 402, 2.9279587830171756e-08
243, 382, 2.9225426321215135e-08
113, 302, 2.9114101052112783e-08
49, 522, 2.911195029656997e-08
366, 510, 2.8906782649601957e-08
29, 540, 2.889522033866455e-08
592, 877, 2.8447359436116445e-08
41, 1288, 2.8367800776726488e-08
384, 555, 2.813717647584875e-08
205, 380, 2.794448128226659e-08
669, 1449, 2.778339324046862e-08
175, 1041, 2.658404157555998e-08
460, 555, 2.641634213450092e-08
41, 582, 2.637808269230007e-08
138, 424, 2.581038788279198e-08
2083, 3129, 2.5776234629213032e-08
364, 540, 2.5403622673032325e-08
175, 250, 2.484229573241137e-08
200, 302, 2.4713297330971152e-08
392, 555, 2.4662948273768133e-08
138, 573, 2.444428288982637e-08
1199, 3129, 2.4225624837276998e-08
592, 991, 2.4114112816027868e-08
214, 522, 2.402327171299607e-08
175, 955, 2.387290773109585e-08
243, 958, 2.3577909090702503e-08
884, 1141, 2.28450892130943e-08
281, 555, 2.265143817536654e-08
592, 1161, 2.2595749044379823e-08
175, 723, 2.2532161523653904e-08
89, 437, 2.2269603958435656e-08
621, 869, 2.1909152369828485e-08
138, 863, 2.190249942350018e-08
366, 437, 2.185213606983263e-08
138, 607, 2.1835859051090022e-08
205, 555, 2.1699543362126727e-08
41, 877, 2.1174884283208697e-08
343, 555, 2.1163678483754482e-08
113, 869, 2.114084618353452e-08
41, 991, 2.105608584207756e-08
485, 689, 2.0866244619170915e-08
445, 550, 2.0860021979336535e-08
621, 1036, 2.031232849069053e-08
113, 1036, 2.006149400641008e-08
41, 1161, 1.968169094069901e-08
399, 555, 1.8802875966654927e-08
138, 1157, 1.8388907169260255e-08
382, 522, 1.8382202188519802e-08
243, 620, 1.830916094057202e-08
266, 550, 1.8182466707819535e-08
326, 555, 1.8164313305660286e-08
113, 1756, 1.804371530770698e-08
485, 1284, 1.8039983471051055e-08
239, 402, 1.785357462226656e-08
113, 1180, 1.776540586058171e-08
1218, 1892, 1.752195652487731e-08
239, 1363, 1.7384462302302357e-08
113, 1640, 1.7139031708653147e-08
621, 1180, 1.696477562822459e-08
247, 421, 1.6776172262397744e-08
20, 522, 1.639834774294363e-08
54, 550, 1.6238662099886283e-08
621, 1756, 1.6032680066989086e-08
101, 380, 1.5780684358255056e-08
175, 933, 1.563292032463827e-08
621, 974, 1.5395517568206492e-08
101, 555, 1.5321049662753046e-08
175, 942, 1.528899448554617e-08
592, 863, 1.5243762899377983e-08
266, 510, 1.5002989935137015e-08
485, 836, 1.4887257472229744e-08
138, 1197, 1.4716071257148203e-08
205, 326, 1.4452814006453207e-08
582, 836, 1.4406471821115028e-08
239, 591, 1.4296853570531838e-08
448, 689, 1.4285200727014522e-08
247, 340, 1.4176417870544959e-08
247, 1813, 1.4042978405657128e-08
150, 421, 1.3957833212852658e-08
384, 510, 1.389387213059114e-08
392, 510, 1.3891225634747486e-08
113, 974, 1.3703899139084194e-08
582, 1284, 1.3695977240984493e-08
485, 591, 1.3604894473199277e-08
41, 174, 1.3519598657070096e-08
384, 550, 1.3485548145780336e-08
41, 424, 1.3416769471011842e-08
485, 582, 1.326328056953211e-08
41, 573, 1.3199842743269045e-08
227, 522, 1.3088507542105183e-08
343, 437, 1.3060408605891397e-08
138, 441, 1.302214761302059e-08
162, 302, 1.300340378282081e-08
171, 302, 1.2988979220287607e-08
266, 437, 1.2957282562506435e-08
239, 582, 1.251351093607743e-08
460, 550, 1.2429411880897004e-08
155, 380, 1.2366597463742786e-08
54, 510, 1.2168446347434176e-08
41, 607, 1.2161025481659682e-08
89, 166, 1.2017680372980926e-08
29, 522, 1.1989336776436376e-08
54, 326, 1.1973199582127305e-08
399, 510, 1.1951414034003496e-08
392, 550, 1.1839586609852395e-08
366, 471, 1.1704992119572189e-08
669, 877, 1.1452028307010215e-08
89, 239, 1.14064363631588e-08
41, 863, 1.1383719233701894e-08
364, 522, 1.1239566640274361e-08
150, 689, 1.1149039436623622e-08
113, 1634, 1.0819420514396623e-08
281, 550, 1.0789680555442687e-08
448, 836, 1.0576278305922935e-08
89, 421, 1.0337004876677706e-08
155, 555, 1.0330033701794417e-08
205, 550, 1.0301960810186259e-08
239, 877, 1.0298364105785476e-08
343, 550, 1.0167413567138775e-08
247, 471, 1.008876644914789e-08
150, 471, 1.0064551655063574e-08
113, 1344, 9.792439651445084e-09
247, 689, 9.645076691761838e-09
621, 1634, 9.613558220099383e-09
281, 510, 9.578166693947334e-09
326, 437, 9.539128643765937e-09
138, 382, 9.429027750798927e-09
150, 836, 9.401803960613548e-09
592, 1197, 9.209195081263453e-09
399, 550, 9.098399062281522e-09
255, 869, 9.073819933312977e-09
326, 550, 8.781919050351815e-09
621, 1344, 8.710455289943927e-09
343, 510, 8.67247146640838e-09
582, 1358, 8.526313854407863e-09
138, 620, 8.401028237350104e-09
54, 437, 8.378524312015145e-09
239, 424, 8.242648094405409e-09
200, 869, 8.135048278839893e-09
302, 380, 8.112677901655577e-09
370, 555, 7.982913097151779e-09
255, 1756, 7.924828221829026e-09
281, 437, 7.91365479489995e-09
669, 1363, 7.889954671879167e-09
113, 658, 7.864010778698338e-09
89, 689, 7.852688740883186e-09
550, 689, 7.850761022591714e-09
247, 836, 7.79759343823278e-09
255, 1180, 7.789160103003877e-09
41, 1197, 7.764752428464684e-09
205, 510, 7.666500214286636e-09
255, 1640, 7.527489758250776e-09
326, 510, 7.474514916813783e-09
162, 869, 7.43104926853433e-09
101, 550, 7.3514246543057634e-09
113, 199, 7.036915489364141e-09
182, 380, 6.914527052700314e-09
150, 340, 6.87941022312052e-09
171, 869, 6.8424870900704345e-09
200, 1756, 6.7789756332880536e-09
89, 836, 6.777888888878652e-09
89, 471, 6.771289766373337e-09
200, 1180, 6.740000742932542e-09
162, 1756, 6.660086086441039e-09
41, 441, 6.590831960515804e-09
162, 1180, 6.557359744060053e-09
485, 573, 6.461559589766378e-09
445, 510, 6.459296188320402e-09
200, 1640, 6.439088422187945e-09
101, 326, 6.439038157468193e-09
669, 863, 6.415092695902953e-09
162, 1640, 6.32615981084101e-09
255, 974, 6.326045878700985e-09
266, 421, 6.2946247535955165e-09
239, 573, 6.1589023840913955e-09
448, 591, 5.89836138215296e-09
171, 1180, 5.879720207179783e-09
205, 437, 5.826045935019874e-09
101, 510, 5.687475540635181e-09
200, 974, 5.672838552152391e-09
171, 1640, 5.672412544903338e-09
448, 582, 5.662076215368493e-09
239, 607, 5.63915197609363e-09
621, 692, 5.540017815093732e-09
182, 555, 5.52196018598766e-09
326, 421, 5.506774882762441e-09
239, 863, 5.372026283868462e-09
54, 166, 5.265983904451511e-09
162, 974, 5.22190780983814e-09
366, 689, 5.0481606484674286e-09
155, 326, 4.997356214190116e-09
41, 112, 4.93966758468214e-09
621, 854, 4.928025164897056e-09
41, 382, 4.893477278704835e-09
155, 550, 4.8757353281837046e-09
171, 974, 4.842037964075416e-09
384, 471, 4.806087313609628e-09
255, 1634, 4.751906554394799e-09
343, 421, 4.706625304989074e-09
41, 620, 4.544949527925504e-09
113, 854, 4.3304195522713605e-09
255, 1344, 4.300854939624506e-09
54, 239, 4.223131376898598e-09
54, 421, 4.113257777175238e-09
485, 607, 4.101113893592967e-09
243, 869, 4.095750484041499e-09
101, 437, 4.086198719814428e-09
281, 421, 4.083979336472821e-09
550, 836, 4.067209598125702e-09
200, 1634, 4.064827380759219e-09
162, 1634, 3.9935385147929906e-09
155, 510, 3.982413463174745e-09
89, 340, 3.936749809484185e-09
138, 1465, 3.9248652527177015e-09
247, 402, 3.899973002690503e-09
239, 441, 3.806689075322778e-09
266, 471, 3.80198272016064e-09
366, 836, 3.764587082882575e-09
370, 550, 3.7130090089830903e-09
200, 1344, 3.6789934143571888e-09
582, 877, 3.6484644432658062e-09
243, 1180, 3.6233668446262744e-09
162, 1344, 3.614471297219275e-09
485, 877, 3.5954120096424447e-09
171, 1634, 3.5808450382563065e-09
266, 689, 3.5592366870916447e-09
113, 1185, 3.5455591694420126e-09
255, 658, 3.537603122600952e-09
302, 555, 3.46587798022064e-09
392, 471, 3.4414585357976693e-09
239, 1197, 3.3971278293662426e-09
370, 510, 3.372361615234416e-09
243, 1640, 3.3720332330293233e-09
621, 1185, 3.3646218327048587e-09
266, 340, 3.307599880774789e-09
150, 591, 3.277140376336734e-09
54, 689, 3.2755441405111694e-09
171, 1344, 3.240950741460028e-09
150, 402, 3.2392766777524954e-09
448, 573, 3.2123813460863914e-09
239, 382, 3.206254835260341e-09
113, 692, 3.115000951269355e-09
214, 380, 3.0977549448392838e-09
247, 591, 3.06371332814911e-09
49, 380, 3.0489801360958805e-09
138, 302, 2.988464547723437e-09
150, 582, 2.9127633085601712e-09
200, 658, 2.898218434190094e-09
162, 658, 2.8865888846170852e-09
205, 421, 2.880031263951915e-09
182, 326, 2.851622574793094e-09
266, 836, 2.8262869141212697e-09
49, 555, 2.821806009798851e-09
54, 471, 2.8215389499592037e-09
54, 836, 2.7134121916073104e-09
113, 179, 2.7085451369144418e-09
155, 239, 2.683578257468638e-09
463, 689, 2.6673045757398695e-09
247, 582, 2.6613895089336225e-09
155, 437, 2.596660820133939e-09
171, 658, 2.570625535716526e-09
182, 550, 2.565473376340086e-09
343, 471, 2.5321778012335876e-09
175, 261, 2.3844474486846062e-09
89, 591, 2.3402958645785696e-09
101, 239, 2.3109527203894134e-09
89, 402, 2.3108213680373285e-09
214, 555, 2.2544145071422137e-09
448, 607, 2.230964694380203e-09
243, 1634, 2.1286760043885605e-09
113, 625, 2.085398348430353e-09
281, 689, 2.075172441992256e-09
239, 620, 2.0611141054927533e-09
89, 582, 2.025903377898805e-09
384, 689, 1.9504232752834204e-09
370, 437, 1.9294119028491625e-09
138, 869, 1.927575642776859e-09
101, 421, 1.908423209077419e-09
255, 854, 1.892630078740601e-09
214, 326, 1.8752938104529416e-09
621, 723, 1.8564061310121476e-09
205, 689, 1.84307705109381e-09
247, 424, 1.8083305531449298e-09
89, 174, 1.7888844232681426e-09
227, 380, 1.7759906825280297e-09
41, 138, 1.7507976195810141e-09
366, 591, 1.7115238809295943e-09
243, 1344, 1.7003895546026782e-09
138, 1180, 1.6960386573250851e-09
302, 550, 1.6922973900195008e-09
343, 689, 1.6891158909141493e-09
200, 854, 1.6792794766302182e-09
392, 689, 1.663860607983985e-09
20, 380, 1.6575495421664004e-09
138, 1640, 1.6362395858061376e-09
243, 658, 1.61369391003968e-09
162, 854, 1.608534303780055e-09
266, 402, 1.6031918544044833e-09
445, 689, 1.587314395071222e-09
255, 1185, 1.5858399706730842e-09
54, 118, 1.5782204861623566e-09
20, 555, 1.548726746858326e-09
54, 340, 1.5347752189699597e-09
366, 582, 1.5347008226751931e-09
150, 424, 1.5134263486894608e-09
382, 555, 1.5028096455701622e-09
326, 689, 1.4880306646217696e-09
205, 340, 1.487207270852856e-09
171, 854, 1.4704769041577906e-09
255, 692, 1.4526950201940896e-09
101, 689, 1.4411834688816795e-09
150, 573, 1.437172299161257e-09
302, 437, 1.410691036078249e-09
175, 452, 1.4098569347461129e-09
182, 437, 1.3926334707843824e-09
200, 1185, 1.3438687425844191e-09
592, 869, 1.314236460474159e-09
162, 1185, 1.3086955147739456e-09
247, 573, 1.2984885327609244e-09
150, 607, 1.2952252205191448e-09
485, 620, 1.2745209057264044e-09
227, 326, 1.2739023890327548e-09
247, 607, 1.2349813334311809e-09
113, 247, 1.2349782627825534e-09
399, 689, 1.2334249028777115e-09
29, 380, 1.2312917577443665e-09
155, 421, 1.2284459568126655e-09
463, 591, 1.224960138402945e-09
463, 582, 1.220930167969764e-09
162, 692, 1.206961223180222e-09
200, 692, 1.1990785844272597e-09
281, 402, 1.1947672674797627e-09
175, 392, 1.1895743324976728e-09
171, 1185, 1.173454524930125e-09
41, 302, 1.1598168236417457e-09
89, 424, 1.1252229733903058e-09
101, 166, 1.114897089269104e-09
171, 692, 1.0908086292855107e-09
266, 591, 1.0905096351512954e-09
49, 326, 1.0149642177399744e-09
89, 573, 9.839284382427863e-10
155, 689, 9.83011916521546e-10
89, 607, 9.798772791433587e-10
41, 869, 9.768772997750666e-10
255, 625, 9.57919830806982e-10
54, 402, 9.476639130796938e-10
460, 689, 9.309563848349528e-10
54, 591, 9.308898159548231e-10
266, 582, 9.296482708217571e-10
326, 402, 8.721658315127286e-10
586, 689, 8.516603267132263e-10
243, 854, 8.43888368933938e-10
54, 582, 8.274192760546155e-10
448, 620, 8.256812659516897e-10
763, 836, 8.141252498498399e-10
200, 625, 8.045902480012552e-10
162, 247, 7.876115702825748e-10
101, 340, 7.738171136201241e-10
138, 658, 7.685672402061857e-10
366, 573, 7.67443424516738e-10
247, 382, 7.438677864716999e-10
162, 625, 7.374948771093429e-10
243, 1185, 7.270807502856296e-10
621, 955, 6.864950995329537e-10
205, 402, 6.75561489818834e-10
171, 625, 6.708656099080922e-10
384, 591, 6.6857126071172e-10
366, 607, 6.490441887538948e-10
243, 692, 6.334679835997522e-10
445, 591, 6.295346387349692e-10
592, 658, 6.264535454203477e-10
281, 591, 6.255878608581898e-10
113, 723, 6.174227018479097e-10
592, 692, 6.151183878448646e-10
155, 340, 6.142018549451013e-10
113, 955, 6.128663712347351e-10
384, 582, 6.044761547392637e-10
445, 582, 5.992369177080169e-10
392, 591, 5.913846423193075e-10
150, 382, 5.90739431557342e-10
20, 326, 5.714979584434006e-10
281, 582, 5.452724524946966e-10
171, 247, 5.399989312795286e-10
392, 582, 5.381289537247784e-10
463, 836, 5.355671523999272e-10
113, 250, 5.354075273803378e-10
205, 591, 5.331211646315461e-10
54, 174, 5.329179377878333e-10
239, 302, 4.984286642929781e-10
281, 836, 4.93238674106844e-10
343, 591, 4.892392118985647e-10
150, 620, 4.880124492277689e-10
113, 649, 4.736435292580253e-10
399, 591, 4.5516161634461555e-10
205, 836, 4.5280853310279173e-10
247, 620, 4.512883591872942e-10
621, 933, 4.4228554388592005e-10
266, 607, 4.387214941077986e-10
621, 942, 4.3641477683242604e-10
370, 689, 4.344949557814321e-10
384, 836, 4.2957424686319293e-10
326, 591, 4.184409803110258e-10
243, 625, 4.1391536362456727e-10
29, 326, 4.133587144028145e-10
101, 591, 4.123552802176607e-10
463, 607, 4.056771920712523e-10
49, 166, 4.0527322202864294e-10
460, 591, 3.994447565661978e-10
41, 658, 3.992906618126605e-10
113, 933, 3.9493846509131166e-10
138, 854, 3.9116414567248903e-10
113, 942, 3.8606174901033966e-10
182, 689, 3.8271581020736973e-10
54, 607, 3.821839858338182e-10
392, 836, 3.774583601025928e-10
343, 836, 3.6979569336835187e-10
162, 250, 3.696812201845185e-10
89, 620, 3.590486535351364e-10
550, 620, 3.5460692934873067e-10
49, 239, 3.5194267224205406e-10
101, 836, 3.514148601604337e-10
227, 1014, 3.510311442837121e-10
326, 836, 3.41431749207457e-10
182, 340, 3.411275283431661e-10
445, 836, 3.359371802334574e-10
640, 836, 3.148298742500613e-10
138, 692, 3.0670373963029483e-10
399, 836, 2.869360376249041e-10
592, 854, 2.769484195743971e-10
255, 723, 2.721364998953211e-10
171, 250, 2.7194768137760674e-10
175, 259, 2.7013881029188814e-10
384, 607, 2.6541496931540716e-10
281, 607, 2.571888735745604e-10
200, 723, 2.4487543573675185e-10
445, 607, 2.44194396679527e-10
155, 836, 2.4113677502147895e-10
302, 689, 2.3599598880081924e-10
392, 607, 2.338606650082e-10
162, 723, 2.333909595894365e-10
366, 620, 2.247882040962681e-10
625, 689, 2.2306064373596724e-10
205, 607, 2.2149414221049017e-10
101, 174, 2.1941831506273397e-10
49, 689, 2.113596180589386e-10
171, 723, 2.105422573012894e-10
255, 649, 2.094260514193103e-10
20, 118, 2.091929641472886e-10
138, 625, 1.933258460538948e-10
49, 118, 1.915006607052046e-10
460, 836, 1.8734896744499296e-10
239, 658, 1.841298328768995e-10
138, 247, 1.8376551477377332e-10
41, 179, 1.8199783927502542e-10
150, 302, 1.817461078112035e-10
41, 199, 1.770916306484433e-10
200, 649, 1.7667328358714245e-10
20, 239, 1.7618516996858053e-10
162, 649, 1.714296246566e-10
41, 692, 1.7037463932048523e-10
266, 620, 1.6561271441207286e-10
281, 471, 1.576680015844722e-10
29, 118, 1.5448990422886735e-10
171, 649, 1.5239595488861668e-10
214, 689, 1.4941974090748568e-10
20, 166, 1.4844556773759625e-10
463, 620, 1.4371875149376694e-10
54, 620, 1.4282420616623457e-10
582, 658, 1.407993811203952e-10
41, 854, 1.389247810931186e-10
29, 239, 1.3273297349413916e-10
399, 471, 1.2613161301295699e-10
326, 471, 1.250301217278917e-10
243, 723, 1.2300583411402174e-10
182, 836, 1.2224485677078703e-10
370, 836, 1.2164975313241907e-10
29, 166, 1.1874913874542718e-10
20, 689, 1.1767220468676135e-10
205, 471, 1.1090397904402925e-10
89, 302, 1.0942422363188628e-10
485, 863, 1.0523607322791765e-10
41, 625, 1.0401576645815988e-10
582, 863, 1.0311277322202578e-10
281, 620, 9.789223321920876e-11
243, 649, 9.524489837448623e-11
384, 620, 9.49835515980986e-11
370, 471, 9.377038861799733e-11
485, 658, 9.244400728465638e-11
445, 620, 8.974512708817011e-11
29, 689, 8.620460003487128e-11
448, 1018, 8.599323055432906e-11
205, 620, 8.539830260826543e-11
392, 620, 8.496132777997427e-11
448, 863, 8.289053579683294e-11
227, 689, 8.225585870640699e-11
382, 689, 8.206015136845248e-11
669, 854, 7.892124177431348e-11
138, 250, 7.796680271735258e-11
669, 869, 7.778034894691291e-11
182, 510, 7.207194711957469e-11
343, 620, 7.169007342436313e-11
239, 692, 7.143145857703139e-11
592, 723, 7.092118253906215e-11
302, 421, 7.001804410008126e-11
448, 877, 6.894828649638709e-11
150, 863, 6.882535227189208e-11
239, 869, 6.727643266055649e-11
582, 692, 6.673898965763857e-11
101, 620, 6.669380592337441e-11
326, 620, 6.542952755573958e-11
205, 302, 6.525041225069408e-11
399, 620, 6.517977094897198e-11
448, 658, 6.377919756927655e-11
239, 854, 6.341864507123059e-11
247, 863, 6.120310675549226e-11
49, 437, 6.087453789298268e-11
182, 421, 5.770408129421812e-11
150, 877, 5.770105164466364e-11
550, 658, 5.23800527407325e-11
89, 863, 5.212081428957657e-11
485, 1449, 5.1999090794479106e-11
247, 877, 5.179450936340511e-11
54, 138, 5.143734311450595e-11
460, 620, 5.0276370715589655e-11
41, 247, 4.7058008890302336e-11
239, 625, 4.6757599975091375e-11
138, 649, 4.559501795575378e-11
150, 658, 4.4551880308680996e-11
89, 877, 4.329933114002579e-11
49, 174, 4.132864481479016e-11
247, 658, 3.908149334087082e-11
113, 261, 3.368698420614769e-11
550, 863, 3.2849444735520526e-11
366, 863, 3.027311809011702e-11
485, 625, 2.7643347084771435e-11
113, 392, 2.7391345191069086e-11
550, 877, 2.7193762875778313e-11
89, 179, 2.717825941396026e-11
366, 877, 2.573752872062091e-11
162, 261, 2.5552655356314682e-11
49, 550, 2.5093709174918103e-11
89, 199, 2.4945836986940242e-11
485, 869, 2.4016692856404146e-11
41, 649, 2.3946534538369395e-11
582, 869, 2.393779970767867e-11
171, 261, 2.3304851488451372e-11
227, 555, 2.2235766010795115e-11
41, 250, 2.0978216580506383e-11
29, 555, 2.074865130925285e-11
266, 863, 2.0306822740425625e-11
214, 550, 2.0126682822217997e-11
448, 625, 1.867293270444193e-11
266, 877, 1.832155954180427e-11
247, 441, 1.8147224794983784e-11
448, 869, 1.7924070659034535e-11
364, 555, 1.7198735677563595e-11
20, 174, 1.6879287871241014e-11
150, 441, 1.6257584091421312e-11
54, 877, 1.4963508101194693e-11
366, 441, 1.4570369938941267e-11
214, 340, 1.455609095178183e-11
266, 424, 1.3416134583440906e-11
20, 112, 1.3159588196318923e-11
29, 174, 1.3079716419740337e-11
101, 402, 1.28634733257455e-11
89, 658, 1.2751869040869459e-11
150, 247, 1.269564637917864e-11
326, 424, 1.1653201154795553e-11
150, 625, 1.1218589951974481e-11
343, 424, 1.1159358620733891e-11
239, 649, 1.091231085249686e-11
550, 625, 1.0879384433941502e-11
247, 625, 1.0178282612879018e-11
29, 112, 8.689100268213175e-12
89, 625, 8.410217525499727e-12
366, 658, 8.012153163329552e-12
49, 112, 7.65057594220364e-12
89, 382, 7.2596207447461754e-12
266, 382, 7.1621689580222845e-12
54, 179, 6.948637589128561e-12
29, 1014, 6.387469367498814e-12
54, 199, 5.990009892790862e-12
382, 1014, 5.836524285364262e-12
485, 649, 5.633491471018371e-12
266, 658, 5.563334797544836e-12
281, 382, 5.498132616096789e-12
101, 199, 5.479612210725628e-12
54, 658, 5.183118664608842e-12
582, 649, 5.100337028009314e-12
463, 658, 4.717122473307033e-12
49, 138, 4.702323832430878e-12
138, 261, 4.345925100751992e-12
113, 259, 4.007933529895961e-12
448, 649, 3.9150105809987265e-12
101, 179, 3.902447766931991e-12
550, 649, 3.56232107404251e-12
281, 658, 3.1985035664485e-12
162, 259, 3.0489573447620246e-12
384, 658, 2.914653206465604e-12
205, 658, 2.8382356070697262e-12
445, 658, 2.7603996831602624e-12
463, 573, 2.7199695696246334e-12
171, 259, 2.6897798859449156e-12
150, 649, 2.628895172144442e-12
343, 658, 2.578537686862057e-12
392, 658, 2.532968299351898e-12
326, 658, 2.3175003988566934e-12
247, 649, 2.3023794336864686e-12
101, 658, 2.2709924934741553e-12
399, 658, 1.9228873393284934e-12
20, 138, 1.8474509124498387e-12
266, 573, 1.7341731475390107e-12
205, 582, 1.7308670725471944e-12
54, 302, 1.6896347518938561e-12
343, 582, 1.6341710143469427e-12
29, 138, 1.6271284965152384e-12
54, 573, 1.5512050446667514e-12
399, 582, 1.499755381032263e-12
460, 582, 1.4748263480066201e-12
326, 582, 1.35887234841634e-12
101, 582, 1.3011776388466603e-12
364, 689, 1.0115412841200292e-12
49, 179, 4.25873400330995e-13
485, 692, 3.5303731533438313e-13
49, 340, 2.979431969877868e-13
227, 340, 2.9694986226218293e-13
49, 199, 2.920050764883544e-13
214, 437, 2.8075114439029817e-13
54, 863, 2.4706751677611483e-13
448, 692, 2.397438873957719e-13
101, 471, 2.1317659630533806e-13
175, 668, 2.0375642646565955e-13
150, 250, 2.0065913270442553e-13
150, 692, 1.898215127635477e-13
54, 424, 1.856920572900977e-13
20, 179, 1.856204217371693e-13
281, 424, 1.8129422748645334e-13
155, 402, 1.7999418536378821e-13
20, 437, 1.7046355305915515e-13
20, 340, 1.6642750313424096e-13
302, 402, 1.6489824016139988e-13
247, 692, 1.6347933240568894e-13
227, 437, 1.607390312829756e-13
364, 437, 1.5270168211265424e-13
20, 199, 1.4772050913561986e-13
463, 877, 1.4771878330035446e-13
49, 421, 1.456873141478758e-13
155, 471, 1.4562680719350057e-13
29, 179, 1.416579561477953e-13
214, 421, 1.3556133120923494e-13
89, 692, 1.3394377259241754e-13
205, 424, 1.3033026116008253e-13
550, 692, 1.3025037036795302e-13
89, 441, 1.30085189462535e-13
29, 340, 1.1294643623167848e-13
29, 199, 1.1159719367455794e-13
302, 510, 9.554815600023462e-14
89, 247, 9.088512101018561e-14
54, 382, 8.459304243118446e-14
101, 302, 8.095297342356253e-14
266, 441, 7.514475845133484e-14
343, 441, 7.506094363913863e-14
182, 402, 7.142678810569441e-14
205, 382, 6.558181295968978e-14
155, 302, 6.345547050788058e-14
49, 510, 6.27700235892511e-14
266, 1141, 6.271448081216312e-14
150, 1018, 5.879048546696255e-14
247, 1018, 5.6043080962059717e-14
182, 302, 4.6652775471967863e-14
89, 1018, 4.6128490331293473e-14
227, 421, 3.9386618424987996e-14
101, 424, 3.90553840774252e-14
20, 421, 3.873288580676291e-14
101, 382, 3.722875048336015e-14
29, 437, 3.6108401035412945e-14
625, 836, 3.540133834150371e-14
49, 402, 3.365787141237991e-14
54, 247, 3.360578497445217e-14
214, 402, 3.191307895727095e-14
155, 382, 2.8961857499015344e-14
29, 421, 2.837991879542368e-14
214, 302, 2.7049728460665534e-14
155, 424, 2.509047909846155e-14
155, 247, 2.411576063441132e-14
302, 836, 2.1390756856294146e-14
586, 836, 2.0691314031819384e-14
302, 382, 2.0477640325285867e-14
20, 550, 1.9876086673872593e-14
382, 550, 1.9362825735438956e-14
49, 836, 1.866572114252521e-14
227, 402, 1.8470350282216714e-14
101, 247, 1.7712160565178695e-14
20, 402, 1.703891870369246e-14
302, 424, 1.6590207015689944e-14
182, 382, 1.6195623322685707e-14
227, 550, 1.5816964846483225e-14
29, 550, 1.478413936296031e-14
182, 424, 1.4235515985072625e-14
214, 836, 1.3552114092045637e-14
364, 550, 1.2466684601513946e-14
49, 302, 1.2458286853162413e-14
227, 302, 1.0494656303137088e-14
182, 471, 1.0247616455268329e-14
29, 402, 9.97150640435062e-15
302, 471, 8.92019396255697e-15
214, 382, 7.279650825261399e-15
49, 382, 7.19999062255306e-15
20, 302, 6.5416800656236965e-15
382, 471, 6.318652797502141e-15
113, 668, 5.7882139534894366e-15
49, 471, 5.5089132248985115e-15
29, 302, 4.840301997767108e-15
182, 247, 4.659940272577607e-15
214, 471, 4.2393151028552904e-15
227, 382, 4.158494112532405e-15
20, 382, 3.890154388642935e-15
214, 510, 3.869373558063148e-15
364, 471, 3.8017409896515656e-15
49, 424, 3.7128461377453246e-15
382, 510, 3.501747357273097e-15
214, 424, 3.4617846850240354e-15
29, 382, 2.924179782837585e-15
49, 247, 2.8013414609906294e-15
255, 668, 2.652561823305249e-15
20, 510, 2.6490062352065604e-15
162, 668, 2.158063506688369e-15
200, 668, 2.1203522675930823e-15
227, 510, 2.1127988059477065e-15
227, 424, 1.996229656037562e-15
20, 424, 1.9960205538685884e-15
364, 510, 1.940086270540172e-15
29, 510, 1.9398833174130136e-15
171, 668, 1.911855014162149e-15
29, 424, 1.4565374913437157e-15
20, 247, 1.4110573229158334e-15
243, 668, 1.1926304576264078e-15
29, 247, 1.0712531740150433e-15
592, 668, 8.193997292333288e-16
138, 668, 5.626971368528117e-16
41, 668, 2.9741568386559386e-16
326, 441, 5.465035653626919e-18
54, 441, 5.160977003122305e-18
281, 441, 4.852472147183729e-18
445, 573, 4.578840837073025e-18
384, 573, 4.2377698608694995e-18
392, 573, 3.766755005441779e-18
281, 573, 3.637826532034309e-18
205, 441, 3.539568415670279e-18
205, 573, 3.3290782415484725e-18
460, 573, 3.285729255829959e-18
343, 573, 3.196291401907801e-18
399, 573, 2.8797885777867093e-18
101, 441, 2.5412194391892282e-18
155, 441, 1.6174177051016218e-18
370, 441, 1.545462983220591e-18
182, 441, 8.5544577339614265e-19
302, 441, 8.38745027117908e-19
20, 471, 4.614932699618054e-19
49, 441, 4.373122379064035e-19
214, 441, 4.0121120368287395e-19
227, 471, 3.9922120451239586e-19
29, 471, 3.4782855635887155e-19
364, 441, 2.6514467909985445e-19
20, 441, 2.4738092345601113e-19
227, 441, 2.3073995288604927e-19
29, 441, 1.8140644445677784e-19
