Gene = Hax1
index = 534
Annotated 5SS: [ 170  960 1311 2451 2687 2884]
Annotated 3SS: [ 693 1122 2398 2579 2792 2986]
SMsplice 5SS: [ 170  777 2687 2884]
SMsplice 3SS: [ 693 2579 2792 2986]
length: 3252
Partition function (logZ) = 0.05893927853113867
#Introns = 1580
5SS, 3SS, prob
2687, 2792, 0.9551892198628633
2884, 2986, 0.9236002243778724
170, 693, 0.34661866331766106
2451, 2579, 0.2971531906964361
1311, 2579, 0.2385034534012154
170, 2579, 0.13676005527887425
170, 1122, 0.08445886892844268
170, 1099, 0.07380275922928979
48, 693, 0.048201072593565035
1311, 2398, 0.04459878142111928
1311, 2136, 0.03685945484316096
960, 1099, 0.03357893395567405
960, 1122, 0.03317413779901917
960, 2579, 0.03316563037125445
896, 2579, 0.03272287509439282
1335, 2579, 0.030747901441273647
1153, 2579, 0.0290167636607849
896, 1122, 0.027014250363094485
781, 2579, 0.025781739583777927
896, 1099, 0.025769034598504135
170, 2398, 0.025371130937797127
508, 693, 0.022959977677601943
170, 2136, 0.022494251906524373
170, 699, 0.02226112171449016
1003, 1099, 0.019418939364144964
48, 2579, 0.0193258482934584
170, 1131, 0.019193012567890248
1311, 2192, 0.018983606731248402
781, 1122, 0.0183647979447328
2294, 2579, 0.017823876066673818
781, 1099, 0.016395589721066375
170, 896, 0.01529952214177089
1003, 1122, 0.015115866353087712
1311, 2236, 0.014495318908166967
2050, 2579, 0.014195737355535098
786, 2579, 0.014019606290160073
170, 2192, 0.011811256706902157
48, 1122, 0.011478186397367073
2417, 2579, 0.011006658479777274
170, 320, 0.010634375105629298
810, 2579, 0.010415459528139884
48, 1099, 0.010277043113804807
2884, 3049, 0.010067935637275052
786, 1122, 0.009973693384411208
1003, 2579, 0.00982076606992404
2884, 3157, 0.00980123292008003
2294, 2398, 0.009503336946961469
1311, 2433, 0.009117839899022765
786, 1099, 0.00895733572514916
48, 141, 0.008460777674515974
170, 2236, 0.00828392874794743
1311, 2792, 0.007956066669013051
960, 1131, 0.007476730140807585
2884, 2992, 0.0074438435680365496
810, 1122, 0.007442955996207642
2050, 2136, 0.007378075430669257
508, 2579, 0.0069597129636980015
781, 896, 0.006779991987742584
810, 1099, 0.006499781768522126
2687, 2796, 0.006248466740650519
999, 1099, 0.006186903039240338
960, 2398, 0.006182033897757895
896, 1131, 0.005960413013532854
170, 593, 0.00584237299513009
896, 2398, 0.005835919568749317
1335, 2398, 0.005492147509771685
960, 2136, 0.005428850858100968
2451, 2792, 0.005384928783633421
896, 2136, 0.005377094147479272
170, 2433, 0.0051900899926724305
1153, 2398, 0.005183967231076046
1335, 2136, 0.0051351984786800284
1153, 2136, 0.004781438611763233
1311, 1938, 0.0046609679704267245
170, 716, 0.004628102623494896
781, 2398, 0.004609367351616882
999, 1122, 0.004604251664468129
170, 2792, 0.004563302278351708
2451, 2593, 0.004390354234713572
508, 1122, 0.004361862210946725
781, 2136, 0.004248698759453412
781, 1131, 0.004217549813280948
1311, 2593, 0.004174493750200778
786, 896, 0.004077885246924846
508, 1099, 0.0039166654608039555
436, 693, 0.0038876865070208255
1311, 2204, 0.0038290618277526905
170, 384, 0.0036709756786364317
48, 2398, 0.0036293668871877423
810, 896, 0.003485004712589401
170, 247, 0.003462714202449621
170, 651, 0.0032673530148452506
48, 2136, 0.0031785284182047667
1311, 1894, 0.00316793639877923
999, 2579, 0.003147031250610617
48, 699, 0.0031263424860312377
1311, 2632, 0.003040442276378093
2884, 3245, 0.0030261901380276932
2687, 2986, 0.0029609302695079594
1003, 1131, 0.002946753893071962
1311, 2089, 0.0029396983840037083
960, 2192, 0.0028859301227314735
2050, 2398, 0.0028537979088633023
170, 1083, 0.0028428966161386303
170, 366, 0.0027797818829222564
2451, 2632, 0.0027729999330854548
896, 2192, 0.0027177511577974258
48, 1131, 0.0026358010172955024
170, 2204, 0.002533473137014891
786, 2398, 0.002510098787086255
170, 1938, 0.002501326312708088
2705, 2792, 0.002498953401803507
1335, 2192, 0.0024405063130988227
1153, 2192, 0.0024138688738645766
170, 2593, 0.002366755632380163
786, 2136, 0.0023152821778465713
786, 1131, 0.0023006691265468593
170, 817, 0.0022164101631446534
1311, 2109, 0.002186691948078583
781, 2192, 0.002146553479532466
2507, 2579, 0.002110170316952416
48, 896, 0.0020522864900433457
2050, 2192, 0.0020379598757772188
170, 282, 0.0020103432780018797
896, 2236, 0.0019071656188242067
2884, 3072, 0.0018690964244036134
810, 2398, 0.0018672316597172552
960, 2236, 0.0018498289245533186
960, 1083, 0.001749394874525448
170, 1894, 0.0017372315494921518
170, 2632, 0.0017216195953048971
810, 1131, 0.001701223640221048
1153, 2236, 0.0016938027449965793
48, 2192, 0.0016895163956596262
810, 2136, 0.0016572280669411743
1311, 1909, 0.0016473239059174138
1335, 2236, 0.0016250131772477011
170, 2089, 0.0016159517681040225
1003, 2136, 0.001603923590044863
436, 2579, 0.0015863147698593916
834, 2579, 0.001554189965896795
2362, 2579, 0.0015276103006029323
781, 2236, 0.0015063310647063053
1003, 2398, 0.0014938829214667527
2691, 2792, 0.0014676700940703992
170, 728, 0.0014669250693678919
508, 699, 0.001437760805950113
170, 1067, 0.0013566065370801904
1311, 1890, 0.0013225798676299427
508, 2398, 0.001300666950303017
170, 2109, 0.0012677437443970113
170, 576, 0.0012636552754424978
896, 2433, 0.0011928196879055465
48, 2236, 0.001185085471428519
960, 1067, 0.0011801882205889958
786, 2192, 0.0011698231325740001
834, 1122, 0.0011585183973412253
960, 2433, 0.001156988079345606
508, 2136, 0.0011477193741463903
896, 1083, 0.00113317210446743
1335, 2433, 0.0011231170093565202
1199, 2579, 0.0011065223193703745
960, 2792, 0.0010996623274028483
896, 2792, 0.0010865567090767767
2294, 2433, 0.001078986579797121
1153, 2433, 0.0010600761586306152
834, 1099, 0.0010462756596325193
802, 2579, 0.0010451820982258272
43, 693, 0.001030671498465841
436, 1122, 0.0010293824105014095
1335, 2792, 0.0010224219704364414
48, 320, 0.001008360663630287
170, 840, 0.0010066746899777025
508, 1131, 0.0010007079962909729
1153, 2792, 0.0009655828045110863
781, 2433, 0.0009424973708923527
436, 1099, 0.0009366339629192232
2451, 2602, 0.0009231978445092305
1311, 2602, 0.0009220496682811824
999, 1131, 0.0009029929867881186
170, 1909, 0.0008979685192174263
810, 2192, 0.0008703644656545566
781, 2792, 0.0008581199558486786
786, 2236, 0.0008209163860161835
1311, 2161, 0.000817821131641769
802, 1122, 0.0008097161774257969
508, 593, 0.0008080285943313277
508, 896, 0.0007955764848298807
48, 593, 0.0007920312861490218
2890, 2986, 0.000787539645516057
2607, 2792, 0.0007492224242513328
170, 1890, 0.0007427477925522695
48, 2433, 0.0007423416539586372
802, 1099, 0.0007184300603715762
1003, 2192, 0.0007157491553619945
781, 1083, 0.0006769401814129553
170, 1206, 0.0006749435208825641
48, 716, 0.0006654328301558488
1003, 1083, 0.0006632974009118807
960, 1938, 0.0006605293183438533
170, 280, 0.0006547084544170641
3096, 3245, 0.0006532716067275251
48, 2792, 0.0006448477158633299
896, 1938, 0.0006207917824885516
2652, 2792, 0.0006124665371559768
810, 2236, 0.0006102101712464513
508, 2192, 0.0006096050013319799
896, 1067, 0.0005923355526090057
896, 2204, 0.0005830526135141702
1335, 1938, 0.0005814657003934175
960, 2204, 0.0005655238215126058
170, 329, 0.0005631284029849979
2050, 2236, 0.0005585404042694257
3063, 3157, 0.0005584811300280108
170, 2602, 0.0005499996694889354
170, 332, 0.0005486123555417829
1153, 1938, 0.000545380127965961
896, 2593, 0.0005446334963491191
170, 655, 0.0005397064397195075
2294, 2792, 0.0005396612214406288
960, 2593, 0.0005275465052184163
170, 497, 0.000515922982581544
786, 2433, 0.0005132508058137335
2050, 2433, 0.0005129555146063627
1335, 2593, 0.0005125862314954572
2881, 2986, 0.0005120695757022759
170, 2161, 0.0005115299275318511
1311, 2049, 0.0005023427253457023
781, 1938, 0.000490193787472438
1003, 2236, 0.0004882000305566863
999, 2398, 0.0004836107813933395
1153, 2593, 0.0004834522724738873
1311, 1583, 0.0004690146929437757
786, 2792, 0.00046448778515176915
781, 2204, 0.00046051074716628925
48, 651, 0.00045940235465101117
960, 1894, 0.00045724318211022515
999, 2136, 0.00045576154389474256
964, 1099, 0.0004525332871046585
2050, 2792, 0.0004379852687773548
48, 384, 0.0004345581451724411
964, 1122, 0.0004311294650087997
781, 2593, 0.00043032275165915296
48, 1083, 0.0004267812108071279
896, 1894, 0.0004225481533665799
960, 2632, 0.00041989236402160653
170, 356, 0.0004165772219911235
43, 2579, 0.00041155992432545914
1335, 1894, 0.0004083307972883442
170, 618, 0.00040547507814305743
802, 896, 0.0004026019757061099
896, 2632, 0.0003965440376304292
1346, 2579, 0.0003863554757275339
810, 2433, 0.0003817903682520829
1153, 1894, 0.00037852965537602386
1335, 2089, 0.0003762085439457071
1335, 2632, 0.0003729239106535887
896, 2089, 0.0003723007864742818
170, 761, 0.00036906308937875894
964, 2579, 0.00036697149850343824
960, 2089, 0.0003668899616492204
786, 1083, 0.00036633044071035016
48, 2204, 0.0003624345764290528
3053, 3157, 0.00036154839952055195
48, 1938, 0.0003578357036480662
373, 693, 0.0003560481781032582
1153, 2632, 0.0003517279647215197
810, 2792, 0.0003444428586083104
1153, 2089, 0.00034217220393788325
170, 1029, 0.0003399060543818387
48, 2593, 0.00033830900592847973
781, 1894, 0.0003321746223866291
1311, 2494, 0.00033131060179871456
781, 1067, 0.0003294595551123313
1003, 2792, 0.00032583651765689947
2257, 2579, 0.00031882809903136097
1335, 2204, 0.0003144182275430813
781, 2632, 0.00031279606221320736
48, 366, 0.00031198788951833774
1153, 2204, 0.0003089322772407161
2294, 2593, 0.0003074058204800998
1003, 2433, 0.0003054522494539612
48, 817, 0.00030422215819106744
781, 2089, 0.00029397865395256134
896, 2109, 0.0002919386503576871
1335, 2109, 0.0002881032484690735
960, 2109, 0.00028309002888644744
170, 289, 0.00027344201146331087
508, 716, 0.0002721003700773783
170, 2049, 0.0002708368325046393
810, 1083, 0.00026906830814803565
170, 347, 0.00026900628828652727
834, 1131, 0.00026856417669231426
1153, 2109, 0.00026848297590194683
786, 1938, 0.0002673037719454847
48, 247, 0.00026656904801893467
436, 2136, 0.0002637979365390491
834, 2136, 0.0002601419452508157
1311, 1943, 0.0002569151543077612
786, 2204, 0.0002509679493060652
2884, 3134, 0.00025047414511116374
1132, 2579, 0.0002496978058030392
48, 1894, 0.00024852554053178197
48, 2632, 0.00024572506767943814
436, 699, 0.00024521226666245446
43, 1122, 0.00024458164619548943
999, 1083, 0.00023953209953741998
2687, 2824, 0.00023529474187462693
786, 2593, 0.00023418214286197183
2417, 2792, 0.0002341499118752278
508, 2792, 0.00023163692662955262
436, 1131, 0.00023145608885654956
48, 2089, 0.00023105337970400494
999, 2192, 0.0002305644538069923
781, 2109, 0.0002305225629030702
508, 651, 0.0002300251166714186
170, 701, 0.00022598041046379986
2294, 2632, 0.00022498114317017476
170, 1583, 0.00022179677188699786
960, 1909, 0.00021971274515470958
43, 1099, 0.00021897974828231833
896, 1909, 0.00021744429123369792
48, 1067, 0.00021274511058178786
48, 728, 0.0002110454393926922
1335, 1909, 0.00020636502273010596
810, 1938, 0.00019889679921848908
1153, 1909, 0.00019808531920633045
170, 2494, 0.0001975842512561437
170, 1275, 0.00019660167197586812
170, 999, 0.0001950587612763326
170, 1222, 0.00019289621017305321
960, 1206, 0.00018933991621037413
896, 1206, 0.0001862649731955217
283, 693, 0.00018164702795895736
48, 2109, 0.0001813613731710989
786, 1894, 0.00018113556674462228
896, 1890, 0.00018112995347903865
2884, 3227, 0.0001810206618799637
786, 1067, 0.00017928754723677898
802, 2136, 0.0001778900357892343
48, 576, 0.00017778737349014696
960, 1890, 0.00017761186587770923
802, 1131, 0.00017741128701577628
43, 141, 0.00017689507801172807
2884, 3095, 0.00017648582107461554
170, 423, 0.00017619358887953406
1335, 1890, 0.00017507590911676452
2884, 3085, 0.00017477338964592886
810, 2593, 0.00017418320704544834
436, 896, 0.00017317417042197705
834, 896, 0.00017225670624841446
781, 1909, 0.00017169982543393598
1311, 2606, 0.0001715176303938199
786, 2632, 0.0001700867006153337
896, 1029, 0.00016905021073718236
2872, 2986, 0.00016848376886289399
170, 1175, 0.0001669428646760725
896, 999, 0.0001650025255413967
1003, 1938, 0.00016486557637315758
2050, 2632, 0.0001641559278108804
170, 550, 0.00016247172781895443
508, 1083, 0.00016215806852018023
786, 2089, 0.00016030721947367504
1153, 1890, 0.0001598516180171106
2884, 3000, 0.00015929284310206226
170, 824, 0.00015920322664804857
2687, 2820, 0.00015669151261398726
1311, 1986, 0.00015227228748470413
960, 1029, 0.00014828471183460937
170, 1943, 0.0001440936919750646
781, 1890, 0.00014202019736037901
1003, 2593, 0.0001392641960337266
170, 1143, 0.00013865359717585773
454, 693, 0.00013854027906211577
781, 1206, 0.00013803654692949265
810, 1067, 0.00013736062723784825
170, 846, 0.0001368003562944991
48, 840, 0.00013573709161017092
1003, 1067, 0.00013530945838041152
1311, 2000, 0.00013497462621390278
810, 1894, 0.00013478030701893733
320, 693, 0.00013386282006899437
508, 1938, 0.00013286509950795976
1199, 2136, 0.00013061173263611767
508, 2433, 0.00013050639388421345
48, 282, 0.00012930765505718403
1311, 2506, 0.00012912006250336935
48, 1909, 0.00012846192649694458
2884, 3010, 0.00012658915053164838
810, 2632, 0.00012644932326682249
896, 2602, 0.00012627596602290874
786, 2109, 0.0001257044706752749
170, 340, 0.00012267311929799402
960, 2602, 0.00012221939201697714
810, 2089, 0.00011928224062409609
1311, 1735, 0.00011534199792184125
2417, 2632, 0.00011358068630533863
48, 1890, 0.00010625629996001534
1311, 1960, 0.00010617899013299042
2050, 2593, 0.00010602919505799443
170, 852, 0.00010589331399080032
992, 1099, 0.00010268454944315758
170, 2606, 0.00010232371529233613
999, 2792, 0.00010153922935241982
1003, 2632, 0.00010131943503468737
781, 2602, 9.944716803379163e-05
508, 817, 9.925311574118257e-05
1003, 1894, 9.769038578297037e-05
2641, 2792, 9.717876030314165e-05
48, 1206, 9.65563303319002e-05
1003, 2089, 9.54940426586978e-05
2594, 2792, 9.4097311081931e-05
786, 1909, 9.362829997810391e-05
810, 2109, 9.347013675436125e-05
508, 1894, 9.233614459660486e-05
373, 1122, 9.11138774710341e-05
170, 770, 9.008836881403523e-05
170, 1199, 8.961131183072993e-05
964, 1131, 8.912528581547078e-05
1311, 2503, 8.800338530806902e-05
436, 593, 8.77630017252971e-05
508, 2632, 8.766630568610349e-05
411, 693, 8.694539089254055e-05
2687, 3157, 8.39373672868964e-05
508, 1067, 8.283684042577143e-05
1624, 2579, 8.263503490869851e-05
170, 1986, 8.245731315501472e-05
781, 1029, 8.09917390187257e-05
2417, 2593, 8.035121401879816e-05
48, 2602, 7.849536076598763e-05
786, 1890, 7.744393221018938e-05
170, 2506, 7.701054996744917e-05
373, 1099, 7.691988277361202e-05
170, 1960, 7.593211108305498e-05
48, 655, 7.556443682156213e-05
786, 1206, 7.535478241611364e-05
1003, 2109, 7.48813941409855e-05
170, 2000, 7.44509455095572e-05
508, 728, 7.431537307436092e-05
2451, 2606, 7.424327496752968e-05
508, 576, 7.315229819336461e-05
3063, 3245, 7.307598126008375e-05
992, 1122, 7.29533962247046e-05
896, 2049, 7.011251326134295e-05
1311, 2986, 6.990412442447951e-05
810, 1909, 6.966743883326623e-05
896, 1583, 6.923401832893035e-05
2824, 2986, 6.893513610148879e-05
960, 2049, 6.798741235577004e-05
960, 1583, 6.779132683113591e-05
2687, 3049, 6.730825603955933e-05
43, 699, 6.672350278250532e-05
48, 497, 6.651826219323606e-05
1335, 1583, 6.466402610229576e-05
1335, 2602, 6.465902210392647e-05
1007, 1099, 6.43840914160628e-05
1335, 2049, 6.23014158572911e-05
170, 1735, 6.0336913192951074e-05
999, 1067, 5.957242977560322e-05
1003, 1206, 5.9428102699470335e-05
1153, 1275, 5.9316176906310055e-05
1153, 2602, 5.929321451302144e-05
810, 1890, 5.7624889179048915e-05
2687, 2767, 5.714177500221216e-05
303, 693, 5.71081390433524e-05
335, 693, 5.708112962365697e-05
48, 618, 5.626562299060845e-05
43, 1131, 5.617118289062349e-05
781, 2049, 5.5362714833331514e-05
1153, 1583, 5.5117341103364095e-05
48, 329, 5.5027943046497175e-05
810, 1206, 5.444558725465284e-05
48, 332, 5.402901787746437e-05
999, 1938, 5.340668730652799e-05
781, 999, 5.3287783545913577e-05
1007, 1122, 5.3158947940439355e-05
1311, 2796, 5.2960746322157227e-05
1153, 2049, 5.284019511842425e-05
960, 1175, 5.282242779986296e-05
960, 1275, 5.266837014836861e-05
170, 2503, 5.248761280224385e-05
508, 2089, 5.2427719700556554e-05
781, 1583, 5.158129588515136e-05
1003, 1909, 5.119185185421932e-05
834, 2792, 5.1181732617095465e-05
48, 1029, 5.116632156075998e-05
896, 1275, 5.0490356534051935e-05
48, 761, 5.032717243369728e-05
3053, 3245, 4.9742508410857385e-05
56, 693, 4.9545249665404244e-05
436, 2792, 4.8713536986728784e-05
960, 1143, 4.8179240062051944e-05
436, 716, 4.7902543432724225e-05
2523, 2792, 4.7301538645770606e-05
896, 1222, 4.6823004959897085e-05
451, 693, 4.681167837841124e-05
2660, 2792, 4.6193806380286705e-05
3096, 3227, 4.5441659162257045e-05
896, 2494, 4.53884707308825e-05
786, 1029, 4.522058698306016e-05
960, 1222, 4.5136987110362473e-05
170, 1281, 4.5033678791767614e-05
48, 356, 4.4990065468926986e-05
896, 1175, 4.417407672265018e-05
960, 2494, 4.4003150772377444e-05
43, 896, 4.377741988166706e-05
834, 1083, 4.3718656085556906e-05
508, 840, 4.3170017508814936e-05
2451, 2986, 4.2979987495776444e-05
1003, 1890, 4.199620433230947e-05
508, 618, 4.1986845457881196e-05
48, 280, 4.0921222390144294e-05
1153, 1222, 4.045637819273678e-05
170, 2986, 3.976179602634851e-05
436, 651, 3.882809055901065e-05
896, 1143, 3.8809481641826364e-05
48, 2049, 3.874547996426146e-05
436, 1083, 3.86586476468672e-05
170, 421, 3.854781964534084e-05
1311, 2652, 3.836895333520399e-05
781, 1275, 3.828225301662176e-05
810, 1029, 3.745974564334075e-05
204, 693, 3.640853669391688e-05
2507, 2792, 3.5874171322027375e-05
781, 2494, 3.5842669486601235e-05
2451, 2796, 3.4994241144919026e-05
802, 2792, 3.4908342351925765e-05
781, 1222, 3.4062754956862576e-05
2362, 2792, 3.3882170999847534e-05
1199, 2792, 3.3778265008673115e-05
283, 1122, 3.359906853674455e-05
454, 1122, 3.289905203894898e-05
508, 655, 3.280095746962856e-05
781, 1175, 3.2717203993856616e-05
999, 1894, 3.220143362132022e-05
999, 2632, 3.2166341802068755e-05
2847, 2986, 3.207694413746539e-05
170, 912, 3.205372913159153e-05
48, 701, 3.20031868388245e-05
170, 2796, 3.157418022859013e-05
283, 1099, 3.1413447598873105e-05
48, 1583, 3.126814252573376e-05
48, 999, 3.0591819573093696e-05
170, 457, 3.0454635923085173e-05
786, 2049, 3.0189412592104354e-05
454, 1099, 2.9959776599243276e-05
2687, 2801, 2.9876505188525707e-05
786, 999, 2.941116913724245e-05
320, 1099, 2.8938421919297263e-05
781, 1143, 2.880942357518213e-05
786, 1583, 2.8493792277822e-05
48, 2494, 2.8266083964659363e-05
802, 1083, 2.8125970058611447e-05
48, 1275, 2.8125517759298244e-05
48, 347, 2.7922227642515913e-05
96, 693, 2.7661378229424212e-05
2687, 3245, 2.6266313119995256e-05
2687, 2992, 2.6099409624772936e-05
781, 852, 2.5251706789799274e-05
62, 693, 2.4011563500026535e-05
834, 1067, 2.378417156265759e-05
810, 999, 2.3722765469185458e-05
320, 1122, 2.3582649861024265e-05
170, 2652, 2.3543853887799154e-05
48, 423, 2.3336026475683033e-05
170, 451, 2.3198018698045472e-05
48, 1175, 2.3187809018361556e-05
48, 121, 2.3137287014922238e-05
2687, 2753, 2.2949620475591452e-05
373, 699, 2.2756640473211542e-05
48, 1222, 2.2504104552067535e-05
810, 2049, 2.2463497208264278e-05
48, 550, 2.2440557954415084e-05
964, 1083, 2.239679232225533e-05
896, 2161, 2.223300477714925e-05
48, 169, 2.2090013105784145e-05
48, 824, 2.1736080498279117e-05
170, 921, 2.1623576980225448e-05
960, 2161, 2.1564595602272982e-05
810, 1583, 2.153345880846609e-05
43, 320, 2.14274338137227e-05
786, 1275, 2.0797348441237653e-05
508, 1029, 2.0363185978369442e-05
896, 1986, 1.9989451782286587e-05
436, 817, 1.986324555580728e-05
170, 902, 1.9750418179665824e-05
411, 1099, 1.9658644580277134e-05
1003, 1583, 1.963110770343917e-05
48, 1143, 1.956229825483372e-05
48, 289, 1.948091609464894e-05
781, 846, 1.9066970010735218e-05
436, 1067, 1.839234761385546e-05
48, 846, 1.8274204551542908e-05
896, 2000, 1.815634539743545e-05
170, 474, 1.8126898852399272e-05
960, 2000, 1.7606028995252526e-05
810, 2204, 1.7018783518037846e-05
43, 593, 1.6834934101942407e-05
436, 576, 1.6811192020497334e-05
3057, 3157, 1.6745046166980744e-05
2050, 2204, 1.6516229114284178e-05
373, 896, 1.6260246616807213e-05
170, 342, 1.5945656488305907e-05
786, 1143, 1.5896890102836677e-05
508, 761, 1.5381369273294547e-05
810, 1275, 1.5229057336886411e-05
1003, 1143, 1.507998272905154e-05
179, 693, 1.5078866107020274e-05
964, 1067, 1.5064751566629237e-05
170, 454, 1.4933218060296166e-05
960, 1735, 1.492499558078367e-05
69, 693, 1.4788226441631235e-05
1335, 1735, 1.4584649476198702e-05
2884, 3197, 1.4428900567776552e-05
2451, 2652, 1.440764468744938e-05
618, 693, 1.4343616138381355e-05
781, 2000, 1.4336735710883492e-05
802, 1067, 1.4198512387725216e-05
43, 716, 1.417601659707705e-05
48, 852, 1.4012450673840314e-05
896, 1735, 1.3926030622864254e-05
1003, 1275, 1.3672437374052104e-05
1031, 1122, 1.352275589548034e-05
43, 2792, 1.3230755961187646e-05
436, 728, 1.3095807060439424e-05
1153, 1735, 1.3036760864589986e-05
411, 1122, 1.3012270999427812e-05
43, 2136, 1.2878555580893068e-05
48, 340, 1.239150439539365e-05
2687, 3072, 1.2323630583435447e-05
2705, 2796, 1.2322454750496475e-05
508, 1583, 1.224319104837783e-05
48, 770, 1.2178141224554526e-05
781, 1735, 1.2060188810916554e-05
960, 1281, 1.1808525698765448e-05
283, 699, 1.17929403350752e-05
1346, 2792, 1.166301921069419e-05
170, 1309, 1.1585379989941583e-05
170, 2668, 1.1407606595746234e-05
508, 999, 1.138621919980054e-05
992, 1131, 1.1308970444234042e-05
2884, 3187, 1.130185463475852e-05
508, 701, 1.1218116872632933e-05
896, 1281, 1.1207618662196951e-05
561, 693, 1.1197501879599347e-05
56, 1099, 1.0676385609776858e-05
56, 1122, 1.0625205707705075e-05
1311, 2668, 1.0495347166789039e-05
3074, 3157, 1.0493399186819961e-05
964, 2792, 1.0386721063841362e-05
781, 912, 1.025865026283279e-05
2687, 2930, 1.024078962921058e-05
2884, 3139, 1.0148915070508557e-05
303, 1099, 9.99577196223665e-06
786, 852, 9.955016089438433e-06
43, 651, 9.760800888001008e-06
960, 2986, 9.608718684447607e-06
523, 693, 9.579858948811015e-06
1153, 1281, 9.456954737803756e-06
43, 384, 9.294112446789194e-06
303, 1122, 9.221829041483303e-06
896, 2986, 9.098899997582314e-06
43, 1083, 9.0950740549932e-06
960, 1199, 8.876889924583797e-06
2884, 3087, 8.865149712338329e-06
781, 1281, 8.66399630456407e-06
48, 1735, 8.631701381247043e-06
436, 840, 8.573382210623222e-06
454, 699, 8.57076425676652e-06
1335, 2986, 8.504382989968021e-06
320, 699, 8.455292590676564e-06
56, 141, 8.182523230389151e-06
1153, 2986, 8.097960899006869e-06
2890, 3049, 8.084211617064459e-06
283, 896, 8.01014232366529e-06
3053, 3134, 7.967195671632016e-06
2890, 3157, 7.802312077406368e-06
781, 902, 7.772553184624482e-06
3063, 3134, 7.370136303173622e-06
170, 766, 7.314072283991229e-06
962, 1099, 7.286091663060214e-06
781, 2986, 7.17917081805835e-06
335, 1099, 7.0620706235544326e-06
810, 912, 6.979002920138628e-06
896, 2796, 6.948451130480193e-06
2451, 2668, 6.915263901323746e-06
2705, 2986, 6.8438642337526455e-06
2817, 2986, 6.8282895919004896e-06
586, 693, 6.82343359596209e-06
373, 593, 6.739986111229872e-06
960, 2796, 6.7180808703828e-06
43, 366, 6.6292180407617395e-06
786, 1735, 6.6019874968039884e-06
2691, 2796, 6.528126411805132e-06
1335, 2796, 6.525475696711749e-06
2890, 2992, 6.488780614717713e-06
43, 817, 6.451281445561521e-06
48, 1281, 6.442445376455705e-06
212, 693, 6.373235119985603e-06
834, 1029, 6.370780477839112e-06
999, 1583, 6.19281024614436e-06
3096, 3197, 6.191330729107527e-06
508, 846, 6.109813665833118e-06
170, 601, 6.08712942977206e-06
781, 921, 6.072801817610832e-06
508, 824, 6.05472087593767e-06
786, 912, 6.048999022725084e-06
170, 528, 5.744124941185961e-06
48, 2986, 5.688131384542472e-06
2881, 3049, 5.687253867474999e-06
320, 896, 5.632024405860846e-06
43, 247, 5.586133024421732e-06
411, 699, 5.573035011256387e-06
2881, 3157, 5.556099337154505e-06
781, 2796, 5.497934976238843e-06
103, 693, 5.467904995257108e-06
436, 655, 5.437534863672138e-06
999, 2089, 5.430847127122424e-06
454, 896, 5.405769487152963e-06
170, 303, 5.105900759235727e-06
48, 421, 5.094322289968313e-06
3096, 3187, 5.090651910404573e-06
508, 852, 5.051646878462286e-06
59, 693, 4.862974290549453e-06
3144, 3245, 4.860165682562858e-06
170, 774, 4.783199203815239e-06
810, 902, 4.744738209328767e-06
810, 1735, 4.708340186994857e-06
170, 432, 4.70124011590293e-06
786, 1281, 4.700047106597586e-06
786, 902, 4.673535906127784e-06
373, 716, 4.597710213581906e-06
436, 618, 4.546967155128083e-06
43, 728, 4.461311799073575e-06
170, 398, 4.435233294820546e-06
3063, 3227, 4.4038993618929625e-06
2294, 2986, 4.358030708171768e-06
48, 2796, 4.336959305720501e-06
283, 384, 4.225159134373748e-06
48, 457, 4.153356227806332e-06
2257, 2792, 4.124865267289715e-06
48, 912, 4.0837858540126194e-06
834, 999, 4.074450768835305e-06
3168, 3245, 3.994622043433402e-06
810, 921, 3.955778096379093e-06
786, 2986, 3.898050746543507e-06
1003, 1735, 3.886990755656416e-06
508, 770, 3.884103922054837e-06
3159, 3245, 3.8168153795037775e-06
43, 576, 3.755448598035724e-06
411, 896, 3.685311236337966e-06
303, 699, 3.680430862205757e-06
2050, 2986, 3.6543838380824207e-06
335, 699, 3.602235245289421e-06
1132, 2792, 3.5268832775961145e-06
786, 921, 3.4976574601402956e-06
62, 141, 3.43491741814297e-06
834, 1583, 3.2814956019442015e-06
1153, 2796, 3.2812269051527727e-06
960, 1050, 3.2662898477836e-06
56, 699, 3.2282326201540296e-06
454, 593, 3.2121840780224425e-06
1003, 2049, 3.209453770988401e-06
283, 593, 3.1820155446611387e-06
48, 451, 3.139647664450278e-06
436, 761, 3.1341553094103163e-06
2687, 2859, 3.1259171467029308e-06
810, 1281, 3.1164984236805105e-06
2607, 2986, 3.100327124903164e-06
960, 1309, 3.076292620287782e-06
3053, 3227, 3.0500857167115035e-06
2691, 2986, 2.989743943298201e-06
786, 2796, 2.983753866197444e-06
373, 651, 2.9832792437687934e-06
896, 1309, 2.9609947196758054e-06
810, 2986, 2.910185231479917e-06
451, 699, 2.8884544891304252e-06
436, 1583, 2.8829046212982328e-06
170, 776, 2.8795047595247273e-06
43, 840, 2.8595164490581515e-06
283, 366, 2.839388917712808e-06
2881, 2992, 2.81450169509723e-06
170, 663, 2.808978567023686e-06
43, 282, 2.682209648069215e-06
48, 921, 2.6794763173305727e-06
48, 902, 2.6318706495265685e-06
802, 1029, 2.5551037730926543e-06
48, 474, 2.4375163358065643e-06
283, 716, 2.430332471968026e-06
2652, 2986, 2.387061063152521e-06
204, 699, 2.3150358730508223e-06
436, 550, 2.3132175633331753e-06
1003, 2986, 2.3034496664436096e-06
781, 1309, 2.2875327153379898e-06
320, 593, 2.2337850305215176e-06
332, 693, 2.2179068365469412e-06
802, 1583, 2.182924301392865e-06
1199, 1583, 2.182091876353834e-06
3116, 3245, 2.1716895839905583e-06
170, 1050, 2.160755584213829e-06
2890, 3245, 2.1454029013949753e-06
206, 693, 2.142659266703772e-06
1311, 3157, 2.127821104023543e-06
48, 454, 2.0301087836638223e-06
508, 2986, 2.001702687053829e-06
170, 857, 1.9877409384978204e-06
303, 896, 1.973173170103303e-06
3057, 3245, 1.965217144155519e-06
56, 896, 1.964495875990362e-06
1153, 1309, 1.9028811775583138e-06
411, 593, 1.9012351957523605e-06
335, 896, 1.8344400835748772e-06
43, 1067, 1.8264560574598463e-06
96, 699, 1.7808681498511812e-06
436, 701, 1.7766070730115696e-06
170, 2824, 1.7708057156751373e-06
283, 651, 1.7697968025861881e-06
204, 320, 1.7667063445726676e-06
802, 999, 1.7195743206641704e-06
320, 716, 1.7001128824558492e-06
2687, 2862, 1.7000159789860221e-06
48, 1309, 1.657385755576459e-06
508, 912, 1.6284446359957323e-06
48, 342, 1.6221417828609898e-06
1311, 2824, 1.6169602118639377e-06
43, 655, 1.606010839437418e-06
584, 693, 1.600384536928967e-06
454, 716, 1.5900442850334977e-06
69, 141, 1.5751004649759371e-06
2884, 3002, 1.5675269168096996e-06
896, 1050, 1.5651883841619259e-06
62, 699, 1.5630438656947793e-06
204, 896, 1.5615656210209024e-06
1311, 3049, 1.52470212308068e-06
2872, 3049, 1.5246774635775885e-06
2872, 3157, 1.5135463037463063e-06
2881, 3245, 1.5047000971841124e-06
633, 699, 1.4781928967897542e-06
373, 817, 1.4709174710333906e-06
2687, 3134, 1.4672393838594813e-06
43, 497, 1.4014117783118212e-06
454, 651, 1.3436634806611033e-06
320, 651, 1.293708962470992e-06
170, 3157, 1.2789104333140362e-06
373, 728, 1.2788988050962436e-06
373, 576, 1.2767857712694223e-06
786, 1309, 1.2531056263380703e-06
486, 693, 1.2125311569083122e-06
43, 618, 1.1900565570905477e-06
303, 384, 1.1774674673270987e-06
43, 329, 1.1748421033338334e-06
43, 332, 1.1557274178402781e-06
1311, 1404, 1.137686603314045e-06
411, 716, 1.1304783461982117e-06
3074, 3245, 1.1126880408482105e-06
618, 699, 1.1002796788299284e-06
508, 921, 1.0952491487749973e-06
2687, 3227, 1.0858822031696423e-06
2824, 3157, 1.0735695303178804e-06
451, 593, 1.0732066642701506e-06
43, 761, 1.0664182991414918e-06
56, 320, 1.0576866943031644e-06
320, 384, 1.0343444534674108e-06
500, 693, 1.0042433081477393e-06
436, 824, 1.0018295144373583e-06
303, 593, 9.960989820662015e-07
48, 766, 9.942065488924273e-07
204, 1099, 9.623774944117736e-07
43, 356, 9.592562654236333e-07
179, 699, 9.56409998321665e-07
69, 699, 9.554272644460145e-07
335, 593, 9.271583747859199e-07
3148, 3245, 9.251627227830317e-07
1346, 1583, 9.164319829780924e-07
834, 912, 9.15282637635623e-07
170, 3049, 9.140583525798634e-07
810, 1309, 9.094359668917198e-07
96, 1099, 8.60444762187249e-07
43, 280, 8.497986177269819e-07
48, 601, 8.372818036699037e-07
56, 593, 8.266685659903841e-07
1003, 1309, 8.157312362702408e-07
411, 651, 8.124245709430406e-07
451, 896, 8.070386028360142e-07
2417, 2986, 7.895694023396853e-07
451, 1099, 7.874702542472191e-07
1031, 1099, 7.786341010979326e-07
964, 1583, 7.69786517944579e-07
781, 1050, 7.625021045444956e-07
436, 770, 7.58286781120664e-07
59, 141, 7.562130122802513e-07
834, 921, 7.528187871495377e-07
283, 817, 7.480243792932265e-07
48, 528, 7.31768830120053e-07
62, 1099, 7.195943563253085e-07
96, 320, 7.164298753811278e-07
454, 576, 7.160770066033215e-07
631, 693, 7.156090136233611e-07
303, 716, 7.052270879303086e-07
170, 436, 7.017835493087366e-07
283, 728, 6.851642543083353e-07
56, 716, 6.841832510035578e-07
43, 701, 6.831939682091762e-07
335, 716, 6.701297044541752e-07
802, 912, 6.69620316153545e-07
48, 774, 6.557923307723613e-07
1311, 3245, 6.488354352372525e-07
283, 576, 6.477778215937417e-07
373, 497, 6.442744100278488e-07
43, 1583, 6.410272173295433e-07
48, 432, 6.243422211382097e-07
43, 121, 6.135386371693659e-07
204, 593, 6.074434140402868e-07
561, 699, 6.047333373055871e-07
96, 896, 5.992761342021924e-07
43, 347, 5.990034479283528e-07
373, 1131, 5.859851665568045e-07
303, 651, 5.791706505479408e-07
1132, 1583, 5.714797285060135e-07
633, 716, 5.66491487722353e-07
48, 398, 5.510708925861569e-07
523, 699, 5.47835404229822e-07
2451, 3157, 5.455487664072578e-07
67, 693, 5.37977034814686e-07
62, 320, 5.251299447010658e-07
508, 601, 5.14355658977648e-07
335, 651, 5.091846268720419e-07
179, 320, 4.940701471053887e-07
43, 423, 4.900877845128745e-07
204, 716, 4.874296302622095e-07
48, 174, 4.85893341033369e-07
1335, 2494, 4.852645466344982e-07
451, 716, 4.831192876746488e-07
43, 550, 4.819611863153847e-07
56, 651, 4.764996370031105e-07
96, 593, 4.664482888738663e-07
320, 576, 4.615148700742467e-07
564, 693, 4.585942267275222e-07
663, 896, 4.564851337516449e-07
56, 384, 4.500321368970498e-07
1153, 2494, 4.449942780284662e-07
451, 651, 4.4349680499566586e-07
204, 384, 4.387204528420094e-07
436, 846, 4.3797848355746003e-07
373, 655, 4.3519792392495264e-07
43, 169, 4.302839224205554e-07
48, 303, 4.2941649458154527e-07
320, 728, 4.256641022118226e-07
62, 593, 4.081628982933573e-07
43, 289, 4.0384721587476715e-07
48, 776, 3.9723872228027897e-07
48, 663, 3.9181982197975127e-07
335, 1122, 3.913145199905932e-07
170, 3245, 3.9126066198411246e-07
48, 179, 3.732340841009069e-07
781, 857, 3.7307452067297967e-07
204, 1122, 3.6968960394824344e-07
454, 728, 3.688714672895073e-07
436, 852, 3.688506987316824e-07
1311, 1454, 3.628585544703272e-07
212, 320, 3.6070549971483904e-07
212, 699, 3.5564754909891734e-07
373, 618, 3.4934739755199334e-07
204, 651, 3.489512150248099e-07
411, 576, 3.4606338407903454e-07
586, 699, 3.430335179781354e-07
96, 716, 3.358275786646172e-07
69, 320, 3.355186810693098e-07
62, 896, 3.3285733264355984e-07
204, 366, 3.2840750251533173e-07
56, 366, 3.2495283298891913e-07
103, 699, 3.2134973341435204e-07
962, 1122, 3.212859088496821e-07
303, 366, 3.1622113433701873e-07
48, 1050, 3.1387605296613857e-07
96, 1122, 2.9594082564518575e-07
62, 716, 2.899055325490427e-07
283, 497, 2.8818384071720464e-07
56, 247, 2.858364361807635e-07
283, 356, 2.830306173933649e-07
508, 902, 2.7967889447415807e-07
59, 699, 2.792697143920091e-07
96, 651, 2.789240385030212e-07
633, 896, 2.6937248441383144e-07
43, 340, 2.660760744369582e-07
69, 593, 2.5587267359397347e-07
283, 655, 2.554764097598224e-07
96, 384, 2.518856723155471e-07
179, 593, 2.50240907760494e-07
451, 576, 2.328654295376669e-07
1007, 1131, 2.2935338293834883e-07
411, 497, 2.2152085491709206e-07
62, 384, 2.2087442529458184e-07
320, 497, 2.201703620453429e-07
62, 651, 2.1926050500055086e-07
283, 618, 2.107451605326467e-07
179, 896, 2.0823855908012268e-07
204, 282, 2.0735841949005174e-07
508, 766, 2.0551890051517477e-07
283, 1131, 2.0544451958352886e-07
411, 728, 2.041044065818867e-07
303, 576, 2.0143721642540183e-07
335, 576, 1.943340466878853e-07
56, 576, 1.853354987243881e-07
320, 655, 1.8497145384275625e-07
96, 247, 1.8394985140730923e-07
523, 593, 1.8233161825281415e-07
96, 366, 1.809891250097515e-07
618, 716, 1.8011054664722228e-07
69, 716, 1.793701342402668e-07
123, 693, 1.7161844740713486e-07
179, 384, 1.6378945293882303e-07
960, 1034, 1.632802824846098e-07
489, 693, 1.6090009377044538e-07
454, 655, 1.6074533383670049e-07
786, 857, 1.5874578350813135e-07
62, 366, 1.5860589599631022e-07
454, 618, 1.5179911586466387e-07
320, 423, 1.4876810611097663e-07
103, 320, 1.4499477639090151e-07
62, 247, 1.434397038636155e-07
56, 282, 1.3921392568741336e-07
373, 550, 1.3894300593896754e-07
69, 384, 1.381366354067616e-07
320, 618, 1.3763791004037994e-07
204, 576, 1.366146793436799e-07
802, 902, 1.3592338190007677e-07
802, 921, 1.3486237619734176e-07
69, 651, 1.3396341014558556e-07
896, 1034, 1.3308404111128403e-07
561, 651, 1.307571637927727e-07
179, 651, 1.2955283884624326e-07
179, 366, 1.2567502799217936e-07
48, 201, 1.2430404897216458e-07
283, 423, 1.2257457617875783e-07
633, 728, 1.1892916376359492e-07
508, 663, 1.1144144108448345e-07
56, 728, 1.1109469333032502e-07
206, 320, 1.1044513761379153e-07
179, 716, 1.0758310503763598e-07
43, 421, 1.068789288390282e-07
303, 728, 1.0621239446531955e-07
43, 770, 1.0591704168631677e-07
59, 320, 1.0496004128230189e-07
212, 593, 1.0402541453717252e-07
320, 817, 1.0295899622429894e-07
179, 282, 1.0254111845298886e-07
373, 701, 1.0141849493212202e-07
96, 576, 1.0134370558451293e-07
454, 550, 1.0039425242313456e-07
69, 366, 9.783557310116443e-08
283, 347, 9.699121398387098e-08
834, 902, 9.526068109583744e-08
303, 497, 9.487900757011077e-08
179, 247, 9.393131110431977e-08
48, 436, 9.342528979751275e-08
69, 247, 9.153182300579841e-08
62, 576, 9.044933508718219e-08
96, 282, 9.034325199861837e-08
43, 457, 8.912757670658232e-08
170, 1034, 8.828386815507923e-08
436, 999, 8.665062710545982e-08
103, 593, 8.642197141115304e-08
335, 497, 8.574562405041744e-08
206, 699, 8.27658834599833e-08
411, 618, 8.262571710026162e-08
335, 728, 8.238427794202942e-08
204, 329, 8.159175634778043e-08
204, 728, 7.93688684493549e-08
212, 384, 7.844391935275195e-08
436, 528, 7.797696225013175e-08
283, 550, 7.776172057556332e-08
59, 593, 7.686985077935088e-08
204, 332, 7.616261409578711e-08
411, 655, 7.306262760707739e-08
56, 497, 6.962909987030303e-08
62, 282, 6.952676098717847e-08
43, 451, 6.748075092582742e-08
781, 1034, 6.617978154923999e-08
303, 655, 6.464603453395828e-08
523, 651, 6.396063010027931e-08
67, 141, 6.388678302093618e-08
508, 774, 6.110635323793891e-08
1315, 2579, 6.04628467737616e-08
320, 550, 6.03890288360458e-08
204, 280, 6.005233241207606e-08
56, 655, 5.894703073666466e-08
212, 366, 5.875050335902724e-08
283, 701, 5.8405664522489784e-08
335, 423, 5.762545479202796e-08
56, 329, 5.733251680005126e-08
56, 332, 5.61543514774586e-08
373, 2579, 5.5828332875531307e-08
204, 497, 5.310594698070571e-08
69, 576, 5.2264261761151315e-08
43, 474, 5.165341299951768e-08
373, 840, 5.120996766784917e-08
303, 423, 5.101727274228409e-08
179, 576, 5.049812063073344e-08
373, 457, 4.98738445020905e-08
103, 384, 4.98006795412855e-08
303, 618, 4.948858694506304e-08
204, 356, 4.875992569701096e-08
373, 761, 4.863462327052741e-08
56, 356, 4.636234737573864e-08
454, 817, 4.4735609429167125e-08
56, 618, 4.466809015419075e-08
332, 699, 4.4523951129383895e-08
59, 384, 4.442595527219935e-08
69, 282, 4.4070175196209084e-08
56, 280, 4.392946028507306e-08
43, 454, 4.36170609643111e-08
335, 655, 4.300097749628605e-08
451, 728, 4.268454698512545e-08
170, 826, 4.170785383788242e-08
43, 824, 4.1522596025270795e-08
335, 618, 4.065471706770912e-08
436, 601, 4.0573599212352845e-08
96, 497, 3.9479871619342076e-08
204, 289, 3.899396364910772e-08
103, 247, 3.811635250193801e-08
96, 329, 3.778763431416999e-08
96, 332, 3.650291789274868e-08
103, 366, 3.625063417860841e-08
212, 651, 3.4951234124540414e-08
451, 618, 3.493362654098149e-08
43, 342, 3.483919155365505e-08
411, 550, 3.429492183148853e-08
62, 497, 3.4141355500905836e-08
451, 655, 3.358464599641524e-08
320, 421, 3.341792082979329e-08
204, 618, 3.326317247482712e-08
179, 280, 3.2977856700041695e-08
373, 451, 3.227152191519739e-08
204, 347, 3.217828773889612e-08
59, 366, 3.2025357651114136e-08
204, 655, 3.200660874935759e-08
451, 550, 3.1780615229629155e-08
103, 651, 3.1092817802416e-08
373, 474, 3.019341808978037e-08
411, 817, 2.9702932634576315e-08
56, 347, 2.866576568916089e-08
59, 247, 2.854994194524969e-08
96, 280, 2.852528447488575e-08
62, 329, 2.825234821796497e-08
486, 593, 2.8032853472856692e-08
62, 332, 2.7627270202781418e-08
283, 421, 2.7276235160991735e-08
56, 169, 2.687093223540274e-08
206, 384, 2.6525296553095365e-08
96, 356, 2.6468708187533703e-08
59, 651, 2.6325819061403045e-08
206, 593, 2.5908110094867e-08
96, 655, 2.556663056045002e-08
179, 329, 2.5384451568283823e-08
56, 423, 2.489852592192614e-08
212, 282, 2.4645064020466444e-08
179, 332, 2.456341524737828e-08
303, 550, 2.4013906150816753e-08
43, 999, 2.3088245303582227e-08
373, 454, 2.2739098921127235e-08
62, 356, 2.2504190395536724e-08
500, 593, 2.2418820377115045e-08
584, 699, 2.2225742796810194e-08
335, 550, 2.2204717424584058e-08
1315, 1583, 2.2161360206125744e-08
179, 497, 2.192624065645285e-08
62, 280, 2.1901549632527146e-08
373, 1583, 2.1793758455777985e-08
204, 423, 2.1774862089080993e-08
56, 550, 2.147706193458556e-08
69, 497, 2.1338807457286567e-08
56, 289, 2.113708680398546e-08
631, 699, 2.041671425183932e-08
96, 618, 1.986799566962969e-08
206, 366, 1.9821294074348347e-08
561, 716, 1.9786125326493058e-08
62, 655, 1.9375309044107142e-08
283, 457, 1.9301404677454233e-08
332, 593, 1.90780185835868e-08
179, 356, 1.8733029128192483e-08
523, 716, 1.871237175508997e-08
103, 282, 1.8376485808625176e-08
212, 716, 1.8003288251577237e-08
212, 576, 1.799544013765716e-08
69, 329, 1.781938479482847e-08
69, 332, 1.7372915792116333e-08
96, 347, 1.7104028099411384e-08
204, 550, 1.7095391693075194e-08
212, 329, 1.65787929102419e-08
62, 618, 1.65034150681669e-08
320, 701, 1.6142244796934517e-08
96, 728, 1.6095973481314262e-08
103, 716, 1.5921317945076606e-08
43, 528, 1.5670477041392056e-08
204, 340, 1.541792324600687e-08
212, 332, 1.5340169643750276e-08
320, 457, 1.5149955989247737e-08
283, 451, 1.495409081398688e-08
486, 699, 1.4916017855036775e-08
103, 576, 1.4838839965694919e-08
62, 169, 1.4745834936336842e-08
96, 423, 1.4615629409600084e-08
59, 716, 1.4492078433540081e-08
56, 121, 1.4481882805723426e-08
179, 289, 1.4225002788250805e-08
62, 728, 1.4221910974352315e-08
62, 347, 1.3965455598101433e-08
69, 356, 1.3899635008916153e-08
59, 282, 1.3878958631282748e-08
69, 280, 1.3875367798976364e-08
43, 601, 1.3786029176424417e-08
96, 289, 1.3747206213415073e-08
43, 432, 1.3216633396360935e-08
56, 340, 1.2779746932510411e-08
320, 451, 1.2513380846486816e-08
62, 423, 1.2419968448529144e-08
335, 421, 1.2331432308285698e-08
96, 169, 1.2205487845845997e-08
67, 320, 1.2183224684877629e-08
454, 701, 1.2067202641802724e-08
179, 347, 1.1942741207405966e-08
43, 398, 1.1679205248297652e-08
303, 421, 1.1582041184489262e-08
206, 282, 1.1512880101932982e-08
62, 289, 1.0635663569387666e-08
436, 663, 1.0610277605431977e-08
283, 474, 1.0577610838917915e-08
69, 169, 1.0160938004837717e-08
59, 576, 1.0155924552221119e-08
500, 699, 1.0086860100753753e-08
96, 550, 1.0012290613064167e-08
43, 174, 9.575409156213184e-09
283, 454, 9.546353995060554e-09
69, 618, 9.468215129322876e-09
179, 618, 9.305776861345353e-09
43, 303, 9.017433273757078e-09
212, 497, 8.991255628226903e-09
212, 356, 8.946096308358177e-09
69, 347, 8.691100512194863e-09
62, 550, 8.59687571079587e-09
69, 655, 8.027914227978732e-09
179, 423, 8.003406654159304e-09
96, 340, 7.947879926944657e-09
69, 423, 7.848397772933381e-09
320, 474, 7.791505062614038e-09
103, 329, 7.729124859998061e-09
320, 454, 7.710840319329172e-09
103, 497, 7.591604742336119e-09
103, 332, 7.493140760651809e-09
43, 179, 7.451852885089086e-09
523, 618, 7.37871924490338e-09
335, 457, 7.053494401713305e-09
212, 280, 6.8039327364131955e-09
69, 289, 6.779112189421031e-09
59, 497, 6.692062685938321e-09
303, 457, 6.286267547575619e-09
62, 340, 6.258551195948517e-09
663, 728, 6.1384984664623486e-09
212, 347, 6.095589737025293e-09
335, 451, 6.068044645636086e-09
103, 280, 5.7930315425915e-09
67, 699, 5.792445847152448e-09
59, 329, 5.671209903092011e-09
59, 332, 5.550448260505786e-09
179, 340, 5.43502873626867e-09
56, 421, 5.434823688679636e-09
212, 289, 5.41552843669664e-09
123, 320, 5.3992868328319984e-09
69, 728, 5.375633634853677e-09
103, 356, 5.369369586136128e-09
179, 728, 5.097506662342525e-09
206, 329, 5.0790831897907e-09
67, 384, 5.053241192719674e-09
303, 451, 4.948182649234321e-09
206, 332, 4.7280520249457426e-09
204, 421, 4.7233194078184065e-09
59, 356, 4.553654480811387e-09
59, 280, 4.375299125532527e-09
56, 701, 4.3444411941411805e-09
43, 663, 4.31976705116224e-09
179, 550, 4.3094723342660254e-09
56, 457, 4.258353437497761e-09
69, 550, 4.160621472288502e-09
283, 398, 4.051586127475012e-09
303, 701, 3.99039767371489e-09
69, 340, 3.9140043577538174e-09
212, 423, 3.846411169053405e-09
335, 454, 3.666300424800724e-09
67, 366, 3.5938689456118468e-09
103, 347, 3.5154477673650096e-09
320, 432, 3.514894183104301e-09
303, 474, 3.506776495413665e-09
204, 457, 3.356391476313532e-09
663, 1099, 3.3545644991629596e-09
67, 247, 3.3309516160126504e-09
332, 497, 3.3168449414296154e-09
206, 280, 3.29594589594443e-09
56, 451, 3.231073561343585e-09
335, 474, 3.1998290113925685e-09
96, 421, 3.171311984087555e-09
283, 432, 3.154783448511349e-09
303, 454, 3.1268827838340978e-09
206, 497, 3.1062502600235263e-09
411, 701, 3.058766364408151e-09
67, 593, 3.010668391275891e-09
212, 340, 2.985735733960114e-09
206, 356, 2.917829327712773e-09
103, 423, 2.908247359448151e-09
618, 728, 2.8240569399971817e-09
59, 347, 2.8190518234239247e-09
59, 169, 2.811102590114667e-09
103, 289, 2.805723901637979e-09
320, 398, 2.7628105176823025e-09
62, 421, 2.7072057245290175e-09
206, 576, 2.6958999540994895e-09
204, 451, 2.635695385851205e-09
43, 201, 2.6043949661947057e-09
96, 457, 2.602795967290637e-09
283, 761, 2.589480031426128e-09
56, 474, 2.535974118301125e-09
59, 423, 2.4801725934875075e-09
373, 528, 2.437773583123231e-09
332, 423, 2.373783214188958e-09
206, 289, 2.246949226511734e-09
411, 474, 2.2141999414769465e-09
59, 289, 2.115394909846729e-09
56, 454, 2.083817384753913e-09
62, 457, 2.072894320785026e-09
96, 451, 2.0134315012181535e-09
43, 436, 1.9867122887943517e-09
204, 342, 1.9596652615332584e-09
206, 347, 1.949251419376956e-09
204, 474, 1.8770978458778693e-09
2872, 2992, 1.8341347629621727e-09
123, 384, 1.7833445209678043e-09
179, 421, 1.7545621513173944e-09
123, 247, 1.7302144450453955e-09
69, 421, 1.7056185724536096e-09
303, 398, 1.6788201167883814e-09
56, 342, 1.6700005098082682e-09
204, 454, 1.6598405299208942e-09
103, 340, 1.639764123978926e-09
320, 761, 1.6348664342298153e-09
335, 432, 1.6265917075908425e-09
67, 282, 1.6062062231738276e-09
283, 528, 1.6033280551033858e-09
62, 451, 1.5838445184353352e-09
103, 169, 1.5712881962993121e-09
451, 1122, 1.4952715635745364e-09
62, 1122, 1.4350413438511662e-09
96, 474, 1.4332436605823354e-09
123, 366, 1.3771931353294574e-09
999, 2986, 1.3332127099078813e-09
179, 457, 1.3207215956985777e-09
206, 423, 1.306637457445168e-09
69, 457, 1.2930347946263751e-09
96, 454, 1.2879583549995694e-09
59, 340, 1.2601002006508626e-09
62, 474, 1.2339271358560584e-09
303, 432, 1.2022752461599931e-09
320, 528, 1.174319454915326e-09
486, 576, 1.154053154643887e-09
59, 121, 1.1216417738747461e-09
96, 342, 1.0262632273712703e-09
62, 454, 1.017602770649835e-09
179, 451, 1.0117833609064568e-09
69, 451, 9.972945961820712e-10
204, 303, 9.583026151480617e-10
206, 340, 9.442501866547351e-10
212, 421, 8.380219932717318e-10
62, 342, 8.166690012129957e-10
834, 2986, 8.151863783032248e-10
179, 474, 7.756235639294763e-10
67, 497, 7.656406195916452e-10
69, 474, 7.58807760550099e-10
454, 528, 7.367953632791358e-10
179, 342, 7.06374129462912e-10
1311, 2992, 6.907064547849596e-10
123, 282, 6.768676238294364e-10
56, 432, 6.621378656659367e-10
67, 329, 6.496516124409247e-10
179, 454, 6.48752640051943e-10
69, 454, 6.369459303408778e-10
67, 332, 6.340338198817832e-10
103, 421, 6.310724634015078e-10
212, 457, 6.023839106018802e-10
56, 174, 5.853709043767082e-10
204, 432, 5.7615876173273e-10
56, 398, 5.723363272916482e-10
59, 421, 5.406523914947684e-10
802, 2986, 5.243001170238706e-10
103, 457, 5.231143773591492e-10
204, 398, 5.176488649655958e-10
332, 421, 5.141815491507968e-10
69, 342, 5.100925549536364e-10
67, 356, 5.098598438441442e-10
67, 280, 5.056688936200236e-10
212, 451, 4.757858325283324e-10
320, 436, 4.656480000353273e-10
56, 303, 4.6215036662414465e-10
2968, 3049, 4.5335433665213995e-10
283, 436, 4.528685546175811e-10
56, 179, 4.420615077959279e-10
59, 457, 4.179314825782064e-10
96, 432, 4.0168283008054293e-10
103, 451, 4.015051466581925e-10
335, 398, 3.9508776966320366e-10
212, 342, 3.779755717725769e-10
2824, 3049, 3.7251670585889795e-10
96, 174, 3.6548575456309867e-10
67, 169, 3.6338764546164343e-10
96, 179, 3.5220562923665415e-10
373, 436, 3.4853882531379966e-10
62, 432, 3.3084658462720106e-10
212, 474, 3.279692290723002e-10
96, 398, 3.2425920662158843e-10
62, 174, 3.231258083601718e-10
59, 451, 3.1818680535006893e-10
67, 347, 3.181054555320306e-10
96, 303, 3.089020243955572e-10
212, 454, 3.009323165589666e-10
103, 474, 2.896481619046238e-10
123, 329, 2.868529995180803e-10
206, 421, 2.846554621798128e-10
123, 332, 2.791800697144456e-10
123, 497, 2.7445800412053264e-10
436, 2986, 2.697886223226187e-10
332, 457, 2.6846112011207863e-10
103, 454, 2.578761237206341e-10
179, 303, 2.5558553576590913e-10
59, 474, 2.4841975015047907e-10
67, 289, 2.467800276302802e-10
62, 179, 2.4298403638863995e-10
2451, 3049, 2.362479530630891e-10
62, 303, 2.339784309699301e-10
332, 451, 2.2973180245388004e-10
69, 174, 2.2856673023347486e-10
335, 436, 2.1982896772998295e-10
2934, 3049, 2.1900006414731157e-10
123, 280, 2.132603646803445e-10
103, 342, 2.11678176279401e-10
69, 432, 2.1075220663205945e-10
179, 432, 2.098602610485835e-10
59, 454, 2.0482716056906913e-10
206, 457, 2.0147720115159053e-10
69, 179, 1.7379039949568044e-10
212, 303, 1.7072227931187577e-10
303, 436, 1.6491405694170782e-10
206, 451, 1.586288795236216e-10
69, 303, 1.5142771381365552e-10
96, 201, 1.4367609907087546e-10
56, 201, 1.3508154865724e-10
2890, 3072, 1.343826588038332e-10
332, 454, 1.3018068499109342e-10
332, 474, 1.2454297907911803e-10
206, 474, 1.1176374928726218e-10
2594, 2986, 1.0671243161719557e-10
206, 454, 1.0045330071499633e-10
2641, 2986, 9.994947163073857e-11
411, 528, 9.50959883803322e-11
373, 601, 8.433601987540302e-11
2824, 2992, 8.398231245104558e-11
2881, 3072, 7.166650797123921e-11
62, 201, 6.972675249739955e-11
303, 528, 6.490067913873874e-11
59, 174, 6.131246315668936e-11
103, 179, 5.567225136209855e-11
212, 550, 5.474997006469166e-11
335, 528, 5.4634710970704114e-11
56, 528, 5.377981867376324e-11
103, 174, 5.2300512226047395e-11
451, 528, 4.736522833064293e-11
69, 201, 4.723494546351297e-11
59, 179, 4.614424765828444e-11
103, 550, 4.5158476558579146e-11
204, 528, 4.3284667837454335e-11
59, 550, 3.881337308290754e-11
2847, 3049, 3.8208867294950184e-11
96, 528, 3.264664717058401e-11
123, 289, 3.188524356212603e-11
103, 201, 3.106602055470049e-11
59, 342, 2.6533717183844734e-11
62, 528, 2.631659597805347e-11
332, 576, 1.994734527638407e-11
206, 342, 1.949273978602031e-11
67, 340, 1.9372478050100817e-11
206, 550, 1.882347174765094e-11
179, 528, 1.802760421445595e-11
123, 356, 1.7116261316693224e-11
69, 528, 1.650182990137755e-11
103, 303, 1.5818448027989054e-11
332, 550, 1.5493268127525946e-11
123, 347, 1.5217282583772276e-11
206, 303, 1.4829342134796154e-11
500, 576, 1.2394299771450006e-11
59, 303, 1.1701693912041407e-11
992, 1083, 1.1067775148171141e-11
123, 340, 8.439767266060725e-12
212, 528, 6.841971201448349e-12
67, 576, 6.451819275681144e-12
489, 593, 6.107826256438833e-12
103, 528, 5.900772284433528e-12
59, 528, 4.790346488885107e-12
489, 576, 4.473505322717156e-12
486, 550, 4.201466224874885e-12
67, 550, 3.782376361721373e-12
59, 201, 3.40058133055871e-12
62, 398, 3.1747164051955e-12
67, 174, 3.1031007544254155e-12
56, 817, 3.0868231590540687e-12
123, 593, 3.0867418264089597e-12
67, 342, 3.0087699397722545e-12
303, 817, 2.903107550930955e-12
67, 179, 2.3104063450449288e-12
179, 398, 2.2580442205480323e-12
123, 576, 2.189382839084291e-12
69, 398, 1.9711178385901563e-12
67, 423, 1.4435549192821496e-12
67, 303, 1.3857471815795045e-12
123, 342, 1.3057021324802286e-12
212, 398, 1.0582567944597148e-12
206, 528, 9.666788775240254e-13
103, 398, 7.237883270103117e-13
59, 398, 6.408141814730013e-13
123, 303, 6.005283138736181e-13
123, 550, 5.299892615658815e-13
212, 432, 5.256918779346426e-13
123, 423, 5.123843358184788e-13
67, 201, 4.195874876980496e-13
103, 432, 4.0525175152115017e-13
67, 421, 3.9327896574656347e-13
206, 398, 3.56119952218103e-13
212, 618, 3.431359510687593e-13
332, 528, 3.3961488028265993e-13
59, 432, 3.3654127161098623e-13
103, 618, 3.122780714529662e-13
332, 432, 3.04574640143485e-13
59, 618, 2.6523819862855384e-13
332, 398, 2.290885977661131e-13
123, 201, 2.134974148934009e-13
206, 432, 1.7779155993097357e-13
123, 421, 1.3873416466767747e-13
206, 618, 1.1943757160600255e-13
67, 398, 7.222029379100103e-14
332, 618, 6.13539100046032e-14
67, 432, 3.913822983756971e-14
500, 618, 3.882507287025762e-14
206, 651, 3.684440443257089e-14
332, 651, 2.6673332844658736e-14
123, 398, 2.516295069269566e-14
586, 651, 2.4177102101334833e-14
123, 432, 1.433648962776101e-14
486, 651, 1.1890916470233264e-14
500, 651, 1.0906273223716535e-14
564, 651, 9.685059739567567e-15
67, 651, 9.271390221070562e-15
179, 655, 4.574576367212277e-16
67, 451, 4.165113006522119e-16
561, 655, 3.7968948362306045e-16
523, 655, 2.1775760126062435e-16
212, 655, 1.9994463443745198e-16
103, 655, 1.8063727567425942e-16
123, 451, 1.6041378805792795e-16
59, 655, 1.533784048093705e-16
56, 436, 1.285110538610099e-17
204, 436, 1.1111816252544122e-17
96, 436, 7.909229167924216e-18
62, 436, 6.409436155635232e-18
69, 436, 4.086509372100038e-18
179, 436, 4.062582533268758e-18
212, 436, 1.9985909401485943e-18
103, 436, 1.5616364709080183e-18
59, 436, 1.2787864907133027e-18
332, 436, 1.112789002379572e-18
206, 436, 6.731231675535433e-19
67, 436, 1.4866970766241034e-19
123, 436, 5.517802765064212e-20
67, 457, 4.319547291015628e-22
123, 457, 1.6791574578186534e-22
