Gene = Tmem165
index = 1102
Annotated 5SS: [  473 15691 20403 20937 24028]
Annotated 3SS: [15464 20226 20756 23921 24629]
SMsplice 5SS: [  473 15691 20403 20937]
SMsplice 3SS: [15464 20226 20756 24629]
length: 25366
Partition function (logZ) = -3.8429986298562473
#Introns = 2127
5SS, 3SS, prob
20403, 20756, 0.9092994733354085
15691, 20226, 0.48222359172757023
10374, 15464, 0.37816076429822043
20937, 22088, 0.3339014095045965
15691, 20311, 0.2989469062017926
20937, 24629, 0.23031882844807228
24028, 24629, 0.17028471522075694
473, 1708, 0.15083066415282165
473, 1755, 0.1374910777354234
20937, 23921, 0.11925234817197426
22183, 24629, 0.10339527232528108
1855, 15464, 0.09787892210556709
7967, 15464, 0.07791215491821883
473, 1662, 0.07077977638377464
473, 15464, 0.06854525031956615
1855, 10175, 0.06641801263000403
2049, 15464, 0.06566499115661699
473, 1791, 0.064514917104619
109, 334, 0.06335486065939562
8247, 15464, 0.0598728174372052
473, 10175, 0.05848292151992912
1894, 15464, 0.05344975607855973
1855, 7693, 0.04873735583916434
473, 7693, 0.0486244579348335
22183, 23921, 0.044305055925140974
7967, 10175, 0.04355023333120119
109, 241, 0.0428059345951353
1855, 1959, 0.0406496151007816
16724, 20226, 0.03831781135681682
6881, 15464, 0.0371313112755474
15691, 17818, 0.03661324271144527
109, 1708, 0.03522085427152622
24543, 24629, 0.03515959166692203
2049, 10175, 0.034886937600867016
1855, 10146, 0.034089978474611045
109, 1755, 0.032314090783037916
17916, 20226, 0.031950765119863334
473, 10146, 0.030725655817794267
1894, 10175, 0.02945274206826172
1894, 7693, 0.026681064637050486
24028, 24130, 0.026628111372470356
11058, 15464, 0.024448878861517826
1855, 8145, 0.02443649940654978
15691, 16499, 0.024273787724030126
2049, 7693, 0.02416316824552267
7967, 8145, 0.023133483325755058
1855, 1964, 0.02298791420733756
8247, 10175, 0.02294530649737189
7967, 10146, 0.022714720320163844
10726, 15464, 0.021993939048857384
16724, 20311, 0.021538666743334548
1855, 6771, 0.021440659681763122
15691, 19550, 0.020416942795820705
15691, 20192, 0.02033039331566309
19709, 20226, 0.019290098667851023
20937, 23755, 0.01798238836172312
2049, 10146, 0.017901496435813406
17916, 20311, 0.017485361273015296
473, 6771, 0.016978366926670315
1855, 2006, 0.016607867030323836
109, 1662, 0.016545878770427437
20403, 20886, 0.016462496240414518
1894, 2006, 0.015525346976093092
10374, 10928, 0.015397217518935285
109, 1791, 0.015289730873386507
15691, 16541, 0.015229430070224476
15691, 20756, 0.015221235705313139
1894, 10146, 0.015118566270132144
10951, 15464, 0.014886895443550853
20937, 22522, 0.01463118069064256
473, 8145, 0.014501024384396235
15691, 19413, 0.014202211776656943
22910, 24629, 0.014141958926657929
109, 15464, 0.013631410708956918
6881, 7693, 0.013550273267622792
19591, 20226, 0.013525045632854768
1894, 8145, 0.013375687818737846
15691, 16565, 0.013136853197482035
15691, 17814, 0.012779457137130966
2049, 8145, 0.012714971161831559
473, 1688, 0.012602769255481839
109, 10175, 0.012399994811651051
473, 1959, 0.012361912015998197
10374, 10614, 0.012223111901639199
23003, 24629, 0.012027864031686038
20937, 22096, 0.012000556013037284
10374, 10834, 0.011930762714917803
8247, 10146, 0.011895091325216862
22145, 24629, 0.011804224491254938
15691, 20260, 0.01152648279339059
20937, 23548, 0.011397219300546468
6881, 10175, 0.011062857326045894
24028, 24159, 0.010775600161834795
20403, 22088, 0.01060695606975421
109, 7693, 0.010558803473684765
1894, 6771, 0.010535243815114455
20937, 24130, 0.01037251806567365
5170, 15464, 0.010321262317880178
8699, 15464, 0.01031283016362881
20937, 23065, 0.010268139783493349
20937, 23653, 0.009948349285276175
119, 334, 0.009928211008466603
20937, 23650, 0.009876343460479064
7288, 15464, 0.00975618838522302
20937, 22890, 0.009685774536848305
24813, 24916, 0.009601324592964115
473, 2006, 0.009515037683449346
20937, 24528, 0.009247958181530173
1894, 1959, 0.009103936719501575
8926, 15464, 0.009081679565858373
22153, 24629, 0.009050912008443436
20403, 20719, 0.00903200653926378
15691, 20250, 0.008997511127316657
24268, 24629, 0.008852850807081744
20937, 23714, 0.008785537253237115
20937, 22200, 0.008585539728739157
20937, 23441, 0.008548492037098072
8540, 15464, 0.008427936443943563
473, 1759, 0.008415717072245114
20937, 22909, 0.008307732617013138
20403, 20862, 0.008181830113875894
20937, 22416, 0.008139009676027504
15691, 16544, 0.008103645085030033
473, 856, 0.00807683300527418
20937, 22432, 0.007896376666424851
1894, 1964, 0.00787635683695571
22183, 22522, 0.00784166768280091
1855, 6718, 0.007838373041305755
119, 241, 0.007678825340862302
20403, 24629, 0.00766980489145265
473, 1964, 0.0076043441756768705
6881, 8145, 0.007226930409386456
22183, 23755, 0.007192587741392408
24028, 24528, 0.0070637075759625014
5674, 15464, 0.00705265003364341
20937, 24159, 0.006968513264656507
246, 334, 0.006760847825449462
109, 10146, 0.006559801353375735
20937, 23982, 0.006381613374943991
20937, 24525, 0.006316428218013738
10464, 15464, 0.006168163486046344
20937, 24916, 0.006090614307040409
20937, 22367, 0.006044370339505107
7329, 15464, 0.006024192285823157
20937, 21552, 0.005891300914793117
6881, 10146, 0.005675704137319837
20937, 22743, 0.005525225796852343
119, 1708, 0.005365295129614794
19709, 20311, 0.005352539072069623
20621, 20756, 0.005192533794423384
22183, 23548, 0.00505238215929978
20403, 20494, 0.0049945419484444305
473, 6718, 0.004963661799183713
20937, 21073, 0.004938141470630959
22183, 22416, 0.004925315329208843
119, 1755, 0.004922499396510264
20937, 21146, 0.00480582804313447
1109, 1708, 0.004797105037892135
22183, 24130, 0.00479662668229228
20937, 24392, 0.004754305120676034
1855, 7191, 0.004521139340647443
1109, 1755, 0.0044445816293798455
20937, 22525, 0.004402312138346904
22183, 22432, 0.0043828060538238685
22183, 23653, 0.0043622316517698
24028, 24525, 0.004348068837185409
22183, 23650, 0.004331885012962698
22183, 22367, 0.004322995745894421
1894, 6718, 0.004303883977460494
22183, 22890, 0.004301275186800998
473, 1575, 0.004272862889103555
2049, 6771, 0.004254968211263283
22183, 23065, 0.004185831399155058
109, 377, 0.004083675551692372
1616, 1708, 0.0040226616051154095
24464, 24629, 0.004011121007838795
473, 7191, 0.003994187945775438
22183, 24528, 0.003926166091360232
9830, 15464, 0.003858290704508646
22183, 23441, 0.003779025004201462
21627, 22088, 0.003771388342171579
1855, 10928, 0.0037388188605759092
22183, 22909, 0.0036919658788830104
24028, 24916, 0.003668929095297416
19551, 20226, 0.003625492526611106
2142, 15464, 0.003625435990553219
20996, 22088, 0.003539677019426956
24028, 24272, 0.0034662623091046914
473, 1556, 0.0034510757728877218
1066, 1708, 0.003410804559906896
20937, 22563, 0.0033770783287924923
1855, 5059, 0.003364070403730828
109, 6771, 0.0033532264948209897
20937, 24272, 0.0033147901576759432
22183, 23714, 0.003311491218411065
21000, 22088, 0.003280705507201091
22183, 24159, 0.0032590188714451806
18199, 20226, 0.003189298485268794
1855, 8566, 0.003187295530676048
20403, 20579, 0.0031468774671505836
473, 950, 0.003115650903914986
15691, 16486, 0.003053098082585597
15691, 18053, 0.0030529018536595144
1850, 15464, 0.003040024719389317
1855, 10614, 0.0030395401011292004
1066, 1755, 0.0030156626676260505
109, 1688, 0.0029569282911947876
1855, 10834, 0.0029561327286330486
15691, 16643, 0.002938222132790071
24028, 24392, 0.002916914198420698
20937, 22806, 0.0028236695426281503
23142, 24629, 0.002766004519310516
20937, 23673, 0.002715356961619027
473, 5059, 0.0026867487545981974
109, 1959, 0.002677195756697739
22134, 24629, 0.0026450030118863174
1855, 8722, 0.002593210590875788
109, 8145, 0.0025875561499650794
443, 1708, 0.002576602073619147
119, 1662, 0.002520481817328862
16724, 17818, 0.0025094301705713383
15691, 19387, 0.0024776793439618998
1894, 7191, 0.002474711335911641
15691, 17363, 0.0024649663218050516
22183, 24525, 0.0024532097810942653
22183, 22743, 0.002417604594617384
2049, 7191, 0.0023739101043116226
22183, 22525, 0.002364580346001518
17549, 20226, 0.002358295337053267
443, 1755, 0.002346690633251059
119, 1791, 0.002329129156143749
1109, 1662, 0.00230297259086599
22183, 24916, 0.002277279896477671
20937, 22687, 0.00227348048601635
1855, 8389, 0.0022387227265697742
20937, 23271, 0.002219262919610464
20403, 20928, 0.002216597392598086
473, 8722, 0.0021850720075260654
20937, 22637, 0.002175987797055812
109, 856, 0.0021503468085810086
20937, 23816, 0.002097648751345935
119, 15464, 0.002076512424222249
1855, 5542, 0.002069431538455004
1894, 10928, 0.002045451070123971
7967, 10614, 0.002042435089948973
1109, 1791, 0.002041003547922227
109, 2006, 0.0020331775859325565
473, 1714, 0.002018761972369104
109, 1759, 0.0019928729044490115
473, 8566, 0.0019403699830045093
20996, 24629, 0.001928762349930523
21627, 24629, 0.0019280027767127734
20661, 20756, 0.0019092983090724372
1109, 15464, 0.0018681633499365712
530, 1708, 0.0018611235490874876
7967, 8566, 0.0018403295279191562
473, 1407, 0.0018058093189484157
1616, 1755, 0.0018038652753477702
7985, 15464, 0.0018011711222706479
20937, 23076, 0.001798049868368658
473, 5542, 0.0017949308313901981
21000, 24629, 0.0017792152623960684
24778, 24916, 0.0017635330334264932
20403, 20787, 0.0017527507550029943
1855, 6674, 0.0017387848097635905
2049, 6718, 0.0017382501848497431
109, 397, 0.0017195973906446748
530, 1755, 0.0017015001462583864
20800, 20886, 0.0016942902622809038
2049, 8566, 0.00168916417945346
22183, 24272, 0.0016849507607703538
2049, 10928, 0.001679989529959269
22183, 22563, 0.0016495910027645873
109, 1964, 0.0016463118286053657
20937, 25228, 0.0016434056101983434
1855, 9719, 0.0016207256383585084
473, 8389, 0.0015950097291022427
7967, 10928, 0.0015874018819234037
6881, 7191, 0.0015608792658240581
1855, 7513, 0.001558078221362794
1894, 5059, 0.0015538818954975288
1066, 1662, 0.0015493313854829062
1850, 1959, 0.001529418114653434
1066, 15464, 0.0015207740989088459
23211, 24629, 0.001497584739699664
5959, 15464, 0.0014876332557807884
20937, 24590, 0.0014801533893077116
20937, 25155, 0.0014610419896100666
8247, 8389, 0.0014581333787357248
20937, 21473, 0.0014560023978082257
246, 1708, 0.0014368787441026982
20937, 24938, 0.001432316488404007
20326, 20756, 0.0014291324028029209
1894, 8566, 0.0014095387339599144
7967, 8389, 0.001389305839019652
16724, 20756, 0.001383919800950851
24813, 24938, 0.0013561233126749947
1894, 10614, 0.001343417088117598
8247, 8566, 0.0013358930282634089
20937, 22399, 0.0013294167883620494
473, 1606, 0.0013214196296802215
246, 1755, 0.0013182936967740997
1066, 1791, 0.0012908605991343287
20937, 21413, 0.0012611982315937685
16724, 19550, 0.001256352012367639
1894, 8389, 0.0012250031279805581
443, 1662, 0.0012089326458086522
2049, 8389, 0.0011864510840160305
24028, 25228, 0.0011810571427265913
473, 1461, 0.0011705350727953992
17916, 20756, 0.0011486916676709687
15691, 19574, 0.0011429451640748078
1894, 5542, 0.001126206670454499
8247, 10614, 0.0011104684998542338
2049, 10614, 0.0011033882332219039
473, 6674, 0.0011010881584409369
443, 1791, 0.0010995852703043632
22183, 22806, 0.0010955179367046289
22910, 23065, 0.0010951788481596992
2049, 5542, 0.0010788145613854737
24028, 24590, 0.001074169757289069
20937, 24874, 0.001041372786165583
5170, 8145, 0.0010185340525048772
109, 1575, 0.0010119415325472593
20937, 24276, 0.0010068432982512437
2049, 5059, 0.0010057413996501447
17916, 19550, 0.000995611054743849
22183, 22687, 0.0009887694707131506
24028, 25155, 0.0009881832982806915
15691, 19676, 0.0009796432855351783
20937, 21770, 0.0009758369085204756
22183, 22637, 0.0009735660768999359
680, 1708, 0.0009418431221985538
22183, 23673, 0.0009407632853848872
473, 1427, 0.0009211778285647755
22183, 23271, 0.000913966905543819
473, 1471, 0.0009059198202526561
16724, 19413, 0.0008803550615358105
530, 1662, 0.0008737891561114472
24028, 24276, 0.0008573633481101883
680, 1755, 0.0008545782445799712
1850, 1964, 0.0008545694765102807
1894, 7513, 0.0008543992107696732
22183, 22399, 0.0008543462655694836
109, 7191, 0.0008477828975368881
22145, 22522, 0.0008473703382311602
109, 1556, 0.0008314933143644616
725, 1708, 0.0008240442356605542
473, 1517, 0.0008208455891525978
473, 7513, 0.0008150246407695702
530, 1791, 0.0007949261093311973
1855, 4948, 0.0007884131824354616
109, 373, 0.0007788498618630944
109, 950, 0.0007699100453045621
16724, 17814, 0.0007642636365764412
1855, 1930, 0.0007477314767653724
1855, 5825, 0.0007410512995030734
725, 1755, 0.0007398793635388466
473, 853, 0.0007189021722473779
1894, 9719, 0.0007163289330883458
24813, 25155, 0.0007159191784783031
24033, 24629, 0.0007152557690016931
24028, 24938, 0.000698520910625522
17916, 19413, 0.0006969712781957872
24813, 25228, 0.0006849556351115245
246, 1662, 0.0006750097917683768
20937, 23632, 0.0006712929282612673
22910, 23548, 0.0006697113438702821
1850, 2006, 0.0006673579347078677
22183, 25228, 0.0006637643080849734
22183, 25155, 0.0006496229621029475
6881, 8389, 0.0006477800355356379
20937, 21459, 0.0006405824690030284
1616, 1791, 0.0006391956062468021
119, 377, 0.0006339752697304525
473, 4948, 0.0006296741393010295
246, 1791, 0.0006237636692640017
21654, 22088, 0.0006226624091443949
22183, 23076, 0.000620281712594067
473, 10614, 0.0006181447159058414
19709, 20756, 0.0006117085401240097
473, 1029, 0.0006040329559522688
2049, 9719, 0.0005883421633363156
489, 1708, 0.0005752523805025702
22153, 22522, 0.0005652214860245072
7967, 9719, 0.0005559174272458672
109, 5059, 0.000544958908048034
6881, 8566, 0.000538206915741505
473, 1740, 0.0005295790004647432
20350, 20756, 0.0005242214802458382
24028, 24874, 0.0005209071547659984
2049, 7513, 0.0005204932935639403
6881, 10614, 0.0005134334190404428
489, 1755, 0.0005055577887862552
1855, 2048, 0.000504196034358922
22762, 24629, 0.0004971234138779451
22145, 23548, 0.0004918644260593164
22910, 23441, 0.0004913324691980642
20937, 22548, 0.0004888070659641767
23003, 23065, 0.000485444679783207
109, 1714, 0.00048257068274034823
109, 1407, 0.00047321630216711315
19591, 20756, 0.00045737212791884625
119, 1688, 0.0004504374833461463
23003, 23548, 0.0004496004157885431
20937, 23296, 0.00044926982351312854
22145, 23065, 0.0004487709926487828
680, 1662, 0.00044643618842960263
473, 903, 0.00044345789135676305
20937, 21266, 0.0004403242960760253
20937, 21040, 0.00043979211226832473
473, 706, 0.0004318212246008409
1109, 1959, 0.0004207348050551464
22145, 22416, 0.0004123516678999228
20403, 22522, 0.00041066241100395066
20937, 23514, 0.0004082613944149649
119, 1959, 0.0004078250130931126
1894, 5825, 0.0004068955123212979
20937, 22748, 0.000406438982453755
20937, 23411, 0.0004058469256876212
20937, 21444, 0.0004007608199482902
22145, 22432, 0.0003993902485705074
725, 1662, 0.00039785675893841464
23003, 23441, 0.0003948892730274108
1109, 1688, 0.00039384016876962936
15691, 16993, 0.00038034426345651747
109, 5542, 0.00037969341209437903
680, 1791, 0.00037745159968804765
8247, 9719, 0.00037697654247960773
473, 571, 0.00037519493795472796
2049, 4948, 0.0003728356664484051
15691, 16604, 0.0003699133701849452
22145, 22367, 0.0003690770915219867
22145, 23441, 0.0003664955883360949
1894, 4948, 0.00036417221500459373
109, 8566, 0.0003566756095351068
124, 334, 0.00035447102837445527
20632, 20756, 0.0003508547707111095
22145, 22890, 0.00034582046773771606
20937, 22171, 0.00034384745930845796
6881, 7513, 0.00033913104857244284
805, 1755, 0.00033684299732501696
20937, 22791, 0.0003329547955034239
805, 1708, 0.00033108640875711135
1109, 2006, 0.00032936045834326385
22153, 23065, 0.00032390237786417755
725, 1791, 0.00032184162887165176
119, 856, 0.0003195497010062015
22153, 22416, 0.0003195170752726871
17916, 18053, 0.0003180040557128975
109, 1606, 0.00031749597243026586
109, 1461, 0.00031727890295600136
109, 8389, 0.0003145839592718884
1894, 2048, 0.0003109290352638668
119, 2006, 0.00030971985277099875
22910, 24130, 0.0003076449462749491
22153, 22432, 0.00030550818192673053
119, 1759, 0.00030358012346184504
20407, 20756, 0.00030246371607149544
18199, 20756, 0.0003014304259565271
246, 377, 0.00029930739605699326
124, 241, 0.00029837216678468663
15691, 20886, 0.0002966855297207577
473, 1327, 0.00029546359028982417
22153, 22367, 0.00028899228650487057
22910, 23653, 0.00028720455161483627
22910, 23650, 0.00027876204774036304
1066, 2006, 0.0002769911875499376
20800, 22088, 0.0002752711078797866
473, 1770, 0.00027192387936905834
20403, 20540, 0.0002715309317746036
1066, 1688, 0.00027008055701362854
489, 1662, 0.00026988941299219257
22145, 22909, 0.00026962937040089904
22183, 24590, 0.00026727729819019406
1109, 1759, 0.0002638306201287136
119, 397, 0.00026112882624451634
22183, 24938, 0.0002587461930024316
1109, 1964, 0.00025872643196087617
20403, 22096, 0.00025572245837950834
22183, 22548, 0.00025386280008181134
20828, 22088, 0.00025285768228837195
119, 1964, 0.00025078746721326654
109, 1471, 0.00024672017467177273
20403, 22200, 0.0002437211078961938
473, 1930, 0.00024307352448640625
109, 1427, 0.00024266755468636586
20937, 24886, 0.0002399258050516691
20410, 20756, 0.00023908786754447487
619, 1708, 0.00023843965829608004
1855, 4874, 0.00023833722044012978
20800, 20862, 0.0002359098913177548
20403, 22416, 0.00023097843745439566
19551, 20756, 0.00022439006599345374
20937, 21517, 0.00022425188570615286
20403, 22432, 0.0002240609514194402
109, 1517, 0.00022366406009396249
22153, 23548, 0.00022136148172261733
5170, 7191, 0.0002195484637642582
489, 1791, 0.00021727394235176458
473, 734, 0.00021710542381429617
113, 334, 0.00021574417471788935
443, 1688, 0.00021514031860678018
22145, 22525, 0.00021323932818681423
619, 1755, 0.0002130695041750889
1066, 1959, 0.00020722977688437006
16724, 18053, 0.00020280451955541573
22153, 22890, 0.00020214519941241
20937, 22591, 0.0001981659231511104
1419, 1708, 0.00019657097513535197
5170, 5542, 0.00019613986129649638
21982, 22088, 0.0001951320320285235
17549, 20756, 0.00019503446632822784
1855, 2012, 0.0001947421918764796
124, 1708, 0.00018926993431020038
109, 853, 0.00018912252089601703
20828, 20928, 0.00018795444798625386
473, 5825, 0.00018647197045769685
5170, 8389, 0.00018288727719614826
20937, 22839, 0.00018167912632801515
22145, 22743, 0.0001799372384802444
109, 421, 0.00017988881125422638
16724, 17363, 0.00017823893009792362
1616, 1688, 0.0001782173435038865
1419, 1755, 0.00017651451100409278
21758, 22088, 0.0001752641738469755
124, 1755, 0.00016913147480126644
17108, 20756, 0.00016876284294023165
473, 923, 0.00016824396716460556
109, 309, 0.00016555924033629613
1894, 2012, 0.00016531009486228532
443, 2006, 0.0001641931540113
1081, 1708, 0.00016334865559941003
20403, 22890, 0.00016282729956717542
805, 1662, 0.00016278176966447725
443, 1959, 0.00016168878497799217
19587, 20756, 0.00016157306071079596
132, 334, 0.0001602894963848709
16300, 16499, 0.00015909879919198322
24028, 24132, 0.0001590360535212684
1855, 1925, 0.00015826380246252705
109, 418, 0.000156754172403848
20937, 21371, 0.00015523053721737404
132, 241, 0.0001542990380926945
119, 1575, 0.00015415199569477952
16724, 19387, 0.00015322851363231262
2049, 5825, 0.00015321447349872023
113, 241, 0.0001527447568708634
7288, 8389, 0.00015259739361843535
22153, 22909, 0.00015140449567014453
109, 1029, 0.0001504902054939548
473, 1354, 0.00014746731285927685
20937, 21229, 0.00014625966226837093
530, 1688, 0.00014308002006136315
109, 1740, 0.0001429514664046159
20403, 23065, 0.00014128204898663875
22183, 22748, 0.00014002865282841112
15691, 20862, 0.00013800173475519666
443, 856, 0.00013688193272044745
8, 334, 0.00013558790899551192
1616, 1959, 0.00013556875686695474
15691, 20719, 0.0001354077416817012
22153, 22743, 0.00013514275115019577
473, 1512, 0.00013306176682466534
1109, 1575, 0.0001311322510136661
1894, 4874, 0.00013086590021669413
23003, 23653, 0.00012958404873140408
530, 1959, 0.00012954430573009631
1636, 1708, 0.00012814250890441026
109, 4948, 0.00012771813173535572
1066, 1964, 0.00012769462163058403
119, 1556, 0.00012666379399756716
23003, 23650, 0.0001265593529922046
20800, 20928, 0.00012569577965510534
109, 7513, 0.0001249029707496055
1636, 1755, 0.00012465438243684915
22153, 23441, 0.00012400819759743743
22145, 23653, 0.00012393168024646395
1931, 2006, 0.00012359032887809866
119, 373, 0.00012182585898768005
20403, 22367, 0.00012153419296469349
22145, 23650, 0.00012125420753043574
246, 1688, 0.00012063158311547696
20403, 21552, 0.00012001175445175839
139, 241, 0.00011968091021787661
15691, 22088, 0.00011936754027432525
473, 1183, 0.00011875203385459522
20403, 22909, 0.00011697259338015579
530, 856, 0.00011636471808843919
119, 950, 0.00011636211445468483
113, 1708, 0.00011623966223737721
20937, 21284, 0.00011401197116992011
139, 334, 0.00011389588215327445
109, 903, 0.0001127457857137956
619, 1662, 0.00011201300371122822
17034, 20756, 0.00011156875565006975
1066, 1759, 0.00010968756990441589
246, 1959, 0.00010921954495893148
1616, 2006, 0.0001087512947167288
17113, 20756, 0.00010772467405988201
20403, 23441, 0.00010566461136158662
246, 397, 0.00010502751235079655
1109, 1556, 0.00010448624383212343
22183, 23632, 0.00010346421287731854
20937, 23331, 0.00010328185252435436
15691, 16210, 0.000103021892690049
22145, 24130, 0.00010282499998031402
1419, 1662, 0.00010014175238765512
443, 1964, 9.942872447640406e-05
20403, 21146, 9.914348326980985e-05
473, 2012, 9.901522039410629e-05
23003, 24130, 9.86496153378909e-05
530, 2006, 9.83815166062069e-05
619, 1791, 9.6870139193794e-05
20403, 23548, 9.574913683371449e-05
1081, 1755, 9.429615286074656e-05
1616, 1759, 9.415490649241112e-05
1066, 1575, 9.335341494737216e-05
109, 706, 9.245841975046541e-05
2142, 5542, 9.148084892055772e-05
20937, 21122, 9.12766521423065e-05
20996, 22096, 9.036969508704222e-05
17554, 20756, 8.987544852148017e-05
805, 1791, 8.959404798849214e-05
21627, 22096, 8.954971478980626e-05
124, 1662, 8.891429389647359e-05
473, 2048, 8.816073125424266e-05
473, 639, 8.755894258418245e-05
1855, 1976, 8.724080774225488e-05
473, 891, 8.708950749776729e-05
8, 1708, 8.669697346901254e-05
246, 856, 8.588748375718435e-05
109, 1327, 8.502846277359353e-05
725, 856, 8.355659466349336e-05
20621, 20719, 8.346012448884153e-05
1850, 5542, 8.322934035593125e-05
18145, 20756, 8.298151770250265e-05
246, 2006, 8.294601924446541e-05
1616, 1964, 8.280469917592712e-05
132, 1708, 8.210199070543016e-05
356, 1708, 8.173952289285929e-05
22183, 23296, 8.112647341444597e-05
15691, 16243, 8.093157481234886e-05
20937, 23202, 8.067112733357596e-05
21000, 22096, 7.980606039556767e-05
530, 1964, 7.964770845674634e-05
680, 856, 7.706253575451587e-05
1081, 1662, 7.481237019374786e-05
22145, 22563, 7.456927647700954e-05
20937, 22960, 7.443896614576527e-05
22153, 22525, 7.322482559321612e-05
1850, 8389, 7.303121304800068e-05
443, 1575, 7.286304661172569e-05
22134, 22522, 7.241231531919425e-05
119, 1407, 7.208641510220595e-05
2142, 8389, 7.151672851456525e-05
443, 1759, 7.092653892503171e-05
5674, 8389, 6.991411430247822e-05
8, 241, 6.969859758797319e-05
1066, 1556, 6.948148439317536e-05
473, 4874, 6.773829882995334e-05
15691, 15984, 6.770309869566153e-05
680, 1688, 6.760830324383504e-05
20937, 22567, 6.730735072325222e-05
1419, 1791, 6.720351290483917e-05
113, 1755, 6.6457812169585e-05
1109, 5542, 6.558525153604194e-05
473, 873, 6.445586987088334e-05
16728, 20756, 6.435816614485598e-05
1894, 1976, 6.291796781336803e-05
21986, 22088, 6.267003466169148e-05
22183, 24276, 6.106456795835034e-05
246, 373, 6.037095948777023e-05
7329, 8389, 5.918128910673555e-05
443, 1556, 5.8710187171726914e-05
725, 1688, 5.837857999455296e-05
119, 5542, 5.7839801356087824e-05
119, 1714, 5.596849046488062e-05
473, 1418, 5.4918854797488406e-05
113, 1662, 5.450889839640702e-05
16300, 20756, 5.450806113122524e-05
16115, 20756, 5.435574475355627e-05
21681, 22088, 5.380185738429609e-05
443, 950, 5.359211979765108e-05
473, 1577, 5.326003917242809e-05
109, 734, 5.2850846235403465e-05
22145, 22687, 5.2555426697811464e-05
22134, 22200, 5.232458009610476e-05
109, 1770, 5.178926939320901e-05
22183, 22283, 5.150443104995312e-05
2049, 4874, 4.9349127000883305e-05
15760, 20756, 4.903418926053522e-05
530, 1575, 4.898415856576573e-05
119, 1606, 4.8365084543947596e-05
119, 1461, 4.8332017719841515e-05
119, 8389, 4.792148911336635e-05
680, 2006, 4.7386286831744035e-05
22183, 22839, 4.6732306190264006e-05
17916, 19387, 4.6279407608713745e-05
530, 950, 4.44395467257835e-05
20943, 22088, 4.434160112805267e-05
109, 1354, 4.410643108733136e-05
20403, 22743, 4.3723435703764397e-05
20996, 21552, 4.27604613887575e-05
109, 923, 4.179812928261237e-05
22153, 24130, 4.1655251523977326e-05
1616, 1714, 4.135934671116603e-05
246, 1575, 4.1283418828582125e-05
64, 334, 4.1262274118304775e-05
473, 956, 4.070388264645676e-05
8, 1662, 4.065470386133537e-05
473, 879, 4.042862234181491e-05
530, 1556, 4.024008690817508e-05
1109, 1606, 3.9925812975350086e-05
725, 2006, 3.9884451721269846e-05
21000, 21552, 3.967080875280882e-05
940, 1708, 3.94398163880501e-05
1109, 1407, 3.87089012022621e-05
132, 1662, 3.849998431315918e-05
356, 1662, 3.833001273295637e-05
119, 1471, 3.758360150322439e-05
119, 1427, 3.696625411856814e-05
109, 288, 3.693205861486281e-05
109, 1512, 3.6253639809495755e-05
21917, 22088, 3.5458606663814635e-05
1066, 5542, 3.533072286034808e-05
22145, 22637, 3.5203639259086294e-05
1109, 8389, 3.465068134455125e-05
119, 1517, 3.407139653799222e-05
246, 950, 3.4033161177312305e-05
246, 1556, 3.392180837134553e-05
17016, 20756, 3.388329998211001e-05
15691, 20928, 3.335423942750179e-05
489, 856, 3.322956675703741e-05
21408, 22088, 3.313948147469152e-05
15691, 20579, 3.24813149739878e-05
109, 1183, 3.2428317699687245e-05
473, 717, 3.182590212266376e-05
20403, 21073, 3.1667078158792643e-05
16724, 16993, 3.146812742201261e-05
124, 1791, 3.085554107773729e-05
473, 1049, 3.024494283854229e-05
22910, 24159, 3.0126777997852542e-05
443, 1407, 3.003753734397146e-05
20937, 21558, 2.9859096189564262e-05
109, 571, 2.9526803720123693e-05
20937, 21531, 2.9021420039986753e-05
489, 2006, 2.8892364838026842e-05
20937, 21325, 2.846258129751845e-05
20403, 21473, 2.8357380375777716e-05
119, 853, 2.7945664151517962e-05
20403, 20697, 2.7591502281163555e-05
473, 1524, 2.7432262747203085e-05
15691, 16015, 2.7297254761584678e-05
119, 421, 2.7235407426251996e-05
22153, 22637, 2.6828381202839383e-05
119, 309, 2.6228263277521614e-05
64, 241, 2.6111401583235786e-05
20996, 21073, 2.531170467316911e-05
23003, 23076, 2.530846038766485e-05
18034, 20756, 2.470979891319905e-05
1109, 1461, 2.4423198867650832e-05
709, 1662, 2.3692035189437284e-05
119, 418, 2.3638506925146164e-05
20621, 20886, 2.3412887796275543e-05
443, 5542, 2.293151941246682e-05
22910, 23076, 2.281119254406443e-05
124, 377, 2.2748246091611956e-05
1066, 1407, 2.243681205410104e-05
725, 950, 2.2346294709423687e-05
680, 950, 2.225403807365296e-05
109, 891, 2.2175174155359222e-05
119, 1029, 2.184947215602404e-05
530, 1407, 2.1386054152511907e-05
680, 1575, 2.1243954627772278e-05
1850, 2048, 2.0434833195903806e-05
4087, 5542, 1.9963079075917582e-05
109, 2012, 1.9436394384405506e-05
20831, 20928, 1.9379643392808037e-05
443, 1461, 1.9374079673006488e-05
246, 1407, 1.9305450137718677e-05
443, 1606, 1.9175099206438795e-05
4190, 5542, 1.9133259710042115e-05
1855, 2025, 1.9132954065842512e-05
725, 1575, 1.8960454309007018e-05
2539, 5542, 1.8706406415620687e-05
1109, 1427, 1.8637226280492324e-05
1109, 1471, 1.855159704596686e-05
530, 5542, 1.8372627155486275e-05
15691, 20494, 1.818245800344106e-05
619, 856, 1.8048355645398457e-05
680, 1556, 1.7938005116373484e-05
473, 808, 1.7925415511359053e-05
119, 903, 1.730463442130258e-05
940, 1662, 1.7051797524506613e-05
109, 873, 1.7031913422577572e-05
22153, 22687, 1.7013094089118093e-05
109, 400, 1.7001303772152362e-05
20937, 21483, 1.6763926486391985e-05
473, 573, 1.6729015124161796e-05
473, 1329, 1.6715859317459626e-05
20937, 21491, 1.6454966164823495e-05
1109, 1517, 1.6302154968178285e-05
1066, 1606, 1.6271552458735277e-05
1616, 5542, 1.617184589506125e-05
109, 639, 1.5790530670091047e-05
530, 1461, 1.569478335615387e-05
20403, 21413, 1.5577611072941414e-05
246, 5542, 1.5490067018485128e-05
530, 1606, 1.5363000682712413e-05
725, 1556, 1.5353896751513273e-05
443, 1471, 1.5054097709362604e-05
443, 1427, 1.4950443214904039e-05
109, 171, 1.4723924997977554e-05
109, 1418, 1.4529215752621685e-05
473, 1276, 1.4464106482480464e-05
489, 1575, 1.4373316747044974e-05
473, 1536, 1.412517359513435e-05
15691, 16923, 1.4116209016175267e-05
119, 706, 1.4008743897729634e-05
109, 1577, 1.3931778818402398e-05
113, 377, 1.3807112153899691e-05
443, 1517, 1.3521324007971003e-05
473, 1814, 1.3482617797340252e-05
1894, 2025, 1.3334565997307543e-05
3291, 5542, 1.3112503157794584e-05
20937, 22773, 1.3089478135298328e-05
119, 1327, 1.2952632939587873e-05
246, 1461, 1.2943789156705953e-05
473, 614, 1.2776069553927008e-05
530, 1471, 1.244190625776015e-05
1066, 1461, 1.2332882037910914e-05
489, 950, 1.2195155365344948e-05
443, 853, 1.2047495808853746e-05
20937, 21810, 1.1922050405568908e-05
1855, 3965, 1.1910466041312127e-05
489, 1556, 1.1818473943863938e-05
109, 427, 1.14860259165317e-05
473, 1147, 1.1348420023804905e-05
680, 1407, 1.1332432338021541e-05
473, 1065, 1.1145590537581305e-05
124, 856, 1.1075310089014756e-05
22153, 22563, 1.0990043457679182e-05
530, 1517, 1.09165324163219e-05
20403, 21459, 1.0866864978197814e-05
20621, 22088, 1.0822066479254936e-05
530, 1427, 1.0585838871478191e-05
20831, 22088, 1.055972895153423e-05
109, 879, 1.0527021622351014e-05
132, 377, 1.044637157467569e-05
20996, 22522, 1.0392573400338707e-05
725, 1407, 1.0307552754824107e-05
530, 853, 1.029584828257201e-05
15691, 16179, 1.0286002495791098e-05
1066, 1427, 1.0167932695118754e-05
109, 956, 1.0073159129372048e-05
15691, 16513, 1.0068719667023702e-05
246, 1471, 1.006525770199082e-05
246, 421, 1.0045238838342708e-05
8, 377, 1.0038418132621637e-05
473, 905, 1.0034467558362552e-05
246, 1427, 9.899926007589987e-06
443, 1029, 9.770345859428956e-06
22134, 23065, 9.748129699666577e-06
1066, 1471, 9.658409128002135e-06
21627, 22522, 9.646373628688471e-06
246, 1606, 9.640683011765653e-06
21000, 22522, 9.631370206916754e-06
8, 147, 9.522182901839532e-06
22637, 24629, 9.372501369420079e-06
20403, 21770, 9.282609440694677e-06
20996, 21473, 9.27234928513727e-06
124, 397, 9.234244446683034e-06
246, 1517, 9.124654708575212e-06
20979, 22088, 9.124209540505453e-06
1109, 2048, 9.055219444011147e-06
21627, 23065, 8.92663546485354e-06
246, 418, 8.82093791633561e-06
20937, 22116, 8.81210647729051e-06
20973, 22088, 8.790863269179623e-06
20403, 22637, 8.784314161200031e-06
1066, 1517, 8.78085857397427e-06
805, 950, 8.747736335263566e-06
1855, 5126, 8.669050844639672e-06
20996, 23065, 8.531261711760905e-06
21000, 21473, 8.428420543347794e-06
109, 1049, 8.267817267778052e-06
473, 1584, 8.25078167883979e-06
20403, 22563, 8.068297493376592e-06
530, 1029, 8.063182014295897e-06
473, 1836, 8.007734417750759e-06
119, 734, 8.00004908618644e-06
21000, 23065, 7.906894851788667e-06
680, 1461, 7.733803501588507e-06
725, 853, 7.72827083900827e-06
246, 853, 7.6037604515192606e-06
109, 1524, 7.570739487616875e-06
1419, 1575, 7.5584148268692215e-06
1109, 1327, 7.5412575322117885e-06
139, 377, 7.522620106502736e-06
1855, 2360, 7.287401625183436e-06
109, 717, 7.2255025557266574e-06
1066, 2048, 7.220793676350517e-06
22145, 23076, 7.200197171802286e-06
113, 856, 7.1784679822578115e-06
109, 448, 7.159458790801423e-06
530, 706, 6.9920816618683144e-06
443, 903, 6.95702033597861e-06
680, 853, 6.864062704040238e-06
709, 856, 6.850130139887216e-06
119, 1354, 6.718860879216708e-06
109, 525, 6.6490152184020104e-06
119, 923, 6.612164858863486e-06
489, 1407, 6.608715203082172e-06
473, 1370, 6.605284825855239e-06
246, 1029, 6.5826547778210064e-06
619, 950, 6.572780543531372e-06
1894, 3965, 6.53812943746765e-06
725, 1461, 6.478819030063156e-06
443, 706, 6.30590450638725e-06
1419, 1556, 6.238373307892328e-06
680, 1427, 6.054661705108086e-06
530, 903, 5.994304322865587e-06
680, 1471, 5.985593778200775e-06
119, 288, 5.771444740365689e-06
113, 397, 5.765587132347335e-06
473, 1529, 5.760336537073951e-06
1855, 3198, 5.749735807887455e-06
119, 1512, 5.522622353255842e-06
20403, 21444, 5.4485425670003155e-06
20996, 21413, 5.437916014524077e-06
246, 309, 5.392238247985832e-06
64, 147, 5.178348306846327e-06
725, 1471, 5.169866244792225e-06
356, 856, 5.144359809085052e-06
22486, 24629, 5.096871525691138e-06
21000, 21413, 5.019730617690465e-06
473, 1265, 5.005136669813596e-06
119, 1183, 4.939899914818119e-06
725, 1427, 4.926700902561378e-06
246, 903, 4.84310782845501e-06
109, 1329, 4.835249526006105e-06
8, 856, 4.811298096636079e-06
1109, 1183, 4.7998550296774966e-06
132, 856, 4.787378196743965e-06
443, 1327, 4.702300732734422e-06
119, 571, 4.578942602257057e-06
489, 1461, 4.575824532317127e-06
1931, 2048, 4.549923409958967e-06
109, 384, 4.540603008537176e-06
124, 373, 4.391236780585264e-06
680, 1029, 4.343552745226778e-06
473, 680, 4.318399987061215e-06
109, 808, 4.308370003196149e-06
530, 1327, 4.251074943220776e-06
132, 397, 4.1165716414626575e-06
124, 950, 4.114867568194128e-06
8, 397, 4.035633243906137e-06
109, 1276, 3.936876713128498e-06
473, 1108, 3.914843177769813e-06
109, 1536, 3.8982569717851634e-06
1616, 2048, 3.897190312600126e-06
1894, 2360, 3.8703166009550645e-06
21627, 21770, 3.839380859145492e-06
246, 706, 3.7920981653716307e-06
66, 334, 3.791176087468653e-06
443, 571, 3.7427935345661437e-06
1965, 2048, 3.7364306191854703e-06
20403, 20619, 3.648375741781035e-06
725, 1029, 3.637620366449166e-06
1855, 4133, 3.6169637893783083e-06
530, 734, 3.6070083425225947e-06
489, 1427, 3.583420310203369e-06
680, 903, 3.5789274611716035e-06
443, 734, 3.5767168624520267e-06
1109, 1354, 3.526840019715893e-06
725, 903, 3.4895926639836752e-06
246, 1327, 3.4688423472418467e-06
489, 1471, 3.4479353513037465e-06
1066, 1327, 3.421064618510551e-06
119, 891, 3.387254864531775e-06
619, 1407, 3.342528061908439e-06
139, 856, 3.3029845250470366e-06
20403, 22525, 3.25459589870899e-06
64, 377, 3.241097458858887e-06
805, 1407, 3.19331112480542e-06
1894, 3198, 3.1569272585983176e-06
473, 5126, 3.0642496032248397e-06
109, 1065, 3.0375016192446945e-06
473, 3965, 2.998026641042403e-06
473, 536, 2.9969955808612236e-06
489, 853, 2.96488970548618e-06
473, 2025, 2.8939520615102465e-06
139, 397, 2.8936447703355522e-06
109, 1147, 2.860916574516717e-06
20996, 21770, 2.8489285344595047e-06
1066, 1183, 2.846991897338276e-06
473, 1581, 2.8312056873838445e-06
680, 1517, 2.768347126579854e-06
443, 923, 2.7593687692692564e-06
473, 708, 2.7372169525727255e-06
13, 334, 2.654871329015767e-06
21000, 21770, 2.6475365965524106e-06
113, 373, 2.6398482831217682e-06
119, 873, 2.62822346265401e-06
113, 950, 2.5775505441829776e-06
119, 400, 2.5722707759999604e-06
109, 905, 2.554868140332385e-06
725, 1517, 2.55077810283593e-06
124, 1407, 2.5429712106129613e-06
443, 1354, 2.5048720571465067e-06
2049, 3965, 2.4655084282730826e-06
119, 639, 2.424562088228436e-06
66, 241, 2.4073339189510734e-06
489, 1029, 2.382627261230954e-06
805, 903, 2.3814197317088817e-06
1109, 1512, 2.287368431565509e-06
530, 923, 2.2800116282845387e-06
109, 1584, 2.27704579951455e-06
16728, 16993, 2.253106339008232e-06
119, 1418, 2.2132776767338096e-06
530, 639, 2.2025534240866298e-06
246, 734, 2.189492446614654e-06
20403, 21517, 2.183180197989761e-06
619, 706, 2.15561735681375e-06
680, 1327, 2.154998286782413e-06
109, 4874, 2.1334292568543454e-06
8, 950, 2.1218958786711784e-06
443, 1183, 2.0634936343502314e-06
109, 614, 2.038571373376771e-06
132, 373, 2.0257648455097495e-06
109, 1370, 2.0231117401119612e-06
356, 950, 2.020655623013009e-06
530, 1354, 2.019872204127177e-06
709, 950, 1.9974883127625396e-06
1894, 4133, 1.9854955585754357e-06
8, 373, 1.9287714861470176e-06
246, 923, 1.9145220121489243e-06
443, 1512, 1.8878987440681144e-06
15760, 16993, 1.8622641372382278e-06
16300, 16993, 1.860382828461511e-06
132, 950, 1.850409923095211e-06
246, 1354, 1.7993769492085302e-06
489, 706, 1.793559765687113e-06
1066, 1354, 1.793019234349728e-06
489, 1517, 1.7770949886823288e-06
473, 674, 1.7696876102450449e-06
725, 1327, 1.7544271789531702e-06
119, 427, 1.752882983083221e-06
489, 903, 1.742902218189717e-06
530, 1183, 1.7107716924585942e-06
473, 2360, 1.6882336713011544e-06
2049, 2360, 1.6733806764924105e-06
109, 2048, 1.62911995966076e-06
119, 879, 1.6260783267393985e-06
64, 856, 1.6234711128179025e-06
619, 853, 1.6207862676704931e-06
113, 1407, 1.5909927624387481e-06
109, 1529, 1.5897342368388691e-06
619, 1427, 1.5878038804400554e-06
530, 1512, 1.5266536975321127e-06
119, 956, 1.5196213714944402e-06
1855, 2403, 1.481319270950713e-06
139, 373, 1.4576020140091254e-06
16724, 16923, 1.4567309370749902e-06
873, 950, 1.4480204284415967e-06
473, 3198, 1.4467714143305005e-06
68, 334, 1.4374183614764251e-06
805, 1461, 1.4096239719899412e-06
619, 1461, 1.4051728987751214e-06
13, 241, 1.3930428157453592e-06
443, 891, 1.392751145121903e-06
246, 1183, 1.3714382642077564e-06
246, 571, 1.3658826121769106e-06
64, 397, 1.3630644270692491e-06
22134, 22525, 1.3532695221303014e-06
109, 573, 1.3388195124440535e-06
109, 1265, 1.3284679545928166e-06
443, 639, 1.3247425877587755e-06
139, 950, 1.314119107432774e-06
489, 571, 1.3075382175845086e-06
16115, 16993, 1.2910011410199498e-06
680, 923, 1.285700089701058e-06
805, 1029, 1.2851840756293954e-06
725, 923, 1.2782840752681857e-06
119, 1049, 1.232427714640865e-06
530, 891, 1.2156159272946158e-06
2049, 3198, 1.1919806204069508e-06
124, 1461, 1.174730033128847e-06
619, 1029, 1.1707731187768802e-06
443, 525, 1.169356341066545e-06
20996, 22525, 1.161905225133792e-06
619, 1556, 1.1583298365429348e-06
489, 1327, 1.1429022498495631e-06
680, 1354, 1.126216893897432e-06
119, 717, 1.1038507402153742e-06
443, 873, 1.0956498498924176e-06
805, 1471, 1.0908650331352323e-06
619, 1471, 1.0901674675136209e-06
119, 448, 1.0847183673088447e-06
21000, 22525, 1.0686128843495497e-06
805, 1427, 1.0622299372738301e-06
1855, 3848, 1.0608479287856392e-06
21627, 22525, 1.0516500197936524e-06
1109, 1418, 1.0425381189739028e-06
1855, 4083, 1.0324580135848308e-06
805, 1556, 1.0304264080009493e-06
1855, 4052, 1.0228274210797128e-06
246, 400, 1.0216934519788645e-06
109, 1108, 1.0130259468501907e-06
119, 525, 9.988857167078012e-07
124, 853, 9.692201152294468e-07
619, 734, 9.576991941150135e-07
124, 421, 9.537141238974132e-07
124, 309, 9.438596187121276e-07
530, 873, 9.39572043810267e-07
246, 891, 9.395483827614041e-07
725, 1354, 9.16806283174218e-07
68, 241, 9.150166034449296e-07
473, 4133, 9.104390846361239e-07
1081, 1407, 9.101325590192984e-07
489, 734, 9.063921386846271e-07
709, 1708, 9.049152342135287e-07
530, 1759, 8.850503562902169e-07
124, 1427, 8.822891538488342e-07
124, 1556, 8.640020930449226e-07
619, 903, 8.604794612459532e-07
109, 680, 8.56196006106371e-07
317, 397, 8.27922759641363e-07
124, 418, 8.274271128887317e-07
1894, 2403, 8.243099882885014e-07
680, 1183, 8.189392973958102e-07
443, 1418, 8.025329676714535e-07
109, 536, 7.773473305800954e-07
8, 1407, 7.58768072695696e-07
124, 1029, 7.575047279564234e-07
2049, 4133, 7.48724246099132e-07
55, 334, 7.48579340009849e-07
16115, 16210, 7.385667954135063e-07
119, 1329, 7.365676179332691e-07
680, 891, 7.209409833106043e-07
132, 1407, 7.185529870232998e-07
356, 1407, 7.128570522203489e-07
443, 956, 7.020598865060148e-07
725, 891, 7.011342194216394e-07
119, 384, 6.985351618526912e-07
246, 873, 6.930287011926927e-07
489, 923, 6.822029629043906e-07
20403, 21371, 6.764214362922591e-07
805, 923, 6.760711725269655e-07
725, 1183, 6.743110433483787e-07
119, 808, 6.739213403933582e-07
443, 879, 6.737296961642822e-07
819, 950, 6.577795058054119e-07
246, 639, 6.430193382297764e-07
246, 427, 6.314283270815681e-07
113, 853, 6.294057686383872e-07
20403, 21266, 6.219527807740051e-07
853, 950, 6.204338355975283e-07
619, 1575, 6.196287465320205e-07
709, 853, 6.183963279191621e-07
64, 373, 6.146183840232686e-07
124, 903, 6.106792448872077e-07
113, 421, 6.043909092718346e-07
119, 1276, 5.997158754868269e-07
709, 1407, 5.976463454746382e-07
109, 708, 5.929808471749165e-07
530, 879, 5.846731607533589e-07
489, 1354, 5.825846331263856e-07
1894, 3848, 5.822284547189205e-07
680, 873, 5.803178595592113e-07
619, 1327, 5.791909210444326e-07
530, 956, 5.764405308928159e-07
530, 1418, 5.750791408195636e-07
20996, 21146, 5.742745773749653e-07
64, 950, 5.725162778930878e-07
1894, 4083, 5.667573467028395e-07
113, 309, 5.650048688507856e-07
725, 873, 5.648871250036451e-07
1894, 4052, 5.614707307014534e-07
805, 1327, 5.566595152858603e-07
113, 1427, 5.519982500365601e-07
21000, 21146, 5.449926066544584e-07
246, 1418, 5.354806209323366e-07
530, 717, 5.272616188118454e-07
805, 1575, 5.265666727108499e-07
113, 418, 5.257070520816715e-07
1066, 1418, 5.123640467766154e-07
443, 1049, 5.04953154732978e-07
113, 1556, 5.028539580713308e-07
356, 421, 4.967524823143859e-07
139, 1407, 4.958513268904813e-07
113, 1029, 4.958074101881228e-07
124, 706, 4.936430214374407e-07
489, 1183, 4.874757339623627e-07
443, 717, 4.872527708982577e-07
1850, 3965, 4.871043204691242e-07
1855, 3155, 4.802384060612549e-07
119, 1065, 4.661139324467222e-07
55, 241, 4.6161957596423866e-07
356, 853, 4.5318069288818383e-07
66, 147, 4.5101122019666537e-07
805, 891, 4.4949381631022117e-07
124, 1575, 4.4236302454576065e-07
124, 1327, 4.370431943042383e-07
246, 879, 4.3633580130796156e-07
119, 1147, 4.358117394074123e-07
246, 956, 4.3547829256514894e-07
132, 309, 4.286267455417025e-07
530, 1049, 4.251660330744958e-07
8, 853, 4.2434683317225004e-07
119, 1577, 4.2254828878991833e-07
8, 421, 4.2183740860708767e-07
132, 853, 4.2156265684420997e-07
132, 421, 4.168036152004667e-07
1109, 1329, 4.154606735940789e-07
334, 856, 4.1304493295624694e-07
356, 1029, 3.999111632664876e-07
1109, 1276, 3.9864146805794643e-07
317, 856, 3.9676842989348613e-07
119, 905, 3.933668819112207e-07
16115, 16243, 3.906594625905451e-07
8, 1029, 3.873069869778163e-07
113, 903, 3.809016548608496e-07
38, 334, 3.696515613603403e-07
8, 418, 3.661539548789797e-07
246, 448, 3.626987888557665e-07
132, 418, 3.6234813533474014e-07
489, 639, 3.6059089452046637e-07
139, 1662, 3.5924364414343245e-07
15760, 15984, 3.5795181623126606e-07
680, 879, 3.523416624992342e-07
8, 85, 3.5066999515248894e-07
709, 1029, 3.5064841755397263e-07
619, 923, 3.4841891466314455e-07
109, 674, 3.4796882475352303e-07
473, 2403, 3.454056417561483e-07
2049, 2403, 3.41436254857667e-07
725, 879, 3.4085775426973336e-07
356, 418, 3.398698258801055e-07
489, 891, 3.3323818381026707e-07
21654, 22096, 3.331518531622228e-07
132, 1029, 3.304862779320865e-07
8, 309, 3.3002869379805085e-07
246, 1049, 3.286197755329599e-07
334, 397, 3.2613485110156326e-07
709, 903, 3.166295534205695e-07
530, 614, 3.1220012249919677e-07
113, 706, 3.102964049254165e-07
1109, 3965, 3.0890935191657833e-07
119, 1370, 3.0818649321247397e-07
119, 614, 3.0676105970674243e-07
246, 384, 3.066664022301619e-07
139, 309, 3.0203155244250963e-07
1850, 2360, 3.0198321868946744e-07
66, 377, 2.972294737372844e-07
1066, 1147, 2.970148341702269e-07
246, 717, 2.957426874082829e-07
139, 853, 2.9293446303415587e-07
443, 808, 2.914775624248869e-07
139, 421, 2.87389250528387e-07
619, 1354, 2.8705536341568586e-07
124, 734, 2.8273647827652136e-07
20996, 21266, 2.823847214302701e-07
246, 525, 2.809248908114408e-07
356, 903, 2.7767323358393583e-07
20403, 20932, 2.7423604632757734e-07
113, 1327, 2.734331226831116e-07
725, 808, 2.727074685171889e-07
132, 903, 2.7080581917839017e-07
473, 3848, 2.6697795372744435e-07
443, 1329, 2.65195186006229e-07
1894, 3155, 2.6367780457683623e-07
21000, 21266, 2.6271866986834176e-07
805, 1354, 2.604621739901468e-07
473, 4083, 2.5988375431731144e-07
473, 4052, 2.5745960291977414e-07
1066, 3965, 2.5476532387243417e-07
113, 1575, 2.5459400061249875e-07
489, 873, 2.5296044414558313e-07
356, 706, 2.5081121904215824e-07
139, 418, 2.5049800985551117e-07
119, 2048, 2.481685798346024e-07
8, 903, 2.456150915324032e-07
530, 1329, 2.400641101517304e-07
1850, 3198, 2.3589940984303213e-07
619, 1183, 2.3446303677225296e-07
530, 808, 2.3352710596490532e-07
8, 706, 2.3078567276395782e-07
1419, 1517, 2.287735609069972e-07
1081, 1183, 2.252940297807503e-07
443, 1276, 2.238820458030956e-07
124, 1354, 2.1990807562633893e-07
2049, 3848, 2.195565529895513e-07
132, 706, 2.195233138552625e-07
2049, 4083, 2.137224459145551e-07
680, 1049, 2.1355034957455153e-07
805, 1183, 2.1327772872619656e-07
680, 808, 2.1296647063007047e-07
2049, 4052, 2.117288793397238e-07
38, 241, 2.1056087678234854e-07
119, 573, 2.07065296296305e-07
124, 288, 2.056535065594875e-07
22134, 22432, 2.0543311802901801e-07
530, 1276, 2.0348684808400836e-07
119, 1265, 2.0236938580982641e-07
13, 377, 1.993127862064982e-07
13, 147, 1.9702267467734714e-07
443, 614, 1.882920417675239e-07
2142, 3965, 1.8766517967792382e-07
1066, 1276, 1.8636953013958138e-07
725, 1049, 1.8633362087278217e-07
443, 1065, 1.8569352523833945e-07
15760, 16243, 1.8275078225520486e-07
246, 808, 1.8047280393448407e-07
20996, 22432, 1.79944676570671e-07
443, 1147, 1.7756756617291831e-07
113, 734, 1.7690829909363432e-07
1109, 2360, 1.7593474253457082e-07
124, 1183, 1.7426339274717903e-07
619, 717, 1.7247782924439323e-07
619, 891, 1.6840797666348956e-07
21627, 22432, 1.666839275357401e-07
805, 873, 1.6627792666932093e-07
21000, 22432, 1.6616747227029179e-07
443, 573, 1.6484961261295096e-07
124, 571, 1.6344369080633723e-07
246, 1276, 1.6060980303423308e-07
68, 147, 1.6030612012107393e-07
2142, 2360, 1.5740612706910035e-07
443, 536, 1.5696122111581043e-07
489, 879, 1.5622717562806772e-07
119, 1108, 1.550735059660547e-07
530, 1065, 1.5468906138119879e-07
139, 706, 1.5376203645103713e-07
1109, 3198, 1.5037534382972012e-07
66, 856, 1.4915419508517563e-07
1850, 4133, 1.471475972373645e-07
1066, 2360, 1.4529114656653621e-07
530, 1147, 1.4469916936918343e-07
805, 879, 1.4425955949857406e-07
64, 853, 1.438936196759723e-07
15760, 16015, 1.3989413248634697e-07
64, 421, 1.3860639349466204e-07
1109, 1265, 1.3806248107791277e-07
489, 717, 1.3559096810300072e-07
356, 734, 1.3343285893172885e-07
119, 680, 1.3250317156380587e-07
619, 873, 1.324514304455091e-07
8, 734, 1.268675439678059e-07
113, 288, 1.256164246647175e-07
132, 734, 1.2544491416459068e-07
8, 1327, 1.2532944903494512e-07
66, 397, 1.248644490280717e-07
1081, 1327, 1.2451649123752764e-07
1066, 3198, 1.2372679389369819e-07
124, 923, 1.2227074444717868e-07
64, 418, 1.2143132464707542e-07
246, 1329, 1.2116562794716345e-07
473, 3155, 1.2083949961665232e-07
356, 1327, 1.2004143153693811e-07
132, 1327, 1.186869258297871e-07
119, 536, 1.1861746348023533e-07
680, 956, 1.1483919579033086e-07
246, 1065, 1.1451691232163272e-07
1066, 1329, 1.1432291075510309e-07
725, 956, 1.1295029785842699e-07
68, 377, 1.123692679593252e-07
22134, 22416, 1.1180028466829807e-07
113, 1183, 1.090267146799329e-07
64, 309, 1.0850830601955959e-07
680, 1606, 1.0722254274994914e-07
246, 1147, 1.056006778462322e-07
55, 147, 1.0553850930035542e-07
334, 421, 1.0034643530217733e-07
113, 571, 9.983012553906388e-08
2049, 3155, 9.955846534981277e-08
709, 1327, 9.90050509644253e-08
443, 2048, 9.839042445885792e-08
21627, 22416, 9.66538571403369e-08
139, 903, 9.644478992467364e-08
680, 1276, 9.641350505774598e-08
356, 571, 9.541228686530508e-08
20996, 22416, 9.444554409431128e-08
317, 421, 9.368231873864185e-08
1109, 4133, 9.327814577407102e-08
2142, 3198, 9.277233340033627e-08
132, 288, 9.272908895048189e-08
124, 400, 9.083467926364551e-08
119, 708, 8.99131069144056e-08
246, 614, 8.854662198493426e-08
21000, 22416, 8.753426742167055e-08
139, 734, 8.679977208487461e-08
20403, 22171, 8.587579227007556e-08
124, 639, 8.529342067263373e-08
317, 418, 8.504735235004702e-08
725, 1276, 8.334152568856252e-08
334, 418, 8.314898806976083e-08
725, 1606, 8.247016408939599e-08
139, 1327, 8.219214630107724e-08
8, 1183, 8.132913479857972e-08
443, 905, 8.022233981658933e-08
13, 397, 7.937680277718705e-08
530, 2048, 7.88299524221613e-08
1066, 4133, 7.73669937044979e-08
443, 1265, 7.619039613081334e-08
680, 1065, 7.535688362771191e-08
680, 1329, 7.533271932640647e-08
132, 1183, 7.531595253641672e-08
8, 571, 7.51413487251705e-08
1616, 2360, 7.495440970962075e-08
64, 706, 7.390594004193224e-08
132, 571, 7.355756182216174e-08
819, 903, 7.126642566349505e-08
356, 1183, 7.066419650877926e-08
489, 808, 7.037195372759368e-08
680, 1147, 7.007291110499049e-08
530, 680, 6.921781727734825e-08
725, 1065, 6.91714199769257e-08
530, 905, 6.894154247928792e-08
443, 1108, 6.67446659452138e-08
530, 1265, 6.660654565108965e-08
8, 288, 6.64874332950728e-08
246, 2048, 6.646198367546167e-08
139, 288, 6.618730012335744e-08
1066, 1265, 6.501904889448259e-08
443, 680, 6.49175576287599e-08
725, 1147, 6.342521106202397e-08
709, 1183, 6.333635347705184e-08
489, 573, 6.219874019656421e-08
18825, 20756, 6.214682834989747e-08
15691, 18726, 6.214682834989747e-08
246, 573, 6.201500974896584e-08
489, 614, 6.198534990899575e-08
124, 427, 6.157581634713592e-08
17191, 20756, 6.08886137271441e-08
1850, 2403, 6.070452074696914e-08
124, 891, 5.9261377956894326e-08
55, 377, 5.882324898275218e-08
113, 400, 5.691845973481434e-08
8, 171, 5.659450472235135e-08
66, 373, 5.629853818057122e-08
246, 905, 5.6166067528717416e-08
246, 1265, 5.41965095866282e-08
119, 674, 5.3575238200343156e-08
113, 639, 5.334986160034539e-08
356, 448, 5.301527915188728e-08
139, 1183, 5.215721737165862e-08
139, 571, 5.159602586001707e-08
530, 1108, 5.1102956024536675e-08
15910, 15984, 5.03051475905211e-08
113, 1354, 4.822121084359851e-08
356, 427, 4.7372582191543236e-08
68, 397, 4.7199799113794944e-08
13, 856, 4.569543160098016e-08
20403, 20604, 4.546757112316856e-08
530, 708, 4.454308965849602e-08
124, 873, 4.443483416893664e-08
489, 1147, 4.440095198565814e-08
619, 808, 4.3852203945706995e-08
1850, 3848, 4.337723786384601e-08
38, 147, 4.32189682455889e-08
64, 734, 4.275808721240163e-08
20800, 21146, 4.1611849622825745e-08
132, 400, 4.040082474884181e-08
443, 708, 4.0239741478734176e-08
356, 639, 3.975444661138918e-08
8, 400, 3.9715046556095695e-08
246, 1108, 3.906443322271102e-08
124, 717, 3.886161053361478e-08
1931, 2360, 3.8841608335541903e-08
619, 879, 3.881734976803517e-08
113, 427, 3.869512107458205e-08
8, 639, 3.8337631774701886e-08
124, 448, 3.8295556098888686e-08
13, 373, 3.822262584761921e-08
20828, 21146, 3.806794816428446e-08
680, 2048, 3.796583370776798e-08
132, 639, 3.7263002869680294e-08
246, 680, 3.693657468668769e-08
1109, 2403, 3.600231472899792e-08
8, 1354, 3.597090280453599e-08
124, 525, 3.494799894356002e-08
940, 1029, 3.447487785569612e-08
15691, 15785, 3.4138695000187384e-08
64, 171, 3.402090075348115e-08
246, 536, 3.305624469388746e-08
443, 2360, 3.240536820028779e-08
11, 334, 3.1705814096947956e-08
1066, 2403, 2.9731578372006748e-08
473, 1033, 2.92660831451569e-08
530, 674, 2.894065632948079e-08
38, 377, 2.8748290633184796e-08
139, 400, 2.8299484355325308e-08
1109, 3848, 2.7508757104734688e-08
8, 427, 2.7130454973200074e-08
443, 674, 2.692885107836762e-08
132, 427, 2.6896442308059974e-08
473, 784, 2.6817999036889263e-08
2142, 2403, 2.6812420500888828e-08
68, 856, 2.6792275203850676e-08
680, 1108, 2.6486088141845333e-08
139, 639, 2.5537914971031668e-08
55, 397, 2.50077746694905e-08
124, 384, 2.4882319251757495e-08
64, 288, 2.4767208797735844e-08
113, 717, 2.434320231079657e-08
246, 708, 2.425088797507696e-08
113, 448, 2.400113548515426e-08
1965, 2360, 2.373838357965103e-08
64, 571, 2.348750635857022e-08
356, 525, 2.3267301248092846e-08
1066, 3848, 2.2831752084542427e-08
22134, 22367, 2.2592956503723385e-08
113, 525, 2.2257454323014232e-08
725, 1108, 2.1909196694606835e-08
619, 1147, 2.1311892842337345e-08
68, 373, 2.1258036069198256e-08
805, 1147, 2.0214431811971193e-08
356, 717, 1.926555114685877e-08
20996, 22367, 1.9176704439585435e-08
64, 1183, 1.8671995579158422e-08
334, 706, 1.8621048404010682e-08
139, 427, 1.8457507091916274e-08
139, 1029, 1.8311343363244552e-08
873, 1183, 1.8263764424767434e-08
489, 680, 1.792949127984707e-08
21000, 22367, 1.7771553978784854e-08
317, 706, 1.7542177595317095e-08
8, 717, 1.75137807169255e-08
21627, 22367, 1.7148381857444813e-08
132, 717, 1.710017267487894e-08
132, 448, 1.700219599902399e-08
2142, 3848, 1.6711814688506123e-08
11, 241, 1.651289497870618e-08
8, 448, 1.6492085823725403e-08
473, 824, 1.6422621300987906e-08
8, 525, 1.6335289979165438e-08
15691, 15759, 1.6166452590333663e-08
1066, 1512, 1.6101061987960978e-08
940, 1183, 1.590964657204382e-08
124, 1147, 1.5374002230363282e-08
132, 525, 1.533619351526229e-08
113, 384, 1.53087729752677e-08
1616, 2403, 1.5042597613506707e-08
489, 1108, 1.5003628866300727e-08
246, 674, 1.4987030702864075e-08
619, 708, 1.412273081836827e-08
709, 808, 1.3746063694713507e-08
64, 400, 1.3456680970886856e-08
2311, 2403, 1.3317886041884483e-08
66, 421, 1.2753849824463598e-08
38, 397, 1.2019670712245425e-08
139, 448, 1.178683742710164e-08
1419, 2360, 1.1723450788385744e-08
124, 808, 1.1511180613492746e-08
489, 708, 1.1429073016304565e-08
132, 384, 1.1290550142545708e-08
805, 2360, 1.1216780128800073e-08
55, 373, 1.1183034287080646e-08
66, 418, 1.11603027651418e-08
530, 2360, 1.1010917284056574e-08
8, 384, 1.097107842656177e-08
64, 639, 1.0781824496801272e-08
124, 614, 1.078105401508409e-08
139, 525, 1.0669491553061898e-08
66, 309, 1.0058838089446849e-08
113, 1147, 9.618640657882e-09
317, 400, 8.846543159771407e-09
64, 427, 8.741173765548964e-09
139, 717, 8.711980697748477e-09
1081, 1147, 8.486584702957067e-09
725, 2360, 8.373951140038004e-09
13, 421, 8.180908216861393e-09
139, 384, 8.090790605741054e-09
489, 1049, 8.059913060692448e-09
680, 2360, 8.024042458606132e-09
473, 2245, 7.4992146267246e-09
109, 1033, 7.47575441153477e-09
124, 573, 7.3887574977638335e-09
489, 674, 7.388596460590235e-09
619, 1108, 7.304636573697882e-09
8, 1147, 7.175082959625929e-09
13, 418, 7.09429897590166e-09
805, 1108, 7.092509921460277e-09
356, 1147, 7.041745070719582e-09
64, 1407, 6.824729484838042e-09
113, 614, 6.81368257956923e-09
334, 571, 6.751188111188571e-09
109, 784, 6.7328359897377165e-09
1081, 2360, 6.694075358864067e-09
334, 427, 6.687662983277938e-09
317, 734, 6.469737868816523e-09
334, 734, 6.438877115985667e-09
13, 309, 6.3992012349472985e-09
317, 571, 6.070540524117649e-09
873, 1407, 6.0573714190576815e-09
1081, 1461, 6.0510245355500235e-09
124, 1108, 5.473403083975099e-09
38, 373, 5.43643831177865e-09
13, 85, 5.426232001865671e-09
317, 427, 5.404381819021692e-09
489, 2360, 5.393145987804518e-09
356, 614, 5.318498140554387e-09
64, 448, 5.1113901553146864e-09
8, 614, 4.936828673852301e-09
1081, 1427, 4.904374410557522e-09
68, 421, 4.8368108361940196e-09
64, 525, 4.831135291468108e-09
132, 614, 4.733093901778198e-09
124, 680, 4.694005301525841e-09
113, 573, 4.520370000449404e-09
356, 573, 4.312822013499129e-09
68, 418, 4.2274195810364685e-09
124, 536, 4.1632483983687076e-09
334, 400, 4.0549463115060434e-09
1081, 1556, 3.99850048018558e-09
66, 706, 3.925376681845268e-09
68, 309, 3.847056163058158e-09
109, 824, 3.770210587752403e-09
22313, 22416, 3.617927577604102e-09
64, 384, 3.6119725259041037e-09
940, 1407, 3.436465086049552e-09
8, 573, 3.4027667089692972e-09
132, 573, 3.326906701987923e-09
139, 614, 3.2543348500157724e-09
66, 171, 3.2254972308547935e-09
334, 448, 3.172118419373639e-09
124, 708, 3.1328508749078437e-09
334, 639, 2.9416334788222872e-09
113, 680, 2.8975656261577553e-09
317, 639, 2.878623625314567e-09
64, 717, 2.861671264789841e-09
13, 706, 2.655183769018869e-09
356, 536, 2.6457188336124535e-09
113, 536, 2.6203068212351547e-09
55, 421, 2.4673840083867233e-09
11, 377, 2.368077774735493e-09
139, 573, 2.336016126660933e-09
11, 147, 2.298509816774579e-09
356, 680, 2.292588861497512e-09
317, 448, 2.290991044598947e-09
66, 288, 2.2853282905059058e-09
8, 680, 2.2278812114243465e-09
55, 418, 2.170565332234633e-09
66, 571, 2.126645077796257e-09
132, 680, 2.079519555965681e-09
109, 2245, 2.069628773384607e-09
1081, 1575, 2.058704845040195e-09
113, 708, 1.9712143023703803e-09
8, 536, 1.903661116003985e-09
55, 309, 1.8970114991508473e-09
124, 674, 1.8927284012751405e-09
132, 536, 1.8162955089742388e-09
473, 588, 1.7140577311777524e-09
334, 525, 1.6999983738996155e-09
356, 708, 1.5867518082900445e-09
64, 614, 1.572290958744524e-09
317, 525, 1.5705243548610923e-09
68, 706, 1.4659363244736338e-09
8, 708, 1.456027978781048e-09
13, 571, 1.4482890914771488e-09
139, 680, 1.4443057740497641e-09
132, 708, 1.3896460707119644e-09
13, 288, 1.301006513525342e-09
68, 171, 1.2571634521224699e-09
139, 536, 1.245612808152871e-09
66, 400, 1.2321488921750774e-09
113, 674, 1.1765398263062885e-09
66, 734, 1.1639072139410569e-09
317, 384, 1.1463958568423537e-09
38, 421, 1.1412045791568778e-09
13, 171, 1.1190156652438352e-09
64, 573, 1.0811315391972723e-09
119, 784, 1.0262169424277406e-09
38, 418, 1.0017518960228132e-09
66, 639, 9.91243095475091e-10
139, 708, 9.72430521668536e-10
473, 2166, 9.503467789688073e-10
11, 397, 9.45830990645668e-10
356, 674, 9.256976055947983e-10
1109, 1370, 9.131759175575928e-10
8, 674, 8.96213416668366e-10
38, 309, 8.918398140873553e-10
68, 288, 8.692870765753137e-10
473, 812, 8.601710004160953e-10
132, 674, 8.386952355979586e-10
66, 427, 8.059140960687788e-10
68, 571, 8.017840431620795e-10
109, 433, 7.975258725216775e-10
1081, 1354, 7.970896702681881e-10
55, 706, 7.807106418750336e-10
13, 400, 7.785051172358119e-10
525, 706, 7.771679149830639e-10
443, 1370, 7.723083492332019e-10
13, 734, 7.074513641829374e-10
334, 717, 6.932389708494077e-10
13, 639, 6.828133079755931e-10
109, 2025, 6.816546141124555e-10
317, 717, 6.769773369881074e-10
64, 680, 6.582366176793286e-10
119, 824, 5.879325254496558e-10
139, 674, 5.849092048087932e-10
530, 1370, 5.822299668880948e-10
64, 536, 5.638207032380185e-10
13, 427, 5.281750707136138e-10
55, 171, 5.216833165068728e-10
246, 1370, 5.181068831928705e-10
680, 784, 4.940486693934995e-10
66, 448, 4.705883126676169e-10
64, 708, 4.700244005358777e-10
68, 400, 4.654869025726077e-10
11, 373, 4.5455965847540053e-10
443, 784, 4.470349761584176e-10
66, 525, 4.441944915694456e-10
55, 288, 4.349920500081515e-10
55, 571, 4.2968802769695366e-10
68, 734, 4.262145163985613e-10
334, 614, 4.0619345151338523e-10
317, 614, 4.0464458123713375e-10
473, 805, 4.0324312109331717e-10
38, 706, 3.823004949628806e-10
68, 639, 3.760471298236875e-10
530, 784, 3.617992300665738e-10
525, 639, 3.607611307776845e-10
66, 384, 3.3157724260999163e-10
8, 167, 3.2864927290051125e-10
13, 448, 3.2542739545492965e-10
13, 525, 3.17452290056326e-10
119, 2245, 3.1527256813098107e-10
334, 573, 3.091764343462431e-10
68, 427, 3.0630669513928203e-10
473, 617, 3.0583578064045645e-10
317, 573, 2.7913446965083223e-10
246, 784, 2.7259485532228663e-10
64, 674, 2.653847607645807e-10
109, 2166, 2.622761364154045e-10
66, 717, 2.6214901701974895e-10
55, 400, 2.4672470047360536e-10
680, 1959, 2.2820526744344656e-10
55, 734, 2.2316396661780792e-10
13, 384, 2.178828470100037e-10
64, 167, 2.0860918665491472e-10
109, 812, 2.037043303489236e-10
873, 1029, 2.0297350693494513e-10
525, 734, 2.0067028085693722e-10
38, 571, 1.9901856732715568e-10
55, 639, 1.9566786239198737e-10
38, 288, 1.9340522127434697e-10
334, 536, 1.9077155816217805e-10
38, 171, 1.8939164487319075e-10
937, 1029, 1.8198773830798859e-10
334, 680, 1.812053513683346e-10
317, 536, 1.7887078874790614e-10
68, 448, 1.7883550431341707e-10
109, 588, 1.7807203657249622e-10
317, 680, 1.7332027911046215e-10
956, 1029, 1.7270238809881083e-10
13, 717, 1.7017604475574198e-10
334, 853, 1.6862716632526416e-10
68, 525, 1.6856149209002643e-10
317, 853, 1.627345984728329e-10
55, 427, 1.54819958996052e-10
66, 614, 1.441916264761461e-10
109, 472, 1.419772751669999e-10
725, 824, 1.290119010200844e-10
68, 384, 1.2553960808983018e-10
1109, 2245, 1.2502973655667302e-10
443, 2245, 1.2499487976808055e-10
119, 433, 1.2214835708948397e-10
55, 856, 1.2048038121821905e-10
443, 824, 1.2045105796616747e-10
38, 400, 1.1752866891335803e-10
334, 708, 1.173839595653817e-10
317, 708, 1.111959714713398e-10
38, 734, 1.0485173872891645e-10
109, 182, 1.0281282832379393e-10
530, 824, 1.0255242154895693e-10
530, 2245, 1.0014531880845492e-10
68, 717, 9.904000666211573e-11
66, 573, 9.879417616102409e-11
11, 421, 9.812329791731634e-11
109, 805, 9.791904570762114e-11
13, 614, 9.661865044908509e-11
55, 448, 9.247042549715402e-11
55, 525, 8.776484141705694e-11
11, 418, 8.510847835966727e-11
246, 2245, 8.443309096746724e-11
1855, 2245, 8.33060954446764e-11
38, 639, 7.760314900969415e-11
11, 309, 7.674684176616259e-11
334, 674, 7.272423504445664e-11
38, 427, 7.241882153911366e-11
11, 85, 7.184927245472362e-11
317, 674, 7.079182474364856e-11
1066, 2245, 6.720243013334519e-11
55, 384, 6.567252720196299e-11
2049, 2245, 5.7667140086067894e-11
1894, 2245, 5.7348144767277126e-11
66, 536, 5.1640347235192337e-11
109, 617, 5.02992141102884e-11
680, 2245, 4.82358370313486e-11
38, 448, 4.60291341074703e-11
246, 433, 4.3020995510373704e-11
725, 2245, 4.059950762006273e-11
119, 2166, 3.9953286381851915e-11
13, 573, 3.921835383335712e-11
473, 583, 3.50523649247633e-11
13, 536, 3.451387091405643e-11
38, 384, 3.22613652931288e-11
119, 812, 3.193007179986353e-11
109, 457, 3.159220120276549e-11
38, 525, 3.043386093655866e-11
489, 2245, 2.941035434316452e-11
119, 588, 2.6915706073355348e-11
119, 472, 2.209277610052033e-11
68, 573, 2.18189312111485e-11
525, 614, 2.053678424817628e-11
66, 680, 2.0118581120416342e-11
66, 167, 1.9631505580782863e-11
443, 588, 1.8470055281388418e-11
473, 626, 1.8252869811611994e-11
68, 536, 1.8031237598382702e-11
68, 614, 1.6999908623709938e-11
11, 288, 1.5540342416967752e-11
119, 805, 1.5284910565765158e-11
13, 680, 1.4505495315752378e-11
11, 171, 1.3309047299883316e-11
8, 161, 1.2232209596116366e-11
473, 963, 1.214272629526943e-11
20996, 22200, 1.195668278539029e-11
55, 573, 1.1672468057792915e-11
473, 1069, 1.1447003293693845e-11
21000, 22200, 1.1073305298017043e-11
11, 571, 9.901480423128066e-12
55, 536, 9.578255041802732e-12
11, 400, 9.288782946393864e-12
55, 614, 8.893626891873435e-12
489, 588, 8.755372704306669e-12
246, 588, 8.254884375640236e-12
64, 161, 8.108050412649033e-12
530, 617, 8.063437317337817e-12
119, 182, 8.054122229307208e-12
68, 167, 7.583644980783049e-12
119, 617, 7.553144114145792e-12
55, 717, 7.076218037148045e-12
246, 472, 6.874372628633902e-12
725, 812, 6.75812121356917e-12
525, 717, 6.723717690126601e-12
443, 812, 6.631672882589847e-12
13, 167, 6.522911713670347e-12
11, 427, 6.326612358031654e-12
38, 573, 5.602491718569853e-12
11, 706, 5.241977346958053e-12
21627, 22200, 5.111989083324883e-12
119, 457, 4.793398667062687e-12
38, 536, 4.730986658918044e-12
443, 617, 4.590501740243602e-12
356, 433, 4.405506394465508e-12
124, 433, 4.309811362985366e-12
38, 614, 4.223686838842526e-12
109, 509, 4.217116992874737e-12
11, 448, 3.87601859045501e-12
38, 717, 3.4351014615012604e-12
66, 674, 3.3244217599086733e-12
109, 583, 3.2841341923966976e-12
55, 167, 3.2502669935589032e-12
109, 626, 3.200327959008999e-12
109, 1069, 3.0974213572488332e-12
113, 433, 2.687108876574584e-12
11, 525, 2.6692082262613308e-12
11, 384, 2.587555237091339e-12
246, 617, 2.152328311944903e-12
132, 433, 1.8911438698279056e-12
8, 433, 1.888164256134157e-12
246, 457, 1.5553663908177796e-12
489, 617, 1.447771700385965e-12
11, 639, 1.3014523496501309e-12
139, 433, 1.2956996220724699e-12
38, 167, 1.1541160906398006e-12
124, 588, 9.505900427559073e-13
356, 472, 7.876651238297485e-13
124, 472, 7.821377992104554e-13
66, 161, 7.504409359857655e-13
119, 509, 6.391393684815644e-13
64, 433, 5.974969108760063e-13
113, 588, 5.962662344903372e-13
356, 588, 5.405997419127399e-13
530, 626, 5.24633547776431e-13
119, 583, 4.994389588276715e-13
113, 472, 4.824068321331249e-13
119, 626, 4.810960202784858e-13
334, 433, 4.532292632328827e-13
8, 588, 4.405639218721982e-13
132, 588, 4.248000673820263e-13
443, 583, 3.5711883708286836e-13
443, 509, 3.497547615349151e-13
443, 805, 3.4609022333256865e-13
132, 472, 3.448053141156282e-13
317, 433, 3.345037897682374e-13
8, 472, 3.187126660260064e-13
139, 588, 2.959808398369313e-13
68, 161, 2.8451555133709827e-13
443, 626, 2.807934007054172e-13
113, 182, 2.750438848519928e-13
124, 617, 2.6528097459964854e-13
13, 161, 2.4504841889419004e-13
21654, 22200, 2.3920993952182517e-13
139, 472, 2.3763572647247726e-13
356, 457, 2.2240120485112354e-13
489, 784, 2.079076352242584e-13
246, 509, 1.8511621854837678e-13
8, 182, 1.8252895369282307e-13
124, 457, 1.685283284174653e-13
489, 583, 1.6676465279253115e-13
113, 617, 1.6248697024849697e-13
246, 583, 1.5246871446378874e-13
64, 588, 1.4288625333186366e-13
619, 784, 1.4091221117759868e-13
55, 161, 1.325152233583539e-13
246, 626, 1.316496840401172e-13
356, 617, 1.2533966135371587e-13
113, 808, 1.209545856864117e-13
8, 617, 1.1702462036129917e-13
132, 617, 1.1270132080600341e-13
109, 477, 1.0703648359565487e-13
113, 457, 1.0618231801056783e-13
64, 472, 1.0470352223964643e-13
64, 182, 9.078108140746348e-14
132, 808, 8.825107244266798e-14
8, 808, 8.721278205201171e-14
356, 808, 8.622542210304653e-14
489, 626, 8.058732127681078e-14
139, 617, 7.750591089675612e-14
11, 167, 7.743885025325526e-14
132, 457, 7.441663648621063e-14
8, 457, 7.104692970223373e-14
124, 784, 6.518400487640362e-14
66, 433, 5.513244080123531e-14
709, 784, 5.398852867940286e-14
139, 457, 5.1728159854550925e-14
38, 161, 4.660424657756574e-14
109, 518, 4.340922764168513e-14
8, 96, 4.340089789055666e-14
334, 472, 4.336723244420982e-14
680, 824, 4.22661978824031e-14
246, 824, 4.2230731624280976e-14
113, 784, 4.088432340401636e-14
317, 472, 3.790397621913642e-14
139, 808, 3.7736995073394625e-14
13, 433, 3.6929725563551325e-14
109, 479, 2.6032751426371917e-14
113, 873, 2.3801003599676058e-14
124, 509, 2.2672607176533263e-14
64, 457, 2.2303954110999597e-14
709, 873, 2.125409638176025e-14
68, 433, 2.0983890620467955e-14
124, 879, 1.7535551557748468e-14
356, 873, 1.7379512232079632e-14
64, 808, 1.7310848505982878e-14
334, 588, 1.6910215245725334e-14
119, 477, 1.6777267938633433e-14
132, 873, 1.669292320427505e-14
317, 588, 1.6011089968307856e-14
8, 873, 1.5755813778761813e-14
356, 509, 1.5742182823745527e-14
113, 509, 1.4116922746795694e-14
356, 784, 1.3008862751791354e-14
66, 708, 1.2900273809739965e-14
8, 784, 1.2816082094503963e-14
132, 784, 1.2649503073595342e-14
113, 891, 1.1879779579918059e-14
334, 457, 1.1713037230768218e-14
139, 873, 1.1036658925433123e-14
55, 433, 1.0580986924913142e-14
113, 879, 1.0541791714811884e-14
8, 509, 1.0372887347808018e-14
709, 891, 1.0320417075951592e-14
64, 617, 1.0300514372126041e-14
132, 509, 1.0215054892641667e-14
709, 879, 9.384822441296425e-15
317, 457, 9.045307430159931e-15
139, 784, 8.722714324911278e-15
356, 891, 8.711512655652512e-15
66, 182, 8.660488920000394e-15
13, 708, 8.656957281509342e-15
132, 891, 8.557493010155461e-15
124, 583, 8.30055495939076e-15
66, 472, 8.25412941449868e-15
356, 879, 7.77089220023683e-15
8, 891, 7.739252645695177e-15
139, 509, 7.236847197620488e-15
119, 518, 6.507382938542743e-15
525, 856, 6.0287771375436795e-15
443, 518, 6.019103184498983e-15
66, 588, 5.911153461808772e-15
139, 891, 5.804588955043713e-15
13, 472, 5.403303540068913e-15
64, 903, 5.197603634704451e-15
113, 583, 5.159078824414841e-15
246, 477, 5.1559601282342306e-15
38, 433, 5.041399074875164e-15
356, 583, 4.796993240302135e-15
119, 479, 4.088732282112514e-15
66, 853, 3.910286348001896e-15
13, 588, 3.859826814333257e-15
8, 583, 3.841468942728017e-15
64, 784, 3.789550806285799e-15
132, 583, 3.728453473881286e-15
13, 182, 3.606967741322188e-15
113, 923, 3.564902370887629e-15
68, 182, 3.4087374631557066e-15
38, 856, 3.3423087572121773e-15
124, 626, 3.268638223120167e-15
64, 509, 3.2431655524987294e-15
68, 472, 3.1108637696759595e-15
709, 923, 2.9360803445480652e-15
11, 161, 2.897234930969034e-15
356, 923, 2.696669683251495e-15
132, 923, 2.6528955064012392e-15
139, 583, 2.6250496706914078e-15
8, 923, 2.5571737592174632e-15
13, 853, 2.44223745696882e-15
317, 617, 2.3265114143230265e-15
334, 617, 2.3255134542350463e-15
113, 626, 2.0801273625215523e-15
66, 457, 2.045299338455413e-15
13, 674, 1.8842140569656055e-15
246, 518, 1.8566323608990718e-15
139, 923, 1.843821506908547e-15
55, 472, 1.6658431279370783e-15
356, 626, 1.5608592885673008e-15
8, 626, 1.4740332996669406e-15
132, 626, 1.4323438431333906e-15
13, 457, 1.4046243580938653e-15
55, 182, 1.4041313175086163e-15
246, 479, 1.25033834013786e-15
334, 509, 1.168311422360075e-15
317, 509, 1.0781833295744171e-15
68, 674, 9.940642792648351e-16
139, 626, 9.868036483093773e-16
66, 617, 8.248619591170871e-16
13, 96, 7.792031490167769e-16
68, 457, 7.743332222942729e-16
124, 477, 5.968757078845798e-16
38, 182, 5.573519668713371e-16
356, 477, 5.470336820550708e-16
38, 472, 5.321471118690973e-16
64, 626, 4.67626447299487e-16
525, 674, 4.648989700762162e-16
11, 433, 4.414316016972714e-16
55, 457, 4.0950355555199294e-16
55, 674, 4.0881711703617447e-16
113, 477, 3.644881667315914e-16
68, 680, 2.6664944639649143e-16
132, 477, 2.647353138933346e-16
8, 477, 2.4380659670088463e-16
124, 518, 2.286110609044722e-16
38, 674, 2.0406483137306652e-16
38, 457, 2.038966270718497e-16
139, 477, 1.8260639553051138e-16
356, 518, 1.5545235365747977e-16
124, 479, 1.4573387598230027e-16
113, 518, 1.449587901711508e-16
356, 479, 1.29051163720239e-16
8, 518, 1.0669815001191404e-16
132, 518, 1.0147967083407116e-16
113, 479, 8.868894872357334e-17
64, 477, 8.078478262197987e-17
139, 518, 7.134010574582449e-17
132, 479, 6.483059625599479e-17
8, 479, 5.973944625118207e-17
11, 536, 4.874891437705593e-17
139, 479, 4.477556225445586e-17
11, 182, 4.2939321301178085e-17
64, 518, 3.221337635990988e-17
334, 477, 3.168279786180014e-17
11, 472, 2.993939501710883e-17
317, 477, 2.860857282062403e-17
68, 588, 2.4163407668276826e-17
317, 950, 2.21466068927111e-17
334, 950, 2.213382961392756e-17
64, 479, 1.9823178093163153e-17
11, 457, 1.668376486806671e-17
11, 573, 1.3999553615882928e-17
66, 509, 1.3476130323104617e-17
55, 588, 1.2554074191571044e-17
334, 518, 1.1512753761487144e-17
317, 518, 1.056521293053659e-17
11, 96, 9.706742097170103e-18
525, 588, 9.239739424953758e-18
13, 509, 9.09227313503171e-18
334, 479, 7.638233861845319e-18
66, 477, 7.386900776621698e-18
317, 479, 6.972586580264613e-18
38, 588, 6.037671422477756e-18
68, 509, 5.119297848133878e-18
11, 614, 4.826480896749752e-18
13, 477, 4.768963759144025e-18
64, 583, 3.6406999332222975e-18
66, 518, 2.96665245771643e-18
55, 509, 2.6125708645170177e-18
68, 477, 1.3359260560935767e-18
66, 479, 1.064838018355726e-18
334, 583, 9.756128815095719e-19
317, 583, 9.091095250176087e-19
13, 617, 7.485185349819993e-19
55, 477, 7.101512605965873e-19
13, 479, 6.849160430582219e-19
525, 617, 5.196681293671968e-19
68, 617, 4.2273956621427104e-19
68, 479, 4.0162021650449664e-19
38, 477, 3.3830010923270607e-19
66, 583, 3.334890607480478e-19
55, 617, 2.205732433538928e-19
38, 509, 2.1944465290113637e-19
55, 479, 2.1268990029105532e-19
13, 518, 1.6186514398066561e-19
38, 617, 1.0483969090756134e-19
38, 479, 1.0095740141629451e-19
68, 518, 8.82351155557216e-20
55, 518, 4.532709573865489e-20
11, 477, 2.732197044512602e-20
38, 518, 2.2224175671193434e-20
11, 509, 1.9082924181292623e-20
11, 479, 8.186337703594077e-21
11, 518, 1.9414984487890913e-21
