Gene = Lrrc71
index = 649
Annotated 5SS: [ 319 2742 2955 3175 3401 5332 5681 5838 6000 6910 7188 7649 8792 9275]
Annotated 3SS: [2591 2825 3098 3322 5262 5520 5753 5909 6759 7093 7559 8676 9152 9437]
SMsplice 5SS: [ 319 2742 2955 3194 3401 5681 5838 6000 7188 7649 9275]
SMsplice 3SS: [2591 2825 3098 3322 5520 5753 5938 7093 7559 9152 9437]
length: 11701
Partition function (logZ) = 14.366486287802314
#Introns = 2623
5SS, 3SS, prob
9275, 9437, 0.849969097705717
7188, 7559, 0.7690463407841494
2955, 3098, 0.7625440532829758
2742, 2825, 0.7519677029629677
7649, 9152, 0.49722069663785695
5332, 5520, 0.4449428148687142
5838, 5938, 0.4406911937961196
3194, 3322, 0.3642440847407372
5681, 5753, 0.3593364437361229
6910, 7093, 0.30153395346834677
3401, 5520, 0.30134999216139646
6000, 7093, 0.2818744951437306
8792, 9152, 0.2749970684077904
319, 2591, 0.2607367023264805
3175, 3322, 0.17321076299137916
3401, 3607, 0.14477160171446854
5681, 5793, 0.14248269023921206
6000, 6824, 0.13183923774822653
3401, 5262, 0.13002875156540603
3250, 3322, 0.114179620086473
319, 412, 0.11215180914233448
5681, 5938, 0.11192779652960771
7649, 8421, 0.10617702125649216
7649, 8559, 0.10322874777467726
2314, 2591, 0.09758032755692535
6000, 6759, 0.08882365988882315
9275, 9458, 0.0807903706498283
9580, 10754, 0.07973136554879835
2875, 3098, 0.07942330472076395
1202, 2591, 0.07904298538286482
6000, 7559, 0.07891608021561358
6910, 7057, 0.07613944944032122
3756, 5520, 0.07545686011007192
2955, 3322, 0.07504715041706066
6000, 6661, 0.07493055808376804
8530, 9152, 0.07414265109431094
319, 2825, 0.07293721971866333
5838, 5909, 0.0697351779250486
3401, 5195, 0.0684450368008182
7649, 8663, 0.06757213932784582
6000, 7057, 0.06365719351187538
3401, 5163, 0.06047652020993054
7649, 8676, 0.06037346237052248
6910, 7559, 0.058731528141803366
7649, 7788, 0.058279024986925436
3401, 5225, 0.05623922411519082
9580, 10152, 0.05526458257354947
9580, 9912, 0.052967006964061716
319, 2215, 0.04908119676442589
9580, 9655, 0.04514982155374571
6000, 6793, 0.0438585073781713
319, 2074, 0.04102904731500476
6000, 6754, 0.04101515089345081
319, 920, 0.0390051205141153
7915, 9152, 0.03876234834462809
5681, 5909, 0.03534467483676851
580, 2591, 0.03394193957156346
3756, 5262, 0.030750752197860484
2314, 2825, 0.030704556412528103
8767, 9152, 0.029734987858242027
2647, 2825, 0.029397089880471603
9580, 10133, 0.02916921157792546
5838, 7093, 0.028903377279233745
319, 2561, 0.028198007063478345
319, 2303, 0.027838464992373583
2443, 2591, 0.027786489977570276
9580, 10408, 0.026682280465986575
2426, 2591, 0.026310800988214762
1202, 2825, 0.025105127987193804
9580, 11565, 0.024658450292551065
539, 2591, 0.024315625800831502
5690, 5753, 0.023573292782283758
7649, 8679, 0.023458670323701882
3194, 5520, 0.02220311394127453
6000, 6790, 0.021734260565601522
5681, 7093, 0.021392692235968444
98, 218, 0.020235867995996134
5690, 5793, 0.020168647309260674
319, 1059, 0.019736550192687972
8530, 8663, 0.019476256837860192
8746, 9152, 0.018764243444730797
291, 2591, 0.01830808128695958
7188, 7370, 0.017996711904661306
98, 2591, 0.017814197365358327
3401, 5237, 0.01731181277056106
10113, 10754, 0.01706430445728519
319, 845, 0.016545135595562078
3756, 5195, 0.01625193736194613
3194, 3300, 0.015702492848451217
2285, 2591, 0.015573370575223545
3401, 5245, 0.01545250286189533
8530, 8676, 0.015250266125984407
7188, 7561, 0.015136239861901147
7649, 7766, 0.014848974054766137
7188, 7579, 0.014706516345579356
5838, 6824, 0.01457194125500351
319, 1100, 0.014339470935635357
3756, 5163, 0.014293117125006933
5690, 5938, 0.014031862529815605
2970, 3098, 0.013971412765275037
5332, 5753, 0.013674752167556274
1202, 2215, 0.01312415299992609
8968, 9152, 0.012991364587547873
3175, 5520, 0.012978725504422743
1645, 2591, 0.012817160754995323
3756, 5225, 0.01274132951327298
3401, 5753, 0.012524358662317436
98, 196, 0.012315812769764777
9580, 10462, 0.012247287047800069
9580, 9686, 0.011910095407064131
319, 2228, 0.011885091703028447
2722, 2825, 0.011684664218871254
5681, 5890, 0.011526656153850396
2314, 2561, 0.011317165706563239
3401, 3700, 0.010967293328631517
5657, 5753, 0.010952195607101388
7649, 8464, 0.010915682398191738
5681, 6824, 0.010774791200044492
9580, 10096, 0.010691941597356019
580, 2825, 0.010691767016835363
319, 1489, 0.01051641099262243
9275, 9362, 0.010174264841293848
1202, 2074, 0.010127277028037519
7649, 9437, 0.010069039379379018
2955, 3156, 0.009883913066444963
3194, 5262, 0.009865564279687666
5838, 5927, 0.009707773908358263
6910, 7028, 0.009625427878670325
319, 2484, 0.009597275948183548
2875, 3322, 0.00957656404286548
6914, 7093, 0.009419908594694514
9275, 10754, 0.00941182000776794
319, 2342, 0.009339713159231733
7915, 8559, 0.009272101138744824
3401, 5266, 0.009257265633360413
10225, 10754, 0.008856931017387413
3194, 3607, 0.008636472247400925
9028, 9152, 0.008575714242074385
5267, 5520, 0.00851376764393538
1202, 2561, 0.008511767165200601
1860, 2591, 0.008377987816003702
7915, 8421, 0.008361175601327065
5838, 6759, 0.008147621997378096
319, 456, 0.00788612124448379
2321, 2591, 0.00787573461520425
5838, 7559, 0.007858007633387058
3817, 5520, 0.007751688263939663
539, 2825, 0.007683956088431718
2955, 5520, 0.007647898740708225
1202, 2303, 0.007332544782355401
319, 2198, 0.007303143787794153
5332, 5938, 0.0071625564412063645
493, 2591, 0.007065636302039721
3250, 5520, 0.006927463159769611
8792, 8899, 0.0068584129278448334
3401, 5938, 0.0067909358188131775
5838, 6661, 0.00672221403594151
10113, 10408, 0.006625430990790311
5838, 7057, 0.006477108959812072
5681, 6759, 0.006446416420367827
3175, 3300, 0.006416698888121823
5332, 5541, 0.006325331783166879
166, 2591, 0.0062863049784643915
319, 1774, 0.006272178804241503
10926, 11565, 0.005855485629673709
319, 417, 0.005790809170141703
3175, 5262, 0.005778596962331417
580, 2215, 0.005776498508463683
2443, 2825, 0.005723036176087009
2426, 2825, 0.005716431760222298
8530, 8679, 0.005669161163093696
9275, 10152, 0.005650005443408936
5681, 7559, 0.005586494578699824
319, 2624, 0.00558000638076956
9275, 9912, 0.005566896740930808
7649, 8698, 0.005467289527746567
7915, 8663, 0.0054338455107217016
6000, 7028, 0.005433576237720804
5681, 6661, 0.0053824237774987155
7194, 7559, 0.005332513136977415
291, 412, 0.00526867387713066
8792, 9437, 0.005169213287900367
291, 2825, 0.005107925274088144
9580, 11333, 0.0051042836004518
2314, 2484, 0.00508951043173417
2742, 3098, 0.005074447929845792
3175, 3607, 0.00503820028364604
8602, 9152, 0.005034924076015377
98, 2825, 0.004947004334049532
7915, 8676, 0.004799351904076541
921, 2591, 0.00478629805971974
10113, 11565, 0.004785018781693943
580, 2074, 0.004782178645121604
9549, 10754, 0.004761133709347175
5681, 7057, 0.004746659517668655
10018, 10152, 0.004726787984961039
580, 920, 0.004717437034742918
7649, 8854, 0.004698962401992488
2285, 2825, 0.004682195693446972
319, 490, 0.004644030068045822
3401, 5541, 0.004615020749965918
3194, 5163, 0.004586895434345624
10225, 10408, 0.004558034608604169
7649, 8899, 0.004501014606601963
2443, 2561, 0.004464778560397398
1974, 2591, 0.004415435551344479
5690, 5909, 0.004306305018653072
319, 1079, 0.004280654218848771
7649, 7907, 0.0042383939064679155
4161, 5520, 0.004202372436120375
3194, 5195, 0.00420087696342669
5838, 6793, 0.004166617238202138
319, 2672, 0.004094711515084441
9580, 10013, 0.004083229350819094
3401, 3993, 0.004045461018829552
1645, 2825, 0.00402482890897162
539, 2215, 0.0040154396673931165
6910, 7017, 0.003997051069367552
2955, 3055, 0.003974770771454054
8016, 9152, 0.003832006037227479
3756, 5237, 0.003831076445111202
3401, 3521, 0.0037343136128958876
5332, 5793, 0.003710997613395297
7649, 8304, 0.003710311630739475
3565, 5520, 0.0037035202636560628
7188, 7582, 0.0036887545679794046
98, 166, 0.0036800858358593154
580, 2561, 0.0036706409091030977
10018, 10754, 0.003605409119779056
3401, 5793, 0.0035777845260297363
9549, 9655, 0.0035205435241807918
6797, 7093, 0.003493411699881567
5838, 6754, 0.0034782704270944374
3194, 5225, 0.0034539734473864165
3756, 5245, 0.003419169909490124
539, 2074, 0.0034135262888917318
10018, 10133, 0.003391247682674035
2426, 2561, 0.003387910185959536
319, 2493, 0.003384916023246516
98, 2215, 0.0033707623485307713
9006, 9152, 0.0033609205829072926
291, 2215, 0.003353408745826431
9275, 10408, 0.0033233994796914544
9549, 10152, 0.0033138722968397896
580, 2303, 0.003234351678121288
9549, 9912, 0.0031671157680282134
3756, 5753, 0.0031626827922043616
10113, 10462, 0.003140697040803265
539, 920, 0.0030999383199573896
1202, 2228, 0.0030776712297688074
2955, 5262, 0.003038641187322802
9275, 10133, 0.003015902023633604
7649, 9208, 0.002972140932419979
3817, 5262, 0.0029055833975014326
2955, 3607, 0.0028968414865476774
1202, 2484, 0.0028909409948642824
291, 2074, 0.002889486621804443
9275, 11565, 0.0028887837058619668
1202, 1489, 0.002883363313930503
3250, 3607, 0.002872743050143747
98, 2074, 0.0028193206832041523
1860, 2825, 0.002799020184407247
291, 920, 0.0027710737392002073
5681, 6793, 0.002742086631851026
7649, 8638, 0.0027314713964222345
5307, 5520, 0.0027175985162082063
7188, 9152, 0.002690610498425813
319, 1782, 0.0026567684987843306
319, 2033, 0.002573198189193004
539, 2561, 0.0025277210914316506
5685, 5753, 0.002516528960715593
5690, 7093, 0.002512063458817218
5681, 5927, 0.0024976148248720136
98, 412, 0.0024910733545762567
5681, 6754, 0.0024844945838035535
3250, 5262, 0.0024785743104651877
10225, 11565, 0.002456678066700896
3175, 5195, 0.00245503089353755
1202, 2342, 0.0024489705540454198
98, 920, 0.002432149479195304
2321, 2825, 0.002390220830069411
609, 2591, 0.00238026553132059
7649, 8244, 0.002372005354143963
8792, 8854, 0.0023522821522358284
6914, 7057, 0.0023379144019484857
3401, 3667, 0.0023196526560561176
9275, 9655, 0.002294812928963415
539, 2303, 0.002238630616929087
2955, 3300, 0.0022274780743511456
493, 2825, 0.0022138089040013814
3401, 5114, 0.002191003677230184
5855, 5938, 0.0021880945088002934
319, 1814, 0.0021650100899384167
2314, 2624, 0.0021598392538797074
3175, 5163, 0.0021570213859781074
3126, 3322, 0.0021521225944095405
9580, 11496, 0.0021169598080459
5332, 5602, 0.00211505482526845
580, 1059, 0.0021024381075708232
1974, 2074, 0.0020874603756595514
9580, 10255, 0.0020799843762279984
5621, 5753, 0.0020590917390244357
319, 434, 0.002057075584947303
3756, 5266, 0.0020497321203074266
319, 472, 0.002043900932310609
3175, 5225, 0.0020185353136234424
3821, 5520, 0.0020083003835603907
5842, 5938, 0.001993418050919768
6910, 7053, 0.0019577844500372407
1645, 2215, 0.001956125193070213
9580, 10830, 0.0019503851094669806
319, 1523, 0.0019310887787154338
98, 2561, 0.0019265628673966195
291, 2561, 0.0019166443969947213
98, 2303, 0.001913271163985874
1202, 2198, 0.0019109958614232107
3401, 5602, 0.0019076908236508854
5657, 5938, 0.001907336666137921
291, 2303, 0.0019034211228935514
319, 938, 0.0018935254131516395
5332, 5909, 0.0018881079952358338
3333, 5520, 0.0018477244061050342
3401, 5909, 0.0018333254607866127
234, 2591, 0.0018272845422526787
7188, 7396, 0.0018238747352264835
6000, 7017, 0.0018034293917875497
319, 1118, 0.0017975810705562782
1645, 2074, 0.0017917457737604873
6000, 6846, 0.0017771930801696663
7915, 8679, 0.0017736545093818036
3756, 5938, 0.0017694105194139857
580, 845, 0.0017500421580423477
2314, 2493, 0.0017467491932776865
166, 2825, 0.001745707501483888
9580, 10731, 0.001744351639148467
3646, 5520, 0.0017389374461088704
6914, 7559, 0.0017277514921911943
10225, 10462, 0.0016946685645781892
319, 2505, 0.0016946417612372822
5657, 5793, 0.0016671283452835697
9829, 9912, 0.0016651044177565942
9580, 9982, 0.0016623856351110854
2447, 2591, 0.0016501109814009637
3194, 3400, 0.0016281571047883708
7188, 7518, 0.0016254469147278239
319, 2593, 0.0016100500320193575
580, 1100, 0.001604747800848372
2955, 5195, 0.0016033761405828397
319, 397, 0.0016014811475108524
2285, 2561, 0.0015951624298377377
6000, 7053, 0.0015830448704235276
9549, 10133, 0.0015794139906188988
1860, 2074, 0.0015746239405101973
6000, 7579, 0.0015657977454253613
1202, 1774, 0.0015644172185850266
539, 1059, 0.001560675212860282
6000, 7561, 0.0015467976673271923
8792, 9208, 0.0015356922767968046
921, 2825, 0.001531058259314765
1860, 2215, 0.0015303587700337647
2314, 2672, 0.0015126660359307221
5332, 5448, 0.0015106205129106968
9549, 10408, 0.0014649182327072896
8397, 9152, 0.0014583161751817579
5332, 7093, 0.0014550543932099677
319, 2651, 0.0014314042803859777
9275, 10462, 0.00142572697613847
10348, 10754, 0.001409442136088763
2955, 5163, 0.0014068943015391553
7649, 8766, 0.0014015879175039235
291, 1059, 0.0013903224899540316
3401, 7093, 0.0013875975553734568
5685, 5793, 0.0013777409309542053
5838, 6790, 0.0013739881700369286
9580, 10410, 0.001364011311300772
7728, 9152, 0.0013514331675555749
2742, 2853, 0.001351089284867923
1974, 2825, 0.0013430882003145326
9549, 11565, 0.0013338599377168462
98, 1059, 0.0013304660553671139
5690, 5890, 0.0013229374081211122
319, 1030, 0.001312860718639243
6000, 7370, 0.0013005412181299775
8530, 9437, 0.0013005216061295914
9580, 11222, 0.0012773859512183164
539, 845, 0.001259704484389482
580, 2484, 0.0012481636985661427
10018, 10408, 0.0012475237173381142
7649, 8804, 0.0012353879920994821
1202, 2672, 0.0012346440059163106
8602, 8676, 0.0012254169928436753
3401, 5132, 0.001222690053578061
1645, 2561, 0.0012038533264479392
580, 2228, 0.00119161522254888
3565, 5262, 0.0011909535451161423
166, 2215, 0.0011894804856038524
2970, 3322, 0.0011880446979919278
7649, 8515, 0.001184266394971371
4161, 5262, 0.001181974132302061
6910, 7579, 0.001179862496295326
319, 1082, 0.001172609354196399
10018, 10096, 0.0011721957008298924
319, 2083, 0.0011712677916999733
1202, 2624, 0.0011685139499085675
319, 1864, 0.0011683428073891316
3756, 3993, 0.0011622055504020956
7649, 8322, 0.0011599673972828755
3250, 5163, 0.001152098163114259
1434, 2591, 0.0011518321418769659
9580, 9935, 0.0011508415124765908
3756, 5541, 0.0011503781932812344
6910, 7561, 0.001144886422490535
291, 845, 0.0011426243089753681
319, 996, 0.0011386620136754225
10926, 11333, 0.0011334977531201795
10256, 10754, 0.0011332838941323445
9580, 10561, 0.001128013906043981
1645, 2303, 0.0011230229167813687
98, 845, 0.0011113280782422518
539, 1100, 0.0011056414561874729
8530, 8698, 0.0010999617705150133
10319, 10408, 0.0010962640831171076
319, 1129, 0.001094543668167299
319, 757, 0.001080831501509601
319, 2543, 0.001071505610114864
8530, 8638, 0.0010682661531041817
319, 1433, 0.0010537607163273448
2875, 3156, 0.001052868595234113
580, 2342, 0.0010482391784924748
319, 3098, 0.0010336202152230252
5681, 5761, 0.0010322065788180446
2875, 5520, 0.0010298965965679621
7649, 8692, 0.0010294138872392322
580, 1489, 0.0010231072022875377
1202, 2493, 0.001020703439882931
2903, 3098, 0.0010189784962254833
6000, 6532, 0.0010157278645147427
319, 2076, 0.0010132909590121696
9275, 10096, 0.0010102333829833253
5685, 5938, 0.001008099482544891
493, 2074, 0.0010027214846015822
493, 2215, 0.0009951673140178839
166, 2074, 0.000994886790755918
166, 920, 0.0009684323977825429
291, 1100, 0.0009604248550248725
10018, 11565, 0.0009601781166309178
6910, 7370, 0.0009507919958207167
98, 1100, 0.0009474060090151908
9580, 9803, 0.0009468014563252953
1621, 2591, 0.0009402475775237479
8016, 8559, 0.0009376163822430015
9580, 10244, 0.000935478289731305
3227, 3322, 0.0009348907484619003
493, 920, 0.0009324035185616987
1263, 2591, 0.0009283388735096239
4899, 5520, 0.0009248334246727696
166, 412, 0.0009218244007009462
2321, 2561, 0.0009208205239692353
7649, 9458, 0.0009157477210922064
8767, 8854, 0.000914896973641468
7915, 8464, 0.0009084927438032475
3175, 3400, 0.0009064242224735604
10319, 10754, 0.0009028382316304821
319, 1736, 0.0009019247589661156
1860, 2561, 0.0008982043814907141
8016, 8421, 0.0008924946706386804
3756, 5793, 0.0008863269473791214
1974, 2215, 0.0008807828744169314
3194, 5753, 0.0008775989272920498
539, 2228, 0.0008762630405236895
6797, 7559, 0.000866463591730679
539, 2484, 0.0008604893924969759
539, 1489, 0.0008183335299276896
2314, 2505, 0.0008178881990392422
98, 2228, 0.0008162402594431976
291, 2228, 0.0008120380322586449
8530, 8854, 0.0007901033232966117
319, 1835, 0.0007875468590614236
5681, 5877, 0.0007809184929712943
9567, 10754, 0.0007806222700671865
319, 1075, 0.0007797710862088055
1860, 2303, 0.0007769650383908244
3194, 3700, 0.0007745001369127688
3333, 3607, 0.0007696699721592887
6000, 6687, 0.0007607272572285211
609, 2825, 0.0007582899437553504
8397, 8559, 0.0007486261614926943
291, 1489, 0.0007415168378679476
3250, 5195, 0.0007415118033526893
3817, 5195, 0.0007288417614499788
8530, 8899, 0.0007283531043737238
98, 1489, 0.0007261933516106664
580, 2198, 0.0007256616102839984
9567, 9655, 0.0007234058389334679
2955, 5225, 0.000720632661150314
9829, 10754, 0.0007172971324123793
7915, 9437, 0.0007161841842321232
3401, 5093, 0.0007151782624982104
319, 1354, 0.0007018643300404302
2285, 2484, 0.000696208194842855
5332, 5572, 0.0006916858995403705
319, 1532, 0.0006800267329600068
166, 2561, 0.0006798488585397125
166, 2303, 0.0006751584591010183
539, 2342, 0.0006748755239624303
10113, 11333, 0.0006738649505369979
2933, 3098, 0.000671585403500727
7188, 7277, 0.0006703060255502552
3817, 5163, 0.0006678784548825141
319, 1706, 0.0006628648148097126
921, 2074, 0.000662391284250749
5690, 7559, 0.0006559954796799222
98, 2484, 0.0006556959262049514
580, 1774, 0.0006554503896765508
291, 2484, 0.0006523202249772535
1202, 1782, 0.0006493500108361126
319, 1559, 0.0006450677706855259
98, 2342, 0.0006420387537111254
5621, 5938, 0.0006409169056025604
291, 2342, 0.00063873336332739
580, 2624, 0.0006383085074429764
2742, 3322, 0.0006353658294807527
493, 2561, 0.0006321196024134497
6797, 7057, 0.0006304266036621425
98, 221, 0.0006279856889882863
5332, 5414, 0.00062145676143823
7188, 8559, 0.000620791040100056
319, 2596, 0.0006196789550176826
319, 1252, 0.0006161122077115
3250, 3400, 0.0006111711659881778
9829, 10152, 0.0005998571897881588
9549, 10462, 0.0005977845354440569
1202, 2033, 0.000592025102762275
7649, 8721, 0.0005902617289323606
9580, 9690, 0.0005819603937169723
921, 2215, 0.0005808017606711535
319, 1859, 0.0005760898560642596
10982, 11565, 0.0005760116468416661
319, 1362, 0.0005724931044654282
7188, 8421, 0.0005718971135996407
3401, 5448, 0.0005692162293608955
10256, 10408, 0.0005685854489145038
10113, 10255, 0.0005678445891031086
3401, 3527, 0.0005667527161623854
2955, 3166, 0.0005656479346854035
7463, 7559, 0.0005626588037708566
319, 2043, 0.0005623013016294527
6272, 7093, 0.0005603007003772325
3401, 5572, 0.0005576954840985527
493, 2303, 0.0005557887439307854
5681, 6790, 0.0005528500820202883
5690, 6661, 0.0005408097760119837
319, 1114, 0.0005401270295986413
6000, 6622, 0.0005397163458552721
9580, 10943, 0.0005381001334080356
539, 2198, 0.0005377576102054422
2314, 3098, 0.000536872822546658
8767, 9437, 0.0005317281617785884
3640, 5520, 0.0005266442610626636
1202, 1523, 0.0005232783474050317
921, 1059, 0.0005230734285999138
9580, 10966, 0.000521690941079063
319, 2698, 0.0005182887506282202
9567, 9912, 0.0005163751761365747
1202, 2505, 0.000511493730125591
5838, 7028, 0.0005080425640740953
234, 2825, 0.0005074370943955185
1202, 1814, 0.0005067625883265063
98, 2198, 0.0005015832601297646
7649, 7794, 0.0005013073774827654
291, 2198, 0.0004990009728844978
319, 436, 0.0004939567826775942
2238, 2591, 0.0004898662463284235
9567, 10152, 0.0004892075293675816
9549, 10096, 0.0004884449167695996
3815, 5520, 0.000485721089500875
98, 183, 0.00048424388491807055
291, 456, 0.00047960960561479755
5838, 5942, 0.00047957533750752924
5690, 7057, 0.0004782659026591217
319, 1546, 0.00047624837880194155
319, 1591, 0.00047310115159347174
539, 2624, 0.0004729653973129614
319, 1600, 0.00046893914419806915
539, 1774, 0.0004655869709455614
7649, 7950, 0.0004604197879084527
2314, 2543, 0.0004604117361046916
8746, 8854, 0.0004601560890858268
5657, 5909, 0.00046008492861652225
3175, 3700, 0.0004598366014857717
10348, 10462, 0.0004566860821000066
3756, 5602, 0.0004540024849449687
9580, 11374, 0.00045214923395274834
580, 2672, 0.00045162320271454844
1974, 2303, 0.0004498124591710535
580, 1079, 0.0004497445869986407
3194, 5938, 0.00044679464258308085
319, 2150, 0.0004458393605831104
493, 1059, 0.00044548078071042946
319, 733, 0.0004385076810949078
8767, 8899, 0.0004375937901250819
3401, 4299, 0.0004365158575063538
1202, 3098, 0.00043608121449411323
3756, 5909, 0.0004357690378976876
5621, 5793, 0.00043569121686945267
2955, 3073, 0.00043510163159039323
1434, 2825, 0.0004343028781934592
5690, 6824, 0.00043331671543006886
98, 1774, 0.00043282264989052456
291, 1774, 0.0004305943609959032
9275, 9686, 0.00043019824524355286
1645, 1774, 0.0004301025861197756
3401, 5890, 0.0004299935323287242
319, 686, 0.00042943831803858427
10018, 10462, 0.0004279492392092359
8792, 9458, 0.00042752055143588163
5332, 5890, 0.0004266259275184503
3194, 3332, 0.0004244656776533953
2314, 2593, 0.0004235025655361631
3175, 5753, 0.0004227849062226015
5094, 5520, 0.0004192224109706914
1467, 2591, 0.0004185346732435145
10295, 10754, 0.00041621291027257195
8530, 9208, 0.0004156921208112121
2955, 3400, 0.0004138563054588559
5332, 5500, 0.0004134662059870508
4424, 5520, 0.0004117833982717785
166, 1059, 0.0004112184117250082
10295, 10408, 0.00041090180572100275
2690, 2825, 0.00040521478703410487
1645, 2484, 0.00040473540535036014
2321, 2484, 0.00040425369657081896
8704, 9152, 0.00040216103137211004
98, 2624, 0.0004015253272564389
319, 1168, 0.000401146746762662
166, 845, 0.0003997547749130766
291, 2624, 0.00039945816550355736
963, 2591, 0.00039710204729184913
3194, 3273, 0.00039560914188492574
2314, 2651, 0.00039476867973271395
6000, 7582, 0.00039412639965227196
2544, 2825, 0.0003848425414807657
580, 2493, 0.00038477766638557947
2443, 2624, 0.0003840367258968822
7436, 7559, 0.0003812378545874335
9580, 10543, 0.0003795597977510601
493, 845, 0.00037634215968504914
3401, 4984, 0.0003750357143811165
319, 2309, 0.0003732848638595981
2875, 3607, 0.00037156342830246277
921, 2561, 0.00036811504421218894
3460, 5520, 0.00036573591000182987
2647, 3098, 0.0003652264231562927
1645, 2228, 0.00036192429726427495
7649, 8589, 0.00036181748715256813
1974, 2561, 0.00036021157066622726
1645, 2342, 0.0003596049629455386
9279, 9437, 0.0003547687015663384
5332, 7559, 0.0003537940020156944
609, 920, 0.0003506050088347897
234, 412, 0.0003480810759792163
234, 2215, 0.0003457546702078834
9580, 9994, 0.00034532524884208
166, 1100, 0.0003444693798652658
609, 2074, 0.0003431965833587953
609, 2215, 0.0003416276934951606
5681, 7028, 0.00034111067206884886
9252, 9437, 0.00033972121965193897
10926, 11496, 0.00033911830876780984
3187, 3322, 0.0003382103622398603
8602, 8679, 0.0003380310576193509
3401, 4861, 0.00033715127982286795
1202, 2593, 0.00033543358495672054
7915, 8854, 0.000335267623194625
539, 2672, 0.00033463778880735184
1689, 2591, 0.0003343347583874242
9580, 10017, 0.0003340565879940847
98, 456, 0.0003338343651350388
2318, 2591, 0.0003301571120097378
5332, 6661, 0.0003287930408531202
3194, 5541, 0.00032640425549199743
3401, 4731, 0.0003257104634241403
921, 2303, 0.0003243706625903184
6000, 6607, 0.00032278165193605376
921, 1100, 0.0003211070150795529
539, 1079, 0.0003209037733464383
3401, 6661, 0.0003204715425792755
6910, 6980, 0.0003199511358271718
2426, 2493, 0.00031966231074424903
1202, 1433, 0.00031875202668484514
493, 1100, 0.00031413132015502504
319, 2380, 0.0003128331948936615
9275, 10013, 0.00031231106244908113
319, 2602, 0.00031085902214278297
7728, 8421, 0.0003100768031804599
8016, 8663, 0.00030869534761837717
4148, 5520, 0.0003082168798517679
1860, 2484, 0.0003081242757774924
2447, 2825, 0.0003074334592265629
9580, 10351, 0.00030563559117468094
1202, 2651, 0.00030441005550644777
7915, 8899, 0.00030295457285349264
9580, 10436, 0.0003029024058951023
3401, 7559, 0.00030143403181985475
291, 490, 0.00029831876234415904
2426, 2505, 0.00029666020759838404
7649, 8222, 0.00029478928927799614
9549, 9686, 0.00029445940709033996
8959, 9152, 0.00029159470809057755
2955, 3160, 0.00029129742464625684
234, 2074, 0.00028919075041181763
7649, 8241, 0.0002884923319692268
291, 1079, 0.0002881990754267713
166, 2228, 0.0002880362837193497
1263, 2825, 0.0002878417524389206
1621, 2825, 0.00028653572124855804
2147, 2591, 0.00028649565574903006
6910, 7582, 0.0002856322844072547
3175, 3273, 0.00028517646165383614
7649, 8573, 0.0002842168614822873
234, 920, 0.0002832296839452873
2875, 3300, 0.0002817468989123486
10348, 11565, 0.0002815226222286127
98, 1079, 0.0002802980488005107
7367, 7559, 0.00027968059960689065
98, 2672, 0.0002794755562528731
3194, 3993, 0.00027893149922406265
291, 2672, 0.0002780367399652463
7915, 8304, 0.0002780258363977281
580, 1782, 0.00027704765324187405
539, 2493, 0.00027675746619533953
580, 2033, 0.00027546613981998814
1860, 2228, 0.00027305987431302267
3401, 5500, 0.00027099605670124436
3756, 7093, 0.0002708563074461648
1202, 1864, 0.0002706940754618713
7728, 8559, 0.00026435677843095564
7649, 8270, 0.0002596199007088208
6000, 6583, 0.00025867386734169473
8746, 9437, 0.0002575164739214999
166, 1489, 0.00025626037412357193
2735, 2825, 0.00025518875350910477
319, 1857, 0.0002550435453119751
3401, 4661, 0.0002546165036183873
291, 417, 0.0002536442634606143
319, 853, 0.00025085314382746366
3175, 3248, 0.0002487633618698914
6914, 7028, 0.00024720284075310583
1202, 2083, 0.00024580104462152384
319, 2020, 0.0002454346960681501
9833, 9912, 0.00024481630087156293
2955, 3700, 0.0002441346699788889
8530, 8766, 0.00024316629935253469
3401, 7057, 0.00024248110222463366
2875, 3055, 0.00024244042067558523
493, 2228, 0.00024095252830888818
3460, 3607, 0.00024054194023168343
6000, 6126, 0.00023980173111607896
3250, 3700, 0.00023979726804370074
2285, 2493, 0.00023933796148246106
5332, 7057, 0.00023895915110573297
1202, 1354, 0.00023684717352244207
3756, 5114, 0.00023664639796524618
5657, 7093, 0.0002357714757117362
7915, 8698, 0.00023374264059447812
3565, 3700, 0.0002315486051993445
2443, 2672, 0.00023154118398826856
166, 2484, 0.00023138311991964926
98, 2493, 0.00023125763220840516
8181, 8421, 0.00023022935453915824
493, 1489, 0.0002301017371324918
291, 2493, 0.0002300670549274411
2955, 5753, 0.00022851067940482582
1202, 2543, 0.0002279576960536857
1202, 1736, 0.00022746673053658826
6000, 6980, 0.0002269560981285944
319, 1884, 0.00022659620137662943
4374, 5520, 0.00022640231469931522
3250, 3332, 0.000225729433243229
319, 2726, 0.00022550391595353201
580, 938, 0.0002245453017647281
166, 2342, 0.00022323256062773997
580, 1814, 0.00022244101366990774
3175, 3332, 0.000220259342000767
3175, 5938, 0.0002196478977426086
493, 2484, 0.00021630806984646557
609, 2561, 0.000215576286080932
1202, 2076, 0.00021491696072850137
1645, 2198, 0.0002137808228895556
98, 490, 0.0002137166152179228
3401, 3556, 0.00021350448658599602
8181, 9152, 0.00021283064369808575
2426, 2672, 0.00021209888237709725
319, 2153, 0.00021030333909000663
3250, 5753, 0.00020769180533592563
1434, 2074, 0.0002076215885951943
3194, 5793, 0.00020595783707278939
2238, 2825, 0.00020211413194363542
3817, 5753, 0.0002014246983857548
7915, 8244, 0.00020114359588456623
2447, 2561, 0.00020095677920367838
5690, 5927, 0.00019955920410851577
8746, 8899, 0.00019912329800123962
580, 1523, 0.00019770950878731793
234, 2561, 0.00019756981836121352
6000, 6092, 0.0001963932939812731
3401, 5414, 0.00019631145484905988
580, 1118, 0.00019522497567885973
234, 2303, 0.00019461235278217073
7915, 9208, 0.0001945741465499617
539, 2033, 0.00019388124712898126
10113, 10244, 0.00019333436439012233
8181, 8559, 0.0001921658440818039
7444, 7559, 0.00019118390730406374
8530, 8804, 0.00019111424994430244
609, 2303, 0.00018935036315188998
1860, 2342, 0.00018908923052179637
5267, 5753, 0.00018869983329275426
9580, 9914, 0.00018749912194408158
580, 2505, 0.00018699657053121156
2955, 3017, 0.00018646263684097417
1202, 1362, 0.00018591971209835461
7188, 7788, 0.00018581240683706538
580, 3098, 0.00018507808619144773
98, 1782, 0.0001833536412361591
493, 2342, 0.00018261391131292398
1467, 2825, 0.00018253405246839688
291, 1782, 0.00018240968674889204
98, 2033, 0.00017734814361790874
291, 2033, 0.0001764351070681686
539, 1782, 0.00017566077664922668
3401, 3616, 0.0001751027947961305
1202, 1835, 0.0001749082026424342
9275, 9398, 0.00017402331299275716
2955, 3218, 0.00017338740360379668
1202, 1532, 0.0001729829687850918
4035, 5520, 0.0001707104142121583
1974, 2484, 0.00017045087033992822
4084, 5520, 0.0001694240950183119
2443, 2543, 0.0001687071278713842
7192, 7559, 0.0001658412092519221
963, 2825, 0.00016462225405110682
1645, 1782, 0.0001601344394305606
3194, 3667, 0.00016001405796804146
2970, 3156, 0.0001595659671520572
9593, 9912, 0.0001594441717827037
921, 1489, 0.00015835037047628168
3175, 5541, 0.00015788991021931136
8663, 9152, 0.0001576756826736943
609, 1059, 0.0001555075576876987
4056, 5520, 0.00015423666994705178
9275, 11333, 0.00015356922553292927
1202, 1559, 0.00015277009138452412
166, 1774, 0.00015273521018072697
3175, 3993, 0.00015273407610999124
319, 1606, 0.00015254941992126161
3333, 3400, 0.00015196648746761715
1202, 1706, 0.000150637810303687
3817, 3993, 0.00015045772134684448
9829, 10133, 0.00015036503036329842
319, 505, 0.00015003247727486216
98, 1814, 0.00014952606890808129
7649, 8047, 0.0001491492614742602
291, 1814, 0.00014875626797717208
319, 1556, 0.0001486834935922584
7649, 7838, 0.00014841823063353613
319, 763, 0.00014828018827968978
580, 757, 0.00014770624991449478
3405, 5520, 0.00014748193367837513
3756, 5448, 0.0001474352748653255
539, 938, 0.00014736360475886863
609, 845, 0.0001472205184976785
580, 1030, 0.0001462062168314152
319, 2853, 0.00014572384358167758
5838, 7579, 0.0001437823643209668
2672, 2825, 0.00014314786379232612
2742, 2903, 0.00014284953486226005
319, 1569, 0.00014252473975278173
5838, 7561, 0.00014251202383560623
9567, 10133, 0.00014213328051914203
6000, 7396, 0.00014189946373177186
9549, 10013, 0.00014153371908059628
539, 1814, 0.00014066419021768279
1621, 2074, 0.00013985860459007763
8683, 9152, 0.0001397078765956609
291, 938, 0.00013883526544528147
1202, 1859, 0.0001387363609607607
539, 2505, 0.00013855824612420145
319, 944, 0.00013757394396917162
98, 170, 0.0001371011960420868
3194, 3521, 0.00013643759459432858
291, 472, 0.00013461169109428805
1689, 2825, 0.00013448357967046077
1263, 2074, 0.00013437570309653135
98, 1523, 0.00013363701546002585
539, 3098, 0.00013312594669942404
291, 1523, 0.00013294901570415544
2314, 2698, 0.0001311413217628543
98, 417, 0.00013106374455849792
291, 397, 0.00013079710693408134
6272, 7559, 0.00013065565002998603
2147, 2825, 0.0001286107103994109
3126, 5520, 0.0001281654008824032
2647, 2726, 0.00012774173981504387
2318, 2825, 0.00012759632804169844
5838, 7370, 0.0001262179845461145
2426, 2543, 0.00012601399226216034
921, 2484, 0.00012562180532105268
234, 1059, 0.0001252854746507018
6000, 7518, 0.00012507462422779245
580, 2543, 0.0001245234057664038
7649, 8150, 0.0001230176812652398
7194, 7370, 0.00012286523397310478
580, 996, 0.0001224418227768993
580, 1129, 0.00012171691928389091
1202, 2043, 0.000121680650402697
3401, 3507, 0.00012131113148084962
1202, 1546, 0.00012118939167003376
98, 1118, 0.00012098935920734834
539, 1523, 0.00012053412316494405
319, 2158, 0.00011934431447834963
539, 1118, 0.00011914617988536458
98, 938, 0.0001183844984842141
3250, 5938, 0.00011797694310004466
6750, 7093, 0.00011764929978811288
6441, 7093, 0.00011716441729384017
5681, 5863, 0.00011693985792410139
2903, 3322, 0.00011655316092853277
166, 456, 0.00011621296765235547
98, 2505, 0.00011577796703771839
319, 1375, 0.00011537802561130221
291, 2505, 0.00011518191052760444
98, 234, 0.00011451534267078808
493, 1774, 0.00011441921587300105
6000, 6144, 0.00011418889745021501
291, 1118, 0.00011343304126601721
3194, 5602, 0.00011275376693968897
580, 2083, 0.00011232734137892979
5838, 7017, 0.00011222867105185214
580, 686, 0.0001121010301139498
234, 845, 0.0001116511335873904
9170, 9437, 0.00011117664708247989
3756, 4299, 0.00011049598508730053
5685, 5909, 0.00011034529944671036
319, 642, 0.00011010170354571246
9209, 9437, 0.00010979781479455571
1202, 2698, 0.00010979533750302449
10113, 11496, 0.00010935313920773754
3252, 3322, 0.00010702817259987869
9215, 9437, 0.0001069994060893252
580, 1082, 0.00010670790502985514
963, 1059, 0.00010653623199541477
1645, 2493, 0.00010452253314781245
5838, 5976, 0.00010387176340642161
1645, 1736, 0.00010380213680988226
6910, 7396, 0.0001037030372206716
1645, 1814, 0.0001026340053663639
2426, 3098, 0.00010171783670777415
580, 1433, 0.00010151914898316115
2181, 2825, 0.00010142834115186096
2443, 3098, 0.0001012145975531635
580, 1864, 0.00010073321611868974
9275, 9982, 0.00010062623054961607
319, 1001, 0.00010036152271096666
2321, 2493, 9.925332490639928e-05
3175, 5793, 9.86842446684815e-05
7253, 7559, 9.829290938365644e-05
5838, 6532, 9.724559943689446e-05
580, 2076, 9.717673187012228e-05
1860, 2033, 9.694300691808652e-05
3756, 5572, 9.614935573993422e-05
1202, 1600, 9.603501116870153e-05
291, 434, 9.568521877688695e-05
2970, 5520, 9.564787773249542e-05
2742, 2857, 9.533956806594312e-05
3175, 3667, 9.529013010262249e-05
3522, 3607, 9.496087617482063e-05
3405, 3607, 9.443197638454656e-05
5681, 7579, 9.400257396422016e-05
291, 1030, 9.391033935274896e-05
10113, 10410, 9.390841172016295e-05
7228, 7559, 9.389285374543705e-05
1645, 2033, 9.34301352067228e-05
319, 1090, 9.341565479399596e-05
5681, 7561, 9.319424558534099e-05
98, 472, 9.314250541455312e-05
166, 1079, 9.220860260751243e-05
98, 1030, 9.210445859933837e-05
539, 1030, 9.201126064125405e-05
234, 1100, 9.163669662592325e-05
539, 757, 9.109580711631086e-05
609, 1100, 9.101386416612477e-05
3250, 3993, 9.043330498640124e-05
2955, 3332, 9.03969642266119e-05
8767, 9208, 9.031122284014549e-05
6910, 7518, 8.941191846675746e-05
7915, 8515, 8.90703451371645e-05
10256, 11565, 8.867375891414081e-05
1202, 1591, 8.856190600321735e-05
2955, 5938, 8.788555967354132e-05
2955, 5541, 8.733119258989379e-05
2742, 2833, 8.64915563442145e-05
3565, 3667, 8.601828317499249e-05
7194, 7579, 8.598643542694491e-05
1662, 2825, 8.573587977864932e-05
319, 1562, 8.56124837484942e-05
7915, 8322, 8.546597494097493e-05
5681, 7370, 8.510880374231799e-05
319, 1034, 8.435044441251661e-05
7915, 8766, 8.422193303977608e-05
539, 2083, 8.324111652678418e-05
8016, 8464, 8.265935216752069e-05
166, 490, 8.231617675875737e-05
539, 996, 8.186061190516362e-05
319, 1513, 8.184177042909435e-05
2285, 2505, 8.167766932495055e-05
2314, 2726, 8.167227400086376e-05
166, 2493, 8.16065958428512e-05
3756, 7559, 8.158013337455154e-05
5267, 5541, 8.090721359602745e-05
98, 1864, 8.074750662394671e-05
98, 2083, 8.05754051850231e-05
291, 1864, 8.033179646570051e-05
3250, 5541, 8.028201260107695e-05
2955, 3993, 8.023391274523885e-05
3175, 3521, 8.021313408837193e-05
291, 2083, 8.016058105186192e-05
291, 1082, 7.911070208929979e-05
539, 1082, 7.902234251399219e-05
1860, 2493, 7.861730157010236e-05
558, 2825, 7.829809347810453e-05
4071, 5520, 7.787700746176231e-05
5332, 5476, 7.742267145705462e-05
580, 1736, 7.72298241267147e-05
98, 1082, 7.707886358745876e-05
2443, 2505, 7.697813114504822e-05
7649, 7846, 7.688296081840542e-05
3756, 4731, 7.669007777434098e-05
98, 1129, 7.652369200527615e-05
3401, 3639, 7.637857521382084e-05
493, 1079, 7.603892440291646e-05
493, 2493, 7.60144327720149e-05
2285, 3098, 7.585958407169505e-05
3817, 5541, 7.490762260155644e-05
539, 1129, 7.484232466026212e-05
539, 1864, 7.46491929579886e-05
3401, 4692, 7.461496459202526e-05
234, 1489, 7.448900777675558e-05
3817, 5938, 7.444747496448524e-05
2955, 3248, 7.42418630229949e-05
98, 757, 7.397413213367442e-05
609, 2484, 7.378232694191676e-05
291, 996, 7.332328937463216e-05
921, 1079, 7.312616125868447e-05
609, 1489, 7.309154546435639e-05
2742, 3156, 7.290155946174635e-05
98, 1433, 7.289418743868122e-05
3401, 4003, 7.28306655834973e-05
6000, 6195, 7.25256874310315e-05
291, 1433, 7.251890830670135e-05
291, 757, 7.249156981916868e-05
539, 2076, 7.201363053724204e-05
291, 1129, 7.197483689891668e-05
291, 3098, 7.167719419380867e-05
1689, 2074, 7.06963902742736e-05
5332, 5636, 6.986296093317012e-05
580, 1075, 6.973346465177659e-05
98, 2076, 6.970766222748708e-05
3333, 3700, 6.964420409527073e-05
2722, 3098, 6.954165588951008e-05
291, 2076, 6.934878819524598e-05
98, 3098, 6.906347951170167e-05
1645, 3098, 6.801036048873983e-05
6000, 9152, 6.787269103203284e-05
3756, 4861, 6.768661888626829e-05
2314, 3322, 6.742372664320662e-05
3126, 3607, 6.728644252739345e-05
580, 1354, 6.726901925327769e-05
234, 2484, 6.725044685503866e-05
8530, 9458, 6.681351072679768e-05
539, 1433, 6.680774443841976e-05
580, 1835, 6.64027858023036e-05
3808, 5520, 6.510055309469261e-05
98, 996, 6.485256717952414e-05
3756, 4984, 6.47645689134604e-05
166, 1782, 6.470215211401169e-05
6000, 6393, 6.458783756668336e-05
3401, 5927, 6.434705380098272e-05
921, 1774, 6.400725531747026e-05
8968, 9437, 6.399934760312953e-05
5332, 5478, 6.335190395284562e-05
580, 733, 6.33429654602956e-05
3401, 5636, 6.329486179456748e-05
1467, 2074, 6.2933252466012e-05
166, 2033, 6.25829216597013e-05
98, 1736, 6.24259772289532e-05
2875, 3166, 6.227422037427107e-05
291, 1736, 6.210459129448243e-05
5657, 7559, 6.205045876111462e-05
9275, 9935, 6.165319617589511e-05
7915, 8804, 6.164403463162955e-05
580, 1532, 6.16318995463021e-05
9580, 9737, 6.145934752011777e-05
3411, 5520, 6.145057163388187e-05
98, 434, 6.119650498839747e-05
319, 1182, 6.0570017929202784e-05
6000, 6343, 6.055626886304336e-05
3756, 5500, 5.988062036169988e-05
5681, 6532, 5.985031613780537e-05
5267, 5938, 5.921905553036547e-05
2970, 3055, 5.836720309126593e-05
2314, 2853, 5.768511946460079e-05
2314, 2380, 5.746115649476762e-05
963, 2074, 5.739353456618982e-05
539, 1736, 5.721884466420859e-05
2875, 3400, 5.7084136304646224e-05
1068, 2825, 5.697371484891812e-05
580, 1706, 5.647838848138824e-05
7194, 7561, 5.616580300567584e-05
1273, 2825, 5.560067391101419e-05
2933, 3322, 5.5547730918959826e-05
2596, 2825, 5.5357363426925116e-05
3565, 3993, 5.5262563764894936e-05
319, 3322, 5.488531290505348e-05
319, 785, 5.4775469871785594e-05
98, 1835, 5.447906254947805e-05
291, 1835, 5.4198589496371644e-05
3756, 4661, 5.405591398944364e-05
580, 1362, 5.403804750539074e-05
580, 2043, 5.3886773634958394e-05
5711, 5793, 5.382658560079069e-05
3250, 3667, 5.3764963361910734e-05
1202, 3322, 5.370576056985681e-05
166, 1814, 5.2765019501521173e-05
539, 1075, 5.2372685038075046e-05
9593, 10152, 5.2350496595371e-05
291, 1075, 5.228778544735693e-05
580, 1252, 5.225594286750795e-05
2647, 2853, 5.21581687993397e-05
580, 1859, 5.1714467419130765e-05
580, 1559, 5.161929116480454e-05
8397, 8464, 5.11397028892271e-05
98, 1075, 5.0868034464854495e-05
580, 1114, 5.0717753519844776e-05
3126, 3300, 5.041027124829043e-05
2955, 3273, 5.030114370537996e-05
5850, 5938, 4.994752229972908e-05
1202, 2853, 4.958337640211563e-05
7649, 8339, 4.951417561652852e-05
539, 1835, 4.920834022080285e-05
3756, 5414, 4.915335239253079e-05
98, 1354, 4.873418978088058e-05
7649, 7967, 4.8645716635294204e-05
291, 1354, 4.848329289758533e-05
493, 1782, 4.835012764540213e-05
493, 2033, 4.8300408808479935e-05
3411, 3607, 4.8141141607153485e-05
5681, 5942, 4.800187110455053e-05
2955, 3667, 4.7918622433776434e-05
5681, 5976, 4.769351473303342e-05
1202, 2726, 4.7570853534452515e-05
166, 417, 4.745121804136182e-05
166, 1523, 4.715806266001731e-05
319, 1139, 4.6993892232188044e-05
98, 1532, 4.697767346484637e-05
291, 1532, 4.6735819605989033e-05
1263, 1489, 4.66650014770618e-05
98, 397, 4.620743968788063e-05
166, 938, 4.619912146875408e-05
98, 1706, 4.583511159096474e-05
291, 1706, 4.559913995184713e-05
9304, 9437, 4.5580015644167745e-05
1860, 3098, 4.554949952159238e-05
2647, 3322, 4.549149589553948e-05
6000, 8421, 4.5423438265879956e-05
3254, 3322, 4.483555317228547e-05
1662, 2074, 4.474497301581289e-05
98, 1559, 4.473180412598152e-05
905, 2825, 4.4586837513629327e-05
849, 920, 4.4562677408458745e-05
291, 1559, 4.4501512614214456e-05
1699, 2825, 4.4406202070955924e-05
234, 1774, 4.439661925042845e-05
166, 1118, 4.439355131129791e-05
319, 708, 4.436626843442743e-05
5332, 5492, 4.42654577798196e-05
539, 1532, 4.4241815249791414e-05
7188, 8464, 4.411679770150699e-05
9656, 9912, 4.4084019846367415e-05
921, 1030, 4.408368020537734e-05
539, 1354, 4.398660589449883e-05
291, 1252, 4.3681657061040224e-05
493, 938, 4.338014665221713e-05
3175, 5602, 4.334631390417762e-05
2970, 3607, 4.303652730664893e-05
2875, 3017, 4.301223890758416e-05
1974, 2342, 4.259308624943148e-05
539, 686, 4.253182040007473e-05
2955, 5793, 4.2359678261579936e-05
532, 2825, 4.2223969218209974e-05
580, 1546, 4.2143617015985505e-05
1645, 1864, 4.210742062627872e-05
98, 1252, 4.186467667399839e-05
539, 1706, 4.184430268932223e-05
3250, 3521, 4.177647184066177e-05
558, 920, 4.164821101619187e-05
98, 1859, 4.1454194171264645e-05
3401, 4100, 4.132681634192966e-05
291, 1859, 4.1240776688305554e-05
3401, 5476, 4.101597160882241e-05
580, 1168, 4.092125369033e-05
234, 456, 4.079825758767008e-05
3821, 3993, 4.006997464359756e-05
539, 2043, 3.99332446431552e-05
98, 1362, 3.977518276663535e-05
319, 847, 3.961171280045358e-05
291, 1362, 3.957040929171933e-05
539, 733, 3.954047381562054e-05
2321, 3098, 3.943651199151547e-05
609, 1774, 3.924009948860736e-05
1355, 2825, 3.9056659163093446e-05
3194, 3350, 3.897923608942727e-05
7649, 9912, 3.88973631036051e-05
493, 1814, 3.8717417068826424e-05
98, 2043, 3.868387089753078e-05
291, 2043, 3.84847157933704e-05
1974, 2083, 3.835900044401373e-05
9961, 10152, 3.833020933483579e-05
539, 1859, 3.832343893936343e-05
4479, 5520, 3.8137045450564784e-05
539, 1559, 3.78568542039713e-05
2742, 5520, 3.7480809035420424e-05
8602, 9437, 3.7239917132999374e-05
1974, 2076, 3.7168780803953876e-05
2955, 3521, 3.696792622787029e-05
1645, 2083, 3.647590367563248e-05
493, 3098, 3.6140040921442216e-05
539, 1114, 3.6132490822469886e-05
98, 1114, 3.601388700208124e-05
7915, 9458, 3.599564607501469e-05
963, 1100, 3.588246451724135e-05
166, 234, 3.547569800755512e-05
1699, 2074, 3.52540038779761e-05
1202, 2380, 3.518195375889837e-05
7649, 8012, 3.512160035840184e-05
7649, 7823, 3.50171887133038e-05
166, 472, 3.4784232118940745e-05
3194, 4299, 3.471554659406424e-05
580, 1600, 3.407684520544469e-05
291, 1114, 3.395336001610933e-05
1202, 1884, 3.369511805111956e-05
2875, 3073, 3.3640469389247424e-05
539, 1252, 3.353974614060668e-05
7188, 7766, 3.32835440837253e-05
539, 1362, 3.323875548595641e-05
799, 920, 3.31812026567072e-05
98, 1591, 3.304654181290936e-05
493, 1118, 3.300646071423627e-05
98, 1546, 3.290920658581221e-05
493, 1523, 3.2890200582354605e-05
291, 1591, 3.2876409214382034e-05
9567, 10096, 3.2832753082454876e-05
291, 1546, 3.273978102644159e-05
98, 1600, 3.2619705302809185e-05
291, 1600, 3.245177017489839e-05
9028, 9437, 3.2437539987941075e-05
507, 2825, 3.2327157853215624e-05
9829, 10096, 3.222335769074372e-05
1645, 2076, 3.1944452459921314e-05
3401, 5478, 3.186780640847543e-05
558, 2074, 3.179768559709217e-05
3194, 5448, 3.170238109206503e-05
1202, 2020, 3.1600682336531084e-05
2875, 3160, 3.0795896995050684e-05
539, 1546, 3.055255834305791e-05
1645, 1835, 3.0399443696032983e-05
291, 733, 3.02394129401014e-05
580, 1591, 3.0216519167043066e-05
9833, 10152, 3.0048341255923077e-05
166, 1030, 2.9998206919015423e-05
8016, 9437, 2.9608323590622703e-05
849, 2825, 2.9265255774069335e-05
7649, 8434, 2.9237565793993743e-05
98, 1168, 2.9131163750997905e-05
2875, 3700, 2.9079262814419828e-05
98, 733, 2.891825029469104e-05
8016, 8676, 2.876455837849988e-05
3430, 3607, 2.870114902262241e-05
291, 686, 2.8671156988830617e-05
921, 996, 2.857994095232346e-05
8016, 8304, 2.853143614795215e-05
6914, 7370, 2.8516067291866492e-05
921, 2033, 2.821698598063424e-05
9593, 10133, 2.8156437171202314e-05
9507, 9912, 2.8116708864639977e-05
921, 1118, 2.8002562515946845e-05
166, 1129, 2.7707113670749304e-05
6750, 7559, 2.7688452006182707e-05
2797, 3098, 2.7145149405197495e-05
234, 1079, 2.696700660007042e-05
98, 686, 2.6874014894402993e-05
291, 1168, 2.6765899281392065e-05
3464, 3607, 2.6634558996773267e-05
3646, 3993, 2.651947410288658e-05
319, 2903, 2.638376892918779e-05
609, 1079, 2.6287595877332138e-05
539, 1168, 2.6236705841779093e-05
70, 218, 2.586507188019876e-05
1689, 1774, 2.5806292716503468e-05
493, 1030, 2.5728344225667808e-05
166, 1433, 2.5723027762563428e-05
580, 2726, 2.5641358180746727e-05
3401, 5492, 2.548902474122311e-05
3333, 3993, 2.5379575588506052e-05
8767, 9458, 2.5367051810634426e-05
539, 1600, 2.5245905993483726e-05
166, 757, 2.5039072907140705e-05
921, 3098, 2.482958958246671e-05
3401, 5607, 2.4662579233133306e-05
1202, 1556, 2.4632900942834497e-05
3250, 3350, 2.4527079813803472e-05
166, 3098, 2.4371240880531848e-05
8016, 8244, 2.4245752176195135e-05
234, 490, 2.4216538491379657e-05
1974, 3098, 2.3901605853360272e-05
166, 996, 2.3886576689061073e-05
3817, 5793, 2.3853970439251822e-05
7915, 8222, 2.3827618851202766e-05
291, 436, 2.3739638094225168e-05
2396, 2825, 2.3272714064786182e-05
3522, 5520, 2.3171061676485725e-05
2875, 3218, 2.304498247338371e-05
3194, 4731, 2.2996127416608593e-05
7915, 8241, 2.2759150937636728e-05
493, 757, 2.2617593827708266e-05
1202, 1569, 2.259982669452286e-05
539, 1591, 2.2385974926446055e-05
10113, 10830, 2.1974988264793558e-05
3250, 5793, 2.1858016889067632e-05
580, 3322, 2.1544441408921237e-05
166, 434, 2.1201545983358723e-05
493, 1129, 2.1097026028787295e-05
532, 920, 2.1084957254655463e-05
7188, 9437, 2.091067546289209e-05
3194, 3527, 2.0830501051245225e-05
3175, 3350, 2.0735325080361e-05
493, 996, 2.052550745269988e-05
319, 1348, 2.0334268120832423e-05
7915, 8270, 2.0284721485885688e-05
3175, 4299, 2.026998042467606e-05
921, 1523, 2.0153013293936645e-05
580, 853, 1.989318200084449e-05
7188, 7907, 1.968629031520831e-05
464, 2825, 1.9632236183806454e-05
98, 245, 1.955118025863716e-05
6000, 7788, 1.9511273274659537e-05
7915, 8047, 1.9488054723514332e-05
3194, 4861, 1.9297944961527117e-05
9279, 9458, 1.926693405772182e-05
9961, 10133, 1.9186479291237638e-05
6000, 7277, 1.9062665475309002e-05
493, 1433, 1.8982154049214424e-05
1434, 1523, 1.8940826207818152e-05
2955, 3227, 1.8847828125754122e-05
3756, 4003, 1.884121360891197e-05
166, 397, 1.871834332525356e-05
3175, 5448, 1.8497598970395935e-05
3430, 5520, 1.832832760352304e-05
5332, 5607, 1.829058258174151e-05
580, 2853, 1.823810803399003e-05
9593, 10754, 1.8062964430224203e-05
234, 417, 1.805372338872258e-05
3194, 4661, 1.7981405334822343e-05
9252, 9458, 1.792845976102263e-05
98, 2020, 1.766095590830805e-05
291, 2020, 1.757003249677026e-05
2742, 3607, 1.7495349563315293e-05
7728, 7907, 1.745410519203857e-05
7188, 8304, 1.7429133634777274e-05
1645, 2043, 1.735787451502088e-05
799, 2825, 1.7291044602808444e-05
1860, 2043, 1.7262196198059076e-05
98, 853, 1.7234730390488462e-05
166, 1354, 1.7197405729697647e-05
291, 853, 1.7164814788535904e-05
6910, 7277, 1.7053607136379665e-05
3401, 3754, 1.697667993006916e-05
921, 1129, 1.6942193328609304e-05
580, 1884, 1.693134555617289e-05
7649, 7999, 1.688615865837797e-05
3756, 4692, 1.6835427385721923e-05
609, 938, 1.674305179552041e-05
580, 2020, 1.6712754363452142e-05
507, 920, 1.6520326576473083e-05
9006, 9437, 1.6222399801364515e-05
593, 2825, 1.5905497826005643e-05
539, 3322, 1.5901851447984633e-05
609, 2033, 1.5879211636126008e-05
112, 218, 1.582275180404418e-05
98, 436, 1.568254640061649e-05
558, 845, 1.558399748772169e-05
2108, 2825, 1.5524826251739898e-05
9275, 9803, 1.5504880350275534e-05
2955, 3198, 1.5358315388913957e-05
1016, 2825, 1.5342176444221562e-05
5838, 5984, 1.533608133898679e-05
3333, 3521, 1.524955914259821e-05
1202, 1857, 1.5053309899791909e-05
8746, 9458, 1.4780523978519887e-05
166, 1252, 1.4773279985621426e-05
963, 1489, 1.4725887044742625e-05
1202, 1375, 1.4600692196037514e-05
70, 166, 1.4477437721924381e-05
3460, 3700, 1.4308843490467329e-05
98, 175, 1.425757687854318e-05
539, 853, 1.4230757305798776e-05
7562, 7788, 1.4147475540565512e-05
166, 1362, 1.4035935738056807e-05
70, 196, 1.3917788015497138e-05
5267, 5448, 1.3726326889802982e-05
3141, 3322, 1.3561229116101172e-05
539, 2853, 1.3513832123416289e-05
3175, 4731, 1.3430008444332998e-05
9580, 9919, 1.3364394108110783e-05
234, 938, 1.3171529558518955e-05
6910, 7788, 1.287408954248487e-05
3438, 3607, 1.285276651178138e-05
6910, 8421, 1.2840255853947584e-05
2879, 3098, 1.279735022430224e-05
5838, 6126, 1.2774026934370761e-05
3401, 4097, 1.2719353413551707e-05
7728, 8464, 1.2527475457311048e-05
9656, 10152, 1.2525096302512883e-05
3333, 3667, 1.243477807783133e-05
539, 2020, 1.23851265094804e-05
2722, 2853, 1.2262867710601243e-05
3175, 3527, 1.2233060374382378e-05
609, 3098, 1.2111720508230281e-05
9275, 10255, 1.2067695658792925e-05
1202, 1606, 1.2058086427554407e-05
609, 757, 1.2053404051928803e-05
7188, 8244, 1.1952382371217729e-05
8181, 8304, 1.1775477907079609e-05
921, 1433, 1.1694656614920803e-05
9567, 9686, 1.1625780801310861e-05
166, 245, 1.1553649311925568e-05
934, 2825, 1.1538841997059681e-05
319, 1635, 1.1488656741795934e-05
6797, 7370, 1.1404537939379434e-05
7728, 9437, 1.1358461519591726e-05
580, 1556, 1.1338484878285496e-05
3194, 3556, 1.1227389656222193e-05
234, 472, 1.1132748202737167e-05
2742, 3055, 1.1131854093812077e-05
2426, 2853, 1.1103521480336035e-05
9170, 9458, 1.1101775153492549e-05
580, 944, 1.1086555092097211e-05
393, 2825, 1.108495363158539e-05
3194, 5414, 1.106647042298985e-05
2443, 2853, 1.1010148811742542e-05
493, 686, 1.098918277927683e-05
98, 1606, 1.0916978041694579e-05
291, 1606, 1.0860774465150493e-05
493, 1252, 1.083684090876432e-05
319, 1133, 1.0798382603754758e-05
3126, 3400, 1.076385257873349e-05
3817, 4299, 1.0753736879310678e-05
2875, 3993, 1.0745799610581229e-05
7915, 8150, 1.0742966775951364e-05
580, 1569, 1.071074435873239e-05
2314, 2903, 1.0642491139561179e-05
98, 763, 1.0621179308061433e-05
319, 2796, 1.0608617237318291e-05
319, 2857, 1.0565208594759826e-05
7649, 10152, 1.0546425489859085e-05
3175, 4661, 1.0497853956721586e-05
3175, 4861, 1.0438334597650526e-05
493, 1354, 1.0394298235007874e-05
166, 1168, 1.0277592746867018e-05
8397, 9437, 1.022415628660809e-05
3227, 3607, 1.0208442992407464e-05
319, 1841, 1.018172718271196e-05
291, 763, 1.0179174640429717e-05
166, 733, 1.013343348556703e-05
10113, 10731, 1.0064856057014168e-05
493, 733, 1.005067337789488e-05
166, 686, 1.0029027424819204e-05
4161, 4299, 1.0012785322986432e-05
9209, 9458, 9.964918008537256e-06
98, 2853, 9.885767984671242e-06
291, 944, 9.86947338200768e-06
291, 2853, 9.834873358383496e-06
9215, 9458, 9.812308640873869e-06
3815, 3993, 9.791810628536285e-06
3250, 4299, 9.772368880709673e-06
291, 505, 9.7580331464677e-06
319, 1171, 9.511363371682493e-06
593, 920, 9.48097339718051e-06
1202, 2903, 9.263193001757755e-06
319, 3156, 9.138844072548413e-06
70, 2825, 9.039055139260661e-06
221, 2825, 9.032886968977582e-06
166, 1591, 9.00775770990118e-06
5838, 7396, 8.994208328951838e-06
5690, 7370, 8.991246027614633e-06
205, 2825, 8.967762666731878e-06
464, 920, 8.967319185953607e-06
2955, 3224, 8.910296477747462e-06
9265, 9437, 8.898641200085157e-06
532, 845, 8.74815346220761e-06
9833, 10133, 8.715492549087222e-06
98, 944, 8.671877058364812e-06
3640, 3993, 8.659183752496927e-06
7649, 9362, 8.55078062237554e-06
2903, 3156, 8.491436510826084e-06
319, 805, 8.419892539073437e-06
98, 1375, 8.257109367301101e-06
9549, 9803, 8.243985082060608e-06
493, 1362, 8.235775618938293e-06
291, 1375, 8.21459951919247e-06
62, 218, 8.170031136531326e-06
2647, 2903, 8.11521077135979e-06
1974, 2228, 8.070725549717153e-06
291, 642, 7.909586447464568e-06
234, 434, 7.888694634119357e-06
166, 1600, 7.885645763357145e-06
7915, 8012, 7.871854968492946e-06
539, 1569, 7.868635214004885e-06
2742, 2859, 7.850267937031099e-06
234, 996, 7.826589407421722e-06
3194, 3616, 7.823737034048457e-06
539, 944, 7.78241087045504e-06
3401, 3488, 7.7766908077104e-06
143, 218, 7.760690860113964e-06
3756, 4100, 7.718724635566285e-06
234, 757, 7.677586354836146e-06
921, 1814, 7.656045013613765e-06
98, 505, 7.551465474862217e-06
5838, 6144, 7.546332814343356e-06
493, 1168, 7.466694830401676e-06
234, 1433, 7.4104846663785734e-06
9593, 9686, 7.350849034126619e-06
9507, 10152, 7.269275486565005e-06
3194, 3422, 7.193171953611636e-06
921, 1354, 7.183066277571766e-06
5681, 6126, 7.159228587421197e-06
609, 996, 7.154113827254363e-06
98, 642, 7.111694668052078e-06
3817, 4731, 7.100720443366976e-06
234, 3098, 7.084160232294518e-06
1263, 1354, 7.074174738382371e-06
609, 686, 7.038983473033209e-06
2970, 3073, 7.0071175457329704e-06
921, 1252, 7.004594526119029e-06
7188, 7293, 6.995674761704745e-06
319, 2833, 6.880734518694301e-06
7194, 7396, 6.850467799857218e-06
112, 196, 6.8473404468560945e-06
234, 397, 6.743462188862426e-06
507, 845, 6.69418089493272e-06
5681, 5984, 6.642032009445089e-06
5838, 6092, 6.590876193348227e-06
9593, 9655, 6.590193566409799e-06
5838, 6393, 6.554104539375743e-06
8968, 9458, 6.471926112583123e-06
609, 733, 6.452933480305851e-06
1860, 2083, 6.450797988927206e-06
3250, 4731, 6.421705056321555e-06
98, 242, 6.376448235804113e-06
2970, 3400, 6.371671627909287e-06
393, 920, 6.3226275134646e-06
2955, 3350, 6.219902323731081e-06
83, 218, 6.19129609633713e-06
7728, 8304, 6.177103871586194e-06
539, 642, 6.142508240623897e-06
580, 763, 6.125925102993921e-06
2742, 2862, 6.114487669078541e-06
166, 853, 6.1109261968089384e-06
319, 543, 6.110558049180833e-06
3175, 5414, 5.958869913687122e-06
2285, 2853, 5.90881406053155e-06
221, 412, 5.896727001427724e-06
609, 1433, 5.88475103556019e-06
7728, 8244, 5.8828362482514926e-06
5838, 6195, 5.877902311131252e-06
3250, 3527, 5.867623825573308e-06
3817, 5448, 5.826919560624411e-06
2314, 3156, 5.780473445700152e-06
1860, 2076, 5.688816461971017e-06
921, 1362, 5.673693344110946e-06
5838, 6343, 5.670984309421572e-06
3250, 4661, 5.62665386651952e-06
493, 1591, 5.600757794931095e-06
358, 2825, 5.590949086101839e-06
3817, 4661, 5.584573318176634e-06
3175, 3556, 5.554264954138832e-06
205, 412, 5.5234411362508095e-06
558, 2591, 5.437488881713594e-06
166, 436, 5.413782436935828e-06
3460, 3993, 5.353095264426612e-06
9275, 9483, 5.341926019733099e-06
1645, 2853, 5.2144959221336025e-06
2955, 4299, 5.055014658610955e-06
921, 1168, 5.027655119214849e-06
234, 1354, 4.998891044004111e-06
2955, 3220, 4.952681987105868e-06
3565, 4299, 4.931156034209781e-06
221, 920, 4.877930542174792e-06
3250, 5448, 4.8036944391745575e-06
1263, 1362, 4.774533561352418e-06
493, 1600, 4.731643073859552e-06
2955, 5448, 4.6909683522752154e-06
205, 920, 4.646914647045318e-06
98, 1182, 4.586644877587739e-06
2875, 3521, 4.577514930877452e-06
70, 412, 4.55729092561866e-06
1434, 3098, 4.556360300964137e-06
70, 920, 4.469057817295728e-06
1202, 3156, 4.4373191783551175e-06
8792, 9362, 4.4300043500022995e-06
7188, 8663, 4.424045211534135e-06
3817, 4861, 4.421597221124711e-06
62, 166, 4.362420401649026e-06
493, 853, 4.3055931770821385e-06
234, 1252, 4.294253340965196e-06
117, 218, 4.243319907277813e-06
3266, 3607, 4.151812281926783e-06
291, 1182, 4.117628796813486e-06
62, 196, 4.04625260669605e-06
98, 785, 4.01545485821599e-06
609, 1354, 4.005484463375091e-06
291, 785, 3.994200324392464e-06
3187, 3607, 3.926972050531007e-06
3422, 3607, 3.907001805653103e-06
593, 845, 3.898051141079994e-06
2955, 3113, 3.859968065993688e-06
2933, 3156, 3.859563967131004e-06
3175, 3422, 3.81187893296553e-06
5681, 6144, 3.810654349542804e-06
83, 196, 3.796460910505947e-06
5681, 7396, 3.788252192058216e-06
9961, 10096, 3.7697686651443717e-06
7642, 7788, 3.7308880756668857e-06
3250, 4861, 3.6840584274843848e-06
493, 2853, 3.6658558830373216e-06
5681, 6092, 3.663286155376653e-06
234, 2033, 3.660296034956883e-06
464, 845, 3.620038292580535e-06
166, 763, 3.5985526693923023e-06
2955, 3107, 3.5982910979259105e-06
7194, 7277, 3.5938897839120596e-06
2955, 4661, 3.5840748894659765e-06
7649, 7883, 3.582670741999903e-06
7915, 7999, 3.562742447553094e-06
2955, 4731, 3.5455862839759724e-06
1860, 2853, 3.5360208804336064e-06
9580, 10112, 3.5356452667551398e-06
3194, 4692, 3.5244669791122662e-06
580, 2903, 3.49088452622899e-06
166, 2853, 3.488507016253807e-06
6000, 7766, 3.3956681278893834e-06
9580, 10046, 3.3793144344197544e-06
166, 944, 3.3561737793248613e-06
539, 763, 3.3417468529253986e-06
4161, 4661, 3.3229460176607568e-06
166, 242, 3.29213202114374e-06
9507, 9655, 3.283461117536498e-06
291, 708, 3.261703905373766e-06
98, 3322, 3.2412965564031563e-06
3405, 3700, 3.2321873549201817e-06
609, 1362, 3.230245994677368e-06
291, 3322, 3.224609478860812e-06
3565, 4661, 3.2200163714559543e-06
3250, 3556, 3.2195427297037935e-06
4161, 4731, 3.2191211126890907e-06
9304, 9458, 3.166282779694122e-06
2742, 3400, 3.1645063205934076e-06
5681, 6195, 3.1563716257252854e-06
580, 1606, 3.15467372638456e-06
8181, 8244, 3.148469278504889e-06
3756, 4097, 3.110329774142862e-06
358, 920, 3.09168999068239e-06
3565, 4731, 3.0800339559555592e-06
5681, 6393, 3.079793967000322e-06
580, 642, 3.0679905338229094e-06
5267, 5414, 3.0549512440000162e-06
2321, 2853, 3.0546148112571655e-06
7667, 7788, 3.0516892424635046e-06
2970, 3166, 3.0429199335577647e-06
2314, 2857, 3.038656254977294e-06
609, 1252, 3.0372987885581053e-06
98, 708, 3.0294751467270925e-06
98, 269, 3.0224647436673404e-06
234, 733, 2.9873182118996975e-06
2447, 3098, 2.981704491952894e-06
686, 920, 2.9510516731698783e-06
5681, 6343, 2.904621603428315e-06
8016, 8222, 2.895930200573387e-06
6000, 8559, 2.894883625514892e-06
166, 505, 2.872482539746615e-06
2955, 3527, 2.8315503254949966e-06
234, 686, 2.8279849895106854e-06
234, 1362, 2.8258425312933516e-06
83, 166, 2.7720182565988405e-06
291, 847, 2.7702843241828395e-06
98, 847, 2.7702425819735512e-06
9028, 9458, 2.758221403829594e-06
9549, 9935, 2.750698247622753e-06
98, 264, 2.745274002731811e-06
1621, 3098, 2.741163701746151e-06
3227, 3400, 2.728404624577851e-06
2314, 2796, 2.722085284645962e-06
546, 920, 2.710486196187263e-06
3250, 3422, 2.7044054055613744e-06
3401, 7370, 2.687218801186854e-06
7562, 7766, 2.6637982662711226e-06
1202, 1348, 2.6559284908019175e-06
2647, 3156, 2.638603691688428e-06
649, 920, 2.63566424292021e-06
3194, 3507, 2.6290636596531195e-06
539, 2903, 2.5866294553015303e-06
580, 708, 2.5726364458587014e-06
3194, 4003, 2.5670812094234316e-06
393, 845, 2.498237642010401e-06
3817, 4003, 2.4948107810637594e-06
9549, 10255, 2.462139321670789e-06
9956, 10152, 2.4616592656634335e-06
166, 642, 2.451408887944076e-06
601, 920, 2.4473064449727703e-06
437, 920, 2.4162935827417525e-06
319, 3055, 2.3684751009835295e-06
1202, 2796, 2.366066429175578e-06
849, 938, 2.3636975247280577e-06
686, 845, 2.3428636816980245e-06
539, 1606, 2.337146993985598e-06
6910, 7766, 2.315020291734821e-06
10018, 10255, 2.3118233831249817e-06
2544, 3098, 2.303734045341014e-06
8602, 9458, 2.28445478108583e-06
7188, 7950, 2.2559347803088712e-06
5332, 7370, 2.254597587516249e-06
166, 269, 2.2429186151184673e-06
7767, 7907, 2.200381189371513e-06
7653, 7788, 2.1623344990306557e-06
166, 264, 2.1322079944242374e-06
493, 944, 2.0753041839147387e-06
2955, 4861, 2.034037344605781e-06
205, 845, 2.0322424319567284e-06
3194, 4100, 2.0239541980767146e-06
9593, 10096, 2.022477030892671e-06
8704, 9437, 2.0215190751020182e-06
234, 436, 2.0002350474771024e-06
221, 845, 1.9929045952631594e-06
9275, 10244, 1.9923924901210764e-06
70, 845, 1.9857955751770407e-06
580, 785, 1.9816153067640195e-06
497, 920, 1.979554560072977e-06
3266, 3400, 1.9575077413929783e-06
2970, 3160, 1.9080883804638846e-06
8016, 8241, 1.896647993088337e-06
319, 2741, 1.8560986335236514e-06
319, 1281, 1.853627721838284e-06
1263, 3098, 1.814332400805227e-06
3126, 3700, 1.8134545274648616e-06
3808, 3993, 1.8127237091141116e-06
98, 2903, 1.7904116773176259e-06
291, 2903, 1.781194150327352e-06
7188, 7376, 1.7741413867607856e-06
721, 920, 1.76585294747209e-06
8016, 8150, 1.7343761457566622e-06
234, 853, 1.7268671911098644e-06
166, 1375, 1.7230216706221928e-06
5838, 7788, 1.7144407154923833e-06
8016, 9458, 1.7126840516701377e-06
7700, 7788, 1.7008307208855458e-06
7649, 9655, 1.6990399891659217e-06
963, 3098, 1.6853189229002893e-06
319, 526, 1.6842564416045856e-06
6000, 7907, 1.6836775078238733e-06
7728, 7950, 1.6726357460332022e-06
393, 490, 1.6593715298656547e-06
3283, 3400, 1.6436715145410394e-06
2742, 3166, 1.6307468978844755e-06
2238, 3098, 1.6292911274967525e-06
3175, 4692, 1.6070743053470994e-06
3333, 3422, 1.585693011047388e-06
3405, 3521, 1.5788127948907029e-06
3817, 4692, 1.5713297552808032e-06
580, 1001, 1.562334129332154e-06
2955, 3556, 1.5584522420725248e-06
3175, 3507, 1.5268289513800463e-06
62, 412, 1.4928999804990162e-06
117, 196, 1.491780660499832e-06
649, 845, 1.4785836607295054e-06
112, 412, 1.4757600425656992e-06
7188, 7794, 1.4676828638103392e-06
98, 1348, 1.4632104525678693e-06
6910, 7907, 1.4590889442782868e-06
3821, 4661, 1.4578949815100508e-06
291, 1348, 1.4556774466062478e-06
1202, 1562, 1.4371372401276167e-06
3175, 4003, 1.4221458284124819e-06
580, 1375, 1.4194824131682294e-06
7562, 7907, 1.4073718511174269e-06
2955, 3422, 1.4032313612538567e-06
3646, 4661, 1.397252202767738e-06
1202, 1513, 1.3942886520040762e-06
166, 785, 1.3775428008095608e-06
721, 845, 1.333959898872263e-06
3405, 3993, 1.3311140857998077e-06
7188, 9458, 1.322178877647154e-06
580, 3156, 1.3104984443626627e-06
609, 853, 1.3098892247317806e-06
44, 218, 1.3087232032893806e-06
3333, 4661, 1.302425060719881e-06
3333, 3527, 1.289460393768735e-06
2443, 2903, 1.282592954920619e-06
2426, 2903, 1.27973363338004e-06
3187, 3400, 1.2628646696439732e-06
358, 845, 1.2532371882008317e-06
7188, 7433, 1.2391889212722994e-06
358, 456, 1.2150779207889817e-06
539, 708, 1.2147230281863308e-06
7728, 7794, 1.1997483329381613e-06
9275, 9690, 1.196112503771239e-06
3175, 4100, 1.1952806801202493e-06
437, 845, 1.1766333794395213e-06
319, 557, 1.1627248829398156e-06
319, 507, 1.1609976993296205e-06
558, 757, 1.1595312911852266e-06
9549, 9690, 1.1555131206078714e-06
319, 808, 1.1365364095057908e-06
493, 642, 1.1285144237666576e-06
166, 708, 1.104787384252482e-06
234, 763, 1.0936259612314529e-06
539, 1001, 1.0794931046022717e-06
7194, 7788, 1.0712551329683218e-06
546, 845, 1.0686835434600333e-06
5681, 7788, 1.0453115353720736e-06
319, 721, 1.0444184193037042e-06
8530, 9362, 1.0419469760450067e-06
539, 785, 1.0347232538352884e-06
493, 763, 1.0332238764679888e-06
2285, 2903, 1.0320729907528476e-06
6000, 9437, 9.923700798765931e-07
166, 847, 9.920598815424507e-07
601, 845, 9.848130830827143e-07
3295, 3400, 9.778442440607928e-07
1202, 1281, 9.771421270427779e-07
539, 3156, 9.731305390361111e-07
83, 412, 9.629497325008086e-07
539, 1375, 9.586328400602826e-07
3194, 3754, 9.497047319357319e-07
143, 412, 9.273325516575849e-07
1645, 2903, 9.115734406009087e-07
3126, 3993, 8.967639760036002e-07
98, 231, 8.909388398669726e-07
70, 140, 8.875631509246655e-07
7728, 7838, 8.835219033160648e-07
2722, 2903, 8.824722050267477e-07
7188, 7280, 8.74594769525188e-07
3250, 4003, 8.701312136875815e-07
3250, 4692, 8.613661211645243e-07
580, 847, 8.532251568141028e-07
70, 221, 8.3556180189901e-07
234, 505, 8.157575169540411e-07
319, 1197, 8.039880433682231e-07
319, 895, 8.037311937640067e-07
497, 845, 7.918198719157731e-07
319, 614, 7.906565198534039e-07
5690, 6126, 7.897286124229802e-07
7642, 7766, 7.732960531861364e-07
393, 456, 7.695791291731724e-07
234, 642, 7.53255084952759e-07
70, 183, 7.388008755829161e-07
7667, 7766, 6.880620192590353e-07
221, 456, 6.870007288603582e-07
963, 1252, 6.74138516901242e-07
319, 951, 6.669568752072177e-07
7188, 8047, 6.600681960167672e-07
558, 686, 6.326529051442589e-07
205, 456, 6.256189744617236e-07
7188, 7401, 6.232211513208104e-07
291, 805, 6.184138750586295e-07
3401, 3478, 6.179402325621011e-07
3250, 4100, 6.136736676495807e-07
2647, 2796, 6.024146638491694e-07
4161, 4692, 5.989787307937e-07
7188, 8150, 5.881034919672268e-07
8792, 9655, 5.814300164635285e-07
44, 196, 5.813690373451354e-07
98, 805, 5.746705457460632e-07
70, 456, 5.637690856231263e-07
393, 472, 5.635106527639643e-07
8397, 8515, 5.611922118503002e-07
7188, 7838, 5.587592349860761e-07
532, 757, 5.537940259799433e-07
2875, 3198, 5.40312902008025e-07
319, 1005, 5.39183265783228e-07
9279, 9362, 5.350541118587758e-07
3175, 3754, 5.33783221971614e-07
2970, 3993, 5.255504029322762e-07
44, 166, 5.189897997643598e-07
558, 733, 5.100938195969196e-07
9252, 9362, 5.072056500862515e-07
2742, 3017, 5.010733409052459e-07
5838, 7277, 4.954259169596083e-07
112, 221, 4.925208886559787e-07
358, 490, 4.753298402610329e-07
2690, 3098, 4.6750485981094396e-07
3250, 3507, 4.600206249467029e-07
580, 1182, 4.580053873608441e-07
609, 763, 4.3899538574026073e-07
9491, 9655, 4.3803954331760586e-07
62, 140, 4.272843266099762e-07
3194, 4097, 4.210738519408581e-07
221, 490, 4.193962370465521e-07
205, 490, 4.1384800457284137e-07
70, 170, 4.1089849918782883e-07
70, 490, 4.028543290827232e-07
7728, 8047, 4.000068704263008e-07
7728, 7846, 3.9537135357704867e-07
5690, 6092, 3.905074815642591e-07
493, 708, 3.8528788889539164e-07
7915, 9362, 3.8254154595621176e-07
291, 543, 3.8003348488678037e-07
2875, 4661, 3.7845928394044026e-07
98, 273, 3.7821996120609156e-07
98, 297, 3.682443033153217e-07
609, 708, 3.666932757369288e-07
117, 412, 3.650603443407586e-07
507, 757, 3.6351993157109675e-07
1974, 2493, 3.540897114841336e-07
921, 2493, 3.539053095212759e-07
539, 1182, 3.495952849121631e-07
234, 785, 3.493987077040435e-07
98, 543, 3.3814662353937827e-07
493, 785, 3.3085488259830405e-07
319, 608, 3.2525687323589214e-07
3401, 3713, 3.1760495248193274e-07
3252, 3400, 3.156861043138049e-07
9580, 10051, 3.148977813399984e-07
7653, 7766, 3.134015224569434e-07
234, 708, 3.1277788915742165e-07
9549, 9737, 3.124843859249403e-07
580, 805, 3.0885600965371737e-07
593, 757, 3.0862524009621783e-07
221, 417, 3.0481551346193696e-07
3250, 3754, 2.980856514252395e-07
6910, 8559, 2.941646656967806e-07
593, 686, 2.940054393409096e-07
7728, 8150, 2.920384105713e-07
98, 299, 2.914105660639097e-07
143, 221, 2.8795809687719555e-07
205, 417, 2.8765589277786826e-07
9275, 9737, 2.850232586703742e-07
7188, 7846, 2.782977631152298e-07
532, 686, 2.762674971607336e-07
358, 472, 2.7530081745561535e-07
3817, 4100, 2.6690678701040966e-07
3175, 4097, 2.6629917012253687e-07
319, 1419, 2.660073484149072e-07
166, 273, 2.6591882761879984e-07
62, 221, 2.658968082435364e-07
9549, 9982, 2.601492248508518e-07
3565, 3754, 2.529679934577815e-07
98, 3156, 2.411184729827017e-07
70, 417, 2.407218724085914e-07
70, 151, 2.4072141542774385e-07
291, 3156, 2.3987712940751863e-07
44, 412, 2.3926285157761676e-07
3411, 3521, 2.3903686661369264e-07
532, 733, 2.3889037416621213e-07
3126, 3218, 2.3797990331709574e-07
2903, 3400, 2.3797271775048222e-07
319, 957, 2.3442407836437502e-07
8016, 8322, 2.2631880343572087e-07
7188, 7967, 2.2301286946069853e-07
166, 231, 2.1474387884399233e-07
166, 805, 2.1447707833821873e-07
62, 845, 2.1189457814113703e-07
319, 649, 2.1142098444536632e-07
112, 845, 2.083316521334333e-07
62, 183, 2.0663716743682947e-07
580, 1348, 2.0200879450465242e-07
112, 456, 2.017474315175987e-07
3817, 4097, 2.0005719284622256e-07
83, 221, 1.9638700616390836e-07
3401, 3574, 1.9614965181546358e-07
83, 183, 1.9496080703454238e-07
539, 847, 1.9400479086641783e-07
680, 845, 1.9086635680601866e-07
319, 961, 1.8883366180625649e-07
7253, 7370, 1.8844808133398612e-07
221, 472, 1.8469701871023e-07
62, 456, 1.8376777475990312e-07
166, 297, 1.822585085063768e-07
7649, 8084, 1.810264219773889e-07
507, 686, 1.7917179350886444e-07
7188, 8222, 1.7840190196432866e-07
70, 234, 1.7814215886499388e-07
7728, 7823, 1.773344207684898e-07
2314, 3400, 1.7541822606975103e-07
205, 472, 1.75339417878951e-07
112, 183, 1.7262336058780776e-07
609, 785, 1.7253510818526445e-07
539, 805, 1.670097226300618e-07
3194, 3488, 1.6672198656872246e-07
7767, 7950, 1.6590929255214945e-07
70, 472, 1.6575530540381993e-07
7728, 7967, 1.6299558962714034e-07
5681, 7277, 1.616765137944616e-07
2875, 3422, 1.6067644151253317e-07
1202, 3400, 1.603801122370794e-07
358, 434, 1.6000537248595822e-07
2955, 3507, 1.5530023757948423e-07
6000, 7950, 1.4836470020133943e-07
166, 299, 1.412900922873231e-07
539, 1348, 1.411334959245036e-07
83, 845, 1.397335002201368e-07
221, 434, 1.3514619392330146e-07
117, 221, 1.3375462326343816e-07
143, 845, 1.332688446293336e-07
7188, 8012, 1.3266591189938178e-07
62, 490, 1.3131473977648655e-07
112, 490, 1.304868099344785e-07
143, 456, 1.283818319420147e-07
580, 1281, 1.2782660837034046e-07
205, 434, 1.2760960568208775e-07
3401, 3475, 1.2482792337917723e-07
83, 456, 1.2412572333560818e-07
166, 543, 1.229037736573552e-07
319, 1257, 1.2236855812997253e-07
62, 170, 1.194819846779253e-07
3430, 3521, 1.1828454585381926e-07
3126, 3521, 1.1653690995450652e-07
221, 397, 1.1651994578001381e-07
5838, 7766, 1.1421352144614672e-07
393, 757, 1.136171848614939e-07
291, 526, 1.0958374702560057e-07
70, 434, 1.0933561925000295e-07
205, 397, 1.0904062829715699e-07
6910, 7950, 1.053131483218238e-07
319, 1298, 1.0498741303589994e-07
649, 757, 1.0004426042687583e-07
319, 793, 9.841138450680357e-08
539, 1281, 9.675759589200521e-08
507, 733, 9.301964035703918e-08
98, 526, 9.205493492518612e-08
44, 140, 9.205006437455287e-08
62, 151, 9.11978057987649e-08
143, 490, 8.949907847733511e-08
83, 170, 8.726623574090762e-08
464, 757, 8.702913896827578e-08
580, 721, 8.698631247726339e-08
221, 757, 8.533787225937527e-08
112, 234, 8.479027374537244e-08
70, 397, 8.47391204334143e-08
83, 490, 8.453614396005638e-08
70, 757, 8.441159866670945e-08
205, 757, 8.39830235089715e-08
291, 808, 8.295893589602734e-08
143, 234, 8.255022361385586e-08
161, 412, 7.87807330470296e-08
593, 733, 7.871706691630084e-08
112, 417, 7.831667300596907e-08
62, 417, 7.830947206461649e-08
98, 808, 7.626742694384437e-08
291, 507, 7.558869576832741e-08
291, 721, 7.482314173087555e-08
291, 557, 7.424441558496383e-08
7562, 7950, 7.336136258437614e-08
98, 721, 7.026587045657746e-08
1202, 2857, 6.859394304794873e-08
558, 642, 6.685956422433613e-08
98, 557, 6.650910751339637e-08
577, 845, 6.471350062054321e-08
464, 686, 6.415526180527632e-08
580, 808, 6.359043894951615e-08
686, 757, 6.299274362571205e-08
7728, 8012, 6.241919989639193e-08
493, 847, 6.225136012250693e-08
7649, 7727, 6.209705052628608e-08
9, 218, 6.107257204216049e-08
493, 1375, 5.993038597651974e-08
98, 507, 5.874479987651475e-08
112, 472, 5.8125388529761594e-08
62, 234, 5.737368475707841e-08
291, 614, 5.6939394755958176e-08
770, 845, 5.5768048732976714e-08
539, 614, 5.517690194103857e-08
62, 472, 5.500360585042289e-08
3401, 4032, 5.2592897657679026e-08
98, 614, 5.232052141202911e-08
83, 417, 5.0908345115347566e-08
660, 845, 5.049420424512287e-08
117, 456, 5.016660143992146e-08
7642, 7907, 4.9387755671360435e-08
539, 721, 4.910375534117137e-08
143, 417, 4.872961622011579e-08
2742, 3160, 4.804428754514183e-08
234, 805, 4.77728772049316e-08
601, 757, 4.7341604643663176e-08
546, 757, 4.6515329181175026e-08
393, 505, 4.5432455920572264e-08
7188, 7999, 4.477501639657429e-08
393, 733, 4.44648516659499e-08
98, 335, 4.380673013103153e-08
358, 436, 4.330234186466703e-08
393, 686, 4.298392367942664e-08
44, 221, 4.261758434267483e-08
649, 733, 4.104559278454765e-08
2875, 3527, 4.0487877292743946e-08
234, 847, 3.952233401276238e-08
83, 234, 3.948135385447387e-08
234, 543, 3.826369851518528e-08
143, 472, 3.735514310104409e-08
166, 1559, 3.7259056532646333e-08
98, 305, 3.721580916972604e-08
112, 434, 3.650206792346005e-08
601, 686, 3.5564088227759816e-08
83, 472, 3.503725734769892e-08
62, 434, 3.487615145923569e-08
221, 436, 3.4367802738841386e-08
166, 526, 3.4198773026767754e-08
464, 733, 3.3115433120748476e-08
117, 490, 3.3053626355952506e-08
532, 642, 3.279040446674885e-08
70, 245, 3.277444733764264e-08
205, 436, 3.2363280002186854e-08
70, 175, 3.163385506407308e-08
44, 456, 3.1446748707527993e-08
205, 686, 3.11312084342351e-08
117, 183, 3.1126708517524496e-08
221, 686, 3.1066061730995003e-08
70, 686, 3.08974874135718e-08
493, 805, 3.014910055133258e-08
234, 297, 3.004775602526092e-08
234, 299, 2.8052150242788336e-08
83, 151, 2.787888563853435e-08
62, 397, 2.7817860585590586e-08
70, 436, 2.7807216852344322e-08
9, 196, 2.7728967295234524e-08
539, 808, 2.7648354972119425e-08
112, 397, 2.712169908260686e-08
44, 183, 2.6436956236538007e-08
166, 721, 2.546951843138174e-08
319, 553, 2.5268155057615672e-08
166, 808, 2.4834833424073246e-08
3283, 3607, 2.4482571349907627e-08
166, 557, 2.4299040373296705e-08
83, 434, 2.3902427488564625e-08
291, 608, 2.3822145355232135e-08
117, 234, 2.3292627974287378e-08
143, 434, 2.2867923845436633e-08
166, 507, 2.2302134797210122e-08
546, 686, 2.2019715669662832e-08
358, 686, 2.1948797460036215e-08
98, 608, 2.1858176674196387e-08
3175, 3488, 2.1689758960198107e-08
44, 490, 2.1192665239613275e-08
7667, 7907, 1.9775483476382237e-08
166, 335, 1.9473059504866227e-08
117, 417, 1.9412688475455204e-08
5838, 7907, 1.9392910063699192e-08
9, 166, 1.910751667891165e-08
7915, 8084, 1.8173795710862738e-08
83, 397, 1.8158046498123166e-08
166, 614, 1.811234990497846e-08
143, 397, 1.796491670983288e-08
493, 614, 1.755290758112953e-08
7653, 7907, 1.714530140921039e-08
166, 305, 1.713063403727086e-08
8767, 9362, 1.7042326900405743e-08
2955, 3754, 1.6946461019375627e-08
2903, 3607, 1.5207668763481978e-08
291, 649, 1.5081705813279016e-08
143, 245, 1.4704853713055036e-08
117, 472, 1.4646510716520911e-08
205, 505, 1.4631844875043868e-08
221, 505, 1.44524556629814e-08
8792, 9912, 1.4325935948940874e-08
44, 170, 1.4153519879839596e-08
358, 505, 1.3846893144732423e-08
70, 505, 1.3785452674864568e-08
98, 649, 1.3739285178933146e-08
44, 151, 1.3500897324292008e-08
112, 245, 1.3385694738467685e-08
497, 686, 1.3373227704275774e-08
558, 763, 1.3309350970893822e-08
44, 417, 1.2424974072906992e-08
234, 335, 1.2165533340860537e-08
9, 412, 1.2058376958491682e-08
393, 642, 1.2023758022643288e-08
609, 805, 1.137832541316207e-08
2970, 3300, 1.1236089992142684e-08
3646, 3754, 1.1113603002960634e-08
6000, 7163, 1.1062948407981982e-08
437, 505, 1.1045199151455094e-08
507, 642, 1.0910453111110933e-08
2933, 3400, 1.0826503119050221e-08
70, 242, 1.0542892013326466e-08
62, 245, 1.0464933096075931e-08
161, 456, 1.0258406012810508e-08
3756, 4032, 1.0243962985021526e-08
234, 526, 9.885859943416484e-09
493, 721, 9.842615895861712e-09
493, 557, 9.594990286206763e-09
112, 436, 9.33274206995759e-09
44, 472, 9.23104122788499e-09
117, 434, 9.130689551184174e-09
44, 234, 9.021294447677375e-09
62, 175, 8.943092475023329e-09
62, 436, 8.866837095689314e-09
3303, 3400, 8.698748337712999e-09
3254, 3400, 8.278143957915227e-09
558, 708, 8.027108861010377e-09
609, 847, 7.80328090608634e-09
493, 808, 7.782888419216814e-09
166, 608, 7.73225437287171e-09
234, 557, 7.718786515660785e-09
83, 175, 7.471736475805825e-09
609, 721, 7.396850077562816e-09
161, 490, 7.2053590099339066e-09
83, 245, 7.1792353188179295e-09
117, 397, 6.755778713722348e-09
234, 721, 6.663688104418955e-09
234, 507, 6.318564713466241e-09
3107, 3322, 6.259323686449233e-09
558, 853, 6.1371151398408565e-09
83, 436, 6.105054535412587e-09
112, 920, 5.901048332131087e-09
143, 436, 5.868576435691446e-09
62, 920, 5.654018026955403e-09
44, 434, 5.589687043355527e-09
234, 305, 5.436618820258709e-09
234, 614, 5.415559699351189e-09
580, 649, 5.159179264571121e-09
70, 269, 5.007895604880504e-09
2647, 3400, 4.934784642000893e-09
319, 577, 4.856687806583198e-09
143, 242, 4.856358715992524e-09
319, 567, 4.782168548504907e-09
166, 649, 4.778279451999211e-09
44, 397, 4.656310650766523e-09
70, 264, 4.589678152822854e-09
539, 649, 4.567293096534368e-09
112, 242, 4.4587889264072035e-09
62, 505, 4.439101381443289e-09
112, 505, 4.430374318964283e-09
205, 269, 4.284557908465939e-09
539, 608, 4.26578771999037e-09
319, 1188, 4.185621165268178e-09
161, 234, 4.171439639733701e-09
161, 417, 4.0805079420264435e-09
532, 708, 4.070254079460706e-09
1467, 3098, 3.727349502055448e-09
112, 175, 3.6564693111095556e-09
3333, 3556, 3.610352892705362e-09
117, 245, 3.5915742597616953e-09
62, 242, 3.376426884287311e-09
5681, 7907, 3.29271759156339e-09
2955, 4003, 3.273968214060855e-09
593, 708, 3.22951201956454e-09
493, 608, 3.083445105573311e-09
161, 472, 3.054792950704031e-09
143, 505, 3.0396902922958432e-09
319, 573, 3.033192057002491e-09
98, 277, 2.9808600356624987e-09
83, 505, 2.9769469210772548e-09
143, 920, 2.754479544281922e-09
9, 140, 2.7393771306178116e-09
464, 642, 2.660896873235227e-09
2955, 4100, 2.5957775249925793e-09
580, 1171, 2.583358934229883e-09
83, 920, 2.542385893461354e-09
117, 436, 2.3340176211573604e-09
234, 608, 2.3208416861644713e-09
83, 242, 2.308732403877507e-09
546, 642, 2.210917148186907e-09
580, 3400, 2.10278464423791e-09
437, 686, 2.0575750090083686e-09
9, 221, 1.99003945901024e-09
166, 277, 1.9686753207315653e-09
2955, 4097, 1.946332318169517e-09
3250, 4097, 1.9090804337308487e-09
112, 269, 1.8629708899926574e-09
161, 434, 1.8501697264437353e-09
2443, 3322, 1.7705452241825292e-09
358, 757, 1.7573681530823315e-09
2426, 3322, 1.7402463397853827e-09
112, 264, 1.7058176433096684e-09
205, 297, 1.6660253450019554e-09
44, 245, 1.6289795174587508e-09
9, 456, 1.6019258512775124e-09
161, 397, 1.6003338605739345e-09
62, 269, 1.5985558366720793e-09
291, 553, 1.5956074933902595e-09
143, 269, 1.5833108838456183e-09
143, 264, 1.5572312479588332e-09
464, 543, 1.5468333059268084e-09
2285, 3322, 1.487635299478902e-09
62, 264, 1.4588649002700608e-09
98, 553, 1.4395595690398254e-09
44, 436, 1.429695390070333e-09
70, 231, 1.3435230074972487e-09
205, 299, 1.3293630022971579e-09
580, 895, 1.248996993009268e-09
393, 543, 1.2213149240892645e-09
117, 242, 1.205551787061419e-09
580, 1197, 1.202939669679431e-09
9, 183, 1.1996680087152403e-09
221, 297, 1.1962613338769599e-09
161, 245, 1.1597577206517893e-09
83, 269, 1.123029316352403e-09
117, 505, 1.1070759744856583e-09
9, 490, 1.0889669571665368e-09
44, 175, 1.0779642813538094e-09
437, 757, 1.0651674251850421e-09
437, 543, 1.0354789001789215e-09
221, 299, 1.0314733815772487e-09
83, 264, 1.0282907497312372e-09
539, 1197, 9.311817415574951e-10
539, 895, 9.205595571948554e-10
221, 733, 7.954125445628403e-10
70, 733, 7.923167740499375e-10
205, 733, 7.905997067556944e-10
205, 273, 7.241676855948772e-10
44, 505, 7.134752000755131e-10
112, 231, 6.728061900019283e-10
221, 543, 6.719009889298625e-10
205, 543, 6.690148723356935e-10
9, 417, 6.242527850711263e-10
70, 273, 6.241569953483758e-10
70, 297, 6.204675641328648e-10
143, 231, 6.044378379470502e-10
70, 543, 5.891333203178876e-10
358, 543, 5.582613040033341e-10
9, 170, 5.536810023691255e-10
44, 110, 5.470635226171643e-10
221, 642, 5.374578959101743e-10
62, 686, 5.330591668396225e-10
112, 686, 5.324183529013735e-10
44, 242, 5.257742084879236e-10
205, 642, 5.240757546043606e-10
166, 553, 5.237133508818716e-10
70, 642, 5.014946551974685e-10
234, 649, 4.961484445757217e-10
70, 299, 4.904693963983727e-10
117, 269, 4.732432645593956e-10
507, 708, 4.72079149004407e-10
319, 564, 4.678697908168079e-10
161, 436, 4.668142571916415e-10
7188, 7883, 4.489917268899275e-10
117, 264, 4.3704409889628255e-10
62, 231, 4.3274488122310076e-10
9, 234, 4.261811995299399e-10
9, 472, 4.2439858719422733e-10
437, 642, 4.132687029305691e-10
493, 649, 4.0729317531785746e-10
9, 151, 4.041444667135083e-10
464, 557, 4.013834736843327e-10
601, 733, 4.004575841947271e-10
7728, 7883, 3.8614917411617773e-10
532, 614, 3.8422119534476696e-10
393, 526, 3.788871900334761e-10
546, 733, 3.5300148329414117e-10
143, 686, 3.49367257885499e-10
83, 686, 3.468222026035645e-10
358, 642, 3.456961390598057e-10
161, 242, 3.441911893417098e-10
291, 577, 3.3927270313895355e-10
393, 507, 3.3796210920565347e-10
291, 567, 3.2083520211406723e-10
577, 686, 3.2044403209948644e-10
98, 577, 3.086786896171973e-10
437, 526, 3.018143863870251e-10
83, 231, 3.0066094299466505e-10
532, 763, 2.966692473692951e-10
9, 434, 2.931714272321625e-10
98, 567, 2.898707198403958e-10
44, 269, 2.542031102283226e-10
393, 557, 2.3846273779256863e-10
161, 505, 2.38203115778488e-10
112, 273, 2.32941678876004e-10
112, 297, 2.3256220790860265e-10
44, 264, 2.3223002171533063e-10
497, 757, 2.31217186736178e-10
9, 397, 2.194282363139849e-10
680, 757, 2.0992944519811795e-10
291, 573, 2.0876442464136328e-10
112, 543, 2.0513520750411344e-10
62, 273, 1.999044895638108e-10
62, 297, 1.9580599843078429e-10
507, 763, 1.9496476454637852e-10
62, 543, 1.944330661619707e-10
98, 573, 1.8949361941885879e-10
143, 273, 1.8771085350785148e-10
497, 642, 1.8672764711764003e-10
117, 231, 1.8531105255844772e-10
112, 299, 1.8390372592772817e-10
161, 269, 1.8119320065343126e-10
221, 526, 1.790579178517468e-10
205, 526, 1.774889976900345e-10
161, 264, 1.7679361396028002e-10
680, 920, 1.7573331326776347e-10
221, 335, 1.7326843638828648e-10
205, 305, 1.6660444235262318e-10
234, 553, 1.6607228345477178e-10
437, 557, 1.616032347333486e-10
143, 297, 1.6120893830425202e-10
221, 305, 1.5909472776945704e-10
70, 526, 1.5894347196527608e-10
358, 526, 1.5531385247491828e-10
62, 299, 1.5438405796907876e-10
464, 526, 1.466122157114967e-10
83, 273, 1.3962910687442498e-10
83, 297, 1.372699850744842e-10
221, 557, 1.3657277040405478e-10
205, 557, 1.3599480021997004e-10
437, 733, 1.3274462670441005e-10
205, 335, 1.2855181103232563e-10
143, 543, 1.2834812171615245e-10
558, 938, 1.2819289594903041e-10
5685, 7559, 1.2798002167893846e-10
143, 299, 1.2757851799664102e-10
83, 543, 1.2576580616100452e-10
70, 557, 1.2169436162219877e-10
358, 733, 1.1811059345195874e-10
166, 577, 1.153343792834162e-10
112, 642, 1.1484875565488994e-10
205, 507, 1.1385329670012896e-10
221, 507, 1.1227004973767453e-10
62, 642, 1.0951192770554901e-10
83, 299, 1.0887626918902034e-10
358, 557, 1.0777759888387111e-10
166, 567, 1.0737978230625275e-10
70, 507, 1.0657401711512772e-10
358, 507, 1.0579328947374403e-10
437, 507, 1.0479966938965713e-10
558, 785, 9.608239044912703e-11
507, 614, 8.827596171503274e-11
9, 245, 7.642243119944353e-11
464, 708, 7.18381667615485e-11
70, 335, 7.136165332460767e-11
601, 708, 7.080155933778305e-11
166, 573, 7.06351913656034e-11
44, 231, 6.842462841590184e-11
9, 110, 6.836650457719429e-11
70, 305, 6.199331747237916e-11
117, 297, 5.901015648714308e-11
117, 273, 5.88863065397016e-11
493, 577, 5.5071539056542984e-11
112, 526, 5.4994652109511836e-11
497, 733, 5.4147243136497125e-11
117, 543, 5.1401074060293865e-11
117, 299, 4.6706467890659676e-11
9, 175, 4.512827174584557e-11
62, 526, 4.33771581545057e-11
112, 557, 4.066137435653297e-11
112, 757, 4.0330037187355375e-11
62, 557, 4.0077651102600207e-11
62, 757, 3.926580124630575e-11
493, 567, 3.712228628692791e-11
234, 577, 3.5997158992615106e-11
234, 567, 3.384378737293756e-11
44, 273, 3.163822520548916e-11
291, 564, 3.095419703360456e-11
493, 573, 3.062836890933893e-11
112, 507, 2.99915004358526e-11
62, 507, 2.989074452888976e-11
44, 297, 2.9751636096266105e-11
83, 526, 2.938428625098189e-11
143, 526, 2.90346360962259e-11
44, 543, 2.8919711611949603e-11
9, 436, 2.8132637824398624e-11
98, 564, 2.7922366994115465e-11
112, 335, 2.7840086031950823e-11
143, 557, 2.6753236138591406e-11
161, 231, 2.6456088883314538e-11
83, 557, 2.5587386912763845e-11
9, 242, 2.478469877655247e-11
44, 299, 2.353210616950917e-11
112, 305, 2.333716738640315e-11
62, 335, 2.316684437553463e-11
234, 573, 2.2132416099194175e-11
117, 845, 2.1982115108765792e-11
593, 763, 2.1288615999815365e-11
161, 273, 2.123144650834007e-11
143, 507, 2.0443493699029358e-11
83, 507, 2.0124551842318778e-11
660, 757, 1.9798279908214913e-11
143, 335, 1.9498321995481547e-11
62, 305, 1.941151005906157e-11
662, 757, 1.8072835426735635e-11
143, 305, 1.6328825900261277e-11
662, 845, 1.5923960657816707e-11
671, 757, 1.5769078505549754e-11
83, 335, 1.5749107766196646e-11
393, 614, 1.5107909327469946e-11
161, 297, 1.4963912935226106e-11
671, 845, 1.4958226208971203e-11
577, 757, 1.4402844957371125e-11
83, 305, 1.393124446349522e-11
83, 642, 1.2525679320180509e-11
143, 642, 1.2296439849568206e-11
750, 845, 1.2132579841121086e-11
161, 299, 1.1660634088994752e-11
117, 526, 1.1477698477717026e-11
9, 269, 1.1412829352253425e-11
9, 264, 1.0417149682238273e-11
166, 564, 1.0301753647112133e-11
117, 557, 7.990279190587301e-12
9, 95, 7.837981200878632e-12
205, 277, 7.346131663204073e-12
117, 335, 7.040144570731332e-12
9, 88, 6.266681326579692e-12
117, 305, 5.940104174472423e-12
464, 553, 5.8565213800198455e-12
44, 557, 5.343495284883444e-12
393, 553, 5.0604526058304175e-12
44, 112, 4.940735129233236e-12
70, 277, 4.9180496428762214e-12
464, 614, 3.781504988924137e-12
205, 614, 3.64420850052597e-12
221, 614, 3.59643727578592e-12
70, 614, 3.551384440452498e-12
437, 553, 3.2703438309975507e-12
234, 564, 3.2558538457406906e-12
9, 231, 3.225206475778737e-12
493, 564, 3.053686217202184e-12
44, 305, 3.0102517046102255e-12
205, 553, 2.9002377546397313e-12
221, 553, 2.8985273694285277e-12
437, 614, 2.6290065608113063e-12
70, 553, 2.5799017416518684e-12
358, 614, 2.4635317449136603e-12
44, 335, 2.4132818657017587e-12
358, 553, 2.3073855659475408e-12
112, 277, 1.8416500973804927e-12
62, 277, 1.5787933990469025e-12
9, 297, 1.5065872598644418e-12
161, 305, 1.4358623762005782e-12
9, 273, 1.4311247668584526e-12
143, 277, 1.4161656941627956e-12
117, 686, 1.354281522873015e-12
117, 642, 1.348679686071579e-12
9, 505, 1.2828530294625882e-12
393, 608, 1.2101431922512648e-12
9, 299, 1.2031638134316777e-12
83, 277, 1.0953430847691105e-12
464, 567, 1.0876044305346653e-12
161, 335, 1.0490854130286424e-12
393, 577, 1.0444098209594522e-12
507, 608, 1.025945507552879e-12
464, 577, 1.0176831198991344e-12
393, 567, 9.649187565512337e-13
44, 642, 8.611733742659062e-13
464, 608, 8.194696350700342e-13
532, 608, 8.176495208140239e-13
221, 608, 7.523783779452722e-13
205, 608, 7.522079119875459e-13
70, 608, 7.438644227225756e-13
464, 573, 6.579921451255818e-13
393, 573, 6.338969066710528e-13
221, 577, 6.025982528747015e-13
221, 567, 5.741917471133438e-13
205, 577, 5.714068564218154e-13
205, 567, 5.575792559731484e-13
70, 577, 5.500439680858954e-13
9, 112, 5.234311107743996e-13
9, 102, 5.23352944243376e-13
70, 567, 5.127592881615774e-13
437, 567, 4.998768804324796e-13
117, 507, 4.877287917288517e-13
6272, 6661, 4.71114415985541e-13
437, 577, 4.6790188155635e-13
117, 277, 4.643023528057893e-13
358, 577, 4.470924799648833e-13
358, 567, 4.330356476372738e-13
507, 577, 4.1550771222018945e-13
44, 526, 4.1292524294314773e-13
6441, 6661, 4.081428509460308e-13
221, 573, 3.828333942467466e-13
205, 573, 3.658628860267346e-13
70, 573, 3.4529763302790497e-13
44, 507, 3.1414238857094053e-13
437, 573, 3.0851478762423133e-13
358, 573, 2.8529120846034234e-13
44, 277, 2.4763993177161866e-13
9, 83, 2.4026528917170163e-13
9, 305, 1.5789488985395874e-13
161, 277, 1.5633851814909556e-13
161, 526, 1.406627876608632e-13
9, 335, 1.292082430723832e-13
161, 507, 1.1137617115091272e-13
464, 564, 9.66163263668625e-14
393, 564, 8.316351899802876e-14
62, 733, 7.142036015795304e-14
112, 733, 6.816356450982865e-14
221, 564, 4.90955741879215e-14
205, 564, 4.808629969243859e-14
9, 526, 2.2624254929940064e-14
6000, 6397, 2.1282992554542142e-14
2881, 3098, 1.8786285192472555e-14
6000, 6350, 1.738691343819842e-14
577, 642, 1.7249030323418614e-14
9, 507, 1.6921725222001303e-14
9, 277, 1.1347228205557524e-14
161, 642, 1.1037933136147974e-14
112, 614, 5.538315759660598e-15
62, 614, 5.530744791391703e-15
83, 614, 3.653756627239042e-15
143, 614, 3.4322936269984783e-15
497, 614, 3.0326913977951438e-15
437, 608, 2.5990232810420726e-15
358, 608, 2.398295446546554e-15
5838, 6397, 2.1617952449962894e-15
62, 608, 1.104645149061469e-15
112, 608, 1.097233468463572e-15
5681, 6397, 1.023650574083484e-15
161, 543, 2.4894610736500587e-16
9, 543, 4.168382555932675e-17
