Gene = Proser1
index = 856
Annotated 5SS: [  654  3502  5884  6702  7852  8421  9902 11101 11745 12036 15501 16045]
Annotated 3SS: [ 3435  5814  6606  7757  8309  9817 11021 11648 11990 13816 15893 16845]
SMsplice 5SS: [  255   654  7852  8421  9902 11101 11745 15501]
SMsplice 3SS: [  486  7757  8309  9817 11021 11648 15364 16845]
length: 18090
Partition function (logZ) = 13.577856030341676
#Introns = 2714
5SS, 3SS, prob
255, 486, 0.8687384342739528
7852, 8309, 0.8660653903635884
11101, 11648, 0.8318808831863531
9902, 11021, 0.5935984716271074
8421, 9817, 0.5931284038777516
15501, 16845, 0.4789929368752966
6702, 7757, 0.3392046906745037
654, 2667, 0.32959815150809274
14891, 15364, 0.24689177353575242
16045, 16845, 0.24540571804635888
11745, 15364, 0.24123321359393352
8517, 9817, 0.222609005464057
2814, 3435, 0.21892006941296174
11745, 11990, 0.2004200388282219
654, 3435, 0.18711907112365114
15501, 15955, 0.160518799670765
12036, 15364, 0.15603420900178203
11745, 14755, 0.14063787573577202
6336, 6606, 0.133642532910134
9902, 9989, 0.12882497925014386
5884, 6606, 0.11317935947198114
9902, 11648, 0.11020371515561386
6336, 7757, 0.10198251125222661
11745, 14782, 0.09793491295124006
5884, 7757, 0.09708928665020233
15501, 15809, 0.09407760586100941
12036, 14755, 0.0890437427432264
11745, 11911, 0.084224306633276
654, 2711, 0.08363752740466994
10239, 11021, 0.0773708152003989
2814, 5814, 0.07494559342559177
9970, 11021, 0.07321611519492645
5884, 6079, 0.07136882319309627
3502, 5814, 0.06760570857424852
12036, 14782, 0.0617601609475333
15956, 16845, 0.05694592043198992
11745, 11877, 0.054966163855140145
7648, 7757, 0.05410469626028973
14891, 15326, 0.053585906413518014
9672, 9817, 0.052594870546256604
3687, 5814, 0.051076633839112616
11745, 15326, 0.04955169497059868
6702, 7460, 0.04937848036147689
654, 5814, 0.04922876092934846
7550, 7757, 0.048747598874369316
10079, 11021, 0.04738227874874854
2814, 6606, 0.04694090878925812
9448, 9817, 0.04450453457023269
3502, 6606, 0.043934060094003836
8421, 9141, 0.036201901340908546
15501, 15975, 0.03601017348464437
654, 2682, 0.03552266116824137
15524, 16845, 0.03503417459023935
3502, 7757, 0.03483614399212571
2814, 7757, 0.03354744155928234
3687, 6606, 0.033412930021565986
5884, 6159, 0.03339489936543613
7556, 7757, 0.03293305015566152
255, 574, 0.03278582207858692
6702, 7795, 0.032415625189661304
12036, 15326, 0.03210112115562763
654, 1752, 0.0314254846638216
654, 6606, 0.031225560963341444
5832, 6606, 0.030950259140128687
2814, 4066, 0.02666863299097008
3687, 7757, 0.026305241013522416
7889, 8309, 0.02621265439671941
4136, 5814, 0.024595917727159234
5832, 7757, 0.024543391390235744
7852, 9817, 0.024120270097978968
14873, 15364, 0.023175786574557267
3502, 4066, 0.02232309212327569
15920, 16845, 0.021224164966942488
2814, 6079, 0.020680104292872405
10431, 11021, 0.020359555518093566
654, 7757, 0.020274770361064762
654, 4066, 0.020045377632294054
3502, 6079, 0.01966717554333935
2814, 5544, 0.01932146128540386
15501, 15776, 0.01911148701362659
5728, 5814, 0.01839404663904712
2814, 5723, 0.017858392308576106
4136, 6606, 0.017619477884429337
3687, 4066, 0.01752812878537398
6702, 7476, 0.017318205231215387
4813, 5814, 0.016890290469235902
14807, 15364, 0.016844255151041345
3502, 5544, 0.016796992285184845
8468, 9817, 0.01561666722738592
11745, 11832, 0.015365251845341633
5832, 6079, 0.01513991157848972
654, 1326, 0.015139382319845705
14903, 15364, 0.01508571117189779
6702, 8309, 0.015018119885768809
3687, 6079, 0.014889937786203542
10239, 11648, 0.014861400381012848
3502, 5723, 0.014818597625188064
15501, 16041, 0.014679436965791642
8517, 9141, 0.014298663232764106
5884, 7460, 0.014085369031557849
4136, 7757, 0.014016170337371592
9970, 11648, 0.01358874968361047
7885, 8309, 0.013164105948866531
6336, 7460, 0.013048810595781644
654, 6079, 0.012912688027930459
3687, 5544, 0.01268370747796552
6702, 7352, 0.012564992432044689
654, 5544, 0.012375804959726731
15524, 15955, 0.012374815164443519
15501, 15937, 0.012141126910738608
4813, 6606, 0.012115714668662398
4991, 5814, 0.012069819249365604
8421, 9633, 0.011793764938032966
13407, 15364, 0.011574998550862251
654, 5723, 0.011283331965651162
3687, 5723, 0.011157257368104634
3502, 6159, 0.011100814364463222
11745, 16845, 0.011056375620550868
14891, 15276, 0.010999962271366246
9902, 10301, 0.01087029665378025
5687, 5814, 0.010733583854852962
14891, 16845, 0.010431012614651942
2814, 6159, 0.010412086284580062
11745, 15276, 0.010278004217364372
7852, 8370, 0.010211676678782183
699, 2667, 0.010063997825716351
2814, 4697, 0.009790832986005419
6336, 7795, 0.00978211778165637
9142, 9817, 0.009532978867375799
6637, 7757, 0.009307322515115186
4813, 7757, 0.009307240286255207
2053, 2667, 0.009125657818050728
5884, 7795, 0.009102837146052449
10079, 11648, 0.009076743973261097
2814, 3316, 0.009020328771683147
1480, 2667, 0.008923206600672083
8421, 9481, 0.008820949861851751
15501, 15987, 0.008588812048369941
3687, 6159, 0.008354131870663445
8421, 9598, 0.008185994214678558
9902, 10214, 0.008121590596665371
2814, 4799, 0.008080896644512819
3502, 4697, 0.008031160734046772
4890, 5814, 0.008026337799946937
654, 6159, 0.0080195740731305
14891, 15391, 0.008004206980302072
5884, 6180, 0.007980340042652693
14907, 15364, 0.007968384978786647
7305, 7757, 0.00790777682202514
654, 3316, 0.007823114493600014
654, 2052, 0.00777085504887887
7852, 8222, 0.007490269907576067
4136, 6079, 0.007387072746812479
8421, 8938, 0.007265282817365264
14306, 15364, 0.007084374680320707
4102, 5814, 0.007079838427284447
14891, 15372, 0.007037939394121637
6336, 6527, 0.006977251836367283
4991, 7757, 0.006940404985025499
12036, 16845, 0.006937441972773976
255, 541, 0.0068955180149637574
654, 4697, 0.00689177789305524
13407, 14755, 0.006860991112876628
4991, 6606, 0.006786832914412039
11745, 13232, 0.006754349561030763
15524, 15809, 0.006732974879987227
15501, 16236, 0.0067148291602200216
11745, 15391, 0.006613281441297575
1480, 3435, 0.006581290036100667
2053, 3435, 0.0065528377882202666
5832, 6159, 0.006512437543565119
11745, 11965, 0.006511521741307819
12036, 15276, 0.00648229467784067
3502, 4799, 0.006401659083975457
15956, 16041, 0.006340413102246715
5964, 6079, 0.006315350494151949
8177, 8309, 0.006237590227271043
255, 2667, 0.0060482967115646595
9661, 9817, 0.006046001934388057
3687, 4697, 0.006039709856019395
11805, 11990, 0.00599733204782338
9329, 9817, 0.005984509234786112
11745, 13816, 0.005936850631455406
15501, 15893, 0.005926765000551411
654, 2663, 0.005924216540542773
11745, 15372, 0.0058860679363789865
4136, 5723, 0.005879458789403124
4136, 5544, 0.005848750115108373
654, 802, 0.005819648889032602
699, 3435, 0.005598634203828395
5884, 6226, 0.005366463958977869
654, 2716, 0.005227100123650275
14866, 15364, 0.005199421526793845
4813, 6079, 0.005060970851189129
16045, 16236, 0.005014503446127672
3502, 7460, 0.0049966768021029615
14306, 14755, 0.004994439108851509
9902, 10134, 0.00497728790893081
15501, 16044, 0.004964255816909071
654, 4799, 0.004933733078742574
9246, 9817, 0.004926561361240661
11745, 13299, 0.0049118748982757135
9902, 10974, 0.004911113031637196
3687, 4799, 0.004811041019803002
15501, 16753, 0.004766970745852011
2814, 4873, 0.004750337017975475
9902, 10329, 0.004707464770387999
215, 486, 0.0045805816482879765
15645, 16845, 0.0045753698452388565
2814, 7460, 0.004566575542175117
8421, 9524, 0.0045630742750430555
15501, 17662, 0.004510139313459632
4890, 7757, 0.004486774137975244
11745, 14160, 0.004453629497056292
6336, 8309, 0.004446713978731193
8437, 9817, 0.004437939562124835
8517, 9633, 0.004422798796906874
4368, 5814, 0.004344007503449319
2814, 4045, 0.004339552212249369
654, 767, 0.004288222185526302
10041, 11021, 0.004274595111630578
13407, 14782, 0.004213202277135294
2814, 3563, 0.0041851934004017485
12036, 13232, 0.004109597302417535
654, 2771, 0.004089935205477239
5964, 7757, 0.004081478101389713
14873, 15326, 0.0040710183942206084
5884, 6527, 0.004029806229551885
5884, 8309, 0.004025046879477091
654, 1370, 0.004018556640751553
11805, 11911, 0.0039880582733626355
10431, 11648, 0.0039453115318721565
4813, 5544, 0.0039277199889386945
3502, 4873, 0.0039054259574953076
4102, 7757, 0.003901371840625682
3502, 3608, 0.0038944957362558657
7550, 7795, 0.0038513713094840384
5884, 7476, 0.003847512963333813
16065, 16845, 0.0038150071354832167
4991, 6079, 0.003795356027876418
12036, 13816, 0.003775224924479424
15501, 15576, 0.003772453072775497
6336, 7476, 0.003752796872802678
3687, 7460, 0.003736003585127946
3502, 4045, 0.0037084177490983245
2254, 2667, 0.003632001752413134
654, 873, 0.003605499011940499
6702, 7238, 0.0035793856743178733
5884, 7352, 0.003538225338918263
8421, 11021, 0.003523701477108393
8421, 9308, 0.0035212573535944175
9902, 10165, 0.003516777378248686
6336, 7352, 0.0034855088411543528
16352, 16845, 0.003466327569727392
654, 3563, 0.0034481437488918893
6702, 7732, 0.0034188232031336233
8517, 9481, 0.0033929037965678855
11745, 13274, 0.0033791630669187645
654, 7460, 0.0033738397496503635
949, 2667, 0.0033565601239104485
654, 4045, 0.0032919358141555604
11745, 15955, 0.0032703053675357955
15501, 17319, 0.003252650674346421
14891, 15955, 0.0031482219571011155
8421, 9649, 0.003113521515866942
4991, 5544, 0.0031130631877952274
15501, 17518, 0.003093376730416564
3687, 4045, 0.003064475395196816
255, 449, 0.0030550390292033197
14306, 14782, 0.003018856151748831
8421, 9332, 0.0030180947120851073
15577, 16845, 0.0030090389738294757
12036, 13299, 0.0029991210018245756
3502, 7795, 0.0029985749432003845
2814, 7795, 0.002996901492200825
11257, 11648, 0.0029749036574533375
8517, 9598, 0.0029582978639929934
7852, 7958, 0.002951194909131785
12036, 15391, 0.0029353233739913684
15501, 15644, 0.00291494463405124
12036, 14160, 0.002870049173175864
14807, 15326, 0.002851260908263491
3687, 4873, 0.0028308185614442398
13590, 15364, 0.0028284537788302875
11805, 15364, 0.002812164757616948
8517, 8938, 0.0027896387836260058
7648, 7795, 0.0027584960857578826
6702, 7776, 0.002724013897528946
7852, 8388, 0.002719207673120685
9938, 11021, 0.002693953023614544
4813, 5723, 0.002693220686116486
4890, 6606, 0.0026821273562038068
12036, 15372, 0.0026671284382523645
15501, 16737, 0.0026628050968599453
844, 2667, 0.0026501247474555274
654, 1201, 0.0026364572899643685
654, 2733, 0.0026325561275318083
654, 4873, 0.002626925674813612
7556, 7795, 0.002598023621817806
9906, 11021, 0.0025949470095873923
4136, 4697, 0.002594297781611814
15524, 15975, 0.0025942440227565565
6702, 7322, 0.002571231061821064
699, 2711, 0.0025537912791421874
13964, 15364, 0.002534555119905693
2814, 4464, 0.002528670053257114
9369, 9817, 0.0025243206896833664
2254, 3435, 0.002483275026428023
14903, 15326, 0.002475717981207089
2786, 3435, 0.0024753829388654103
5728, 7757, 0.002450384619134818
949, 3435, 0.002427741344679671
4890, 6079, 0.0024220760100845374
2053, 2711, 0.0024200367677633073
11805, 14755, 0.002401710396290776
16045, 16753, 0.0023869476302226878
16451, 16845, 0.0023602492679462147
13590, 14755, 0.002352154251201061
654, 2191, 0.0023249035499565028
11745, 12009, 0.002286187343941913
5687, 7757, 0.0022682412200110665
1480, 2711, 0.002265661780467568
255, 3435, 0.002257745986397858
4136, 6159, 0.002254331875702362
15956, 16044, 0.0022496397035862096
3687, 7795, 0.0022489592275148564
13964, 14755, 0.002223277106199467
16198, 16845, 0.002209746977188081
16045, 17662, 0.002204207160578639
5832, 7795, 0.0021641635955222892
10386, 11021, 0.0021458576129358715
6702, 7217, 0.002143961479195029
6702, 7384, 0.002100801223678343
4136, 4799, 0.0020669954074552925
12036, 13274, 0.0020644514159986137
4890, 5544, 0.002037790258322319
3502, 4464, 0.0020354821743884025
12036, 15955, 0.002007272516963781
7852, 8080, 0.0019937595100909533
1480, 5814, 0.0019889105065523218
11761, 11990, 0.0019576673391586362
15501, 16942, 0.001954490343381373
2053, 5814, 0.001949498683678963
844, 3435, 0.0019401384126627637
654, 7795, 0.0018629573910505018
1918, 2667, 0.0018534806151463813
11745, 14242, 0.001852046466674185
2814, 5690, 0.0018498343757375054
11101, 11990, 0.0018497588898468075
11745, 14195, 0.0018491402701253106
6336, 6665, 0.0018167055274739097
50, 486, 0.0018054268432771581
10239, 10329, 0.0017873230747830215
1281, 2667, 0.0017643942989278194
6336, 6631, 0.0017464476862459086
9902, 10333, 0.0017195434472670544
654, 2563, 0.001696202001330597
2814, 6527, 0.0016946672269208204
2814, 7476, 0.001669194311257249
4102, 5544, 0.0016612060929617387
654, 1375, 0.001659826235542626
15645, 15955, 0.0016529798369628854
11745, 15809, 0.0016449199175024888
2814, 3608, 0.0016379885044456384
5884, 6631, 0.0016344017555880632
2814, 4755, 0.001633114113945873
3502, 5690, 0.0016121547998964036
16045, 17319, 0.0015897111844588377
7852, 9141, 0.0015864091715013635
11745, 13453, 0.001583536100730135
654, 1176, 0.0015807694522264875
4102, 6079, 0.0015642345360464558
14891, 15809, 0.0015642290944059526
3687, 4464, 0.0015561627953913236
16045, 17518, 0.001545569054808572
255, 2711, 0.0015346960847331937
7550, 8309, 0.0015265270164410275
8517, 9308, 0.00151752666831817
11273, 11648, 0.0015062996406561668
9902, 10801, 0.0014971053267171114
11745, 14842, 0.0014953568371734258
11745, 11949, 0.0014949445286147052
4991, 5723, 0.0014924332330061
15920, 16041, 0.0014840582506620305
3365, 3435, 0.001480670527954731
11101, 11681, 0.001479394571590444
654, 4464, 0.0014740259681978762
9970, 10301, 0.0014569884218362482
654, 1514, 0.001453468904546912
102, 486, 0.0014394235780038906
5915, 6079, 0.0014274372719054775
5728, 6079, 0.001426624536882777
15524, 15776, 0.0014151107412816832
654, 5690, 0.0014140367294787444
2814, 3494, 0.0014076845333335312
2814, 4132, 0.0014049848301340843
11805, 11877, 0.0013901120198862966
16045, 16737, 0.0013879687619412894
10460, 11021, 0.0013634818710672359
699, 5814, 0.0013618833539007068
654, 3608, 0.0013540440843520872
8517, 9524, 0.001353489803562648
146, 486, 0.001352223198617075
5884, 6665, 0.0013321688753263345
3502, 8309, 0.0013315851017917139
4136, 7795, 0.0013197326262886278
7830, 8309, 0.001319306289029677
1918, 3435, 0.001295966079981387
1281, 3435, 0.001278070267620107
8517, 11021, 0.0012706161321909804
13918, 14755, 0.001266737284167956
11745, 14728, 0.0012620685458342169
10239, 10301, 0.0012513917220126328
11745, 14704, 0.0012411314618971307
4136, 4873, 0.001233798424071218
3502, 4755, 0.0012285319619263517
15645, 15809, 0.0012228556238337513
2814, 4928, 0.001220091879206605
13407, 15326, 0.0012057216572257507
5687, 6079, 0.001202259245172433
2814, 8309, 0.001200507062274685
12036, 14242, 0.0011930987736253405
12036, 14195, 0.0011912265854266268
654, 3494, 0.0011837724752245555
8517, 9649, 0.0011685485902211896
654, 2560, 0.0011669702402799951
2088, 2667, 0.0011640850392458926
3502, 7352, 0.0011596005357591907
13918, 15364, 0.0011440413715899562
8517, 9332, 0.0011361024431607108
4368, 7757, 0.0011357485232014143
9902, 10098, 0.001133142499724686
17098, 17662, 0.0011328401926414692
2814, 4762, 0.0011199917812677622
17098, 17319, 0.001088133919941306
15524, 16041, 0.0010823535611316397
8188, 8309, 0.0010817626788428498
8899, 9817, 0.0010786834362831402
9970, 10214, 0.0010617829048184544
8468, 9141, 0.0010510765362757703
15679, 16845, 0.0010461260933489346
11745, 13387, 0.001044439229298582
9448, 9633, 0.0010430067448843608
15501, 17673, 0.0010364358920668326
8421, 8648, 0.001029454790461553
15501, 17820, 0.0010251051584733747
654, 4755, 0.0010227269120798115
4368, 5544, 0.0010205781135446935
5832, 8309, 0.001006725739822487
12036, 13453, 0.0010053385477956263
12036, 15809, 0.0010009541237429394
12036, 14842, 0.0009973476846206492
3687, 8309, 0.0009968475336572216
10079, 10301, 0.0009913804990521321
7556, 8309, 0.0009888605855244137
3502, 4132, 0.0009795960734089706
2088, 3435, 0.0009761290407983754
3502, 4928, 0.0009688350207421204
11101, 11186, 0.0009669161705091932
5884, 7238, 0.0009582853428002115
699, 1752, 0.00095669594051732
7852, 8120, 0.0009553408462440928
10079, 10214, 0.0009532525327724257
699, 2682, 0.0009408652917808993
15956, 16236, 0.0009405140446613737
5915, 7757, 0.0009371415472453756
1958, 2667, 0.0009257342555519615
3687, 4755, 0.0009247762139768826
654, 1341, 0.0009203144011447157
3502, 4762, 0.0008907391588747263
2814, 7352, 0.0008888174025662179
17674, 17820, 0.0008875086988630214
4263, 5814, 0.0008833417460944143
3687, 7352, 0.0008742221380657863
15577, 15955, 0.0008658849968701008
8903, 9817, 0.0008657324837983487
388, 486, 0.0008628973758884562
1480, 7757, 0.0008618923556893443
237, 486, 0.000861860102976583
12036, 14704, 0.0008616681974563706
6336, 7238, 0.0008541335631305587
2053, 2682, 0.0008536270900736126
9902, 10012, 0.0008517211095669448
8895, 9817, 0.0008365021209160985
17098, 17518, 0.000836279889272761
5797, 7757, 0.0008350207880496458
9902, 10717, 0.0008274690638933129
11400, 11648, 0.0008272650200610319
1480, 2682, 0.00082497957172448
16045, 16942, 0.0008246765523208001
2053, 4066, 0.0008241399475670427
10041, 11648, 0.0008206122741327359
1480, 4066, 0.0008119607081841292
2053, 7757, 0.0008078941065558821
6336, 7322, 0.0008004914471217742
1958, 3435, 0.0007966194491711262
11761, 11911, 0.0007919786813309085
7852, 7962, 0.0007864394051668056
14873, 16845, 0.0007857829824915092
255, 358, 0.0007785596778178588
3138, 3435, 0.0007722740353171642
15501, 17389, 0.000769799432421552
11101, 11302, 0.0007652413623033398
4634, 5814, 0.0007637113437819016
654, 4132, 0.000760473828425685
9970, 10134, 0.0007591499766672666
2814, 3519, 0.0007556644028378875
3687, 4132, 0.000754166391029409
11745, 13492, 0.0007514135825975553
2254, 2711, 0.0007499118557189492
949, 5814, 0.0007446535466357895
4102, 4697, 0.0007390576337028471
10079, 10165, 0.0007384301881759013
949, 2711, 0.0007350181779935803
654, 805, 0.0007347065207983008
3687, 4928, 0.0007303720406659847
654, 2352, 0.0007299122795685007
7648, 8309, 0.0007278740997304245
16490, 16845, 0.0007242051663418818
4136, 4464, 0.0007237901594761683
633, 2667, 0.0007153421420440559
9933, 11021, 0.000707154073166725
10173, 11021, 0.0007012691591503245
5884, 7322, 0.0007007455924571363
654, 730, 0.0006975299658991362
654, 717, 0.0006891474388997913
15501, 15737, 0.000685725321693734
1933, 2667, 0.0006821149189623085
654, 4928, 0.0006785185368071865
2254, 5814, 0.0006755632706544835
654, 3519, 0.0006737279052761035
654, 1000, 0.0006706822903016535
3687, 4762, 0.0006702658020664664
12036, 13387, 0.0006662028112071981
654, 1982, 0.000665307038119476
9902, 9970, 0.0006630634287926718
10239, 10333, 0.0006605494638004818
15501, 17735, 0.0006602437544315591
371, 486, 0.0006583879082506559
7889, 9817, 0.0006554047538471184
11761, 11877, 0.0006542002519219232
8421, 9361, 0.0006533697461289425
255, 2682, 0.0006519083707496887
1706, 2667, 0.0006512039418674759
4368, 6079, 0.0006402814200891242
11101, 11911, 0.000640230876786979
11101, 11553, 0.0006395394027791181
11745, 15975, 0.0006298114083039894
14891, 15160, 0.0006219669667306667
10881, 11021, 0.0006196450673499773
2814, 4933, 0.0006154575092938406
9970, 10329, 0.0006123424012842326
11745, 14116, 0.0006096515250088679
15501, 16805, 0.0006083867161040406
8421, 8667, 0.0006051018602031842
654, 4762, 0.0006044531383078939
11745, 14602, 0.0006021465851640821
15577, 15809, 0.0005895427610440884
8517, 8648, 0.000588062733656816
15956, 16753, 0.00058587702407561
8421, 11648, 0.0005839136407750648
699, 4066, 0.0005796695778706671
1933, 3435, 0.0005789629830272416
4102, 4799, 0.0005773181942349905
7870, 8309, 0.0005770721662317627
4136, 8309, 0.0005768883444823934
2814, 6665, 0.0005726567178249901
15501, 15862, 0.0005717916247943457
4813, 4928, 0.0005690430012050449
15524, 15937, 0.0005688289883072242
844, 2711, 0.000565554954024914
8421, 9379, 0.0005619232979749907
9970, 10165, 0.0005601708606199537
11745, 15160, 0.0005561216857182782
2814, 4249, 0.0005444617207871768
10802, 11021, 0.0005440368678651737
255, 1752, 0.0005430092277834813
14891, 15975, 0.0005430048408774089
9902, 10947, 0.0005427390674252623
9902, 10989, 0.0005332097719946635
1706, 3435, 0.0005325662611814293
9906, 9989, 0.0005310640371004007
9166, 9817, 0.0005284487117930415
2167, 2667, 0.0005230971581195841
1480, 5544, 0.0005204798284514839
9448, 9598, 0.0005196043886910174
11765, 11990, 0.0005192359083637513
255, 600, 0.0005155738284995497
2053, 5544, 0.0005054196133301168
14873, 15276, 0.0005026530496185591
9938, 11648, 0.0004988251345320644
2814, 4723, 0.0004946741435892159
9008, 9817, 0.0004928147394475831
3502, 4933, 0.0004918235713039303
11745, 12028, 0.0004897703341903655
14807, 16845, 0.000488701765815453
654, 2460, 0.0004870791779715512
15501, 15853, 0.0004864364467935225
888, 2667, 0.0004841926819137129
896, 2667, 0.0004838397625461238
16211, 16845, 0.0004831855464789674
3502, 3589, 0.0004807659028622035
9906, 11648, 0.000480492539791311
9419, 9817, 0.0004801345564411283
12036, 13492, 0.00047714541923819467
10239, 10974, 0.00047666631307792214
9650, 9817, 0.00047534146236091095
8623, 9817, 0.00047278435554460934
15524, 15987, 0.00046899697055700776
7852, 9633, 0.0004650737337480589
9970, 10974, 0.00046172317634465506
16045, 17820, 0.00046094721402439555
654, 8309, 0.0004587963623755423
8421, 9145, 0.00045030852779750824
654, 6665, 0.0004499764776276839
699, 1326, 0.0004481885675544456
1118, 2667, 0.00044267327300580924
10441, 11021, 0.0004416507075095387
15920, 16044, 0.0004395772986185309
2167, 3435, 0.00043378694530631643
15524, 16236, 0.00043259081803626514
633, 3435, 0.0004322745989839426
11101, 11699, 0.0004290790993478081
4263, 5544, 0.0004232467145492485
4813, 7795, 0.00042088124907492736
3502, 4723, 0.0004207583227280298
7852, 8425, 0.0004206263434516976
3687, 5690, 0.000418778169146855
14903, 16845, 0.00041870296529575795
4368, 4464, 0.00040284045630515676
9902, 10955, 0.00040041985684039
888, 3435, 0.0003981226598396989
896, 3435, 0.0003976788306637749
12036, 14602, 0.00039738993153673154
15920, 15987, 0.0003968247995289089
8421, 9419, 0.00039559744486911445
6702, 9817, 0.00039467567143873863
11101, 11581, 0.0003938986744657675
4136, 4755, 0.00039134634013014713
8421, 8560, 0.0003912809623453506
1918, 2711, 0.0003907931305325612
15956, 17662, 0.0003883658398662069
1281, 2711, 0.00038505780320278386
654, 1994, 0.000384948930854985
16045, 17673, 0.00038005867443222454
4368, 4799, 0.0003773828749612302
3502, 7238, 0.00037476804329428465
15679, 15809, 0.00037472251850190853
6637, 8309, 0.00037417832495003
2814, 3501, 0.0003721085499683937
3687, 4933, 0.00037038684335795417
12036, 15160, 0.00036868420197723624
1118, 3435, 0.000366051538890245
10386, 11648, 0.00036563582511470346
3502, 4249, 0.0003651297647864802
5469, 5544, 0.00036507764708545645
10079, 10329, 0.0003633579700138763
9902, 10570, 0.00036330145141735424
654, 4723, 0.0003626770784329737
8421, 9186, 0.00035951498896718203
4813, 8309, 0.00035677231662144927
255, 5814, 0.00035647247999204295
11101, 11877, 0.00035622240953497245
12036, 14116, 0.0003536652468616636
699, 5544, 0.00035197183831636855
1480, 1752, 0.00034897833367119804
699, 802, 0.0003488844173711823
7852, 7921, 0.00034528148539977324
7305, 8309, 0.0003450546699716331
654, 1878, 0.00034258510920429417
2814, 7238, 0.0003422973892588193
13407, 13816, 0.0003401770087305002
15524, 16044, 0.00034011538647294256
7852, 8050, 0.0003399316887410848
2254, 2682, 0.00033735644877633096
13407, 16845, 0.0003352817022462698
8541, 9817, 0.0003305082263881077
1770, 2667, 0.0003270238821594319
8517, 8667, 0.00031794115468924023
9231, 9817, 0.000317747413150439
4136, 4928, 0.00031772561360944395
654, 3501, 0.0003170410700047065
3687, 4723, 0.00031655495951460875
949, 2682, 0.00031189504568092385
4368, 4697, 0.00031101192700339026
12036, 14728, 0.00031063949507478074
654, 2491, 0.0003101337204415348
12036, 15975, 0.0003090437727576552
10820, 11021, 0.00030875682559159285
10739, 11021, 0.0003046668065883147
15956, 16737, 0.0003045923297086493
10676, 11021, 0.000304546526247896
949, 4066, 0.00030326911880469503
654, 4249, 0.00030231550265567993
1770, 3435, 0.00030076813980838707
654, 1180, 0.0003006625755681076
8421, 9263, 0.00029947432060753345
2814, 4503, 0.0002970206923616982
3703, 4066, 0.0002968241050281794
2088, 2711, 0.0002963916749067021
579, 2667, 0.0002934020773280034
2254, 4066, 0.00028887345251264496
15501, 15904, 0.0002874606161922941
7852, 8938, 0.00028698205883666966
7885, 9817, 0.00028404117421977214
16045, 17389, 0.00028228369367002646
4136, 4249, 0.0002818969331106499
255, 1326, 0.00028154694370727636
17199, 17319, 0.0002812270348140208
15956, 17319, 0.0002802453943561269
8437, 9141, 0.0002790794857073587
3687, 4249, 0.0002741402359289051
15501, 17563, 0.0002724625642246587
9902, 11990, 0.0002712164771641642
15645, 15776, 0.0002700037178750317
654, 4933, 0.00026936695120913565
4991, 8309, 0.0002684312037231645
1480, 3316, 0.0002647583200545979
15679, 15955, 0.0002637303764768674
1830, 2667, 0.0002630426355053464
2053, 3316, 0.00026301430270776245
11745, 14305, 0.0002601257298615825
9902, 10868, 0.0002593714235078488
2786, 4066, 0.000259184190907158
9902, 10177, 0.0002584371626289835
9448, 9649, 0.0002581885585659106
16137, 16845, 0.00025783215589995695
1480, 4697, 0.0002564553443272399
7889, 8370, 0.00025512628460215266
4813, 4933, 0.00025390922465009564
11745, 15776, 0.00025364252119801074
2814, 4803, 0.0002516698542104209
2053, 4697, 0.0002506905064474863
15645, 15975, 0.0002496206001166882
1958, 2711, 0.00024877079036791553
15524, 15644, 0.00024608524698084745
654, 6527, 0.00024439544456635097
654, 737, 0.00024260675843392778
844, 2682, 0.00023998561328399392
15920, 16236, 0.00023968348134249386
14891, 16041, 0.0002382797272524516
3471, 4066, 0.0002382595404769119
16045, 16805, 0.00023819233612196132
1830, 3435, 0.00023746129087672354
15501, 15715, 0.00023672845262319328
4634, 5544, 0.00023662366451233577
699, 2052, 0.00023474379374779708
10460, 11648, 0.00023416405151633019
699, 3316, 0.0002339713753322129
15524, 16753, 0.00023282160962576057
8421, 9989, 0.00023177071088764892
3502, 4503, 0.0002285449546294869
8421, 8999, 0.000226769026879788
14891, 15776, 0.00022465294506735715
11745, 16041, 0.00022446968965314425
2814, 3019, 0.00022338022165664385
1480, 4799, 0.00022235651236828677
9970, 10333, 0.00022193956519623548
7889, 8222, 0.00022082362891897924
763, 2667, 0.000218560668065882
10239, 10801, 0.00021821752019798008
3568, 4066, 0.00021804670055291598
2053, 4799, 0.00021735817923284993
4102, 4873, 0.00021663472489558247
2814, 3842, 0.00021356222332577434
844, 4066, 0.0002124967613892931
15706, 16845, 0.0002117956831403108
9902, 10620, 0.0002115918822678486
3896, 4066, 0.00021141411985226575
4136, 4762, 0.00021085107396471493
15501, 17946, 0.00021071241418000371
654, 3019, 0.0002101371257687071
11765, 11911, 0.0002081751694680363
4102, 4464, 0.0002078979353176393
16045, 16164, 0.00020440633563353368
215, 574, 0.00019950963504839327
15956, 17518, 0.00019889739996978525
9970, 10098, 0.00019624942531884054
16045, 17735, 0.00019553173106993675
763, 3435, 0.00019519904526011612
949, 5544, 0.0001948491306379396
13590, 13816, 0.00019476815184793543
5964, 8309, 0.0001946197118197375
15501, 17965, 0.00019441265914079572
2814, 4528, 0.00019337847681475358
9902, 11681, 0.00018988030772252657
8517, 11648, 0.00018953780771936024
654, 1322, 0.00018741281359546303
11805, 11965, 0.00018566688254903667
9970, 10801, 0.00018550336136008723
3502, 7322, 0.00018488189071187253
6702, 7627, 0.0001847195485891414
2814, 3589, 0.00018435857457454037
11765, 11877, 0.00018424638561495156
5832, 7352, 0.00018303954672802865
8468, 8938, 0.0001826097738860472
2254, 5544, 0.00018240918122535647
11101, 11382, 0.00018167867976941586
1912, 2667, 0.00018155778592286148
8468, 9633, 0.00018136253066549857
3687, 3842, 0.0001801833832733805
8421, 8752, 0.0001791206315115796
8517, 9145, 0.000178218451600524
1869, 2667, 0.00017693554785690245
8517, 9361, 0.00017651327449227648
2814, 2884, 0.00017628500611040177
1933, 2711, 0.00017452764649760562
579, 3435, 0.00017148624111254659
11101, 11600, 0.00017105620051864766
8517, 9379, 0.00017023977513028725
11527, 11648, 0.0001693838714528727
2786, 5544, 0.00016935665425523398
1918, 2682, 0.00016891744673657098
9902, 10902, 0.00016866378256288932
3502, 3842, 0.0001677738812138922
3687, 4503, 0.0001656262057197771
1281, 2682, 0.00016339408291583436
654, 1211, 0.0001608798734818848
7852, 8318, 0.00015978881186186437
944, 2667, 0.0001592496978383148
12036, 14305, 0.00015917936636982758
4102, 8309, 0.00015736524881511645
1910, 2667, 0.00015724135785947536
4136, 4933, 0.00015602242791583896
9902, 10185, 0.00015529521054049659
4890, 8309, 0.0001548813519448273
15501, 15832, 0.00015388847503651872
844, 5544, 0.00015201689570159475
3005, 3435, 0.00014829548615694234
15501, 15583, 0.00014562047503327615
11805, 13232, 0.00014532467722433082
10173, 11648, 0.00014501997270184385
13407, 14160, 0.0001448161815115846
16391, 16845, 0.00014353883553934417
6702, 8370, 0.0001424427819537138
2814, 3866, 0.00014227908490831902
1281, 4066, 0.00014214303788340538
3043, 3435, 0.00014150598460320867
699, 4799, 0.00014093140184527584
1918, 4066, 0.0001404334065095015
8517, 9186, 0.0001400497319340261
15501, 16164, 0.00013985537613949074
3502, 4528, 0.00013943607828660913
1815, 2667, 0.0001379903480031752
90, 486, 0.00013710327226104768
12036, 15776, 0.0001365326507445536
2147, 2667, 0.00013648025996326665
699, 1370, 0.0001353792486187833
654, 955, 0.00013346156300719528
11424, 11648, 0.0001316370589811096
10079, 10333, 0.00013134675057876127
4368, 4873, 0.00013052505850587857
9933, 11648, 0.00013006661203104452
9902, 10515, 0.00012912041694206771
11805, 16845, 0.00012876250954599794
1869, 3435, 0.00012857080017686923
654, 1160, 0.00012815492891984977
3502, 4803, 0.0001279613083707514
699, 873, 0.0001276870650744613
2814, 2968, 0.0001273715316009852
1912, 3435, 0.00012674103246721225
8517, 9263, 0.00012650972910493432
9902, 10342, 0.0001258039959684429
2053, 2663, 0.0001252534214517981
654, 1891, 0.00012522243463710628
5728, 8309, 0.00012356068914336977
13407, 13492, 0.00012336966622397344
8481, 9817, 0.00012275147237863164
4634, 4799, 0.0001225962631111395
1480, 2663, 0.0001223181683438394
10079, 10801, 0.00012010098797485804
11805, 13816, 0.00011972937252998057
944, 3435, 0.00011903177545573935
6702, 8222, 0.00011861419871987646
1480, 4045, 0.000118181940345238
654, 3842, 0.0001180261544176507
3471, 3563, 0.0001163717366469026
3357, 3435, 0.00011589270576529748
2053, 4045, 0.00011535272952834873
255, 2052, 0.00011529609072831333
654, 2785, 0.00011518133061951008
949, 1752, 0.0001149690869257568
654, 2884, 0.00011484298479430505
5687, 8309, 0.00011437610491814189
8421, 9345, 0.00011369402445927137
2814, 5345, 0.00011270398777393251
9970, 10717, 0.00011257733694720046
9902, 10386, 0.000112219280096728
7885, 8370, 0.00011220835783053175
2814, 2925, 0.00011208376795025496
654, 4503, 0.00011099580117709513
3687, 3866, 0.00011030541959395157
1910, 3435, 0.00010998759824587119
11745, 13201, 0.00010994027906314211
9902, 9974, 0.00010977944101086127
699, 2771, 0.00010878356798032514
7885, 8222, 0.00010807979505094482
1480, 3563, 0.0001067116911780885
3502, 3866, 0.00010621609735265044
2814, 4344, 0.00010615594690484386
2088, 4066, 0.00010551202180224083
1815, 3435, 0.000104716623167093
10239, 10717, 0.0001045117801712461
2053, 3563, 0.00010415707183364686
8517, 9419, 0.00010385936306218078
299, 486, 0.00010361779605890187
173, 486, 0.00010060820029518531
8421, 9832, 0.00010004644615988631
3687, 4528, 9.938340898331272e-05
2786, 3316, 9.838402234034259e-05
11745, 14479, 9.835672641249053e-05
2254, 3316, 9.79305330239271e-05
654, 2968, 9.759734374765962e-05
949, 3316, 9.684980397943029e-05
3365, 4066, 9.647964006280108e-05
8421, 9200, 9.641126276520538e-05
3687, 4803, 9.555885680614701e-05
699, 3563, 9.472415744549334e-05
699, 4045, 9.396459658088308e-05
255, 3316, 9.286611903382474e-05
10643, 11021, 9.278883972022118e-05
6336, 9817, 9.230276917970784e-05
8899, 9141, 9.176765530546402e-05
7852, 9308, 9.126309137030185e-05
844, 1752, 9.108829243965999e-05
8018, 8309, 9.042773957369492e-05
4368, 8309, 9.020085796932651e-05
654, 1157, 8.986794591968631e-05
857, 3435, 8.942714596432271e-05
9902, 10907, 8.90267610815207e-05
2147, 3435, 8.818317800851183e-05
10579, 11021, 8.812724428463423e-05
8517, 9989, 8.669781583711572e-05
8517, 8999, 8.649356238421964e-05
4263, 4799, 8.642013113593066e-05
1958, 4066, 8.632424270712628e-05
3138, 4066, 8.587263584034983e-05
5884, 9817, 8.570808078621985e-05
11745, 12806, 8.471283918036715e-05
9902, 11911, 8.43682955297982e-05
10041, 10134, 8.402906626236206e-05
5915, 8309, 8.377589172670812e-05
9902, 10140, 8.350787881863887e-05
1480, 2052, 8.273655841508941e-05
255, 1370, 8.195061485418856e-05
699, 1201, 8.143644495591376e-05
3502, 5345, 8.112486674845748e-05
10041, 10301, 8.02938080490433e-05
8903, 9141, 7.981915391754427e-05
11761, 11832, 7.979331585399326e-05
36, 486, 7.837332474767546e-05
699, 767, 7.805658863153652e-05
9902, 11553, 7.798296320176668e-05
12036, 16041, 7.79067680207488e-05
7852, 9649, 7.765402613844582e-05
9902, 11302, 7.747886763472403e-05
8421, 8934, 7.742281933198606e-05
4136, 4503, 7.74027330642442e-05
50, 574, 7.713116831128965e-05
10441, 11648, 7.680747537402486e-05
1480, 4464, 7.649484541422157e-05
10041, 10214, 7.568195693175543e-05
8517, 8752, 7.540967652171767e-05
17166, 17319, 7.487892531938166e-05
2053, 4464, 7.452097531286426e-05
1480, 2771, 7.328960224014599e-05
633, 1752, 7.278609580065176e-05
654, 1640, 7.233088609411819e-05
3105, 3435, 7.152736450512177e-05
2053, 2771, 7.152397658072774e-05
255, 2771, 7.14181636728172e-05
3502, 4344, 7.127913402482545e-05
699, 2191, 7.086132483020611e-05
12036, 13201, 7.073340719860306e-05
2814, 3463, 7.00463410725623e-05
8895, 9141, 6.965384543118863e-05
15956, 16942, 6.960585300612181e-05
15524, 15893, 6.889019261061562e-05
11805, 12009, 6.825045060601838e-05
844, 3316, 6.798293288527005e-05
4263, 4464, 6.774523281686653e-05
255, 802, 6.604338009547158e-05
15679, 15776, 6.596291400597028e-05
10079, 10717, 6.553152263010683e-05
2927, 3435, 6.526968440189196e-05
1463, 3435, 6.498161748217881e-05
11101, 13232, 6.430758361321896e-05
8578, 9817, 6.398359530255903e-05
369, 486, 6.366164895753002e-05
239, 486, 6.31658880528353e-05
13964, 16845, 6.314029456005065e-05
14891, 14975, 6.283688587924513e-05
1933, 4066, 6.27382887993602e-05
1281, 1752, 6.194137716375977e-05
3687, 4344, 6.146466233334497e-05
7506, 8309, 6.0379988600096106e-05
654, 3463, 6.0144165577071726e-05
654, 1392, 5.9808508385801177e-05
654, 734, 5.966597889517444e-05
15645, 16041, 5.9613688896472473e-05
102, 574, 5.9006579584985186e-05
1706, 4066, 5.887573291959768e-05
3687, 5345, 5.8744035699969773e-05
654, 1705, 5.854038789043651e-05
654, 2081, 5.83907747850921e-05
11761, 11965, 5.8074722288949896e-05
9902, 11699, 5.7770700190571225e-05
8421, 10301, 5.674853553887234e-05
654, 3206, 5.606145047119022e-05
699, 1375, 5.5863318862478464e-05
9008, 9141, 5.52642298136012e-05
10079, 10177, 5.505319913373611e-05
146, 574, 5.446841592312914e-05
654, 1961, 5.439793435144258e-05
11101, 11965, 5.433128676592045e-05
255, 1201, 5.429453347439928e-05
14589, 14755, 5.374964475717383e-05
11101, 11832, 5.3676071963199064e-05
1238, 3435, 5.3610702639367096e-05
654, 5345, 5.344653255529773e-05
8437, 8938, 5.335765637771678e-05
949, 1326, 5.333783714057279e-05
1652, 3435, 5.27561892871941e-05
9902, 10362, 5.2536209920665574e-05
266, 486, 5.218728628068701e-05
8421, 8607, 5.1922222397202524e-05
10239, 10342, 5.084626548648644e-05
255, 873, 4.9965397324505227e-05
12036, 14479, 4.896339608500332e-05
2814, 3004, 4.88796657072879e-05
10431, 10801, 4.885813730105219e-05
9902, 11581, 4.873081336376625e-05
9938, 10301, 4.8489788114289415e-05
12036, 12806, 4.8281825571124315e-05
9902, 10336, 4.779216580605223e-05
4102, 4928, 4.7721108839909917e-05
654, 2114, 4.737547572871445e-05
699, 1176, 4.661090902055254e-05
2814, 3206, 4.653585299446923e-05
699, 2563, 4.624874184673938e-05
654, 2925, 4.6124053470682533e-05
8421, 9835, 4.6027955874946075e-05
633, 4066, 4.596632480540813e-05
10239, 10570, 4.5830726600584265e-05
8517, 8607, 4.5811551986702256e-05
888, 4066, 4.567550139208861e-05
1281, 3316, 4.542987562180024e-05
2167, 4066, 4.494327995276747e-05
896, 4066, 4.492716181313112e-05
1123, 3435, 4.4743772835323876e-05
4136, 4528, 4.470608679618559e-05
844, 1326, 4.466971338116781e-05
1918, 3316, 4.440458641574472e-05
699, 1514, 4.4096391693840475e-05
1871, 3435, 4.3371629957274545e-05
2053, 2191, 4.332455255257442e-05
215, 541, 4.323929445936621e-05
9906, 10301, 4.3233036060135446e-05
2210, 3435, 4.301583331371594e-05
9970, 10570, 4.3000796622085194e-05
11101, 13816, 4.257875535996926e-05
699, 805, 4.256433828667672e-05
11805, 11949, 4.2497785798927565e-05
699, 4464, 4.238655873735315e-05
2500, 3435, 4.237931123754611e-05
10041, 10165, 4.229949908982981e-05
8421, 10214, 4.2103056948844105e-05
7889, 9141, 4.1717182221953876e-05
654, 3589, 4.157317381327546e-05
654, 3004, 4.1386087085310744e-05
1480, 4132, 4.124724733893089e-05
9902, 11186, 4.123039437654122e-05
255, 2191, 4.1202569178673814e-05
1118, 4066, 4.111748103066398e-05
654, 1418, 4.085293520984549e-05
5797, 8309, 4.0462389826382424e-05
2053, 4132, 4.016171807567436e-05
11745, 16236, 3.993503788356283e-05
654, 2595, 3.992685055450129e-05
9902, 11877, 3.949679477809171e-05
11745, 13909, 3.892655908719052e-05
255, 557, 3.8917854292106274e-05
11101, 11479, 3.862407352242508e-05
3138, 3316, 3.8425641638588614e-05
8623, 9141, 3.842081338247332e-05
15577, 15776, 3.830910765277957e-05
14891, 16236, 3.814894347400056e-05
11761, 13816, 3.812085882238141e-05
7889, 7958, 3.76900316960677e-05
1480, 3494, 3.764157067948785e-05
9970, 10177, 3.7636279963654795e-05
8517, 9200, 3.75643278833241e-05
255, 608, 3.689183367843839e-05
10239, 11990, 3.6872032471201796e-05
11101, 11531, 3.67640293822055e-05
8517, 9832, 3.6740600928392324e-05
2053, 3494, 3.6740452127702286e-05
654, 3718, 3.600432965764846e-05
237, 574, 3.581022160634354e-05
654, 3866, 3.541445830821452e-05
1958, 2052, 3.5400097474308566e-05
654, 3277, 3.5396634959599064e-05
15501, 16183, 3.474305015433839e-05
255, 4066, 3.441408455636605e-05
9938, 10214, 3.4282666975766204e-05
255, 1375, 3.4012500688178484e-05
9906, 10214, 3.394335749320247e-05
633, 1326, 3.3838485198688956e-05
699, 3494, 3.348071942982817e-05
11745, 12404, 3.3477997815386955e-05
2088, 3316, 3.341107285708164e-05
654, 835, 3.29617600154278e-05
9970, 11990, 3.278327852012384e-05
50, 133, 3.2742955398071744e-05
13454, 13816, 3.242283152923217e-05
699, 2560, 3.192175986072158e-05
718, 3435, 3.185690714019222e-05
8468, 8648, 3.185218414996632e-05
1770, 4066, 3.1651742449633856e-05
1964, 3435, 3.161723060953849e-05
12445, 13816, 3.156350993327544e-05
11745, 12571, 3.139182951609087e-05
255, 767, 3.134938297815472e-05
6336, 8222, 3.1214504867665594e-05
4136, 4344, 3.120955046068482e-05
1918, 2052, 3.090691838854525e-05
1633, 3435, 3.07206227627717e-05
579, 1752, 3.0293689734799436e-05
2814, 4021, 3.0280555843181776e-05
7852, 8648, 3.0173481158540044e-05
255, 1176, 3.014300759572971e-05
1480, 8309, 3.0022300996456964e-05
2814, 3718, 2.9913989779288494e-05
10041, 10329, 2.989673910820427e-05
10079, 10185, 2.989526841961822e-05
9902, 10836, 2.9895033064116875e-05
949, 2052, 2.9843787141410336e-05
8517, 8934, 2.983058516932464e-05
763, 1752, 2.970581957761098e-05
4322, 4464, 2.9667222834688736e-05
2254, 2771, 2.9417029314990105e-05
2053, 8309, 2.9267075143504872e-05
654, 2366, 2.9167385678881078e-05
13547, 13816, 2.872772068658254e-05
699, 1341, 2.84605901515973e-05
9970, 10620, 2.845748790627974e-05
15577, 16041, 2.8325593040967334e-05
4270, 4464, 2.8256386388627926e-05
2814, 3277, 2.824654660927478e-05
12199, 13816, 2.8085817802147995e-05
654, 3322, 2.806308420165917e-05
654, 2209, 2.7765755882434355e-05
949, 2771, 2.770815741636466e-05
1848, 3435, 2.7257223399726063e-05
10239, 10620, 2.721920612795557e-05
1958, 3316, 2.7174151704047312e-05
654, 4344, 2.7155728974143917e-05
11873, 11990, 2.7044197678717864e-05
949, 4464, 2.661849947118555e-05
654, 2078, 2.6572327556193292e-05
5884, 8222, 2.6516206989351286e-05
2410, 3435, 2.647724096012171e-05
1281, 1370, 2.6417644312439988e-05
2814, 3322, 2.6063274564413456e-05
5815, 8309, 2.5747721153044296e-05
844, 2052, 2.5659746413474065e-05
10079, 10570, 2.538300807549741e-05
3703, 4464, 2.5140279655294388e-05
3502, 3718, 2.5026932940759443e-05
2254, 4464, 2.4993932936651702e-05
15524, 15737, 2.4983266214659093e-05
6267, 8309, 2.491307726966228e-05
3502, 9817, 2.4754731133638963e-05
12546, 13816, 2.450815401861461e-05
654, 4528, 2.39925261693267e-05
1376, 3435, 2.398670644561901e-05
4368, 4503, 2.3852304168544648e-05
10431, 10717, 2.369142210986976e-05
6702, 9141, 2.3289358286685883e-05
1967, 3435, 2.306484341992416e-05
1480, 2191, 2.3025671711195828e-05
2786, 4464, 2.279254934792814e-05
4136, 5345, 2.2752690227047584e-05
10079, 11990, 2.254145355959253e-05
10173, 10301, 2.251830816913674e-05
11194, 11648, 2.215038962623151e-05
10239, 10386, 2.1957207899075956e-05
3471, 4464, 2.1948837695087776e-05
11367, 11648, 2.191496076528276e-05
699, 4132, 2.179081352499208e-05
699, 2352, 2.1746558456303186e-05
11238, 11648, 2.168677445804418e-05
11761, 12009, 2.1664927728031256e-05
11745, 12322, 2.1570596051815454e-05
654, 1824, 2.155594377043041e-05
15706, 15809, 2.146030300898959e-05
4102, 4503, 2.1376324105436784e-05
11101, 12009, 2.137443565435206e-05
844, 4464, 2.0669289556121588e-05
255, 2563, 2.0575015099723442e-05
11809, 11990, 2.05106551199913e-05
8468, 8560, 2.0363595597849694e-05
8421, 10329, 2.014117357337738e-05
699, 1000, 1.992120711535819e-05
1933, 3316, 1.9749490108708544e-05
4102, 4249, 1.9741438837631367e-05
9902, 11382, 1.9476111995634457e-05
11745, 11809, 1.9428392976000676e-05
12164, 13816, 1.935538405820399e-05
8468, 8667, 1.918514764278693e-05
12036, 12571, 1.9143673555124317e-05
7852, 8667, 1.9124762709866244e-05
9970, 10185, 1.9049967531288777e-05
654, 1848, 1.8900780789094507e-05
1706, 3316, 1.8861976349675422e-05
8541, 9141, 1.8530654416606412e-05
2053, 2563, 1.8505268744176662e-05
10431, 10570, 1.8431472630218352e-05
10239, 10336, 1.841859936323923e-05
1118, 1752, 1.8355602525377593e-05
896, 1752, 1.8292376744928962e-05
888, 1752, 1.8245811745098374e-05
2814, 3032, 1.816581038430244e-05
633, 2052, 1.803292122479235e-05
15501, 17603, 1.8004317085528162e-05
4197, 4464, 1.7958829206950364e-05
7885, 9141, 1.794227410686148e-05
1933, 2052, 1.7689416208192825e-05
699, 1982, 1.7687870407895782e-05
3687, 9817, 1.761835065259615e-05
255, 1341, 1.756650802141941e-05
3568, 4464, 1.7519461378300297e-05
12533, 13816, 1.7473411999548115e-05
3502, 4021, 1.747139545341226e-05
633, 3316, 1.7364768178406856e-05
1480, 2563, 1.7269466061521428e-05
654, 3032, 1.7196656619431177e-05
11745, 11999, 1.7004125485479164e-05
8517, 9835, 1.6948453850447537e-05
10239, 10515, 1.672264462203248e-05
12835, 13816, 1.6685749681573185e-05
13646, 13816, 1.6637741483973956e-05
9970, 10515, 1.645395938460312e-05
215, 449, 1.643974695774781e-05
10079, 10620, 1.6408457986330046e-05
255, 583, 1.6268777331146002e-05
13067, 13816, 1.6259862525500768e-05
4813, 5345, 1.62149111044969e-05
1281, 2052, 1.6211263761280006e-05
654, 2477, 1.6178987869470755e-05
2814, 9817, 1.6140568465499277e-05
654, 2404, 1.611426217814086e-05
50, 541, 1.61038574356062e-05
7852, 9145, 1.602180564271013e-05
388, 574, 1.591629990641189e-05
12036, 12404, 1.576103517343485e-05
949, 1370, 1.5614895217333948e-05
949, 4132, 1.5572825959773188e-05
255, 1514, 1.530789727668671e-05
4263, 8309, 1.497006276578895e-05
371, 574, 1.4954297177661429e-05
9970, 10342, 1.4934956263823705e-05
2254, 4132, 1.4683129363639924e-05
9970, 10386, 1.4670298887998722e-05
2167, 3316, 1.4560665916323431e-05
888, 3316, 1.4544534280880971e-05
896, 3316, 1.4533933030527474e-05
654, 1122, 1.4386490904430584e-05
763, 1326, 1.4239855980367948e-05
579, 1326, 1.422344606544005e-05
3687, 4021, 1.4099880427987077e-05
11805, 12028, 1.4084467043901882e-05
11765, 11832, 1.3937389571640242e-05
215, 3435, 1.3865306439163678e-05
8517, 10301, 1.3855523653448559e-05
10239, 10362, 1.3843692759045529e-05
1281, 4464, 1.3826072403129366e-05
11805, 14782, 1.3744023434646536e-05
1918, 4464, 1.3659778735073373e-05
2254, 2352, 1.3658867011813845e-05
13590, 14782, 1.361843081690031e-05
844, 1370, 1.3493965865641606e-05
2786, 4132, 1.346649278772966e-05
9448, 9989, 1.3441205272367633e-05
102, 541, 1.3358157412301611e-05
11758, 11990, 1.3337004095787214e-05
699, 2460, 1.3281003510301269e-05
4991, 5345, 1.3121284029463201e-05
1118, 3316, 1.3109398121267528e-05
699, 8309, 1.2994430123794071e-05
255, 717, 1.2600795276458997e-05
633, 802, 1.2600385739721792e-05
654, 1432, 1.259109382066288e-05
255, 5544, 1.2394412564417413e-05
10431, 10515, 1.2288829063516212e-05
8517, 10214, 1.226328965263346e-05
2053, 2560, 1.205460631260505e-05
844, 4132, 1.2031252860329736e-05
2053, 2352, 1.1917859427175369e-05
255, 1982, 1.1733072178119671e-05
2088, 2191, 1.1637442075056865e-05
146, 541, 1.1429232911121462e-05
12465, 13816, 1.1421112552836427e-05
1480, 2560, 1.1304732029332125e-05
1281, 1375, 1.114321657968868e-05
949, 1201, 1.0863199963481462e-05
14891, 15644, 1.0794369033149612e-05
12036, 12322, 1.0785414876580221e-05
1118, 1326, 1.0756446729810636e-05
9938, 10329, 1.0726280223815615e-05
9906, 10329, 1.065436564653182e-05
654, 2167, 1.0580984517360291e-05
654, 1068, 1.0504971744383663e-05
1652, 1752, 1.0456651230149823e-05
699, 1994, 1.029664481850239e-05
8468, 9145, 1.023169852754875e-05
12882, 13816, 1.0169447518973944e-05
654, 1854, 1.015035640057983e-05
11745, 12013, 1.0044936516884317e-05
2088, 4464, 1.0002620143669239e-05
11765, 13816, 9.976621331090393e-06
9672, 9989, 9.901832204363609e-06
10079, 10515, 9.837883810980148e-06
633, 1370, 9.68071769958408e-06
1770, 3316, 9.591384042592283e-06
1480, 2352, 9.5525966356201e-06
654, 2465, 9.497254356187799e-06
12572, 13816, 9.400166127348558e-06
844, 1201, 9.3313601627451e-06
10239, 11302, 9.165403597024924e-06
896, 1326, 9.059710525317184e-06
699, 1878, 9.05152170526613e-06
888, 1326, 9.00307141278566e-06
699, 1180, 8.848914724757303e-06
11101, 11386, 8.653389414509771e-06
9970, 11302, 8.585024953599967e-06
10079, 10386, 8.538538189733156e-06
949, 2191, 8.516356152891124e-06
12009, 13816, 8.511593942887816e-06
949, 4045, 8.481176324239429e-06
699, 2491, 8.456118061097369e-06
1958, 4464, 8.396649231551138e-06
654, 3686, 8.242279417714008e-06
8437, 8648, 8.162130871508811e-06
7852, 8560, 8.139774372431686e-06
11101, 11353, 8.120052590089773e-06
4102, 4344, 7.983306442996143e-06
255, 805, 7.918510470028443e-06
1706, 2052, 7.903153429259673e-06
2814, 8222, 7.745514049583991e-06
8623, 8938, 7.742595053993438e-06
14891, 16044, 7.728476582939855e-06
10431, 10620, 7.725261074376134e-06
255, 2352, 7.719491054440518e-06
237, 541, 7.708495038494292e-06
11745, 13249, 7.692447371362781e-06
11719, 11990, 7.66462407035758e-06
633, 873, 7.619490922153546e-06
10431, 11990, 7.616673833849428e-06
11745, 13186, 7.593265672757455e-06
11745, 13536, 7.556628858307308e-06
255, 1000, 7.411279850305148e-06
9902, 11600, 7.366449517085594e-06
7889, 8938, 7.358741452398519e-06
3502, 8222, 7.297601789381971e-06
3896, 4464, 7.168708004002166e-06
763, 873, 7.137069272867314e-06
763, 2052, 7.1037445935420136e-06
579, 2052, 7.0847112471323726e-06
11745, 12885, 7.079438315291511e-06
844, 2191, 7.023100051294782e-06
2814, 3686, 6.994076090155826e-06
633, 767, 6.869524571486327e-06
949, 1176, 6.652592859993986e-06
255, 1878, 6.498632472415818e-06
654, 4021, 6.461693159718942e-06
3502, 3686, 6.36097402404679e-06
4102, 4528, 6.299181144910004e-06
255, 1994, 6.291193268638988e-06
949, 1375, 6.276700101292656e-06
1480, 3842, 6.265504661674897e-06
718, 1752, 6.226185258201229e-06
13085, 13816, 6.142257206089504e-06
944, 1752, 6.1243963861772175e-06
2053, 3842, 6.1155119173495375e-06
11745, 15644, 6.1018463908352834e-06
7852, 8999, 6.080802103354323e-06
633, 1201, 5.973049961334624e-06
4368, 4528, 5.935684058382829e-06
255, 2460, 5.905341933610849e-06
654, 3378, 5.864514197159901e-06
3703, 4132, 5.825947204210739e-06
699, 3019, 5.758518547348282e-06
9933, 10214, 5.757050677166528e-06
90, 574, 5.722736326063237e-06
255, 620, 5.67504629990816e-06
50, 449, 5.585051300197147e-06
699, 1322, 5.556988686551285e-06
844, 1375, 5.555462576975263e-06
13510, 13816, 5.52955366162816e-06
255, 730, 5.504126048799466e-06
255, 4045, 5.494265249320477e-06
2053, 2460, 5.4931598859336135e-06
654, 1185, 5.292121818106481e-06
4263, 4344, 5.248876625891353e-06
11765, 12009, 5.223716292923316e-06
1238, 1326, 5.217216741018198e-06
4136, 9817, 5.203419384098126e-06
1918, 2191, 5.1853161444264195e-06
7852, 8752, 5.1729171164362185e-06
36, 102, 5.163984183316813e-06
7852, 8167, 5.14786222305457e-06
844, 1176, 5.103427952411708e-06
1480, 2460, 5.090450880318999e-06
255, 1180, 5.084290008777046e-06
9970, 10362, 5.081462912955146e-06
11101, 12028, 5.065461200690194e-06
633, 2191, 5.060785061509117e-06
8437, 8667, 4.995284434448422e-06
699, 1211, 4.981007284625496e-06
888, 2052, 4.918418829820365e-06
102, 449, 4.913344381602121e-06
896, 2052, 4.907854869063866e-06
12158, 13816, 4.663218422975783e-06
1463, 1752, 4.6457223696505505e-06
8468, 8752, 4.64425335318597e-06
1118, 1201, 4.624988614823888e-06
1118, 2052, 4.611784581527515e-06
11765, 11965, 4.597134231868446e-06
633, 717, 4.562641567737141e-06
10079, 11302, 4.555117153722522e-06
949, 1514, 4.552849313592432e-06
2814, 3378, 4.536955991812006e-06
579, 802, 4.432766556252983e-06
11761, 12028, 4.430823626663837e-06
14891, 15101, 4.423410525762554e-06
11879, 11990, 4.398944249557601e-06
1633, 1752, 4.36987064382851e-06
857, 1752, 4.352604495511214e-06
1770, 2052, 4.342467455167841e-06
11768, 11990, 4.316451560176976e-06
9902, 10006, 4.24351379984431e-06
6702, 8938, 4.2197692118434035e-06
146, 449, 4.210106203884695e-06
12036, 13249, 4.178335726677649e-06
1281, 2191, 4.177879453470764e-06
1480, 3019, 4.170886037567319e-06
2053, 3019, 4.168260596894736e-06
654, 4726, 4.13622669620589e-06
12036, 13186, 4.12422340524859e-06
844, 1514, 4.110241390947128e-06
633, 1375, 4.062880245863305e-06
763, 1370, 4.0624920272769294e-06
1830, 2052, 4.050694050628238e-06
699, 955, 4.038058943704803e-06
579, 1370, 4.025736818363488e-06
9902, 11832, 4.0221792181473685e-06
7889, 8388, 4.0211185767456405e-06
3138, 4464, 4.018513368962171e-06
173, 574, 3.970270774769546e-06
9902, 11479, 3.896251873990117e-06
255, 1322, 3.8793771178518555e-06
949, 2352, 3.833563178659698e-06
4890, 5345, 3.829250970571783e-06
699, 1160, 3.814122992853346e-06
6336, 8370, 3.785647532508053e-06
12036, 16044, 3.767902356250246e-06
388, 541, 3.758341194622257e-06
12036, 13536, 3.736048655818745e-06
8437, 8560, 3.731349115659071e-06
1958, 2191, 3.6953468822374323e-06
1238, 1752, 3.6246561588695087e-06
371, 541, 3.6104638117426773e-06
2786, 2884, 3.6028635206532027e-06
654, 1799, 3.5773658602518835e-06
633, 1176, 3.5642238646841704e-06
2814, 4726, 3.4028463712797377e-06
36, 574, 3.395309287047984e-06
699, 3842, 3.3935810749936016e-06
699, 1891, 3.358312068099301e-06
10079, 10342, 3.3438518495279023e-06
12327, 13816, 3.3406973574838884e-06
215, 1752, 3.334737117404341e-06
1912, 2052, 3.3094378856394626e-06
699, 2884, 3.3047751542047715e-06
299, 574, 3.2977304304345066e-06
2053, 2491, 3.2837591261110375e-06
8541, 8938, 3.2781261005627588e-06
633, 1514, 3.2702367213487702e-06
1480, 1982, 3.232209081773756e-06
8421, 8533, 3.1948531283348164e-06
7852, 9989, 3.185389637355848e-06
1480, 4344, 3.177268663412618e-06
237, 449, 3.149219940726893e-06
4102, 5345, 3.1400879762194284e-06
7852, 8235, 3.12673360126627e-06
949, 1341, 3.1057768312767933e-06
2053, 4344, 3.0996289396373406e-06
620, 1752, 3.047267204615046e-06
12036, 12885, 3.0340896689479765e-06
1480, 2491, 3.030957225540972e-06
1281, 1514, 3.0295664062612843e-06
718, 1326, 2.933473111934428e-06
215, 600, 2.8960102030054267e-06
944, 1326, 2.8815802712720032e-06
579, 873, 2.8767200023770527e-06
1869, 2052, 2.8398914488267025e-06
3575, 4066, 2.8224900236208468e-06
1910, 2052, 2.819729867384252e-06
699, 2968, 2.8085065649533834e-06
3541, 4066, 2.797590915051875e-06
844, 1341, 2.7830654956677258e-06
3483, 4066, 2.7063953856211345e-06
1480, 2884, 2.705308208256022e-06
2254, 2460, 2.6979912222635073e-06
9902, 10031, 2.659347388696651e-06
699, 1157, 2.6542552038946514e-06
7852, 8934, 2.6533087647617622e-06
449, 574, 2.651101887467997e-06
763, 1201, 2.6412597295574455e-06
239, 574, 2.594733973449423e-06
1118, 1370, 2.5465583694661446e-06
1123, 1752, 2.545824570009205e-06
11745, 16044, 2.537970597670963e-06
215, 358, 2.5270605924119597e-06
10239, 11382, 2.4975309032575702e-06
255, 1211, 2.4768352448725978e-06
11745, 15101, 2.4728747905935023e-06
579, 1201, 2.460085625690031e-06
888, 1370, 2.412900403633275e-06
7506, 7757, 2.3850810521970107e-06
896, 1370, 2.3849268132960376e-06
1933, 2191, 2.3455579342310567e-06
255, 3019, 2.3027800301151363e-06
7885, 8938, 2.2980683441407324e-06
2053, 2884, 2.2811220898722284e-06
718, 802, 2.259865462599659e-06
633, 730, 2.2365795588495233e-06
579, 767, 2.22062913034646e-06
11745, 12431, 2.218549026901069e-06
11101, 11366, 2.2048488874451324e-06
844, 2352, 2.2031247181532658e-06
7852, 8471, 2.1902799213264494e-06
857, 1326, 2.155362560534607e-06
699, 1640, 2.1544240675592906e-06
255, 1160, 2.1459953910130487e-06
600, 1752, 2.121904628478289e-06
371, 449, 2.121518473973255e-06
11257, 11990, 2.1198470302085824e-06
579, 2191, 2.091289326532094e-06
696, 1752, 2.0559307903583125e-06
1480, 2968, 2.027459251663048e-06
12036, 15101, 2.0125192249158773e-06
1706, 2191, 1.9914549180947902e-06
11745, 12219, 1.989331318176525e-06
1815, 2052, 1.9617138391171986e-06
8468, 8934, 1.9609726383372237e-06
2814, 4290, 1.9144866052074245e-06
1480, 4503, 1.907643057757211e-06
949, 2460, 1.9057890557442072e-06
11805, 13387, 1.9005887485091614e-06
266, 574, 1.8967101062898515e-06
2053, 2968, 1.8839871040863517e-06
633, 1341, 1.8683060350761819e-06
2053, 4503, 1.864761311661189e-06
2786, 3019, 1.8644437854685488e-06
699, 1392, 1.8438996237473993e-06
888, 1201, 1.8251496385164504e-06
1480, 1994, 1.8242092018535473e-06
896, 1201, 1.7867158074448783e-06
215, 1326, 1.7290406781940953e-06
1376, 1752, 1.6956884474478736e-06
699, 1705, 1.686729502062109e-06
14306, 14479, 1.686382124216905e-06
699, 2081, 1.6803451760398154e-06
763, 1375, 1.6763955990283502e-06
455, 574, 1.663143316306318e-06
8468, 8607, 1.6626745071046333e-06
564, 1752, 1.6622960074353215e-06
9970, 11382, 1.6515091768208076e-06
633, 2352, 1.642424076204882e-06
11891, 11990, 1.6369909422357296e-06
36, 133, 1.6219873848922993e-06
633, 805, 1.6082535703769587e-06
15645, 16044, 1.603631495328828e-06
2254, 3019, 1.5942969767949658e-06
1918, 2352, 1.581115119632113e-06
949, 3019, 1.5762408217604283e-06
481, 574, 1.5701711266124072e-06
763, 1176, 1.5631888275465801e-06
763, 2191, 1.5595370842512165e-06
1123, 1326, 1.5325211177784017e-06
579, 1514, 1.530965463681598e-06
579, 1375, 1.530213347649986e-06
8468, 9989, 1.523234382074141e-06
633, 1000, 1.504691667969187e-06
369, 574, 1.4956990805720365e-06
8541, 8648, 1.4903131529118678e-06
1281, 2352, 1.4493043173832813e-06
579, 1176, 1.4442399781770784e-06
844, 1000, 1.4304888426853122e-06
763, 1514, 1.4021446617184965e-06
255, 737, 1.3979304821738089e-06
12036, 12219, 1.394169197204468e-06
50, 1752, 1.3864147131409961e-06
255, 955, 1.3842818044158158e-06
11745, 12260, 1.3792917110761889e-06
7852, 8607, 1.3754626501324205e-06
620, 1326, 1.3675124461466996e-06
699, 2114, 1.3640074660059605e-06
13407, 14479, 1.3622438738464594e-06
699, 2925, 1.3272872191030215e-06
9902, 12009, 1.3150554319629673e-06
718, 2052, 1.3033013074762744e-06
12870, 13816, 1.2698163943325645e-06
2088, 2352, 1.264300876899609e-06
90, 541, 1.2458940584938143e-06
944, 2052, 1.2171134905863672e-06
844, 3019, 1.213904518376651e-06
9902, 10108, 1.1875142005471707e-06
3471, 4132, 1.1795968279458615e-06
50, 600, 1.1790141101689668e-06
699, 835, 1.1756424227708433e-06
1964, 2052, 1.1746321299360389e-06
1480, 3206, 1.1468737389760886e-06
949, 1982, 1.1288063388102635e-06
12036, 12431, 1.1253309297942083e-06
2053, 3206, 1.121330827309408e-06
699, 1418, 1.1175138234992151e-06
102, 1752, 1.1133987416659528e-06
1933, 4464, 1.1058552287910789e-06
255, 1157, 1.0973717569727992e-06
2786, 2968, 1.0789072725281414e-06
9902, 10197, 1.073298787727019e-06
579, 717, 1.0707635226257265e-06
15524, 17662, 1.0643766027811685e-06
699, 3718, 1.0352248816958338e-06
1118, 1375, 1.0344506705040799e-06
1480, 2925, 1.0267010948160925e-06
3502, 4290, 1.0163606784218305e-06
1706, 4464, 1.0060413008331876e-06
888, 1375, 1.0020260020456008e-06
896, 1375, 9.914901589835643e-07
11765, 12028, 9.83991046373717e-07
255, 1392, 9.795260454774206e-07
146, 1752, 9.607868154453997e-07
1958, 2352, 9.595006053639396e-07
2254, 2884, 9.553149532907654e-07
888, 1176, 9.545846878053024e-07
696, 1326, 9.519752673171942e-07
896, 1176, 9.445761801251047e-07
102, 600, 9.445053679199721e-07
949, 2884, 9.367509862735822e-07
2053, 2925, 9.360976412568449e-07
600, 1326, 9.303544461860676e-07
1480, 3718, 9.2725863211158e-07
449, 541, 9.239810579746992e-07
2053, 3718, 9.050605691557645e-07
173, 541, 8.973369496330861e-07
9902, 11353, 8.818279200071589e-07
718, 873, 8.791698471182122e-07
2053, 3004, 8.788996841764338e-07
888, 2191, 8.775158531948152e-07
896, 2191, 8.763210576367881e-07
9902, 11386, 8.711201334211982e-07
844, 1982, 8.697832215496136e-07
9902, 13816, 8.641363966374121e-07
1480, 3004, 8.63632182930737e-07
1238, 1370, 8.622020953562256e-07
1918, 1994, 8.601783937902113e-07
944, 1370, 8.494683517903969e-07
699, 2366, 8.396117531394721e-07
696, 802, 8.270395456188043e-07
579, 1341, 8.08813541432667e-07
7889, 8648, 8.087692605394321e-07
146, 600, 8.086953977280431e-07
12036, 12260, 8.083349048638072e-07
1118, 2191, 7.997213797408686e-07
699, 2209, 7.994228667020011e-07
299, 541, 7.827574624415225e-07
857, 2052, 7.757648361847184e-07
564, 1326, 7.727403921710073e-07
11805, 12404, 7.673839312318018e-07
949, 2968, 7.662074696222274e-07
699, 2078, 7.650520929267964e-07
50, 154, 7.639266808361087e-07
620, 2052, 7.60423569328376e-07
1918, 1982, 7.523839627312915e-07
888, 1514, 7.482326348172087e-07
1770, 2191, 7.44493494168364e-07
2167, 2352, 7.426445502672728e-07
896, 1514, 7.393963420449345e-07
2254, 2968, 7.385706138249991e-07
36, 541, 7.323296800171028e-07
718, 1370, 7.296586930578237e-07
844, 2884, 7.214165748868751e-07
50, 1326, 7.188474987598026e-07
1118, 1514, 7.136188121407967e-07
1933, 2352, 7.135712096769071e-07
215, 2052, 7.08058231004193e-07
50, 358, 6.834821522336822e-07
633, 1180, 6.803156360480603e-07
1967, 2052, 6.781407133848508e-07
1463, 2052, 6.757342006105241e-07
1706, 2352, 6.571358709969325e-07
857, 1370, 6.551318340049521e-07
13918, 16845, 6.518194301078569e-07
2786, 2925, 6.496740989530295e-07
763, 1341, 6.395791477992613e-07
763, 1000, 6.282284481952773e-07
949, 1994, 6.255509561499501e-07
1118, 1341, 6.186733448864059e-07
255, 355, 6.160781975080271e-07
255, 4132, 6.158617805451768e-07
1281, 1982, 6.138832079427029e-07
579, 1000, 6.091695156982663e-07
237, 358, 6.082378607229152e-07
255, 653, 6.05472798408459e-07
1830, 2191, 5.998282265048003e-07
237, 1752, 5.911021885410461e-07
844, 2968, 5.900765267261477e-07
1871, 2052, 5.877677881513511e-07
944, 1201, 5.854606900278208e-07
102, 1326, 5.772903972979436e-07
633, 737, 5.746471158914398e-07
146, 358, 5.71751011516234e-07
579, 805, 5.634446673636977e-07
1123, 1201, 5.608653951009074e-07
8421, 9860, 5.601924522286399e-07
949, 1180, 5.594570080180116e-07
239, 541, 5.580121575155818e-07
1590, 1752, 5.519747885700554e-07
102, 358, 5.51025334787874e-07
1830, 3316, 5.509801245005381e-07
237, 600, 5.491204590109566e-07
620, 802, 5.442373245412527e-07
11805, 12322, 5.42113844045293e-07
654, 3283, 5.381364679313529e-07
1238, 2052, 5.353827670100459e-07
11805, 12806, 5.350095711658194e-07
718, 1201, 5.284418346709094e-07
896, 1341, 5.210455194831867e-07
1652, 2052, 5.185804269361829e-07
888, 1341, 5.132176471475527e-07
11805, 11999, 5.125663537529337e-07
1480, 1640, 5.123902597361223e-07
844, 955, 5.073852589346715e-07
215, 1370, 5.03218575437307e-07
844, 1180, 5.029507808982871e-07
146, 1326, 4.981620525070707e-07
896, 1000, 4.977069063154221e-07
455, 541, 4.917193502054601e-07
1281, 2884, 4.911761086046116e-07
1918, 2884, 4.89389013474077e-07
857, 1201, 4.838060441458883e-07
844, 1994, 4.820080355475406e-07
90, 449, 4.643346368028306e-07
888, 2352, 4.6431648045285717e-07
896, 2352, 4.625046344875521e-07
699, 1122, 4.498694914338187e-07
8421, 9655, 4.4586560100254437e-07
7885, 7958, 4.446149883306286e-07
579, 730, 4.393609865099829e-07
8541, 8667, 4.378522727606452e-07
888, 1000, 4.368449077374367e-07
1118, 2352, 4.2315339948820917e-07
11101, 12404, 4.186232189294478e-07
620, 1370, 4.1398775064816905e-07
8437, 8607, 4.135636985760513e-07
2254, 2925, 4.0861266120056996e-07
255, 629, 4.0636518141549454e-07
2814, 4105, 4.063408199737022e-07
7889, 8667, 4.030051101959924e-07
1123, 2052, 4.0136114854153894e-07
266, 541, 3.978216530539425e-07
215, 802, 3.925208853754617e-07
633, 1322, 3.899110722875861e-07
6702, 8648, 3.8982260259037735e-07
255, 376, 3.7839634512301214e-07
2088, 2884, 3.7228046512353186e-07
1869, 2191, 3.719112652126898e-07
1706, 2711, 3.704985319989445e-07
17217, 17319, 3.669255567767e-07
8481, 9141, 3.631703594688919e-07
1770, 2352, 3.623106649400622e-07
369, 541, 3.617272886924156e-07
299, 449, 3.614439100641557e-07
699, 1432, 3.5880266264877306e-07
1912, 2191, 3.5785925132551946e-07
944, 1176, 3.56311313144074e-07
633, 1211, 3.5471986494279026e-07
1656, 1752, 3.5250226068898693e-07
949, 3718, 3.5120024588263036e-07
600, 802, 3.487170245843449e-07
1480, 1705, 3.4487528194901003e-07
2814, 3283, 3.4105459717689775e-07
1848, 2052, 3.386953717780225e-07
2254, 3718, 3.2752925403440956e-07
50, 142, 3.2526587230049273e-07
255, 379, 3.2299378606296195e-07
215, 1201, 3.2245713547251275e-07
215, 873, 3.2045009951428995e-07
620, 873, 3.19137775693946e-07
699, 1068, 3.1555728457987653e-07
696, 873, 3.145186577662816e-07
633, 955, 3.118406396345132e-07
1910, 2191, 3.105221922265705e-07
237, 1326, 3.073678031812955e-07
1633, 2052, 3.070312804470835e-07
173, 449, 3.059224322711299e-07
2786, 3718, 3.05582351372551e-07
718, 805, 3.032127491085182e-07
11101, 12806, 3.0265483409941894e-07
7885, 8648, 3.023248611589792e-07
718, 1375, 3.0103311877992594e-07
718, 1514, 3.0047528900715977e-07
633, 1160, 2.9937375444814785e-07
718, 1176, 2.9931556622112035e-07
255, 734, 2.986552213263773e-07
11805, 12013, 2.9812375927403814e-07
1815, 2191, 2.980427997691853e-07
1830, 2352, 2.9692022901640186e-07
255, 364, 2.949280491320397e-07
944, 2191, 2.924207116466044e-07
958, 1752, 2.8527450200923635e-07
696, 1370, 2.842814010160888e-07
11101, 12322, 2.800155148410747e-07
600, 1370, 2.792118834293794e-07
763, 1180, 2.791769354714992e-07
11761, 12404, 2.779592443882827e-07
620, 767, 2.7173313445999924e-07
914, 1752, 2.712029173173507e-07
949, 1322, 2.703222545649733e-07
1376, 2052, 2.684244777869018e-07
949, 1211, 2.622362859846765e-07
5884, 9141, 2.613039111426281e-07
1950, 2052, 2.6098486637317807e-07
579, 1180, 2.5785934707088794e-07
36, 449, 2.5564898648021984e-07
564, 802, 2.5284896882458796e-07
12199, 12322, 2.5085742537341176e-07
844, 1211, 2.4826428065438344e-07
857, 1176, 2.4776646313511513e-07
944, 1514, 2.4695992011514795e-07
13271, 13816, 2.4634331420041485e-07
620, 1201, 2.459216646926998e-07
255, 339, 2.42955692884803e-07
949, 1160, 2.4095582991507126e-07
215, 557, 2.406524223831286e-07
699, 3686, 2.3698851822101287e-07
696, 767, 2.3325600902443022e-07
14306, 16845, 2.3167011809689513e-07
654, 8222, 2.3020213069033707e-07
239, 449, 2.2962606909165164e-07
844, 1322, 2.2885695781896998e-07
369, 449, 2.284059152930538e-07
388, 600, 2.2760625080748115e-07
7889, 8560, 2.2559723773934893e-07
857, 2191, 2.2150633282985794e-07
620, 717, 2.208275853900774e-07
844, 1160, 2.186565076003433e-07
3502, 4105, 2.173335599527237e-07
371, 600, 2.1693499061081403e-07
1123, 1370, 2.1649950061885958e-07
781, 1326, 2.1584376956930465e-07
600, 873, 2.1207146128426775e-07
1480, 3686, 2.114174959393363e-07
949, 2925, 2.0964106904349255e-07
215, 608, 2.0668107312132931e-07
2053, 3686, 2.0635627707083667e-07
857, 1514, 2.0484350601100477e-07
944, 1375, 2.0470838856986938e-07
633, 1157, 2.0259298408085212e-07
11761, 12806, 2.0095211058823496e-07
11101, 11738, 1.957097521390765e-07
215, 1176, 1.9446316018222255e-07
1238, 1375, 1.9390024387818265e-07
696, 1201, 1.9322964550508474e-07
1468, 1752, 1.9213355469743588e-07
215, 767, 1.8893915469318344e-07
1463, 2191, 1.860323940912602e-07
1819, 2052, 1.8510185511703683e-07
266, 449, 1.841816570341084e-07
564, 873, 1.7871038499572223e-07
1620, 1752, 1.7705310426436523e-07
600, 767, 1.756335732842842e-07
949, 1157, 1.754394282343696e-07
1238, 1341, 1.7505440149249473e-07
3687, 4105, 1.741633695436799e-07
600, 1201, 1.7157658270379483e-07
11761, 12322, 1.699415994450454e-07
11805, 12885, 1.6851961200861072e-07
50, 802, 1.6739084585959393e-07
1238, 2191, 1.6443895127581102e-07
1136, 1752, 1.6239837306923348e-07
633, 734, 1.6025084446927347e-07
579, 1322, 1.6025034084256489e-07
781, 873, 1.5965551646742595e-07
703, 802, 1.563458895119964e-07
857, 1375, 1.5290333678177078e-07
844, 1157, 1.5032986814199024e-07
699, 1185, 1.501188396287093e-07
1854, 2052, 1.4944843732896073e-07
633, 1640, 1.48451812898882e-07
620, 1176, 1.4843438306182044e-07
763, 955, 1.466580519564157e-07
579, 1211, 1.4482728500131336e-07
1652, 2191, 1.44501600235619e-07
1238, 1514, 1.4176157255167585e-07
12199, 12404, 1.3962186710042235e-07
620, 1514, 1.3808989993049046e-07
564, 1201, 1.3796553163642596e-07
914, 1326, 1.3465138611133732e-07
1958, 2884, 1.3318673355232244e-07
50, 1201, 1.3289610010207503e-07
958, 1326, 1.312170881773376e-07
102, 182, 1.306639821168567e-07
102, 802, 1.3037481267034072e-07
763, 1211, 1.298916788675198e-07
9902, 10199, 1.2879630850441772e-07
564, 767, 1.2806569885605239e-07
718, 1000, 1.2694349239084582e-07
1118, 1211, 1.2668926647417345e-07
486, 574, 1.2599394353320548e-07
12445, 12806, 1.2503597448880855e-07
579, 955, 1.2211117840923845e-07
579, 737, 1.1881735441157193e-07
763, 1160, 1.1848523967058726e-07
12199, 12806, 1.182799955120081e-07
146, 802, 1.1806027169721854e-07
50, 873, 1.1560246208715788e-07
1301, 1752, 1.151877749974443e-07
654, 739, 1.1115380084420982e-07
600, 717, 1.1096286543170723e-07
1546, 1752, 1.1031824114328433e-07
579, 1160, 1.0987207525837869e-07
50, 182, 1.092681566212274e-07
102, 1201, 1.0672589465726072e-07
1376, 1514, 1.0652549026224374e-07
1136, 1326, 1.0522640006658162e-07
102, 873, 1.0272698965654942e-07
944, 1341, 1.0133914349463583e-07
696, 805, 1.0025139413219405e-07
600, 1176, 1.0016110532508748e-07
696, 1176, 9.85295654491046e-08
215, 583, 9.678021625989213e-08
12546, 12806, 9.622974999514216e-08
600, 1514, 9.530331010249041e-08
633, 1418, 9.442736851127713e-08
215, 1514, 9.400910818100254e-08
696, 1514, 9.349433986851795e-08
11805, 12571, 9.309196348572866e-08
90, 600, 9.216275988874165e-08
146, 1201, 9.209713341321152e-08
1123, 1514, 9.16692956061e-08
50, 557, 9.064422858446171e-08
1543, 1752, 9.007102516374203e-08
1123, 1375, 8.777324823241602e-08
146, 873, 8.532259424708249e-08
3365, 4464, 8.493692285837233e-08
1480, 3866, 8.443482803155994e-08
50, 608, 8.437452747459346e-08
620, 730, 8.343678537951634e-08
2053, 3866, 8.241350456969059e-08
564, 1514, 8.222416114818652e-08
1480, 1878, 8.010383916279776e-08
579, 1157, 7.951999836752822e-08
215, 717, 7.941466801152669e-08
763, 1157, 7.894577857351755e-08
12164, 12806, 7.878153117550588e-08
564, 1176, 7.860477254884896e-08
888, 1180, 7.744346757488748e-08
896, 1180, 7.631755416903305e-08
857, 1000, 7.61953264822129e-08
255, 1418, 7.501678423933187e-08
857, 1341, 7.451584770245553e-08
50, 767, 7.272862459665147e-08
633, 835, 7.1556260102276e-08
237, 802, 7.117580849974181e-08
102, 557, 7.116656781291669e-08
255, 835, 6.94900461452024e-08
620, 805, 6.917954793584897e-08
102, 608, 6.857708311114192e-08
50, 1176, 6.54326745456744e-08
146, 557, 6.46075960949301e-08
620, 1000, 6.445308841686135e-08
102, 767, 6.40106491934467e-08
173, 600, 6.344571371154418e-08
6702, 8560, 5.968640145982462e-08
564, 717, 5.885346497416385e-08
579, 3316, 5.760730629951907e-08
11101, 12885, 5.744356708204267e-08
146, 608, 5.729767468091719e-08
949, 1640, 5.637116467690687e-08
237, 873, 5.593009917189255e-08
1118, 1180, 5.5731457740034436e-08
703, 873, 5.5079297250426884e-08
1281, 3019, 5.320337695782385e-08
146, 767, 5.2838666306298853e-08
299, 600, 5.264802449646557e-08
102, 1176, 5.254752190124997e-08
36, 600, 5.2247483567725656e-08
1123, 1341, 5.1819607510729316e-08
12164, 12322, 5.1602387512575273e-08
90, 358, 5.152400766563247e-08
12533, 12806, 5.098456617659094e-08
11805, 12219, 5.060699755641109e-08
11101, 12571, 5.0597381447115214e-08
255, 1068, 4.9878843851268945e-08
844, 1640, 4.96271284162993e-08
696, 1000, 4.912499409363423e-08
861, 1326, 4.893666286688818e-08
266, 358, 4.835284744268774e-08
888, 955, 4.768803007268907e-08
723, 802, 4.7212215959698095e-08
215, 805, 4.717030223851762e-08
173, 358, 4.670180222936887e-08
239, 358, 4.58651706567296e-08
11101, 12013, 4.573460631255948e-08
146, 1176, 4.531871671799876e-08
215, 1000, 4.456268161152021e-08
600, 805, 4.4405834383739834e-08
600, 1000, 4.379382693678822e-08
633, 1705, 4.336625433413201e-08
237, 557, 4.2593361478385225e-08
654, 1358, 4.201331859002936e-08
958, 1201, 4.051431034423821e-08
718, 1180, 4.0319683305986034e-08
239, 600, 4.0066887329115285e-08
237, 1201, 3.9867146264732454e-08
8468, 8533, 3.9843690151604984e-08
600, 730, 3.974663051172896e-08
12445, 12571, 3.931274775917571e-08
7852, 8533, 3.8570660192412315e-08
237, 608, 3.842780233394951e-08
255, 1122, 3.8339287002618456e-08
50, 583, 3.799737529474547e-08
935, 1326, 3.729822820657948e-08
949, 1068, 3.678647494637833e-08
6336, 9141, 3.662543909350111e-08
564, 1000, 3.5653348187816665e-08
50, 1514, 3.5463764218786966e-08
215, 730, 3.533867229592265e-08
763, 835, 3.47073635218856e-08
949, 1122, 3.4414477755111743e-08
255, 1640, 3.4218207981436687e-08
237, 767, 3.4168792904402945e-08
633, 1122, 3.4053748156703095e-08
50, 717, 3.3424013337536505e-08
215, 620, 3.312294746848366e-08
11761, 12571, 3.279196057916846e-08
654, 989, 3.217106525056982e-08
579, 734, 3.20679452322082e-08
564, 805, 3.1870187247280096e-08
11805, 12260, 3.161173149018395e-08
215, 1180, 3.149366733255987e-08
12465, 12806, 3.131193380474752e-08
449, 600, 3.1278878047331684e-08
470, 574, 3.121449080753051e-08
835, 1326, 3.088040045635878e-08
857, 955, 3.0862188759000134e-08
989, 1326, 3.0809796962513155e-08
654, 1272, 3.058589051009448e-08
654, 958, 3.0550103175315454e-08
36, 358, 3.0480827341026345e-08
102, 583, 2.9638591443369967e-08
266, 600, 2.9553642617890116e-08
896, 1160, 2.9286516448781247e-08
888, 1160, 2.922819599188953e-08
8437, 8533, 2.9172368875569328e-08
237, 1176, 2.907210058027841e-08
718, 955, 2.878213175057452e-08
12572, 12806, 2.8544198166379966e-08
102, 1514, 2.8480158268429825e-08
781, 1752, 2.7952351130588956e-08
949, 1878, 2.7946666854875038e-08
781, 1201, 2.7643375540501592e-08
914, 1201, 2.7601510686192432e-08
475, 574, 2.7066282986569025e-08
888, 1211, 2.6837832449296396e-08
896, 1211, 2.676865798994031e-08
146, 583, 2.6748629527114073e-08
36, 154, 2.6326512213470648e-08
680, 802, 2.5924753571167395e-08
102, 717, 2.5613681510872534e-08
564, 730, 2.5546453526723443e-08
388, 802, 2.5239065456180446e-08
371, 802, 2.5218482482785357e-08
703, 767, 2.4945406294727847e-08
944, 1180, 2.418017482644334e-08
633, 1068, 2.417012426315978e-08
579, 835, 2.4011493699703634e-08
620, 1180, 2.38531551326155e-08
12465, 12571, 2.3582907180851143e-08
666, 802, 2.3400835140659257e-08
861, 1752, 2.2769145314597804e-08
586, 802, 2.253292150936608e-08
720, 802, 2.2358435879786448e-08
146, 717, 2.2322236499159324e-08
896, 1157, 2.2261833856139796e-08
90, 154, 2.219433201452044e-08
888, 1157, 2.2150019786340035e-08
844, 1122, 2.2128896872922204e-08
654, 965, 2.195179765293439e-08
559, 802, 2.1882330838173495e-08
369, 600, 2.1635615713057712e-08
146, 1514, 2.1599327204507594e-08
723, 873, 2.1305133909762514e-08
844, 1878, 2.122024019426044e-08
654, 1700, 2.101416089961066e-08
12199, 12571, 2.0856172108781133e-08
1418, 1752, 2.0624929946491117e-08
935, 1752, 2.0370337223436338e-08
620, 737, 2.0167917092134284e-08
50, 805, 2.0050248794919517e-08
388, 557, 1.9929807683997066e-08
654, 2272, 1.9901019662592284e-08
528, 600, 1.9574535291727513e-08
11101, 12219, 1.9544247745338366e-08
703, 805, 1.9311121828454427e-08
703, 1201, 1.9289067581675898e-08
3568, 3718, 1.9180349094617606e-08
718, 1160, 1.9099919343610363e-08
255, 1432, 1.9056716470690205e-08
371, 557, 1.900647112704726e-08
371, 873, 1.9001551433921882e-08
388, 873, 1.865521812262505e-08
666, 767, 1.860242888489944e-08
844, 1068, 1.854244749869938e-08
1136, 1201, 1.853261492656831e-08
50, 1000, 1.84710525352535e-08
455, 600, 1.8196589311250236e-08
255, 1185, 1.8104531624967317e-08
857, 1180, 1.795285234031716e-08
237, 583, 1.7921011868533326e-08
835, 1752, 1.720694500231208e-08
481, 600, 1.693222040776732e-08
718, 1211, 1.6757023324051833e-08
680, 767, 1.672462467758951e-08
255, 388, 1.6398251089116975e-08
958, 1176, 1.6158077534684935e-08
388, 608, 1.602228479774868e-08
559, 873, 1.5803923724153814e-08
758, 873, 1.5537411434481366e-08
102, 805, 1.5500784255794628e-08
90, 182, 1.5183179347620242e-08
371, 608, 1.497397569245537e-08
620, 3435, 1.4730781407443869e-08
11765, 12806, 1.4584391407200325e-08
50, 730, 1.4503329690905943e-08
579, 1122, 1.4281655933984957e-08
146, 805, 1.4177537494695194e-08
914, 1176, 1.4153367953611347e-08
237, 717, 1.3836029815260209e-08
586, 873, 1.3816984188520115e-08
620, 955, 1.3505891378495281e-08
666, 873, 1.336437387121342e-08
12164, 12404, 1.334187438842672e-08
50, 620, 1.3111584722860538e-08
36, 142, 1.2921047699064115e-08
102, 1000, 1.2842537419875077e-08
680, 873, 1.253978465056054e-08
90, 802, 1.2090484032553458e-08
633, 1185, 1.2037699446248198e-08
763, 1122, 1.1867358780638724e-08
146, 1000, 1.173791908677832e-08
388, 767, 1.1676386444010059e-08
654, 1841, 1.1639184736944806e-08
914, 1000, 1.1616894571250137e-08
586, 767, 1.1536721052696356e-08
371, 767, 1.1499747093702845e-08
654, 1933, 1.1465561375278479e-08
102, 730, 1.1302569054078002e-08
102, 620, 1.1010186157382707e-08
861, 1201, 1.0977246625697394e-08
559, 767, 1.088461590740333e-08
781, 1000, 1.0870556841098194e-08
1123, 1211, 1.0844732866084382e-08
654, 1484, 1.0728325844816374e-08
718, 835, 1.0274771698084861e-08
600, 737, 1.0104354567011641e-08
526, 600, 9.993254063689968e-09
696, 955, 9.934286083872106e-09
90, 873, 9.807397084086463e-09
949, 1185, 9.702984649233387e-09
146, 730, 9.639091155692466e-09
579, 1068, 9.596463003507893e-09
620, 1211, 9.516775273002596e-09
654, 1652, 9.490615152268595e-09
1819, 3435, 9.458580346900946e-09
600, 955, 9.362921524356938e-09
720, 873, 9.095611123727414e-09
146, 620, 9.057417491489372e-09
215, 737, 8.933510611107757e-09
914, 1514, 8.87661801888913e-09
958, 1514, 8.721558874414781e-09
215, 1211, 8.646815025116618e-09
215, 955, 8.612046529676672e-09
173, 802, 8.506010858153067e-09
237, 805, 8.490368780179621e-09
1305, 1752, 8.470286461676925e-09
989, 1752, 8.464370175901234e-09
763, 1068, 8.425606419512588e-09
654, 1833, 8.323334520822945e-09
215, 289, 8.01562703202182e-09
1418, 1514, 7.935734743046524e-09
388, 583, 7.642934057255404e-09
255, 1705, 7.483466791537042e-09
12164, 12571, 7.4132229579173235e-09
36, 802, 7.363639912282928e-09
654, 1958, 7.3424640429637514e-09
371, 583, 7.266894095064356e-09
237, 1000, 7.050851121233504e-09
564, 737, 6.99224629708605e-09
703, 1752, 6.949571993945483e-09
299, 802, 6.82021959830032e-09
90, 557, 6.7262727144358496e-09
703, 1000, 6.7228941099196006e-09
90, 608, 6.6772491290939026e-09
146, 259, 6.6039816664462646e-09
173, 873, 6.529691663191397e-09
255, 2081, 6.395823594237814e-09
564, 955, 6.360720163746899e-09
90, 767, 6.121842931162857e-09
237, 730, 6.10507423826126e-09
586, 717, 6.020732511923572e-09
654, 1075, 5.997898801314073e-09
237, 620, 5.866593598299302e-09
723, 805, 5.821362771012291e-09
620, 734, 5.7418913802401155e-09
935, 1201, 5.638592713065265e-09
861, 1176, 5.560434748608395e-09
215, 315, 5.341667378432953e-09
1136, 1514, 5.322885295397588e-09
371, 717, 5.298142886481813e-09
989, 1201, 5.24069282247712e-09
388, 717, 5.235728182845587e-09
239, 802, 5.173838972805665e-09
299, 873, 5.1677978842589395e-09
36, 873, 5.152370054923647e-09
559, 717, 5.122643024073619e-09
654, 1128, 5.002447627197875e-09
579, 653, 4.9562449280399075e-09
727, 802, 4.8819697002654685e-09
1301, 1514, 4.8801348175526374e-09
730, 802, 4.8588106603751294e-09
50, 259, 4.756494820647441e-09
173, 557, 4.73088074039972e-09
835, 1201, 4.6858243102309114e-09
255, 686, 4.559436544196856e-09
11745, 12030, 4.514134293232301e-09
173, 608, 4.504817648422873e-09
528, 802, 4.50250103450264e-09
102, 259, 4.481947439290675e-09
935, 1176, 4.460825264469251e-09
781, 1176, 4.4438121543893814e-09
654, 2372, 4.378471964004125e-09
449, 557, 4.3704491325118464e-09
36, 182, 4.240674343987412e-09
528, 873, 4.159729836373228e-09
36, 557, 4.118056019970804e-09
989, 1176, 4.09335111301583e-09
470, 541, 4.0871153044254245e-09
299, 557, 4.024820098203111e-09
173, 767, 3.93769747811936e-09
239, 873, 3.9349166140184135e-09
654, 907, 3.86122400993509e-09
266, 802, 3.835277041963746e-09
299, 608, 3.8077573614292146e-09
215, 653, 3.748477373740452e-09
36, 608, 3.7021600198653247e-09
50, 737, 3.6131858484867677e-09
835, 1176, 3.46848366241559e-09
36, 767, 3.3297786788200632e-09
239, 557, 3.094392680912564e-09
299, 767, 3.0876512087918936e-09
620, 835, 3.0808103617754933e-09
449, 802, 3.054629698614107e-09
50, 955, 3.0344980895488886e-09
388, 805, 3.0338227920697978e-09
371, 805, 3.009135985949201e-09
11761, 12219, 2.9665294644725446e-09
680, 805, 2.8958523219373754e-09
102, 737, 2.8866329520517017e-09
90, 583, 2.8697435891105188e-09
266, 873, 2.8143485831316688e-09
239, 608, 2.8070512131105767e-09
586, 805, 2.804619547161813e-09
696, 835, 2.76997221406944e-09
730, 873, 2.765095351694619e-09
666, 805, 2.7005667529395647e-09
455, 557, 2.697357207018663e-09
600, 734, 2.695481587102976e-09
720, 805, 2.6900349883596104e-09
586, 1000, 2.6553201308429134e-09
102, 221, 2.5999143848888893e-09
559, 1000, 2.5998642726346368e-09
861, 1000, 2.57533415656364e-09
559, 805, 2.550203340172551e-09
102, 955, 2.5500813090327498e-09
369, 802, 2.526936194617846e-09
654, 975, 2.5268387813405643e-09
215, 629, 2.4770689183015382e-09
388, 620, 2.4218562465230764e-09
475, 541, 2.408441611105032e-09
146, 737, 2.405483923718223e-09
90, 717, 2.3505821515444097e-09
371, 1000, 2.349399306882238e-09
654, 881, 2.3490854090976574e-09
727, 873, 2.348266811361322e-09
723, 1000, 2.332438731132629e-09
388, 1000, 2.314682328361452e-09
146, 955, 2.2853582125548997e-09
371, 620, 2.2177574077412955e-09
146, 221, 2.215659576629478e-09
266, 557, 2.209731323638486e-09
781, 955, 2.1924140914325735e-09
449, 873, 2.1874118134209125e-09
449, 608, 2.1826615201785777e-09
388, 730, 2.1582148340381133e-09
371, 730, 2.1367797630670727e-09
266, 608, 2.133893304559844e-09
50, 221, 2.0703322004403046e-09
528, 767, 2.058472175874298e-09
586, 730, 2.0438338568645212e-09
173, 583, 2.006821343697311e-09
600, 835, 1.9857448072205655e-09
215, 355, 1.978743611978824e-09
528, 608, 1.9682489283127535e-09
239, 767, 1.9282895763135442e-09
215, 734, 1.9151308856782073e-09
369, 557, 1.8975521853676136e-09
369, 873, 1.8674106396313986e-09
559, 730, 1.8559890499143004e-09
666, 1000, 1.8496189049238111e-09
50, 289, 1.7826117584292253e-09
146, 289, 1.741432338859969e-09
102, 289, 1.7268918568344044e-09
7889, 8607, 1.7010560549614379e-09
36, 583, 1.6816563823295821e-09
299, 583, 1.6409253698609126e-09
680, 1000, 1.6277400671990388e-09
564, 734, 1.6275229323503084e-09
173, 717, 1.6122387136436053e-09
835, 1000, 1.5791777099346433e-09
215, 376, 1.5767581189712687e-09
896, 1068, 1.5590690442282563e-09
486, 600, 1.542562929362961e-09
888, 1068, 1.536095296676554e-09
237, 737, 1.5284508304915345e-09
703, 955, 1.4955496924101836e-09
369, 608, 1.4895542295389909e-09
50, 653, 1.4782570214063017e-09
11745, 12327, 1.474933765634344e-09
237, 955, 1.4193725012539903e-09
215, 379, 1.4131346874499398e-09
36, 717, 1.4035846011013902e-09
255, 739, 1.3929585575657929e-09
266, 767, 1.376923705666061e-09
564, 835, 1.3692274189811889e-09
11761, 13232, 1.363111643923592e-09
481, 557, 1.3293440610851406e-09
299, 717, 1.3141586647833565e-09
239, 583, 1.2997045213400748e-09
526, 873, 1.2783158733830306e-09
455, 608, 1.2487328804715143e-09
455, 873, 1.2277433632997953e-09
102, 653, 1.2190565483434648e-09
237, 1514, 1.1968600250599155e-09
528, 717, 1.1654724363061011e-09
449, 583, 1.1515127672412437e-09
449, 767, 1.1036237510162846e-09
90, 1000, 1.065620542707799e-09
146, 653, 1.0626863502066043e-09
481, 608, 1.0512190837715038e-09
90, 620, 1.047801088722086e-09
861, 955, 1.031015364720334e-09
215, 339, 1.0266049452744988e-09
90, 730, 1.0246755856087114e-09
215, 364, 1.0151283866960556e-09
725, 802, 9.712400380292354e-10
526, 608, 9.602688419366083e-10
50, 629, 9.563043890878959e-10
699, 989, 9.53415674097477e-10
266, 583, 9.4338915546811e-10
239, 717, 9.4119512213304e-10
526, 802, 9.32777499328732e-10
666, 730, 9.317860984740116e-10
699, 958, 9.215906582714369e-10
699, 1272, 8.866208852536397e-10
369, 767, 8.487013834751156e-10
102, 629, 8.091021852268148e-10
718, 1068, 7.738216792675244e-10
50, 734, 7.694924772488267e-10
237, 315, 7.593284039610732e-10
526, 767, 7.570011832331507e-10
481, 583, 7.34711993242421e-10
369, 583, 7.277896783092315e-10
50, 315, 7.230982127488104e-10
944, 1068, 7.221460355852333e-10
102, 315, 7.113967586420311e-10
146, 315, 7.08047389910838e-10
455, 583, 7.044071224680964e-10
266, 717, 6.969137491302052e-10
173, 620, 6.935423119951928e-10
173, 730, 6.843298262905003e-10
455, 802, 6.804446478392934e-10
237, 653, 6.783388144885163e-10
146, 629, 6.740380528363881e-10
699, 965, 6.51775100074324e-10
12036, 12327, 6.250724547094224e-10
564, 653, 6.221633467356322e-10
699, 1700, 6.060132371444058e-10
102, 734, 6.048049310362784e-10
299, 620, 5.99179963340552e-10
173, 259, 5.982489059101492e-10
36, 730, 5.843219241377323e-10
36, 620, 5.796554540701526e-10
699, 2272, 5.728703351109951e-10
388, 737, 5.65542636558583e-10
299, 730, 5.584929602760214e-10
449, 717, 5.504233184650316e-10
371, 737, 5.484609626138304e-10
455, 767, 5.481126245213938e-10
50, 355, 5.199309258029815e-10
146, 734, 5.128919953392226e-10
369, 717, 5.008246743845695e-10
586, 737, 4.92058187012677e-10
237, 355, 4.913960660995881e-10
50, 376, 4.6154891337689607e-10
559, 737, 4.5719645616861814e-10
90, 805, 4.492732394312187e-10
146, 355, 4.3908863564590165e-10
481, 802, 4.3626078279997904e-10
237, 629, 4.2839656804135564e-10
239, 620, 4.2737147751423574e-10
215, 835, 4.2654225665447493e-10
102, 355, 4.246566506457104e-10
90, 259, 4.182981307331326e-10
50, 379, 4.1625941080375964e-10
255, 989, 4.1284692549144096e-10
666, 737, 4.0930398302657437e-10
239, 730, 4.0821050749224515e-10
699, 1824, 4.077105259538103e-10
620, 1068, 4.0424934447570765e-10
255, 958, 3.9224641120577906e-10
528, 620, 3.770761836749907e-10
857, 1068, 3.680754924212585e-10
146, 376, 3.6742356992909536e-10
146, 264, 3.666261575234769e-10
102, 376, 3.6310517958908333e-10
526, 717, 3.508540267749844e-10
481, 767, 3.4730166867895624e-10
699, 1484, 3.429623501530364e-10
528, 730, 3.404905334242427e-10
449, 620, 3.361293023603287e-10
266, 620, 3.359373904761253e-10
102, 379, 3.2704629440076256e-10
146, 379, 3.267611591508745e-10
237, 734, 3.2543941828977437e-10
237, 376, 3.165873008955849e-10
173, 805, 3.1565527016450285e-10
600, 1180, 3.131038443217719e-10
696, 1180, 3.101925619325921e-10
470, 600, 3.038007772583271e-10
50, 264, 2.881778380834984e-10
50, 364, 2.861360656214421e-10
696, 1068, 2.8510633665182325e-10
255, 965, 2.847353912210106e-10
699, 1652, 2.826933730691338e-10
237, 379, 2.776031305668107e-10
237, 339, 2.732384254854121e-10
102, 264, 2.714017265655726e-10
36, 805, 2.7074236997550273e-10
600, 1068, 2.6952708825158065e-10
475, 600, 2.684313657826116e-10
299, 805, 2.408134129599523e-10
388, 653, 2.385707368423024e-10
633, 739, 2.377836699611656e-10
371, 653, 2.366135082740944e-10
146, 364, 2.358578462304376e-10
237, 364, 2.288522389961535e-10
102, 364, 2.2703565867326537e-10
369, 620, 2.2099879809951823e-10
564, 1068, 2.1898501306046333e-10
50, 339, 2.1157941560375454e-10
36, 259, 2.0545946104444067e-10
90, 221, 2.0274070890636903e-10
173, 289, 1.9336077442909326e-10
146, 339, 1.928086775268598e-10
102, 339, 1.9191094430488612e-10
455, 620, 1.9098330852812775e-10
526, 620, 1.7404586870081262e-10
239, 805, 1.7267555590204285e-10
11745, 12347, 1.7235783788628417e-10
699, 1075, 1.7226479194854402e-10
388, 629, 1.7020105096101799e-10
371, 629, 1.5797910845332344e-10
90, 289, 1.5785509250498104e-10
699, 1128, 1.537156815111533e-10
730, 805, 1.530129058650247e-10
703, 1326, 1.5170058155728127e-10
727, 805, 1.5020339828149622e-10
564, 629, 1.4715954671088126e-10
481, 620, 1.416515363161679e-10
215, 1068, 1.4092130630957189e-10
699, 907, 1.386968468724199e-10
266, 805, 1.2816914275722354e-10
528, 805, 1.1586133596447839e-10
90, 653, 1.1162041969816993e-10
449, 805, 1.0196516919618077e-10
844, 958, 9.605595592928222e-11
486, 608, 9.472065760438857e-11
36, 221, 8.887837985399269e-11
486, 557, 8.510707469948115e-11
369, 805, 8.428479878586225e-11
215, 388, 8.102850024208189e-11
699, 881, 7.886569573724701e-11
90, 629, 7.599153768863239e-11
36, 289, 7.430447844835007e-11
12036, 12347, 7.421294523249023e-11
173, 653, 7.407397553503476e-11
388, 1201, 7.311584709251062e-11
699, 975, 7.106336042702352e-11
633, 989, 7.090273657316438e-11
371, 1201, 7.065680465010927e-11
633, 958, 6.728137696710544e-11
90, 315, 6.59880517683446e-11
299, 653, 6.562797557797211e-11
844, 989, 6.413663392835584e-11
36, 653, 6.344822263003342e-11
486, 583, 6.295373034065378e-11
559, 653, 6.181444588887727e-11
725, 805, 6.181282961552972e-11
844, 965, 5.976708078926441e-11
173, 315, 5.87756639158342e-11
725, 873, 5.871496422147954e-11
455, 805, 5.7271285348332856e-11
718, 1157, 5.154390215136046e-11
239, 315, 5.092577619833769e-11
173, 629, 4.989142905945296e-11
633, 965, 4.8065946581801136e-11
239, 653, 4.7348755974899847e-11
579, 686, 4.606727693628527e-11
299, 629, 4.3894331602309775e-11
299, 379, 4.3660588875467137e-11
299, 376, 4.35593521213447e-11
36, 629, 4.275323739344425e-11
579, 739, 4.1547417100676595e-11
255, 907, 3.9814537464493836e-11
90, 355, 3.9433055025598506e-11
470, 557, 3.8788042836975093e-11
173, 264, 3.8560343634326656e-11
239, 355, 3.709813563427094e-11
266, 355, 3.624437380196759e-11
173, 355, 3.599442932834179e-11
90, 376, 3.480236735501323e-11
266, 653, 3.367000417236576e-11
449, 653, 3.278478678251194e-11
36, 315, 3.202156398880228e-11
90, 379, 3.1475065288560185e-11
455, 717, 3.097257629609261e-11
239, 629, 3.094441611210603e-11
173, 376, 2.959912421896467e-11
475, 557, 2.8696588268003213e-11
266, 376, 2.710450527935703e-11
173, 379, 2.6458839340020588e-11
528, 629, 2.6403542802494874e-11
215, 686, 2.6259041349120842e-11
528, 653, 2.5780143095485945e-11
763, 958, 2.5684502069797946e-11
90, 264, 2.5363576762459174e-11
579, 958, 2.4785049128123783e-11
50, 388, 2.4438737838993194e-11
266, 629, 2.417538709729183e-11
449, 629, 2.4080401598243445e-11
239, 376, 2.3466622499791508e-11
36, 355, 2.3276349598186166e-11
11779, 11990, 2.3098023841908798e-11
266, 379, 2.305985188109978e-11
369, 653, 2.2954983117114157e-11
481, 717, 2.2626878059274562e-11
90, 364, 2.1451308624579465e-11
559, 629, 2.091753303181496e-11
36, 376, 2.0793633624855175e-11
239, 379, 2.0514939362312343e-11
239, 339, 2.0301455185913583e-11
266, 364, 1.9886091244502512e-11
102, 388, 1.9134212434301895e-11
173, 364, 1.9082582919598376e-11
36, 379, 1.878993245839881e-11
455, 653, 1.8770990518899575e-11
146, 388, 1.818224520490353e-11
266, 730, 1.7420539854749144e-11
90, 339, 1.723748290206493e-11
239, 364, 1.7175143655495515e-11
470, 608, 1.702517538745289e-11
50, 835, 1.693629632764579e-11
369, 629, 1.5734721164466688e-11
173, 339, 1.5608703692305307e-11
237, 388, 1.5278623570340168e-11
475, 608, 1.473318009641318e-11
449, 730, 1.3960688813279161e-11
455, 629, 1.3751676869958278e-11
299, 364, 1.3497450467032851e-11
470, 583, 1.3050632595509682e-11
36, 364, 1.273406388198227e-11
369, 730, 1.2551966020292746e-11
36, 264, 1.2374084103560158e-11
586, 653, 1.2305010117059161e-11
486, 620, 1.185863216468728e-11
526, 629, 1.1850310322793824e-11
475, 583, 1.1704235339993143e-11
102, 835, 1.1428168209667192e-11
481, 653, 1.0903445654982612e-11
146, 835, 1.0267270330135713e-11
481, 629, 9.669042039394217e-12
36, 339, 9.66510045858866e-12
949, 1075, 9.54360664096754e-12
266, 339, 9.50292247238613e-12
526, 653, 9.362328827913955e-12
944, 1211, 9.271872745616406e-12
50, 686, 9.250556635921622e-12
526, 730, 8.219035719878763e-12
481, 873, 7.885888615184236e-12
455, 730, 7.846863234737402e-12
633, 907, 7.514360682863393e-12
102, 686, 7.236356480416626e-12
633, 1075, 7.024071393036899e-12
620, 739, 6.492192820270257e-12
146, 686, 6.479970986030544e-12
481, 730, 5.42314912667793e-12
844, 1075, 5.193742472821141e-12
844, 907, 4.575510052857473e-12
237, 835, 4.272945404266396e-12
237, 686, 3.986952983183496e-12
763, 907, 3.6888918754049985e-12
579, 907, 3.178665706726936e-12
255, 881, 3.052920002948119e-12
299, 388, 3.0408673679422897e-12
470, 620, 2.7156500503201396e-12
600, 686, 2.4837816065484757e-12
564, 686, 2.411793525969144e-12
528, 737, 2.403990274350462e-12
475, 620, 2.282990829653155e-12
90, 737, 2.233897526111884e-12
90, 388, 1.8630752648468413e-12
703, 835, 1.7527031782410344e-12
620, 686, 1.5745569413577946e-12
173, 388, 1.5116520481779022e-12
371, 686, 1.4845202230430853e-12
173, 737, 1.4689388754667263e-12
388, 686, 1.463733334762665e-12
36, 737, 1.2392814638009574e-12
299, 737, 1.1936709203137628e-12
266, 388, 1.1296518176424661e-12
239, 388, 1.1201642325996497e-12
36, 388, 1.096182225920367e-12
388, 835, 9.67409428909851e-13
371, 835, 9.40354089902891e-13
486, 653, 9.058767418050943e-13
388, 734, 8.920588384490941e-13
239, 737, 8.915144722851961e-13
526, 737, 8.830347846871515e-13
371, 734, 8.726991506605305e-13
564, 1370, 8.704886345519667e-13
486, 629, 7.046600948549554e-13
266, 737, 6.344061229535249e-13
723, 835, 5.904283967856583e-13
90, 686, 5.338576191202139e-13
449, 737, 5.064967931571308e-13
369, 737, 4.4426536494464216e-13
90, 734, 4.3019414454766704e-13
173, 686, 3.7430520176010605e-13
36, 686, 3.2177767221687483e-13
299, 686, 2.9280000511021815e-13
763, 1322, 2.8281533955389005e-13
173, 734, 2.8144321504483943e-13
586, 734, 2.50108050988184e-13
36, 734, 2.385630945837112e-13
559, 734, 2.303660840341324e-13
299, 734, 2.290769726627789e-13
239, 686, 2.223048967199212e-13
215, 739, 1.8359991659234627e-13
559, 686, 1.7284568106080013e-13
470, 629, 1.7143328243862008e-13
666, 734, 1.6993044897462983e-13
266, 686, 1.6856049540219202e-13
586, 686, 1.5101625998240003e-13
449, 686, 1.4268243698286068e-13
369, 686, 1.1343347839070628e-13
528, 686, 9.015547265941204e-14
455, 686, 8.156218853265939e-14
600, 739, 7.583188152742747e-14
50, 739, 7.07611200201065e-14
481, 686, 5.744257280091018e-14
102, 739, 5.698059333544197e-14
564, 739, 5.1249003375849717e-14
146, 739, 4.803622615787648e-14
526, 686, 4.134731454537994e-14
723, 955, 5.782302294581909e-15
586, 955, 5.7764917025878975e-15
559, 955, 5.4835195891637046e-15
835, 955, 5.37799809728881e-15
666, 955, 4.090145485027926e-15
680, 955, 3.028106838610576e-15
526, 805, 3.115200118411562e-16
470, 653, 1.0464969936101287e-16
475, 653, 8.672884398016238e-17
486, 717, 8.422063600620096e-17
481, 805, 6.145882638818514e-17
239, 734, 6.104423594459503e-17
455, 737, 5.4798032157504064e-17
475, 629, 1.8992909967621788e-17
