Gene = Ccp110
index = 230
Annotated 5SS: [  197  1697  2963  5544 10487 12034 12908 13591 14065 17173 17523 18190
 19208 19902 20421]
Annotated 3SS: [ 1553  2807  5414  8841 11902 12750 13450 13947 17070 17405 18115 19144
 19841 20334 22715]
SMsplice 5SS: [  197  5544 10487 13591 14065 17173 17523 18190]
SMsplice 3SS: [ 5414 10384 13473 13947 17070 17405 18115 22715]
length: 24473
Partition function (logZ) = 9.261443723540479
#Introns = 2939
5SS, 3SS, prob
17523, 18115, 0.8339736318715859
5544, 10384, 0.7885316369307792
13591, 13947, 0.7613358694056015
14065, 17070, 0.47858144731480873
17173, 17405, 0.47266328911996514
17173, 17272, 0.34120261621714115
1697, 5414, 0.2943979000658207
10487, 11902, 0.2555810440893544
197, 1077, 0.19055140803002638
197, 989, 0.17503588723145921
10487, 11627, 0.15723392165091582
18190, 19144, 0.1495526027005488
18190, 22715, 0.13869970717855098
12034, 13473, 0.1338433759542522
13591, 17070, 0.1295401033743041
19208, 22715, 0.11533462154420963
20188, 22715, 0.11399892498419566
13157, 13473, 0.11033185152575949
18190, 18509, 0.10902516969841126
21648, 22715, 0.10779326617842452
14065, 15441, 0.10773040848020866
2963, 5414, 0.10771786347312844
12034, 12197, 0.09558847448536904
12280, 13473, 0.09147233112062714
12908, 13473, 0.08835643603060897
20210, 22715, 0.08333615683903732
12034, 13450, 0.08222737174837323
1227, 1553, 0.08151215092302981
1227, 5414, 0.08027728367322555
10487, 13473, 0.07698127219700493
12034, 12750, 0.075943823992805
20821, 22715, 0.07467624475599415
1274, 1493, 0.07465900358270916
10487, 10707, 0.07430136023431756
1697, 2807, 0.07314968737662997
1227, 1493, 0.07069835890011417
1274, 5414, 0.07009378608143339
1274, 1553, 0.06965368822754854
18190, 20116, 0.06810616830433239
13157, 13450, 0.06663957509888047
11704, 11902, 0.0660050386097497
18190, 18893, 0.06408654400672568
15519, 17070, 0.06364471218916254
1614, 5414, 0.06110913473859615
18190, 19089, 0.058327445427380345
244, 1077, 0.057498789427157006
12280, 13450, 0.056234539053999937
12908, 13450, 0.05527265821250353
19208, 20116, 0.05343527622300095
10487, 12750, 0.05296367470431003
244, 989, 0.05281188395055888
17523, 17952, 0.05268958830182712
12280, 12750, 0.0480689799300025
10487, 11295, 0.04773024814779174
10487, 13450, 0.0472687780582161
18190, 18462, 0.04706711527628303
5956, 10384, 0.046487623500411676
3963, 5414, 0.046442042083154535
18190, 20120, 0.04297176572006312
20421, 22715, 0.04218114241636239
4919, 5414, 0.04172522461819726
186, 1077, 0.041632593825680395
10487, 12197, 0.041209385544713935
14070, 17070, 0.04050766092656052
4118, 5414, 0.03998415810140359
10487, 11885, 0.0386458554653459
186, 989, 0.03794463815436816
18563, 19144, 0.03762606605768301
18190, 18253, 0.037036201340865244
21740, 22715, 0.03695417148823468
10762, 11902, 0.036577434243158555
15798, 17070, 0.036173542760621735
18563, 22715, 0.036104703821960946
12908, 13023, 0.035410675315874246
18190, 21608, 0.03496955859646866
5630, 10384, 0.034419158418229324
17220, 17405, 0.03403542357810631
18190, 19995, 0.033612500096393855
19208, 20120, 0.0335860109795247
13591, 15441, 0.03266242496159194
197, 1553, 0.032402052726977534
20116, 22715, 0.03173045924476298
16915, 17070, 0.031075383331868496
468, 1077, 0.03102540509669072
17215, 17405, 0.03030361448151988
14065, 16833, 0.030065955187725386
19208, 19995, 0.02983397117015341
17523, 18056, 0.029806141560552803
15374, 17070, 0.02966647110992382
1227, 1596, 0.02930980127223213
19208, 21608, 0.029212295351633843
20188, 21608, 0.02919378492009791
19208, 19432, 0.02916841682038081
197, 1493, 0.02778469615593958
10487, 11905, 0.027276090889791396
16796, 17070, 0.02714946379795766
1227, 2807, 0.027002043635577445
1274, 1596, 0.026574136873850303
468, 989, 0.026403198699121843
5544, 11902, 0.02578396334836047
19673, 22715, 0.025405399705459807
18190, 19432, 0.025181500388988733
5544, 5845, 0.025036262176133358
15618, 17070, 0.024743814042098015
15546, 17070, 0.02455472319438807
18190, 19841, 0.024101979871031177
197, 1174, 0.023658682142363434
1274, 2807, 0.02359178254908306
22912, 23837, 0.023579203764243176
18020, 18115, 0.023517706257161673
12067, 13473, 0.0230833117655813
1274, 1381, 0.023027996166589137
18190, 20657, 0.022763426538340216
20848, 22715, 0.02250229923165151
12034, 12134, 0.022226733704233153
11466, 11902, 0.021968567982020924
17523, 18090, 0.02161889645890189
4945, 5414, 0.02150505112414977
19208, 19841, 0.021328917618653354
12067, 12197, 0.02118040907427938
17173, 17457, 0.021027924446984043
20210, 21608, 0.02080433811714157
11750, 11902, 0.020756987841167276
11466, 11627, 0.020612013300078218
12034, 13023, 0.020470590728530053
20821, 21608, 0.0201189988254332
2754, 5414, 0.02004921579284854
7516, 10384, 0.01973453972334069
10762, 11627, 0.01955386827608544
19208, 20657, 0.01946715527575209
3403, 5414, 0.01942112466487749
18563, 18893, 0.01863757307611337
5544, 5917, 0.018439223662158343
20188, 20657, 0.018332076938218683
17173, 17379, 0.01768811465138274
18563, 19089, 0.01758117843642173
20188, 20286, 0.01756084009336969
11704, 13473, 0.017556565228223516
4899, 5414, 0.01743443447870397
18418, 18509, 0.017248282964164748
14065, 15217, 0.01721100500714101
197, 5414, 0.017128044325293298
18563, 20116, 0.017088255666454638
5544, 11627, 0.016775404345397288
22519, 22715, 0.01608192387327858
1697, 3907, 0.01601825400490034
12908, 13026, 0.0159369293103068
1697, 4743, 0.015794446461088015
22949, 23837, 0.015611458662032607
8398, 10384, 0.015398666073850256
1614, 2807, 0.015185463719044195
10487, 13023, 0.014658384696524751
1697, 4832, 0.014558387477178658
12067, 12750, 0.014313730574497441
14065, 17405, 0.014159627753667421
12067, 13450, 0.014137568428434995
10762, 13473, 0.014101516285045013
20210, 20657, 0.013993199534211097
1227, 1381, 0.013928706688253786
17523, 17768, 0.013276308005063546
18190, 20762, 0.013170307000862193
12034, 12176, 0.01315890364549804
18190, 19037, 0.0130823757878942
2931, 5414, 0.013073924353205422
12280, 13023, 0.012807771112728811
15635, 17070, 0.012762675153026863
14065, 15666, 0.012718591430733043
5544, 8331, 0.012627801111560972
197, 1596, 0.012067976498536704
19673, 20116, 0.011853957204160779
12034, 13026, 0.011799004858788624
20188, 20762, 0.011641811176668994
19902, 22715, 0.011422539158957695
18190, 23837, 0.011409610993136499
10487, 10593, 0.011158125144146649
17173, 18115, 0.011064766047125113
2916, 5414, 0.010787385393903955
11704, 13450, 0.010779529217850536
17240, 17405, 0.010610043335497806
2465, 5414, 0.010607538488747896
11813, 11902, 0.010541027738896976
18190, 20150, 0.01052978950710905
19902, 19995, 0.010516843482367633
19684, 22715, 0.010511558066962173
11704, 12750, 0.010329484103037433
197, 2807, 0.010258998961118315
1697, 3878, 0.010079699814166251
15374, 15441, 0.010045991830389003
18563, 20120, 0.009942125303680192
20421, 21608, 0.009680785652524181
20188, 23837, 0.009668993726488176
11704, 11885, 0.009593883077429026
19208, 23837, 0.009590550714446313
244, 1553, 0.009523379914957667
3924, 5414, 0.009499363287350359
19208, 20762, 0.009368139656678298
20210, 20286, 0.009364924103347454
17173, 17360, 0.00931014954987697
1697, 4043, 0.009219730928885323
14070, 15441, 0.009204484410296096
21648, 23837, 0.00899946674942529
19208, 20150, 0.008918953011953204
1697, 2650, 0.008871971387057037
754, 1077, 0.008799274056652609
12034, 13492, 0.008731189333288463
10762, 13450, 0.008682610758597168
10762, 12750, 0.008619385068665766
11466, 13473, 0.008572732875376151
12034, 12818, 0.008565004946173408
10487, 11998, 0.00852475424701831
13591, 16833, 0.008506047028165356
18563, 21608, 0.008299749415992454
244, 1493, 0.008166279449769873
2197, 5414, 0.00815879071528582
10487, 11335, 0.008060316514302232
14065, 14708, 0.00803379243722009
18563, 19995, 0.007993542859755265
17523, 18149, 0.007933013513508782
197, 694, 0.007846728190093858
16512, 17070, 0.007842353983397232
14065, 16705, 0.007698576663296007
12034, 12970, 0.007541505029061186
754, 989, 0.007541090711032791
14065, 15100, 0.007481291476922561
18418, 19144, 0.00744265793500986
297, 1077, 0.0074348708535291585
11704, 12197, 0.00741941811955706
19673, 19841, 0.007328513785062101
5544, 7380, 0.007232813857783214
1728, 5414, 0.007229773483431892
186, 1553, 0.007203604921870222
1872, 5414, 0.007185534509665951
3022, 5414, 0.007167063949056681
13157, 13492, 0.007136169370095813
1697, 10384, 0.007059014021977456
244, 1174, 0.007003583287016204
16926, 17070, 0.006955450229269468
5544, 7418, 0.0069162055677297
18418, 22715, 0.006907643518547884
19673, 20120, 0.006897464991673468
20210, 23837, 0.006882317693831911
13613, 13947, 0.00680504625551571
14065, 16647, 0.006633326424491489
19673, 19995, 0.006632516147555261
18190, 19883, 0.006545092085940531
20116, 21608, 0.00653665360523243
20421, 20657, 0.006535860274108072
18190, 18336, 0.0065183538705871815
18190, 18359, 0.00643257848080263
1264, 1493, 0.006412382431764732
20821, 23837, 0.006399949313671605
5544, 10707, 0.006392506735349844
20188, 20334, 0.006360125757246741
10487, 10673, 0.006356513815967636
18563, 19841, 0.0063204385527744775
10762, 11295, 0.006281123960886401
18563, 19432, 0.006254621352135117
5544, 13473, 0.006253552561411919
1697, 3784, 0.00624913572093269
18190, 20665, 0.006244307798083458
14065, 15247, 0.006235847311737422
1264, 1553, 0.0062064362642892485
19208, 19883, 0.0061957042073620605
186, 1493, 0.006177076979291275
20210, 20334, 0.006148251239261201
297, 989, 0.006129619281161558
16902, 17070, 0.006108625830807316
19902, 20116, 0.00606905127347247
1264, 5414, 0.006012251141330071
17335, 17405, 0.005995407216275503
12280, 13492, 0.005937266891563675
10762, 12197, 0.005901725093846947
4844, 5414, 0.005834327638834819
9046, 10384, 0.005761212573396559
445, 1077, 0.005736535034816356
2918, 5414, 0.005727612607254134
1030, 1553, 0.005614221408400234
14385, 17070, 0.005574025001491656
12908, 13492, 0.005573601138566326
11750, 13473, 0.0054779240857023345
20188, 20665, 0.005465879473787068
5544, 11295, 0.005422823615461152
1030, 5414, 0.005412187042059897
20210, 20762, 0.005392136433542369
13591, 15217, 0.0053782108572716595
10487, 12818, 0.005335809393517887
10487, 12970, 0.005315854399087067
1227, 4743, 0.005294828159267543
1227, 3907, 0.005293870694060482
1748, 5414, 0.005293740367702313
18190, 20286, 0.005289827599181262
11466, 13450, 0.005263670717842069
186, 1174, 0.005246551752932403
20848, 21608, 0.005213718467960297
12280, 12818, 0.005205286448523105
14850, 17070, 0.00517443836380736
19673, 21608, 0.005135970824353391
11466, 12750, 0.00513343831106118
1274, 1446, 0.005129398417257844
18190, 19610, 0.005084408309019084
10487, 13492, 0.00506856856673216
1227, 1446, 0.005048230193729649
244, 5414, 0.005034152455847152
10487, 12176, 0.005023488657378684
18190, 18316, 0.004970303365163586
2963, 3907, 0.004889098968473188
1227, 4832, 0.004878104968571886
14065, 16598, 0.004862765361679439
468, 1553, 0.004827959554285692
5544, 7471, 0.004813952669066493
1030, 1493, 0.0047923707715058945
19208, 20286, 0.004753042427752489
5544, 12750, 0.0047155759541326146
445, 989, 0.004690508050423441
12280, 12970, 0.004637956605000183
13591, 13960, 0.0046359372764670625
19208, 19610, 0.004611931633455285
17326, 17405, 0.004589434183575855
10487, 11532, 0.004561726290842985
14065, 16324, 0.004524842088808981
1697, 4610, 0.004511758618453782
1274, 4743, 0.00447002191422485
1274, 3907, 0.004465936098848719
22912, 23199, 0.004405099881819574
4475, 5414, 0.004367416863337638
17523, 18121, 0.00431827003211292
1697, 3310, 0.004312770397767432
1030, 1174, 0.004304116317171373
953, 1077, 0.004253866535635187
1425, 1553, 0.004219704504091273
1697, 4869, 0.004206807175222275
13591, 13836, 0.0041586694852067795
468, 1493, 0.00415216107256023
14065, 14315, 0.004131281958663424
10487, 12134, 0.004129324854452243
1274, 4832, 0.004118214123954095
12908, 12970, 0.004114249864943109
10487, 10560, 0.004091842853907443
18190, 22438, 0.004038105059332653
12034, 12940, 0.004025333426497615
13591, 13723, 0.003963620712836801
18190, 20334, 0.003919067348523717
10487, 13026, 0.003917687854327065
197, 1381, 0.003896829687240355
2963, 4743, 0.0038756400485709204
14065, 17272, 0.0038415584176757145
5544, 13450, 0.0038391808808119062
186, 5414, 0.003807896538016756
13591, 15666, 0.0037931286224341275
5544, 8841, 0.0037830106553036324
1697, 2315, 0.0037491843751658576
5544, 12197, 0.003731897906925288
216, 1077, 0.003718318057986463
18290, 19144, 0.0036481339497868395
11466, 12197, 0.003603292156353713
3793, 5414, 0.0035822281858293803
15519, 16833, 0.003570522554245465
18290, 22715, 0.003569220069361895
18563, 19037, 0.003558154202425796
17523, 19144, 0.0035571231544626165
244, 1596, 0.003546933460319262
18290, 18509, 0.0035214401989860943
15802, 17070, 0.0034713503740797704
3387, 5414, 0.003441891840540294
15458, 17070, 0.0034343205756095503
18418, 18893, 0.003427235921407563
19208, 20334, 0.0034175254282693968
1227, 3878, 0.003413180221924295
2963, 4832, 0.003411535149260489
468, 1174, 0.0034079442569212967
23241, 23837, 0.00339684608010097
13591, 17405, 0.003393221506223081
11750, 13450, 0.003363452744731947
312, 1077, 0.0033326139826959115
17523, 22715, 0.003329730164423246
22949, 23199, 0.0033249582379452198
216, 989, 0.003324743289324954
15358, 17070, 0.003272623825896182
1614, 3907, 0.0032502785244986725
20421, 23837, 0.0032431357193137044
11750, 12750, 0.0032115415044219617
12280, 13026, 0.003208665722574175
10487, 12940, 0.0032072258967191223
19684, 19841, 0.003193987235758494
18418, 19089, 0.0031884427670933833
19208, 19437, 0.003187857966686681
15358, 15441, 0.0031649101571560065
20188, 22438, 0.0031648299279872696
14831, 17070, 0.003145321178950601
1096, 1174, 0.0031398295408028715
16438, 17070, 0.0031374750832100303
19208, 22438, 0.0030939865236991743
16989, 17070, 0.0030625536855994045
1227, 4043, 0.0030269706385296076
244, 2807, 0.003015251702634928
1697, 2092, 0.0030151314252442316
18190, 20032, 0.0030099801736003413
11704, 11905, 0.0029961804672158595
1227, 2650, 0.002974182200281851
3963, 4043, 0.002964422381045664
1425, 1493, 0.0029032285129412146
10487, 11800, 0.002883742049444424
1274, 3878, 0.002879376102266778
12280, 12940, 0.002861870057325329
21740, 23837, 0.002806135234076576
312, 989, 0.002790843671447511
468, 5414, 0.0027757693788678737
2963, 4043, 0.002769204253122912
14065, 15174, 0.002759541737761027
1697, 5370, 0.002756832802523067
18190, 19437, 0.0027503188382332375
19208, 20665, 0.0027195715227071727
18563, 23837, 0.0027188625491291626
1096, 5414, 0.0027105468220118205
12067, 12176, 0.002696527371963774
1425, 5414, 0.0026953866120984216
186, 1596, 0.002682945294681707
431, 1077, 0.002679273451175134
21812, 22715, 0.0026529936008611843
12034, 12158, 0.002628665154918803
1274, 2650, 0.0026048791463185116
15519, 15666, 0.0025926780940599783
14065, 16481, 0.002592621470087096
1096, 1553, 0.0025654075177046535
1274, 4043, 0.0025535677439064565
2465, 2807, 0.0025505106110336752
17523, 17894, 0.0025435777659650284
197, 275, 0.0025365543708237097
14070, 16833, 0.0025259032383500107
16908, 17070, 0.0025256787073172264
21648, 22438, 0.0024965932619088467
19684, 20116, 0.0024879926061738846
18190, 19042, 0.0024431003388388074
17173, 17412, 0.0024430332377631953
5544, 10242, 0.0024127052516653975
1697, 4783, 0.002402208090258286
10762, 11885, 0.002379905473388745
365, 1077, 0.002378264829214437
1697, 3577, 0.0023747881283009906
12034, 12259, 0.0023723769666609863
17523, 18509, 0.002367673540956812
940, 1077, 0.0023614559301636693
1096, 1493, 0.0023500281955461037
12877, 13473, 0.0023481610979827067
244, 694, 0.002311635883339429
1227, 1649, 0.0022947862522542
1614, 4743, 0.0022823508634527236
186, 2807, 0.002280774493902472
13591, 15100, 0.0022764819926000416
1274, 1473, 0.0022696699498207925
197, 594, 0.002255524568488138
13831, 13947, 0.0022550848029428187
18190, 19524, 0.002232125073896026
13591, 14708, 0.0022152000355954225
5544, 5795, 0.0022133558035230083
197, 269, 0.0021849261575846977
17523, 17601, 0.0021763972274766643
1264, 1596, 0.0021563700869655753
20116, 23837, 0.002143793266113279
19208, 19524, 0.0021434593599048194
14065, 17010, 0.002139943690678666
431, 989, 0.00213339296349147
13591, 16705, 0.00212799912613104
17699, 18115, 0.0021234093290893328
1697, 3329, 0.0021220483977376758
2963, 3878, 0.0021212332648898463
1227, 1473, 0.00211536390657442
197, 3907, 0.002105332826708329
1614, 4832, 0.002104205150619307
1278, 1493, 0.0020951598823176604
1227, 3784, 0.002088248983363641
1264, 2807, 0.0020745669392223448
1728, 2807, 0.002072334937855244
1697, 3186, 0.002059274649514627
13584, 13947, 0.0020592640962378054
1274, 1649, 0.002043786280330499
18190, 22870, 0.002040648391598169
20116, 20286, 0.0020293192176197845
197, 1095, 0.002025775949147171
12034, 13947, 0.0019998458049371604
365, 989, 0.0019964234826450812
15519, 17405, 0.0019927926655228943
15798, 16833, 0.001989900316912612
1030, 2807, 0.0019860678822337446
12034, 13140, 0.001982313797652554
2948, 5414, 0.0019622496917044686
17123, 17405, 0.0019445523497964735
12280, 12360, 0.0019397935052094327
197, 4832, 0.0019361686495006519
13591, 15247, 0.0018997803727715242
20210, 22438, 0.0018904999987532038
12502, 13473, 0.0018868290351325442
13591, 16647, 0.0018771318989095542
20821, 22438, 0.0018714752966501593
1614, 4043, 0.0018662143104855211
14065, 14220, 0.0018302348857797922
1030, 1596, 0.001815585421189464
1278, 1553, 0.0018151246374550252
18290, 18462, 0.0017959571620085307
18290, 18893, 0.0017819681282317762
2197, 2807, 0.0017784615672697475
1278, 5414, 0.0017784257084279922
186, 694, 0.0017714599769197866
5544, 11885, 0.0017646073092146123
1274, 3784, 0.0017628434317812065
197, 4743, 0.0017571016708296564
1614, 2650, 0.0017517571544297208
18563, 20150, 0.0017367803957024856
11704, 11800, 0.0017363392015808843
17858, 18115, 0.0017305304560220488
19673, 19883, 0.001726057052726817
14065, 15152, 0.0017155839270223921
15374, 16833, 0.001707475238841923
1697, 4411, 0.0016977977500303113
18563, 19883, 0.0016878354524858604
1264, 1381, 0.0016876984962122946
13144, 13473, 0.0016785668105795141
1872, 2807, 0.0016731353781283742
14065, 16419, 0.001667311814787776
21676, 22715, 0.0016568015819188877
754, 1553, 0.0016507171180084094
19673, 23837, 0.001640036974613666
197, 1446, 0.0016381085794550834
13157, 13947, 0.0016207913085130882
20188, 22870, 0.0016180185255532003
468, 1596, 0.0016027155607820389
19208, 22870, 0.001600070239324154
1697, 4761, 0.0015868816441129694
2963, 3310, 0.00156087729936843
468, 2807, 0.001557355678222853
18190, 23199, 0.0015513541504868316
15651, 17070, 0.001550897299633881
17523, 18893, 0.0015396612700957668
18190, 18322, 0.0015342708338515819
21648, 22870, 0.0015082589910458363
18190, 19068, 0.0015080063290443106
66, 1077, 0.0015035054734394238
11402, 11627, 0.001501937070938914
1748, 2807, 0.0015017904419510556
14065, 15751, 0.0014903840708352398
5544, 5865, 0.0014882176431038397
1227, 4610, 0.001486470418786456
12034, 13478, 0.0014799881611655742
754, 1493, 0.0014792826941529805
14791, 17070, 0.0014782078015050468
5544, 8908, 0.001473855672745024
12280, 13947, 0.0014728888123452847
1227, 1604, 0.0014549668817034364
754, 5414, 0.0014545118967097662
14070, 15217, 0.001453479075465842
1614, 3878, 0.0014507831428017385
17710, 18115, 0.0014489999483583125
1227, 1652, 0.0014483457398839297
17220, 17457, 0.001443670123451932
12877, 13450, 0.0014422279378989806
12034, 12108, 0.0014301045509549776
2963, 3784, 0.001428011946053919
20020, 22715, 0.0014262587373387548
15554, 17070, 0.0014235157377310054
15546, 15666, 0.0014231151244602166
5630, 5845, 0.001419906234286766
1227, 4869, 0.0014101794061036955
20848, 23837, 0.0014075048602918056
1697, 3855, 0.001393624422424675
1227, 3310, 0.0013933598625851663
5544, 8327, 0.001378613039207585
13591, 16598, 0.0013760516046829143
15618, 16833, 0.001365528370651401
468, 694, 0.0013563968763391314
15546, 16833, 0.0013550930789563067
1227, 2315, 0.0013534854404927828
12908, 13947, 0.0013513988338312332
197, 4043, 0.0013507145361068007
2942, 5414, 0.0013474722365379769
18418, 19432, 0.0013452105869985883
5956, 11627, 0.001341936300944879
19949, 22715, 0.0013342092114583658
197, 740, 0.0013294617044617946
12067, 13492, 0.0013205693540667188
18563, 19610, 0.0013192320251808071
3627, 5414, 0.0013158095090636168
20188, 23199, 0.0013143244643959284
1274, 1604, 0.0013058029071138899
19208, 23199, 0.0012931664920733926
13157, 13478, 0.0012837831413265804
12067, 12818, 0.0012765055989622286
17215, 17457, 0.001275055043733321
12908, 13140, 0.0012733356137087388
14385, 15441, 0.0012698396076974115
14850, 15441, 0.001264730887511504
1274, 4610, 0.00125391769240128
2963, 4610, 0.0012516932294835796
12034, 12360, 0.0012348593901224609
14065, 15275, 0.0012323144309692574
20858, 22715, 0.0012268939796319753
197, 855, 0.0012260905800375414
18563, 20286, 0.0012237621926870666
1274, 1652, 0.0012190174475105056
17163, 17405, 0.0012141508308545418
17523, 17628, 0.0012113586601211624
197, 2650, 0.0012105921669660468
66, 989, 0.0012060569022662106
13591, 16324, 0.0012001094393493108
18190, 18859, 0.0011970925536364603
19231, 22715, 0.001190934229074819
1274, 4869, 0.0011893149489719836
12502, 13450, 0.0011888658441329362
1274, 2315, 0.0011867965228012328
1697, 1825, 0.0011858883095719798
10487, 12259, 0.00118488160059697
19902, 21608, 0.0011807460106436753
14065, 14591, 0.001180062348555076
1274, 3310, 0.0011756855290274283
14633, 17070, 0.0011703692210933707
18190, 19573, 0.0011653790715495872
1697, 2172, 0.001164505935535966
18811, 18893, 0.001161428134628335
18418, 19841, 0.001156245981554023
2972, 5414, 0.0011519311850420495
11813, 13473, 0.001149347660406259
244, 1381, 0.0011453283496627802
1697, 1778, 0.0011345216585067234
20116, 20334, 0.0011198626348053007
3026, 5414, 0.0011161373258179743
13591, 14002, 0.0011146853505099295
10487, 13140, 0.0011110685717677627
197, 3878, 0.0011079765887888914
12951, 13473, 0.0011006563539230933
297, 1553, 0.001098201651920933
17220, 17379, 0.0010955318205172035
14070, 17405, 0.0010927029458354354
19208, 19573, 0.0010904217519837314
1697, 4080, 0.0010830548245846989
20210, 22870, 0.0010824927430476627
17523, 18462, 0.0010741078260044388
15798, 17405, 0.0010566915621504436
16020, 17070, 0.0010537238380943983
11750, 12197, 0.0010449462455670525
1425, 1596, 0.0010377678060557495
13144, 13450, 0.0010355095164617256
12280, 13140, 0.001035472848611431
12502, 12750, 0.0010237095631002936
11704, 13492, 0.0010174590092582527
1285, 1493, 0.0010145138626429142
21648, 23199, 0.0010138826603753638
1227, 2092, 0.0010016176302994778
1697, 5346, 0.0009998134577424835
12280, 13478, 0.0009976055147473055
13591, 14315, 0.0009951075650978351
1614, 1690, 0.000989617995226364
14070, 15666, 0.0009856508384331092
17215, 17379, 0.00098384391567239
1096, 2807, 0.0009822359949014953
197, 1159, 0.0009804795872022831
12981, 13473, 0.000974501888212301
1096, 1596, 0.0009722288274076839
10487, 13947, 0.0009690486866683626
20188, 20291, 0.0009592051365865618
473, 1077, 0.000954659343905497
1697, 1893, 0.000947374189019674
352, 1077, 0.0009467725773619178
297, 1493, 0.0009417057454254795
754, 1174, 0.0009289337100404762
1285, 1553, 0.0009265395946863883
19208, 19460, 0.0009248909753271752
14065, 16665, 0.0009208148935330152
1614, 4610, 0.0009194182467678205
17163, 17272, 0.0009176454781803084
197, 1649, 0.0009173543351423543
19673, 20286, 0.0009146089434326325
190, 1077, 0.0009128207329992444
13591, 17272, 0.0009127852862968258
12908, 13478, 0.0009098756211423253
1614, 3784, 0.0009049945759280809
1285, 5414, 0.0009042719464061817
13493, 13947, 0.0009034499743910902
18563, 20334, 0.0009027716840083308
18190, 19460, 0.0009025171630798018
11724, 13473, 0.0008997773571098101
10487, 13478, 0.0008932649628517061
2963, 5370, 0.0008926855241106929
1274, 2092, 0.0008922338480249154
5630, 5917, 0.0008918572309707959
908, 989, 0.0008898587020179641
197, 3784, 0.0008879300792971066
14831, 15441, 0.0008874173694645474
1227, 1336, 0.00088030227206396
20821, 22870, 0.0008770004626791167
1614, 3310, 0.0008733570459273088
17249, 17405, 0.0008668815422045355
186, 1381, 0.0008663408380705116
2963, 3186, 0.0008618917631244541
197, 998, 0.0008576415777338997
17523, 18253, 0.0008526141903559625
11831, 13473, 0.0008519509415111571
13591, 15174, 0.0008481413007572923
10762, 13492, 0.0008414239218944015
190, 989, 0.0008377676120138308
1425, 2807, 0.0008356775160031363
1160, 5414, 0.000833570658514523
18190, 18966, 0.0008184777685282679
352, 989, 0.0008153074569857888
14715, 17070, 0.0008136523315417307
1227, 1690, 0.0008135801922188397
473, 989, 0.0008094875025357138
18582, 19144, 0.0008066045856546056
197, 1473, 0.000805676908430429
19583, 22715, 0.0008029788583260127
17123, 17272, 0.0007909485141855754
1697, 3608, 0.0007908105899439079
1160, 1553, 0.0007882523882463701
1227, 3577, 0.0007870451368640417
1274, 1690, 0.0007799721210604138
10487, 11223, 0.00077609431525314
20821, 23199, 0.0007744918865000303
445, 1553, 0.0007706632916343069
19902, 20120, 0.0007674542027160491
1614, 2315, 0.0007586247130534335
1160, 1493, 0.0007581113383552963
5630, 11627, 0.0007506671533944885
18582, 22715, 0.0007435714989302042
12380, 12750, 0.000739846034244614
186, 269, 0.0007390465268559226
1030, 1381, 0.0007376085128720687
15374, 15666, 0.0007361282967582593
13534, 13947, 0.0007327064795990385
297, 1174, 0.0007324301195574164
244, 594, 0.0007270840285341628
186, 275, 0.0007190194223780916
2963, 3329, 0.0007167378251564023
1227, 5370, 0.0007140442610936916
1278, 1381, 0.0007086905326323684
11813, 13450, 0.0007056833872926304
15374, 17405, 0.0007051020419938392
15635, 16833, 0.00070188639017347
11704, 11998, 0.0006973687225794215
1697, 2433, 0.0006969314092847801
3963, 4743, 0.0006955999605011595
1278, 1596, 0.0006941528719849746
1227, 3186, 0.0006915727177048738
445, 1493, 0.0006913725308935696
1227, 3329, 0.0006879303920001807
12034, 12859, 0.0006864464069245129
14070, 14708, 0.0006842412904725735
18190, 18935, 0.0006841223797233893
15185, 17070, 0.0006825020277534423
1697, 1783, 0.0006749935521707605
18811, 19144, 0.0006744566718933237
17173, 17952, 0.0006725562839050591
1278, 2807, 0.0006690370750269761
14065, 17457, 0.0006654062785817884
14065, 14737, 0.0006649659939352791
1274, 3577, 0.0006644022628955413
12951, 13450, 0.0006586546622640606
18290, 19432, 0.0006583827188339929
18563, 19437, 0.0006521105376883433
197, 1604, 0.0006513119791469707
2963, 3577, 0.000647739281504808
14070, 15100, 0.0006399967024747109
1596, 5414, 0.0006374002818404647
197, 1178, 0.0006369811213272059
197, 2315, 0.000636322539801699
13591, 16481, 0.000636049770765021
197, 904, 0.0006349439512849431
244, 1095, 0.0006308040501300178
14633, 15441, 0.0006301330639571653
1697, 3270, 0.000629568985925811
1227, 1600, 0.0006288905426894659
13613, 17070, 0.0006285407723910361
11704, 12818, 0.0006281030209445387
20210, 23199, 0.0006267533832111098
468, 594, 0.0006249679784824441
244, 3907, 0.0006187843876780645
445, 1174, 0.0006161478930509367
1697, 2285, 0.00061376693897705
13591, 13798, 0.0006134168930687001
216, 1553, 0.0006112835579610072
908, 1077, 0.0006074806935442899
1697, 3353, 0.0006070340319241387
1274, 5370, 0.0006027856221656651
1227, 1631, 0.000599877069947221
15618, 17405, 0.0005983930824283941
17220, 17360, 0.000598060820407059
1274, 3186, 0.0005950557410169619
1614, 2092, 0.0005940055348055099
15546, 17405, 0.0005937704909807285
5630, 8331, 0.0005926279638131428
10762, 11532, 0.000590919404002867
19673, 20334, 0.0005904165194547154
1219, 1553, 0.0005872447914786356
754, 2807, 0.0005870741392592242
12981, 13450, 0.0005856486261959832
197, 1027, 0.0005835052717898734
297, 5414, 0.0005805202136638418
1274, 3329, 0.000580460101206154
19684, 19883, 0.0005788839637067515
10487, 12360, 0.0005773730206175242
17220, 18115, 0.0005760983349673231
17523, 17598, 0.0005730376098032252
158, 1077, 0.0005698867001335099
10487, 10663, 0.0005662061353605871
1219, 5414, 0.0005627147267241586
15519, 17272, 0.000560941083058537
16796, 17405, 0.0005607771384015732
1274, 1600, 0.0005572814710941306
18582, 18893, 0.000557223302873747
1227, 4411, 0.0005559777518818333
14065, 15903, 0.0005554976182078985
7516, 11627, 0.0005513655898512696
197, 1652, 0.0005491375479119667
12034, 12722, 0.0005457308097245433
468, 1381, 0.0005455364107854902
1274, 1631, 0.0005448594527580138
1697, 1760, 0.0005444178452816832
1227, 1460, 0.0005329310875523186
13591, 17010, 0.0005278162731186823
1274, 1460, 0.0005275113569378259
17523, 19432, 0.0005258336386809972
197, 3310, 0.0005251940653222992
17215, 18115, 0.0005248736868061889
22912, 24468, 0.0005247272659627625
216, 1493, 0.000524174442470657
17215, 17360, 0.0005207042094759751
18190, 19735, 0.0005153249128947042
2963, 4411, 0.0005126675953550238
16512, 16833, 0.0005102144583855725
186, 594, 0.0005098324059346948
12380, 13473, 0.000509650561081587
1219, 1493, 0.0005049320069577983
18290, 19089, 0.0005020885637301797
5544, 8247, 0.0004994727153272545
11466, 11532, 0.0004946631624840423
197, 2092, 0.0004923773136199528
1227, 1307, 0.000490758825946539
11402, 13473, 0.0004883310159719234
1614, 3577, 0.00048793350924927634
13591, 15152, 0.00048692119931485837
19684, 21608, 0.00048654606371242864
5544, 11532, 0.0004842706941040821
312, 1553, 0.00048254389803221813
244, 1446, 0.0004814611739432712
5956, 8331, 0.000479257202589685
8398, 11627, 0.0004779923792768145
11813, 12750, 0.0004720894058775409
20210, 20291, 0.0004703526908962
1274, 4411, 0.00046866712812603835
15519, 16324, 0.0004663441858789707
15519, 16598, 0.0004633634953066108
14791, 15441, 0.00046262073522062365
186, 1095, 0.00046210349234319156
14065, 14740, 0.00045964864577515227
18563, 19524, 0.0004580437842455786
216, 1174, 0.00045597554946073734
3963, 4610, 0.0004499929013118977
158, 989, 0.0004486143918209942
22912, 23360, 0.00044755330960627297
1227, 2172, 0.000445267775542629
13879, 13947, 0.0004444039920433108
18190, 18896, 0.00044254771755079434
1614, 5370, 0.00044008773980344754
19231, 19432, 0.0004395405517081215
14065, 17049, 0.0004323922046942651
1614, 3329, 0.0004313414288503687
18190, 21280, 0.00043054626656492575
1697, 2241, 0.00043004744860056265
197, 409, 0.0004295259046121096
12067, 12259, 0.0004282188922079004
5956, 13473, 0.00042735177241376936
18290, 19841, 0.0004239877650417102
20188, 21280, 0.00042358327237625865
754, 1596, 0.0004177266825229055
2465, 2650, 0.00041483307987086294
19208, 19735, 0.00041430280725480984
11724, 13450, 0.0004138795919028325
312, 1493, 0.0004137804385944068
1614, 3186, 0.0004122691849582511
297, 1596, 0.00040830512296869596
445, 5414, 0.0004073802092173856
13591, 14032, 0.00040720501251491456
17240, 17457, 0.000407185485516877
1264, 1446, 0.00040448344189543726
13591, 15751, 0.00039908996665020686
19208, 19327, 0.0003914532463466368
3963, 5370, 0.0003897381399652743
244, 740, 0.00038826571191939024
1285, 1381, 0.00038721356211270444
197, 829, 0.00038679749530044544
18004, 18115, 0.0003859909308710466
10762, 12818, 0.000385572473963259
17908, 18115, 0.0003854952379714641
13591, 16419, 0.0003793706901298536
14065, 14537, 0.0003785429700018252
4118, 4610, 0.0003725244581586507
19208, 21280, 0.0003718375218794344
14065, 18115, 0.0003686343714047854
1227, 4080, 0.0003651960181660574
14070, 14315, 0.00036423883046751986
186, 1446, 0.000364183316561784
16915, 17405, 0.000357788725681212
17523, 19841, 0.00035726255770276587
12280, 12859, 0.00035699706265295553
244, 2650, 0.00035580860340032373
1175, 5414, 0.0003504616499533689
197, 1690, 0.0003502721627398445
1175, 1553, 0.00035004604384891605
297, 2807, 0.000347707896814049
244, 855, 0.00034534343258354485
431, 1553, 0.00034506536307980567
17335, 17457, 0.0003437203702468609
13591, 14220, 0.00034366873013138427
1614, 4411, 0.00034318342728740267
1339, 1493, 0.000341539537196305
12380, 13450, 0.00034046160591968744
197, 278, 0.00033863599291611006
1285, 2807, 0.000338048068828237
12067, 13947, 0.0003369621586572552
1274, 2172, 0.00033510509763603656
1096, 1381, 0.000334218284146723
1285, 1596, 0.00033372324025970364
1175, 1493, 0.000330856515368006
312, 1174, 0.00033054038094068594
468, 1095, 0.0003295025284268865
15519, 16481, 0.00032776816827725377
501, 1077, 0.0003274143574446727
365, 1553, 0.0003269907137934066
18811, 22715, 0.00032467867453889334
15798, 17272, 0.00032344848273412464
216, 5414, 0.0003231305116469328
14070, 17272, 0.0003227506264060232
14070, 15247, 0.000322065405625204
1339, 1553, 0.0003192082048126321
18190, 18755, 0.00031687734953046617
2963, 5346, 0.0003161484404114494
17523, 17786, 0.0003159344465402493
18563, 18859, 0.00031524943570367445
5956, 7380, 0.0003141149726723091
3963, 4080, 0.00031154858407795883
18190, 19200, 0.0003100038268205952
17858, 17952, 0.0003093357593310392
13591, 14591, 0.0003083203757830263
1274, 4080, 0.00030784571587196853
19524, 22715, 0.0003013170819524539
5956, 7418, 0.0003002348731890312
186, 3907, 0.0002990343080391266
431, 1493, 0.00029701455150701786
186, 740, 0.0002946607604211649
431, 1174, 0.000294485655648255
17572, 18115, 0.0002928507386762793
5630, 7380, 0.00029272900621289487
1697, 4296, 0.0002902294016664511
953, 1493, 0.00028969839841219713
18190, 18395, 0.00028772436366651655
17173, 18056, 0.0002876235522586785
3403, 3907, 0.000285380468037202
10487, 11599, 0.0002849072050379927
953, 1174, 0.00028443749653448737
365, 1493, 0.0002843208369491439
14065, 17379, 0.0002834055881841974
14070, 16324, 0.0002821288254764614
1160, 2807, 0.00028191858559499283
445, 2807, 0.0002809836263882789
1090, 1174, 0.0002807545219381099
601, 1077, 0.0002796796002657658
953, 1553, 0.0002773013022898106
1697, 2605, 0.0002769233216845454
10487, 12722, 0.00027668479018430175
18020, 18090, 0.00027602903060201074
186, 855, 0.00027346393658452705
13591, 15275, 0.00027304568660861585
17173, 17323, 0.0002726859401545224
297, 694, 0.00027159898402184075
19684, 19995, 0.00027033374971171723
244, 1649, 0.00026962223423950845
501, 989, 0.00026955316341969744
186, 2650, 0.00026913812423598303
19673, 20150, 0.0002687888687924269
197, 1631, 0.0002685367474265077
1030, 1446, 0.0002678256472837405
1697, 3460, 0.0002675834829961558
244, 1159, 0.00026650880102911017
197, 3329, 0.00026583321281679185
1227, 5346, 0.0002656719296438538
244, 998, 0.00026471413529483766
2963, 4080, 0.0002643181369293678
14850, 16833, 0.0002638017962544966
22519, 23837, 0.0002635316610596955
365, 1174, 0.0002635109998315777
1227, 1893, 0.00026302757779749365
14385, 16833, 0.00026248996271578673
1274, 1336, 0.00026222113445517674
1227, 2433, 0.00026087828971594045
12280, 12722, 0.000259843089710479
1697, 5845, 0.0002596916378775847
312, 5414, 0.0002550774589510584
17523, 17912, 0.0002536157000876401
1697, 4503, 0.0002525653158176415
13613, 15441, 0.00025109773879858653
13799, 13947, 0.00025071938998466397
66, 237, 0.00024984551815501965
1246, 1493, 0.00024839453229518415
5956, 7471, 0.00024813084834121753
15798, 16324, 0.0002458616023565901
10487, 12859, 0.000245670064767033
5544, 13492, 0.0002453515043060338
19208, 19570, 0.0002449273904191733
15374, 17272, 0.00024460610078349637
1614, 2172, 0.0002437940505069002
14070, 16598, 0.00024248197060920982
197, 617, 0.0002404252300004835
18190, 19570, 0.00023882953457169206
244, 1473, 0.0002367988026049747
601, 989, 0.0002355135939847287
19208, 19405, 0.0002316325875246654
1596, 2807, 0.00023105024599332999
11831, 13450, 0.00022975988008762965
22949, 24468, 0.0002290503322054343
12790, 13473, 0.00022874797664867476
1274, 2433, 0.00022847814096478504
1728, 2650, 0.0002273493062574093
11466, 13492, 0.0002273354042816066
3924, 4043, 0.00022726173615219184
1697, 5570, 0.00022726115964367518
20210, 21280, 0.0002268345846542251
11704, 13947, 0.00022621514826803017
2197, 2650, 0.00022583758632980955
5630, 7471, 0.0002255325890574477
17173, 18090, 0.0002253813836273927
13543, 13947, 0.0002252627678038053
2197, 2315, 0.00022486006031869238
1274, 5346, 0.0002242763202900533
14070, 16481, 0.00022026520109165443
1274, 1893, 0.0002201153937504199
468, 1446, 0.00021986055031184676
197, 3186, 0.0002196077003881276
1030, 1095, 0.00021852777543350424
197, 889, 0.0002178227015918716
14070, 15174, 0.00021779276740644602
18563, 19460, 0.00021667944425569333
445, 694, 0.00021634097786774143
186, 1159, 0.00021511953986202655
1227, 2285, 0.00021469895787937815
12067, 12360, 0.0002137096949711928
15185, 15441, 0.000213407863846551
2754, 3310, 0.00021262921404342533
1274, 1360, 0.00021249108179983135
1227, 1825, 0.0002110676848412788
12034, 13143, 0.00021032065291314432
11759, 13473, 0.0002089454318941249
197, 653, 0.0002089053169189739
1227, 3270, 0.0002084261950776885
15618, 17272, 0.00020841998267509982
1227, 1668, 0.00020759594683399953
11724, 12750, 0.0002075568488157818
14715, 15441, 0.00020698237007247319
1264, 2650, 0.00020687039972600664
15546, 17272, 0.00020682724878465453
15519, 15751, 0.000205840426026302
119, 1077, 0.00020416366189170688
186, 1649, 0.0002039456654000349
13609, 13947, 0.00020379200322721635
1697, 5917, 0.00020339166255930064
5956, 10707, 0.00020307320061973245
1227, 3608, 0.00020281788771436978
754, 1381, 0.00020199183989840684
66, 1493, 0.00020130208612936042
1872, 2650, 0.0002012293133877298
19208, 19451, 0.00020089946131748916
1227, 3353, 0.00020088702391965192
244, 904, 0.00020020743868953244
4919, 5370, 0.00019566027866056203
1274, 1825, 0.00019551739745030032
18190, 19451, 0.00019523778816538323
1030, 2650, 0.00019511364214209938
216, 2807, 0.0001935419783095841
5956, 8841, 0.0001928565477495813
468, 740, 0.00019224457399768204
3963, 4411, 0.00019211779890530148
66, 148, 0.00019211573974462244
244, 1178, 0.00019107674680254552
12908, 13143, 0.0001905166029410013
244, 1027, 0.0001904145429229018
1219, 2807, 0.00019031348840211563
18190, 19405, 0.00018899639208809501
11402, 13450, 0.0001879941994991943
244, 2315, 0.0001870233761436022
11831, 12750, 0.00018658570235590905
18290, 18359, 0.0001855577908549407
20421, 22870, 0.00018498151744157084
15798, 16481, 0.00018488486436460432
10762, 13947, 0.00018471850879796673
16796, 17272, 0.0001840515750825348
5544, 12818, 0.00018355670516745636
186, 998, 0.0001832237620570411
431, 5414, 0.0001830964202349861
14059, 17070, 0.00018266020255850455
13591, 14737, 0.00018193584293594412
1227, 1760, 0.00018168429756860633
1274, 2285, 0.0001811923251097557
1264, 1473, 0.00018105291873383569
940, 1174, 0.00018023623130543283
1090, 1493, 0.0001798561082975813
1697, 8331, 0.00017948010418078944
186, 1473, 0.0001791176068969995
5630, 8841, 0.00017844555474625187
5956, 13450, 0.000177570127140317
4118, 4411, 0.00017658592099483426
158, 237, 0.00017657601428982338
940, 1493, 0.00017643432997491718
1274, 3270, 0.00017579642848464713
365, 5414, 0.00017527130296972435
1274, 1668, 0.0001743698970411579
16915, 17272, 0.00017247123311652922
1697, 2888, 0.00017158896978886268
1274, 3608, 0.0001712133869348828
1614, 1760, 0.00017088433907783474
17523, 18068, 0.00017069903598467107
197, 5370, 0.00017049440287820488
4118, 5370, 0.00017022888116784916
1274, 3353, 0.00016950392596606432
66, 1174, 0.00016937676078891038
20821, 21280, 0.00016928999827529187
468, 855, 0.00016640750284885363
18563, 18935, 0.00016516346856739118
9046, 11627, 0.000164612973514748
1264, 1649, 0.00016458443118042113
18582, 19432, 0.00016446537688284105
244, 1652, 0.00016139858602167453
468, 2650, 0.0001607754957090441
14070, 14220, 0.00016077168625412523
15374, 16324, 0.0001603714495752024
1614, 1825, 0.00015923543192539896
1614, 5346, 0.00015826755011597685
17173, 17768, 0.00015783798319141565
1614, 4080, 0.0001562534451882859
244, 3310, 0.00015436128862851523
2963, 3608, 0.0001541858614980975
5630, 7418, 0.00015375957197469924
17240, 18115, 0.00015360164525006953
312, 2807, 0.00015278097935088076
11704, 12360, 0.00015243907686084032
1748, 2650, 0.0001521536462321064
17523, 17713, 0.0001517687411142406
1096, 1446, 0.0001510529588453587
2963, 3353, 0.0001506403362363985
1614, 1893, 0.00015063005656613704
20821, 20910, 0.00015043482249396298
1133, 1493, 0.00015023457525364315
119, 989, 0.00015009989245943616
1274, 1760, 0.0001496161557394218
18190, 18399, 0.00014686814232617068
244, 409, 0.0001464311971530383
216, 694, 0.0001456255947209164
1227, 2241, 0.00014556359908245994
15374, 16481, 0.00014524921078400323
244, 2092, 0.00014471602335258796
18664, 18893, 0.00014466958689649285
995, 1077, 0.00014466829902382033
2754, 3907, 0.00014432685779726889
15798, 15903, 0.00014384429826512412
14070, 15152, 0.00014268890178100244
18190, 18259, 0.00014202572621886352
1227, 1360, 0.00014180159679028892
3403, 3577, 0.0001416419903870438
186, 2315, 0.00014146684527169024
186, 1178, 0.00014137205567905527
18190, 19327, 0.0001403998444686596
18563, 18966, 0.00014027726633990484
1030, 1649, 0.00014021728012623527
1227, 1778, 0.00014021121585625472
14059, 15441, 0.00014013738870198065
7516, 8331, 0.0001399103459661571
186, 904, 0.00013834719911657588
197, 2172, 0.00013793546922104938
1697, 2052, 0.00013763829755477226
18190, 18255, 0.00013584947510070547
468, 1159, 0.0001351022899758281
1278, 1446, 0.0001348160969939593
18190, 18467, 0.00013466843217074887
1614, 2285, 0.00013382444906651726
8980, 11627, 0.0001333956929202882
1274, 2241, 0.0001330288698254387
953, 2807, 0.0001328758226383799
297, 1381, 0.0001320751137540996
190, 1493, 0.00013146920427004863
1614, 2433, 0.00013084912983229291
431, 2807, 0.00013079939824213438
186, 1027, 0.00013074998268165178
197, 1131, 0.00013063843980802185
13644, 13947, 0.00013050046164612023
17699, 17952, 0.00012943052836406435
18418, 19437, 0.00012882737229010074
1030, 1473, 0.0001283899269838849
5630, 13473, 0.00012749706236130873
468, 998, 0.00012684939042865008
1614, 3608, 0.0001267765968747351
1614, 3353, 0.00012624385317296848
365, 2807, 0.00012534515475930697
1614, 1778, 0.0001246669028529477
18020, 18149, 0.00012453762174061565
1697, 5543, 0.0001242657865736871
197, 968, 0.0001241747076040671
1175, 2807, 0.00012371032217501536
2963, 3270, 0.00012341695491427913
1030, 1159, 0.0001223680675992662
186, 1652, 0.00012208393018349906
1160, 1381, 0.00012131603244181913
15618, 15751, 0.00012117811771602898
312, 694, 0.00012057753323636825
468, 1649, 0.00012001104376561423
1697, 1815, 0.00011974305227840582
14633, 14708, 0.0001190502676066519
1274, 1778, 0.00011898599528768293
13591, 15903, 0.00011878848474018223
197, 2433, 0.00011774476582601036
186, 3310, 0.00011676082949963288
15358, 16833, 0.00011662873415486072
5851, 5917, 0.00011618526599210073
1697, 1973, 0.00011550685347942197
15202, 15441, 0.00011455049516806553
17425, 18115, 0.00011449659475603317
190, 1174, 0.00011439486083481873
829, 989, 0.00011430537472062562
11466, 13947, 0.00011353403365741655
10762, 12360, 0.00011346870239293126
13591, 14740, 0.0001133504345660709
18563, 18896, 0.00011299520164599717
18190, 21116, 0.00011200512982644981
491, 1077, 0.0001116384902663393
14065, 14665, 0.00011162626169414661
244, 829, 0.0001115733966008314
197, 1893, 0.00011058709640747467
10957, 11627, 0.00011056299866049462
11460, 11627, 0.00011045073291039659
186, 2092, 0.00010946502895036742
18811, 19432, 0.00010866643671044245
18190, 18434, 0.00010834359009171643
5544, 7761, 0.00010809825428549202
468, 1473, 0.00010699175599661753
2754, 3186, 0.00010434714299523704
1697, 11627, 0.0001036268452692831
244, 1690, 0.00010294949235201051
14385, 14708, 0.00010270488417162938
1096, 2650, 0.00010262546009734746
197, 1336, 0.00010238760227825228
14065, 14363, 0.00010184438548577015
14070, 14591, 0.00010172897644336063
1227, 2605, 0.00010135687206270922
15546, 16481, 0.00010099874701457553
15635, 17272, 0.00010049475525675279
14065, 15076, 0.000100119918888232
829, 1077, 9.99906997851876e-05
13591, 14537, 9.997539954668711e-05
473, 1174, 9.902744110257229e-05
14850, 15100, 9.866765292423781e-05
1219, 1381, 9.859524196091734e-05
491, 989, 9.853495178370525e-05
445, 1381, 9.75236576193316e-05
18563, 18755, 9.738710341149449e-05
2754, 3329, 9.733656869550554e-05
13630, 13947, 9.668530346309085e-05
18190, 18693, 9.62246450060899e-05
17173, 18149, 9.614898779468764e-05
17523, 18359, 9.54100174571781e-05
17523, 18336, 9.481934314716636e-05
1264, 2315, 9.467127506691933e-05
197, 1825, 9.451373147841784e-05
468, 904, 9.426610098265607e-05
15618, 16481, 9.335819717114178e-05
352, 1174, 9.300173780439345e-05
431, 694, 9.292597321488627e-05
186, 409, 9.27854156334998e-05
468, 1027, 9.17810117028599e-05
1614, 3270, 9.150218720963612e-05
1779, 2807, 9.070839617904072e-05
940, 2807, 9.060692081486253e-05
1264, 1652, 9.020632343091699e-05
1227, 3460, 8.99667514323583e-05
13157, 13267, 8.978669275534972e-05
365, 694, 8.965459316719262e-05
1728, 2092, 8.958188926437368e-05
1030, 2315, 8.947820832044935e-05
197, 742, 8.923613653576151e-05
186, 278, 8.857690391664031e-05
1339, 2807, 8.843600562703267e-05
2963, 5917, 8.833463276501118e-05
17710, 17952, 8.764094061333815e-05
186, 829, 8.749989479557009e-05
1614, 2241, 8.738441466491592e-05
1425, 2650, 8.73758884349177e-05
197, 1307, 8.717441207011166e-05
445, 594, 8.684771411514307e-05
197, 328, 8.641756869623586e-05
1274, 2605, 8.552207526031556e-05
2754, 3577, 8.507339199024827e-05
468, 1178, 8.468748926787563e-05
1246, 2807, 8.457380652614225e-05
468, 2315, 8.450828822381222e-05
297, 594, 8.264652026450506e-05
14070, 15751, 8.148733043490352e-05
15802, 16833, 8.135915402180954e-05
17523, 17814, 8.111141361075067e-05
15519, 15903, 8.106378042154974e-05
8398, 8841, 8.053065377742813e-05
13871, 13947, 7.971013003699827e-05
2263, 2807, 7.91897448444085e-05
18190, 18518, 7.870632540971491e-05
18783, 18893, 7.859337749455051e-05
297, 1095, 7.83330568030463e-05
244, 3329, 7.813179927209685e-05
186, 1690, 7.787229706610737e-05
17769, 18115, 7.78516903969114e-05
7516, 8841, 7.710360038968865e-05
1274, 3460, 7.594750343695381e-05
5956, 8908, 7.513664190404669e-05
1030, 1652, 7.482180981311145e-05
1227, 1783, 7.46451891656537e-05
66, 2807, 7.432717208356392e-05
7806, 8331, 7.428531420550454e-05
14385, 15100, 7.375432554498017e-05
216, 1381, 7.351595703074356e-05
754, 1095, 7.28903976478699e-05
1090, 2807, 7.181469798450047e-05
14850, 15217, 7.131527102370866e-05
754, 855, 7.12507605285706e-05
244, 617, 7.115606186700678e-05
18563, 19200, 7.107006821108882e-05
2931, 3186, 7.084798317805109e-05
1030, 2092, 7.022314207065183e-05
17523, 18019, 7.006756761923827e-05
1264, 2092, 6.997457539527111e-05
197, 1460, 6.937099777287427e-05
1285, 1446, 6.932171698108625e-05
5630, 8908, 6.917078125490948e-05
2963, 4296, 6.880026883702956e-05
1872, 2315, 6.843136462645266e-05
10487, 11161, 6.81068441688574e-05
468, 1652, 6.759640304882932e-05
1728, 2315, 6.715697682157219e-05
1748, 2092, 6.696950847967078e-05
1278, 2650, 6.58775605969754e-05
754, 1446, 6.539373376294686e-05
468, 2092, 6.539130917353405e-05
158, 1174, 6.536533762807733e-05
244, 889, 6.533632284122107e-05
7806, 11627, 6.526868421493301e-05
2963, 3460, 6.513204510884453e-05
18020, 18121, 6.471152694081436e-05
1264, 1690, 6.458468120468035e-05
244, 3186, 6.454552681179536e-05
244, 653, 6.452781239476892e-05
1274, 1783, 6.397782859012009e-05
197, 543, 6.320613583572935e-05
197, 5346, 6.298880580145684e-05
17523, 17959, 6.261102096455265e-05
1030, 1178, 6.202447335041518e-05
5592, 5917, 6.161471082576644e-05
18222, 18509, 6.149374470022515e-05
1614, 4296, 6.138982025341054e-05
1227, 5570, 6.0887132938636365e-05
11466, 12360, 6.075243538776565e-05
12034, 15441, 6.054843361953747e-05
1096, 1178, 6.0345214650351054e-05
1697, 7471, 6.030104700672996e-05
2963, 4503, 5.987181700885423e-05
17523, 18316, 5.987174776209796e-05
10487, 11727, 5.9374719471743444e-05
186, 3329, 5.909988038039476e-05
1030, 1690, 5.908586187202668e-05
14831, 15100, 5.881087549328268e-05
18418, 18859, 5.861861385155082e-05
15546, 15751, 5.859576846809609e-05
445, 1095, 5.818953896370909e-05
312, 1381, 5.803309447993832e-05
2519, 2807, 5.7882432118042214e-05
1107, 1174, 5.759239409148282e-05
1133, 2807, 5.7530866659426515e-05
468, 829, 5.7400150247799336e-05
15635, 15751, 5.693721588627183e-05
2916, 3186, 5.669717306089193e-05
5544, 13947, 5.656816152963006e-05
15374, 15751, 5.6448040947416016e-05
843, 989, 5.613479048388767e-05
14070, 14737, 5.591744506060103e-05
14065, 14197, 5.586409691316643e-05
66, 694, 5.585385665535043e-05
1728, 1825, 5.569323283781073e-05
1614, 3460, 5.565370270008619e-05
197, 551, 5.5530960263251726e-05
297, 1446, 5.529144655167227e-05
1175, 1381, 5.508466225798909e-05
3022, 3186, 5.4093798172327994e-05
18190, 18949, 5.339178390205416e-05
1246, 1381, 5.3385523486422245e-05
1614, 4503, 5.333907097787126e-05
186, 617, 5.304266576010233e-05
119, 237, 5.2377365938363104e-05
13613, 13723, 5.2352567203146765e-05
3403, 4610, 5.195918267810048e-05
2465, 3186, 5.1639885617425564e-05
1274, 5570, 5.13756084024629e-05
1872, 2092, 5.100189515631212e-05
754, 2650, 5.049737537664022e-05
468, 617, 5.0202746917731744e-05
1748, 2315, 4.982402046904221e-05
190, 2807, 4.97676438808466e-05
19208, 20032, 4.9647283130778765e-05
197, 791, 4.9587150145742e-05
1264, 3186, 4.921204345586824e-05
285, 1077, 4.885325837102574e-05
186, 3186, 4.882305219136291e-05
14065, 14384, 4.76887696010045e-05
197, 949, 4.767706383806507e-05
14070, 15903, 4.7429496511694595e-05
197, 319, 4.729252331768878e-05
1096, 2315, 4.6956838438064435e-05
186, 889, 4.694183321726639e-05
468, 1690, 4.6518705584154645e-05
18563, 19405, 4.647946794180061e-05
1030, 3186, 4.6448822299815906e-05
197, 414, 4.607776816021299e-05
186, 653, 4.587600370905925e-05
16512, 17272, 4.5711128123178825e-05
297, 740, 4.5694136861684556e-05
1264, 1336, 4.546766220552008e-05
13584, 15441, 4.532383197201883e-05
637, 989, 4.520288231602976e-05
17523, 18218, 4.457086470940334e-05
18563, 18693, 4.4446595468778806e-05
637, 1077, 4.4289948474093545e-05
14065, 14246, 4.422505667311579e-05
13591, 17457, 4.405531879936714e-05
1614, 1783, 4.385861059240806e-05
1614, 2605, 4.3752303888444204e-05
18286, 18509, 4.362885165261541e-05
843, 1077, 4.346819105158581e-05
216, 594, 4.342202622309261e-05
431, 1381, 4.338052653332091e-05
11750, 12360, 4.306693254489173e-05
352, 2807, 4.298984542205689e-05
473, 694, 4.24200575578456e-05
17699, 17768, 4.232375741036069e-05
1614, 5917, 4.229492711306207e-05
473, 2807, 4.1919811898141656e-05
468, 653, 4.163710438766408e-05
2931, 3577, 4.1599753670793884e-05
244, 328, 4.132927184608693e-05
297, 2650, 4.1030558426866345e-05
297, 855, 4.0971360892689266e-05
244, 2172, 4.0541007948126285e-05
13591, 18115, 4.008915718348562e-05
2963, 5570, 3.997917290717043e-05
12034, 13267, 3.997579425531371e-05
365, 1381, 3.987626396582348e-05
15374, 15903, 3.983074979653257e-05
285, 989, 3.920153862184623e-05
953, 1381, 3.9099647815918204e-05
216, 1095, 3.88633391785847e-05
14070, 14740, 3.855500076624616e-05
1728, 3186, 3.844505035916525e-05
190, 694, 3.840435449576546e-05
197, 637, 3.8186538635583195e-05
14633, 15100, 3.806727119894555e-05
13613, 13836, 3.77189260908082e-05
1096, 2092, 3.722373026891122e-05
431, 594, 3.721705377605967e-05
352, 694, 3.693692570809687e-05
197, 711, 3.672903739128193e-05
13591, 13785, 3.621929110203841e-05
1614, 2888, 3.6115130020882274e-05
1614, 5570, 3.577199488523768e-05
312, 594, 3.576195620391291e-05
459, 1077, 3.5254256338165766e-05
244, 968, 3.4897274392406096e-05
445, 740, 3.47802538888624e-05
312, 1095, 3.4718533601925614e-05
244, 2433, 3.4606700612681105e-05
197, 2285, 3.459909284215677e-05
409, 1077, 3.435874086364905e-05
1096, 1159, 3.41484637479157e-05
14065, 14502, 3.385516758459985e-05
15546, 15903, 3.384283098166601e-05
244, 1131, 3.378977350864716e-05
1728, 2172, 3.378258409178382e-05
7806, 8841, 3.3582126798067934e-05
15618, 15903, 3.3426579169750206e-05
14065, 14562, 3.2877782020003553e-05
352, 1493, 3.285667789631999e-05
601, 694, 3.256236691156663e-05
244, 1893, 3.250296953882744e-05
197, 454, 3.219540458184778e-05
473, 1493, 3.2038862747454424e-05
14070, 14537, 3.155963891811615e-05
13591, 14665, 3.1513968702868464e-05
908, 1174, 3.122224041264009e-05
468, 889, 3.1072309676465464e-05
1107, 2807, 3.104807482291414e-05
199, 1077, 3.092411724119481e-05
186, 2172, 3.066573075951895e-05
445, 855, 3.0476225066619466e-05
1748, 1825, 3.0455482720056814e-05
17335, 18115, 3.0366747047493893e-05
459, 989, 3.0207905234310228e-05
244, 1336, 3.0093032786948833e-05
409, 989, 3.007904448749394e-05
1697, 2293, 3.0011513257808987e-05
297, 409, 2.9969163286153998e-05
297, 998, 2.954127987614118e-05
1728, 1893, 2.9179671317418457e-05
468, 3186, 2.9165509124275304e-05
197, 1110, 2.9083375153416056e-05
365, 594, 2.906819152690439e-05
158, 2807, 2.9057549068968033e-05
13591, 15076, 2.8910710917316185e-05
445, 2650, 2.8793204926921027e-05
13591, 14363, 2.8781986542753246e-05
1030, 1131, 2.8781114524581097e-05
18259, 18509, 2.868186267487045e-05
11750, 13947, 2.8635449476614832e-05
21740, 22870, 2.8561225313556962e-05
1030, 2172, 2.85380118357852e-05
199, 989, 2.8531010253284883e-05
18222, 18462, 2.8347918793447657e-05
66, 1381, 2.817438979021747e-05
2197, 2285, 2.807966081760522e-05
197, 569, 2.8058524807069944e-05
1264, 2172, 2.7830655266349833e-05
244, 1825, 2.7778800918370925e-05
186, 968, 2.7509076335747975e-05
7641, 8841, 2.7486974310636077e-05
18563, 19327, 2.7210559424852436e-05
12908, 13267, 2.706302039672235e-05
197, 429, 2.7027052479773535e-05
12034, 13210, 2.694075152151674e-05
17173, 18509, 2.6695090712524753e-05
12280, 13267, 2.6616925886044016e-05
197, 788, 2.642851996719619e-05
197, 369, 2.6402126530973296e-05
186, 2433, 2.6176945694632306e-05
244, 742, 2.6133224743456882e-05
3963, 4503, 2.609638524198969e-05
232, 1077, 2.603838388137201e-05
608, 1077, 2.596088476002516e-05
17220, 17952, 2.5682957022924036e-05
940, 1381, 2.5638974825719794e-05
244, 1307, 2.5621680576907812e-05
216, 740, 2.561948970784279e-05
1748, 2172, 2.5431779431876264e-05
1090, 1381, 2.538545490833745e-05
754, 998, 2.5364776268670752e-05
17173, 17894, 2.5299336679990148e-05
5544, 5693, 2.5153089544337624e-05
1614, 1973, 2.474006245493496e-05
5544, 7641, 2.470810542361047e-05
186, 1893, 2.4585656923919545e-05
232, 989, 2.4200279791458067e-05
197, 1668, 2.4091051132914628e-05
1614, 2052, 2.4072004721911626e-05
2030, 2807, 2.3870822562389777e-05
1697, 1901, 2.3696967658945354e-05
1096, 1473, 2.3550990061787616e-05
197, 2241, 2.3457815207105212e-05
1030, 1336, 2.3331188294953645e-05
1697, 2021, 2.332264957255868e-05
18350, 18509, 2.329820884675274e-05
197, 1760, 2.2971711201211263e-05
1748, 1893, 2.296574119081995e-05
1278, 2092, 2.2889127994975696e-05
216, 855, 2.281917217135543e-05
186, 1336, 2.2762750308594636e-05
608, 989, 2.2760655411026076e-05
158, 694, 2.2489403210333924e-05
4118, 4503, 2.2243652039295343e-05
754, 904, 2.2215110684932075e-05
297, 904, 2.215846901754694e-05
1697, 1921, 2.1999534097323027e-05
5544, 12360, 2.18260022547676e-05
1227, 1422, 2.1799272968548453e-05
445, 998, 2.156450114476098e-05
1274, 1422, 2.143675498356733e-05
297, 1027, 2.139997953664391e-05
473, 594, 2.1036602256560117e-05
186, 1825, 2.1012236076493716e-05
817, 989, 2.0758646548311492e-05
468, 551, 2.0742959608279956e-05
312, 740, 2.0635304053303986e-05
1227, 2888, 2.0624503319527672e-05
3963, 5917, 2.0502301274323893e-05
1697, 2775, 2.049655271065152e-05
908, 2807, 2.047178926847491e-05
18563, 22870, 2.043750166377463e-05
1872, 2172, 2.0269389323452358e-05
2963, 8841, 2.0224832302780225e-05
197, 352, 2.016609119494175e-05
14791, 15100, 1.9889526076746133e-05
10487, 13267, 1.9839355312389236e-05
186, 742, 1.9776569124872594e-05
1264, 1360, 1.9526366314298992e-05
186, 1307, 1.9380562989040455e-05
17523, 18322, 1.9267889963994305e-05
705, 989, 1.912035675504034e-05
632, 989, 1.907717354598453e-05
5544, 5616, 1.8955650122071067e-05
1264, 1893, 1.8815927367418736e-05
12908, 13210, 1.8667080007614265e-05
244, 543, 1.834606580149222e-05
468, 2172, 1.8318839362270376e-05
1264, 2433, 1.8281441986283768e-05
19208, 19330, 1.822211496827633e-05
18194, 18509, 1.8140978746085903e-05
312, 855, 1.8088582751764715e-05
201, 989, 1.7989307560193293e-05
197, 1778, 1.7952562855340417e-05
468, 543, 1.7915666160232344e-05
5851, 8841, 1.7913681092282694e-05
18020, 18509, 1.7863976838232043e-05
20116, 22870, 1.767976859193494e-05
817, 1077, 1.75230327765552e-05
754, 1027, 1.7482322488770517e-05
1274, 2888, 1.740613070187561e-05
10487, 15441, 1.7290351206351926e-05
17215, 17952, 1.7274399082040568e-05
1030, 2433, 1.7246615775103055e-05
1425, 2092, 1.7158783740240937e-05
468, 968, 1.6973691971687542e-05
186, 328, 1.6932296861854668e-05
18290, 18395, 1.6878895301251393e-05
1030, 1893, 1.6713253746303657e-05
197, 885, 1.667081640001962e-05
216, 998, 1.65694965025018e-05
468, 1893, 1.651098625946369e-05
312, 409, 1.6414059790508003e-05
66, 594, 1.6378411936804026e-05
244, 551, 1.6348439354240862e-05
780, 989, 1.6336218106712667e-05
1096, 1690, 1.6318069360367586e-05
18190, 18294, 1.6315664743850624e-05
12280, 13210, 1.631056254805403e-05
501, 694, 1.5919303742094e-05
431, 740, 1.590971332760109e-05
1697, 1787, 1.5894989047105636e-05
445, 904, 1.5865808975599665e-05
244, 414, 1.5738128689389783e-05
18418, 18755, 1.5684374389047932e-05
468, 2433, 1.563736624883768e-05
559, 989, 1.562255761080777e-05
8495, 8841, 1.5609041957936775e-05
1264, 1825, 1.5569239689035404e-05
17523, 18160, 1.5537316273974038e-05
220, 989, 1.547887682159303e-05
445, 1027, 1.5401460169411735e-05
14385, 14591, 1.5320192212885266e-05
197, 1360, 1.5254347608077335e-05
454, 989, 1.5222912878770002e-05
2197, 3186, 1.5198119352395875e-05
1096, 2172, 1.5001383930150253e-05
244, 791, 1.499290695390882e-05
190, 275, 1.4874456017906737e-05
192, 989, 1.465227025077454e-05
244, 319, 1.4535850675105299e-05
501, 2807, 1.4461379847683913e-05
1246, 1553, 1.4418093003874643e-05
190, 269, 1.4397727566010751e-05
1227, 2293, 1.4372846702383616e-05
365, 740, 1.4322062269209323e-05
1030, 1825, 1.4205003082260413e-05
5592, 8841, 1.3955607537719119e-05
2754, 2888, 1.3920174665387765e-05
186, 543, 1.3910783401459022e-05
431, 855, 1.3870984683388805e-05
754, 829, 1.3854497768539784e-05
431, 1095, 1.381234878814485e-05
7, 989, 1.363205463370813e-05
953, 1095, 1.3588702479031407e-05
1271, 2807, 1.3566495170523598e-05
18563, 19451, 1.3532749701985266e-05
312, 998, 1.3495201822382276e-05
297, 829, 1.3480376097768944e-05
244, 949, 1.3389069329525272e-05
1227, 1694, 1.3273601920338618e-05
47, 989, 1.3246992514990616e-05
19406, 22715, 1.3095143824243157e-05
197, 674, 1.299738317951334e-05
1701, 2807, 1.2840431264716073e-05
468, 742, 1.2837843303231932e-05
1614, 1815, 1.2813571309622781e-05
1697, 5522, 1.2640149117619793e-05
216, 904, 1.2623030905108999e-05
468, 1825, 1.2552114943744114e-05
1728, 2433, 1.2518723595927428e-05
365, 855, 1.2499992892519947e-05
1227, 2052, 1.2450987732998647e-05
17173, 17601, 1.2373167356197992e-05
13591, 14384, 1.2315467724299009e-05
365, 1095, 1.2302125105021774e-05
18190, 18852, 1.2274397028831335e-05
1274, 2293, 1.2129772487829626e-05
1227, 1973, 1.2101794808646185e-05
10487, 13210, 1.2075580545915706e-05
1274, 1694, 1.2046552949357319e-05
186, 551, 1.2028562399162699e-05
5544, 5715, 1.1813198602916973e-05
18418, 18518, 1.177886592493138e-05
1227, 1424, 1.1774335327298804e-05
468, 569, 1.1736560174859307e-05
1030, 1307, 1.1694498254349058e-05
1274, 2052, 1.162814151888227e-05
601, 2807, 1.158136182685086e-05
186, 1131, 1.1557192574075326e-05
197, 1277, 1.155573144534892e-05
1274, 1424, 1.1540128122831976e-05
632, 1077, 1.1523904106781474e-05
216, 1027, 1.1507373414115e-05
244, 454, 1.1470054958583844e-05
66, 1553, 1.1443518252038766e-05
2197, 2433, 1.1375507944553288e-05
12034, 13213, 1.1343992218271351e-05
1614, 1694, 1.1335850505829347e-05
468, 1336, 1.129324483409192e-05
2754, 4503, 1.1251399506457995e-05
18286, 18462, 1.118923164813227e-05
244, 637, 1.1143862700993342e-05
352, 594, 1.111818834143152e-05
1264, 2241, 1.1072015606872814e-05
244, 352, 1.1064264392369602e-05
190, 594, 1.1048883143801065e-05
186, 791, 1.1026581001612261e-05
197, 1002, 1.098354449884754e-05
501, 594, 1.0931436697362387e-05
244, 369, 1.0881468839642373e-05
66, 269, 1.0639155020912186e-05
461, 989, 1.062166933771633e-05
201, 1077, 1.0564614270177085e-05
1227, 2775, 1.0501710796387577e-05
186, 949, 1.0471316725446478e-05
197, 434, 1.0470530280347693e-05
1030, 2241, 1.0349662157457217e-05
244, 711, 1.0295292259826619e-05
640, 989, 1.0290400927849393e-05
468, 1307, 1.0254168861520121e-05
1227, 2021, 1.0237291425209006e-05
559, 1077, 1.0183194380694448e-05
244, 2285, 1.0169118253869566e-05
18350, 18462, 1.0032808166833234e-05
1274, 1973, 9.973349611938977e-06
186, 414, 9.89305855527022e-06
1425, 2172, 9.852303364952426e-06
66, 740, 9.749498693105942e-06
312, 904, 9.733203153448206e-06
454, 1077, 9.704178786831953e-06
13591, 14562, 9.664310845749793e-06
1748, 2433, 9.631754556791122e-06
445, 829, 9.615958153104284e-06
197, 1783, 9.57492497084147e-06
14070, 14665, 9.571697497634896e-06
17523, 18174, 9.56912019069583e-06
431, 998, 9.54961341709313e-06
16, 989, 9.48940775032527e-06
1872, 2433, 9.322843244928355e-06
244, 429, 9.306958857459768e-06
17220, 17768, 9.303174285176796e-06
66, 275, 9.258249084657575e-06
365, 998, 9.172196076309736e-06
1096, 2433, 9.067573212233386e-06
1227, 1901, 9.016449851106808e-06
17173, 18253, 8.961230392473655e-06
1274, 2021, 8.912534460652676e-06
197, 1284, 8.884191419716917e-06
1274, 2775, 8.860816972178733e-06
13591, 14502, 8.834659419382399e-06
186, 319, 8.808046737120002e-06
13591, 14246, 8.785481788036537e-06
1264, 3577, 8.705630049333212e-06
14070, 14363, 8.68790172978763e-06
13613, 14315, 8.67403351908841e-06
1096, 1893, 8.660126020431754e-06
1278, 2172, 8.655988138796515e-06
297, 617, 8.642251490196426e-06
244, 569, 8.632596562650582e-06
216, 409, 8.6175444269486e-06
14070, 15076, 8.57346807028943e-06
1227, 1921, 8.53222653552729e-06
158, 269, 8.519793957666057e-06
66, 855, 8.48109312584794e-06
1697, 1793, 8.47360313184762e-06
17215, 17768, 8.44084966620597e-06
1133, 1381, 8.430587274876237e-06
445, 617, 8.41391433112394e-06
847, 989, 8.285261652688312e-06
13591, 14197, 8.27916200079926e-06
186, 637, 8.276020211848119e-06
1728, 2241, 8.186241148703348e-06
186, 711, 8.180083686925902e-06
780, 1077, 8.112262746544497e-06
197, 1231, 8.039730268087536e-06
244, 788, 8.012755686028985e-06
297, 653, 7.958304818217145e-06
190, 1381, 7.80009056382831e-06
186, 2285, 7.692049562109772e-06
468, 637, 7.678913546328176e-06
18020, 18253, 7.629860924678545e-06
197, 1973, 7.530881773251589e-06
1274, 1901, 7.507698543800566e-06
468, 791, 7.503745106275502e-06
12280, 13213, 7.486832612331518e-06
1096, 1307, 7.473918488660417e-06
1274, 1921, 7.471503033342445e-06
13584, 13723, 7.3830089024842205e-06
754, 2172, 7.369116763710986e-06
12908, 13213, 7.326822098024649e-06
119, 694, 7.291444026785128e-06
297, 889, 7.280231699427981e-06
18290, 18755, 7.203057601549296e-06
216, 829, 7.169043556810108e-06
14065, 15706, 7.168720007118717e-06
431, 904, 7.113806332099749e-06
17523, 17984, 7.108837892821784e-06
1748, 3186, 7.096110913335438e-06
13591, 13924, 7.069814864888841e-06
365, 904, 7.015227652189978e-06
186, 454, 7.0027288856085825e-06
1096, 1336, 6.984464138208645e-06
1425, 1893, 6.9815746346155535e-06
244, 2241, 6.894553504819657e-06
445, 653, 6.861386355756521e-06
18190, 18562, 6.790730813464185e-06
158, 275, 6.695499928330324e-06
754, 889, 6.646487175612626e-06
158, 594, 6.472040521926679e-06
190, 740, 6.436344913198906e-06
1872, 1973, 6.434913550340295e-06
18290, 18399, 6.349839630741445e-06
468, 949, 6.267304989984768e-06
66, 998, 6.174210451527975e-06
18190, 18656, 6.125513868221722e-06
186, 569, 6.044477114764244e-06
312, 829, 5.9800189933380865e-06
190, 855, 5.962228912838201e-06
473, 740, 5.944454425705668e-06
186, 788, 5.893887650582083e-06
244, 1460, 5.804813939288021e-06
352, 740, 5.684377234275574e-06
18190, 18264, 5.682881791350418e-06
186, 369, 5.681393445414912e-06
468, 711, 5.672501810251727e-06
186, 429, 5.66182978037593e-06
1697, 2626, 5.658327841834118e-06
1278, 1893, 5.640496700379531e-06
491, 694, 5.599369398211359e-06
754, 1893, 5.5642779429062965e-06
17173, 17628, 5.511385782960516e-06
445, 889, 5.397020128564962e-06
1227, 1815, 5.313869511268139e-06
18563, 18656, 5.305834144733382e-06
14059, 14315, 5.257007900826256e-06
186, 2241, 5.215127402762787e-06
14070, 14197, 5.181131596589637e-06
742, 989, 5.1724540257642715e-06
352, 855, 5.104973336498279e-06
473, 855, 5.092862578428659e-06
312, 1027, 5.081166635223299e-06
5630, 7761, 5.064246441902625e-06
197, 655, 5.049119596115848e-06
17572, 17768, 4.952364076899339e-06
5544, 7583, 4.939804100965687e-06
244, 885, 4.931408368291244e-06
14065, 17768, 4.779941914196524e-06
18418, 18693, 4.729920780697784e-06
297, 2172, 4.6750420855566415e-06
501, 1174, 4.645081704739986e-06
1274, 1815, 4.642485665366587e-06
197, 357, 4.641636284674814e-06
445, 543, 4.6226097997395666e-06
17523, 18755, 4.5799885522826474e-06
1697, 3004, 4.534806368391416e-06
216, 617, 4.427909850616582e-06
297, 968, 4.397428376765571e-06
186, 352, 4.362178274768973e-06
14065, 17952, 4.353020377786893e-06
197, 471, 4.35047689637336e-06
431, 829, 4.308589891190087e-06
66, 904, 4.269227569280328e-06
1614, 2775, 4.236147030845813e-06
244, 1360, 4.235792280520104e-06
216, 889, 4.232282401204226e-06
216, 653, 4.1122059488791806e-06
14070, 14384, 4.111093536214687e-06
244, 674, 4.0588559686394164e-06
940, 1027, 4.052593723836125e-06
468, 788, 4.0132337913858636e-06
953, 1027, 4.003707470332789e-06
197, 927, 3.9799453376908945e-06
365, 829, 3.949287429147833e-06
18388, 18509, 3.942538604279736e-06
1614, 1921, 3.863484522128751e-06
14070, 14246, 3.861885203252736e-06
1614, 1901, 3.846250711184634e-06
312, 617, 3.8020391064764657e-06
297, 1893, 3.7481246320765694e-06
17523, 17830, 3.71888951309776e-06
491, 594, 3.703818724512636e-06
197, 918, 3.698357817831335e-06
445, 551, 3.6845996350377644e-06
158, 740, 3.6359863404798094e-06
244, 434, 3.6271160927155555e-06
431, 617, 3.6211857224367287e-06
186, 885, 3.601228648551051e-06
18324, 18509, 3.551992109996394e-06
312, 653, 3.519510062818657e-06
1614, 2293, 3.46792031326507e-06
158, 855, 3.3360250843032457e-06
12034, 13723, 3.3060043502796624e-06
17173, 17598, 3.2954081315148755e-06
18339, 18509, 3.2044413995201707e-06
186, 1360, 3.204006811914544e-06
312, 889, 3.1943337382233175e-06
1728, 1973, 3.19264285358714e-06
608, 694, 3.1776621850591187e-06
468, 2241, 3.115369462223906e-06
297, 742, 3.0534249648302475e-06
1227, 5917, 3.007329043572124e-06
431, 653, 2.9775487172258366e-06
260, 989, 2.9596236749918583e-06
1697, 5175, 2.9497465074057467e-06
1697, 5131, 2.9488446474706957e-06
297, 414, 2.9456132028420258e-06
10487, 13213, 2.9345896605903455e-06
754, 1159, 2.934358307067036e-06
186, 674, 2.919840589070827e-06
528, 989, 2.9056654906099492e-06
1285, 1893, 2.8402522290507487e-06
18222, 18336, 2.823111036581401e-06
503, 989, 2.8183347123916904e-06
601, 740, 2.7951744781742176e-06
66, 829, 2.789223667888735e-06
14070, 14562, 2.7457923692536633e-06
352, 1381, 2.7407415755922997e-06
17173, 17786, 2.68450312521144e-06
365, 617, 2.675057591387323e-06
1160, 1596, 2.6426108339303443e-06
190, 904, 2.638823853904687e-06
18190, 18417, 2.6325165845785076e-06
445, 1893, 2.630247424377135e-06
66, 409, 2.5830357094612437e-06
1160, 1893, 2.5693832604220856e-06
197, 753, 2.5515526806133295e-06
1274, 5917, 2.537537108794841e-06
31, 989, 2.509504659746008e-06
473, 904, 2.4592853586326755e-06
47, 237, 2.449216310197707e-06
473, 1381, 2.445919087026908e-06
352, 904, 2.4261921961499865e-06
14065, 14417, 2.4186765533999514e-06
1614, 2021, 2.408587935146243e-06
468, 674, 2.406196903623565e-06
445, 2172, 2.377917597334253e-06
18563, 18852, 2.367507560619122e-06
365, 653, 2.3627064002356664e-06
244, 357, 2.3483686050508107e-06
445, 1596, 2.331122124560855e-06
445, 742, 2.330600592774275e-06
468, 885, 2.3280424614922504e-06
216, 328, 2.3032481888184504e-06
7, 237, 2.2873164718997517e-06
501, 740, 2.2811280569000375e-06
297, 543, 2.2413252107484678e-06
244, 1973, 2.213422983587469e-06
216, 278, 2.2029474673441313e-06
197, 381, 2.200861859556667e-06
186, 434, 2.1916159433359856e-06
47, 148, 2.189211669550136e-06
5956, 7761, 2.1509924548531013e-06
1697, 7761, 2.0918752865591203e-06
197, 705, 2.0911257354580166e-06
216, 1893, 2.0862898510209242e-06
119, 594, 2.0642000055878243e-06
431, 889, 2.0518418746295306e-06
190, 409, 2.0482629385919515e-06
365, 889, 2.047095297220769e-06
445, 968, 2.0082691479379894e-06
1227, 2626, 1.9732422180922055e-06
913, 989, 1.9584657009702276e-06
12034, 14315, 1.9210808447488954e-06
297, 551, 1.907567673136813e-06
18290, 18518, 1.901270312130559e-06
1779, 1893, 1.8862453984985985e-06
190, 278, 1.8819465608341202e-06
1219, 1893, 1.8661711984886393e-06
13613, 14220, 1.8496902870022464e-06
17523, 17698, 1.8487867161550677e-06
285, 694, 1.848582411135169e-06
158, 1381, 1.8396033847823047e-06
244, 1002, 1.8148302000290253e-06
190, 829, 1.7972484968990372e-06
501, 855, 1.7342435872209724e-06
216, 742, 1.718198424809616e-06
297, 791, 1.7174365608164202e-06
1596, 1893, 1.7139827070648275e-06
1271, 1381, 1.7013910643500765e-06
312, 414, 1.6962109034123136e-06
5544, 5874, 1.6936769951465438e-06
473, 829, 1.6796623454931984e-06
431, 543, 1.6796469294081268e-06
186, 1973, 1.6742611174955146e-06
1274, 2626, 1.6649662331539315e-06
66, 617, 1.663251956359424e-06
119, 269, 1.6590056728044597e-06
197, 604, 1.6578162714264746e-06
312, 1893, 1.646905800140805e-06
16, 237, 1.6443670157041361e-06
5544, 5801, 1.6079842302782508e-06
459, 694, 1.5994762020029614e-06
473, 617, 1.5965771426678903e-06
244, 655, 1.5701416250814053e-06
297, 454, 1.5558745710458744e-06
1697, 5127, 1.5349003057544796e-06
352, 829, 1.5224367495463505e-06
244, 471, 1.518296167710127e-06
66, 653, 1.4872806056515085e-06
18222, 18359, 1.4427818825199123e-06
119, 275, 1.4325148372647621e-06
297, 637, 1.4101216145148598e-06
297, 429, 1.404059692547042e-06
445, 569, 1.3873706288709758e-06
312, 742, 1.381197818495625e-06
445, 791, 1.354065340601587e-06
7641, 8331, 1.3503520113481887e-06
158, 904, 1.3390414483492512e-06
601, 855, 1.326281691567355e-06
473, 653, 1.3040956648615508e-06
409, 694, 1.3035049077342128e-06
1107, 1381, 1.2975664035415614e-06
17240, 17768, 1.2952444115099921e-06
445, 637, 1.2764404388201641e-06
199, 694, 1.2743083159053412e-06
297, 711, 1.2718832116801321e-06
216, 319, 1.2705332076524625e-06
17173, 17713, 1.2668657323969329e-06
431, 551, 1.2660710741629835e-06
244, 927, 1.2453893355051994e-06
119, 740, 1.2260734920683886e-06
7, 148, 1.2189902943948245e-06
559, 694, 1.211944286569538e-06
297, 369, 1.1936118735003613e-06
244, 918, 1.1912063751442049e-06
431, 1893, 1.1821607354488862e-06
216, 543, 1.181937280443547e-06
190, 617, 1.1629515591953021e-06
13591, 13862, 1.1206549307771763e-06
66, 278, 1.113288510065449e-06
186, 655, 1.1129892673570779e-06
7516, 7761, 1.0899222573616232e-06
312, 543, 1.0677282640871997e-06
431, 742, 1.0617848736622976e-06
352, 617, 1.0557723127369412e-06
216, 551, 1.0462780063744814e-06
66, 889, 1.0388614370853374e-06
232, 694, 1.0355367476775676e-06
158, 409, 1.0315135330780846e-06
197, 715, 1.0292449186443576e-06
197, 1901, 1.027669446529791e-06
365, 454, 1.0132646954940015e-06
186, 357, 1.0083414534957026e-06
197, 1921, 1.0063900854854968e-06
190, 653, 1.0030679628713259e-06
468, 655, 1.0001185256753238e-06
158, 829, 9.993523933625001e-07
18582, 18755, 9.901115722598546e-07
352, 653, 9.84555219482431e-07
297, 569, 9.766479765122185e-07
1227, 5131, 9.729840204971297e-07
1227, 5175, 9.72351453681909e-07
186, 471, 9.663388286342257e-07
1614, 3004, 9.524644870241177e-07
365, 742, 9.495365709785658e-07
16, 148, 9.404110681529869e-07
445, 711, 9.352487218512144e-07
216, 414, 9.174201060140022e-07
186, 927, 9.155785749540952e-07
297, 788, 9.14945734933286e-07
14385, 17272, 9.129867472116504e-07
216, 791, 9.124563139981703e-07
908, 998, 9.07148173894494e-07
119, 855, 9.048277525514555e-07
312, 551, 9.043095898252494e-07
197, 2052, 8.939848879564698e-07
365, 543, 8.787820074280612e-07
186, 918, 8.438026625435686e-07
637, 740, 8.422350104081082e-07
16926, 17272, 8.367990800700427e-07
1227, 3004, 8.337069193933604e-07
501, 617, 8.288374212172554e-07
1274, 5175, 8.208447401756123e-07
1274, 5131, 8.20593773869796e-07
312, 429, 8.002264204490349e-07
244, 381, 7.919235521234472e-07
201, 694, 7.881438093627495e-07
31, 237, 7.869918284732595e-07
491, 740, 7.863801591966098e-07
454, 694, 7.776336671830131e-07
158, 278, 7.647969647079644e-07
244, 753, 7.616619472962502e-07
365, 551, 7.545640717707832e-07
632, 694, 7.517011393414302e-07
190, 889, 7.472750919120003e-07
1728, 1901, 7.44527365338816e-07
312, 454, 7.427398186313888e-07
216, 637, 7.380050078158162e-07
1274, 3004, 7.358098828884491e-07
445, 788, 7.193993538398396e-07
312, 791, 6.949871666666308e-07
473, 889, 6.806664335691192e-07
17523, 18395, 6.761169524323587e-07
216, 711, 6.751356328761692e-07
501, 904, 6.729906812664696e-07
352, 889, 6.727191464061327e-07
459, 594, 6.709409885228938e-07
216, 454, 6.655475935065235e-07
220, 694, 6.61364733583649e-07
192, 694, 6.549492954070372e-07
66, 742, 6.542047941724646e-07
1264, 1901, 6.50756347162141e-07
1264, 1921, 6.471539331440815e-07
297, 949, 6.456979769518727e-07
158, 617, 6.376513088281526e-07
312, 637, 6.160685426745634e-07
7, 694, 6.036007881855933e-07
158, 653, 5.971218418129786e-07
244, 705, 5.938154887475235e-07
17523, 18181, 5.930754316335744e-07
13591, 14417, 5.761393872728769e-07
47, 694, 5.738310815924283e-07
197, 891, 5.730411327251612e-07
31, 148, 5.619405295966262e-07
186, 753, 5.596865183788778e-07
431, 791, 5.581848473123235e-07
285, 594, 5.572008060017034e-07
216, 569, 5.567105025519323e-07
473, 551, 5.501026461495857e-07
468, 927, 5.47776211909309e-07
312, 711, 5.461608634636791e-07
431, 637, 5.457474129077236e-07
461, 694, 5.456295609480195e-07
216, 429, 5.426569623858662e-07
501, 829, 5.37231705578681e-07
216, 968, 5.36036517982569e-07
1030, 1901, 5.35168872792844e-07
468, 918, 5.300636087868303e-07
297, 434, 5.243434410486403e-07
216, 369, 5.223581723681142e-07
601, 829, 5.210319203946775e-07
244, 604, 5.182211543062217e-07
431, 569, 5.105493876060858e-07
17523, 18255, 5.096566688564023e-07
197, 345, 5.095802708164275e-07
365, 791, 5.084985076038149e-07
66, 134, 5.061954279944305e-07
1030, 1921, 5.060373184471941e-07
754, 968, 5.040106643644777e-07
216, 788, 4.993839864536807e-07
409, 594, 4.968415161026061e-07
18418, 18562, 4.924918399524073e-07
5630, 5795, 4.924297642863956e-07
501, 653, 4.84461425420641e-07
2963, 5175, 4.804840916882042e-07
2963, 5131, 4.803371877591266e-07
186, 705, 4.707620288314219e-07
297, 674, 4.682865692193518e-07
186, 381, 4.682300127332564e-07
297, 885, 4.6549788294451794e-07
686, 989, 4.640809571639134e-07
13613, 13798, 4.4549167683104297e-07
312, 569, 4.4016665279766065e-07
216, 352, 4.365404291773942e-07
197, 467, 4.3441210816661864e-07
312, 968, 4.306522190263691e-07
1614, 5175, 4.2934979480580135e-07
1614, 5131, 4.292185247535846e-07
445, 949, 4.2888137482864674e-07
16, 694, 4.2602574281110236e-07
473, 543, 4.2373812861061297e-07
431, 711, 4.161995653855557e-07
365, 637, 4.156146500050623e-07
365, 711, 4.111001833417074e-07
445, 674, 4.031898842248076e-07
66, 543, 4.0159442198761827e-07
17523, 18232, 4.007490762967611e-07
352, 454, 3.974622847059521e-07
190, 742, 3.95670753413654e-07
312, 788, 3.94978609641678e-07
468, 604, 3.9132492126429376e-07
190, 328, 3.8405624923619716e-07
2916, 3004, 3.8346960651761144e-07
199, 275, 3.814396432043663e-07
473, 569, 3.7675564412984186e-07
365, 569, 3.740348534393552e-07
186, 604, 3.735604124634426e-07
468, 753, 3.679071448192672e-07
199, 594, 3.6464350437014617e-07
473, 742, 3.6309026201669497e-07
2963, 5127, 3.6289894901638913e-07
262, 989, 3.5957861278366847e-07
1728, 1921, 3.5851074469704024e-07
66, 551, 3.5744590451434755e-07
66, 328, 3.5175802513478407e-07
352, 742, 3.472388450687344e-07
197, 1694, 3.453595323445066e-07
632, 740, 3.431546971071282e-07
352, 543, 3.426500300747919e-07
528, 694, 3.419206869048288e-07
6005, 8841, 3.388679616103717e-07
468, 705, 3.369524032811537e-07
119, 409, 3.31219748550713e-07
754, 949, 3.3088171559794463e-07
232, 594, 3.2459124148256015e-07
1614, 5127, 3.2427835175141774e-07
454, 594, 3.229953055421697e-07
216, 949, 3.2250721292136336e-07
431, 788, 3.2036763504177577e-07
16902, 17272, 3.1896926938509204e-07
199, 269, 3.1709982660923936e-07
190, 543, 3.054856104490937e-07
491, 855, 3.047061195594656e-07
503, 694, 3.0358623145946113e-07
244, 1901, 3.020452638838224e-07
1748, 1901, 3.0162086741805967e-07
244, 345, 3.0131946812303093e-07
2931, 3004, 2.958449331008616e-07
244, 1921, 2.9579098606754056e-07
352, 551, 2.931858534408458e-07
1227, 1432, 2.903683511065002e-07
312, 434, 2.888290694474632e-07
244, 715, 2.877800850110056e-07
1274, 1432, 2.835755922739044e-07
608, 740, 2.8207728749514063e-07
1748, 1921, 2.809903092593629e-07
66, 414, 2.806521608110269e-07
1697, 2128, 2.735840007082452e-07
285, 740, 2.685887734032575e-07
190, 551, 2.655347581442688e-07
66, 637, 2.64668309142992e-07
365, 429, 2.6434373161942427e-07
66, 711, 2.6206366221291306e-07
66, 791, 2.5991367110152604e-07
491, 617, 2.4903799801346285e-07
192, 275, 2.48713904696105e-07
216, 674, 2.4589705757474385e-07
190, 998, 2.443600032163167e-07
2754, 3004, 2.4312974863851765e-07
461, 594, 2.4029377360235834e-07
473, 637, 2.384463022345324e-07
431, 968, 2.3836127419612094e-07
365, 788, 2.354916539561861e-07
192, 269, 2.3316913984556956e-07
352, 429, 2.3262011674567097e-07
197, 1037, 2.3249158671040362e-07
352, 998, 2.3022236902705156e-07
186, 1901, 2.2847085477748316e-07
473, 998, 2.2816642442638488e-07
201, 594, 2.2771003284165718e-07
119, 829, 2.2761080844848995e-07
186, 715, 2.2744334030206272e-07
4919, 5131, 2.2693626022371888e-07
186, 1921, 2.2374003999718132e-07
158, 742, 2.2362631068621125e-07
13591, 13765, 2.2329935297557462e-07
260, 694, 2.2233989890974154e-07
365, 968, 2.205807000286929e-07
201, 275, 2.1964812412934618e-07
190, 414, 2.1910100457730016e-07
119, 617, 2.169964241205185e-07
312, 674, 2.1588584964860887e-07
727, 989, 2.1340856955319394e-07
216, 434, 2.1313358460530685e-07
66, 454, 2.1290673403878355e-07
503, 594, 2.1282549896247772e-07
459, 740, 2.1219912386830264e-07
14070, 14417, 2.085273011148532e-07
297, 471, 2.0791083689813289e-07
640, 740, 2.051358551106962e-07
66, 150, 2.0428474134530393e-07
190, 319, 2.0355882453429994e-07
2918, 3004, 2.0329205860413306e-07
409, 740, 2.0201116645366853e-07
220, 594, 2.0146120976874058e-07
119, 653, 2.0109093311245774e-07
18418, 19327, 1.9969196260507082e-07
17425, 17768, 1.9904491061850376e-07
199, 740, 1.958562339471532e-07
66, 569, 1.92915818104989e-07
158, 328, 1.928741786302876e-07
297, 655, 1.9223257053498357e-07
3963, 5131, 1.9131262797570867e-07
192, 594, 1.8932672045062685e-07
197, 1422, 1.8882998090395572e-07
19231, 19327, 1.8561265190613082e-07
190, 637, 1.822775311036643e-07
190, 791, 1.8214718137456384e-07
31, 694, 1.8151537416719075e-07
473, 711, 1.7949791904652777e-07
190, 711, 1.788607799401721e-07
18290, 18562, 1.7839001573535975e-07
201, 269, 1.7608958644492888e-07
473, 791, 1.7506472793609097e-07
4919, 5127, 1.7317551620966726e-07
244, 891, 1.7305578766090686e-07
119, 278, 1.7203383866640173e-07
66, 319, 1.7026676203733487e-07
7, 594, 1.70236254790262e-07
352, 637, 1.6959546850674602e-07
66, 429, 1.6926537625268876e-07
431, 674, 1.684410069103783e-07
601, 742, 1.6766077153281612e-07
352, 711, 1.6593794603264081e-07
47, 594, 1.6547841125777958e-07
352, 791, 1.6545441457746422e-07
445, 655, 1.651698740073301e-07
491, 653, 1.6439270829461408e-07
197, 431, 1.6397097396953867e-07
158, 543, 1.637177434171339e-07
297, 381, 1.604380966313861e-07
285, 409, 1.5881395359519335e-07
468, 715, 1.550423975213597e-07
190, 454, 1.536650713392221e-07
244, 467, 1.5328231517535542e-07
365, 674, 1.5129211366052658e-07
365, 434, 1.4999885489831403e-07
17523, 18259, 1.4893945179913594e-07
352, 414, 1.4850429558087e-07
352, 569, 1.4800188604450318e-07
66, 788, 1.4754820431066425e-07
17523, 18399, 1.438566679668834e-07
17523, 17720, 1.437550391621425e-07
158, 551, 1.43670745142201e-07
262, 694, 1.426792026596477e-07
14065, 17154, 1.4030308281106064e-07
66, 243, 1.3942042449424925e-07
66, 369, 1.380397686898016e-07
468, 1901, 1.3648202028677059e-07
431, 1027, 1.3643895554343764e-07
365, 1027, 1.3594093175615854e-07
468, 1921, 1.3365596547357807e-07
190, 569, 1.3318133190617884e-07
10487, 14315, 1.3243433186997297e-07
220, 1077, 1.3082787904502012e-07
232, 740, 1.2866970616210963e-07
365, 471, 1.2689993719981818e-07
190, 429, 1.2635485654109796e-07
190, 369, 1.256697252459341e-07
186, 891, 1.2339902705183378e-07
158, 243, 1.1675755798613673e-07
16, 594, 1.1653829791582666e-07
559, 740, 1.1647331549275413e-07
501, 742, 1.1513192187663797e-07
158, 414, 1.0985104756792093e-07
601, 711, 1.0955893240415633e-07
352, 434, 1.0875387207058526e-07
1728, 3004, 1.0843205657493223e-07
186, 345, 1.0833660524993429e-07
158, 889, 1.0746348053034199e-07
47, 269, 1.0556431215784837e-07
158, 637, 1.0382295105309884e-07
2465, 3004, 1.0298084531144324e-07
216, 655, 9.935473716893098e-08
754, 885, 9.909833240542063e-08
66, 352, 9.905316894453095e-08
201, 740, 9.686877478316053e-08
216, 357, 9.677032343138903e-08
501, 637, 9.661767132785032e-08
186, 467, 9.607341729310582e-08
190, 352, 9.596951703987938e-08
445, 885, 9.454511731686849e-08
312, 471, 9.439277155807211e-08
7, 269, 9.422651584767806e-08
66, 674, 9.338679659615293e-08
158, 319, 9.261096232826062e-08
47, 275, 9.148465894531512e-08
158, 711, 9.138336166717265e-08
158, 454, 8.982133862920145e-08
528, 594, 8.649214531382376e-08
17523, 17658, 8.63178334836431e-08
17523, 18562, 8.596392009508615e-08
312, 655, 8.54246593102867e-08
216, 471, 8.488858286783913e-08
454, 740, 8.466240099927922e-08
220, 740, 8.440679073983977e-08
7, 275, 8.263775166135536e-08
192, 740, 7.947700068640925e-08
297, 753, 7.905862453302183e-08
1748, 3004, 7.898790621981931e-08
158, 569, 7.806231139311384e-08
2197, 3004, 7.64822502062316e-08
601, 904, 7.622084057880582e-08
1872, 3004, 7.579898518998338e-08
473, 674, 7.519380402165736e-08
216, 885, 7.447403760082496e-08
7, 1077, 7.439283655022654e-08
297, 705, 7.243159679186729e-08
17699, 17786, 7.243110266923243e-08
260, 594, 7.239242864533572e-08
7, 740, 7.196819105618572e-08
431, 655, 7.154604062410212e-08
47, 740, 6.98170857513144e-08
199, 409, 6.897657087532995e-08
16, 269, 6.72343334926977e-08
158, 998, 6.651180689817855e-08
66, 434, 6.624285594127953e-08
158, 429, 6.60373279260013e-08
158, 369, 6.557545653476124e-08
5544, 7484, 6.443006116873402e-08
232, 409, 6.41138037659258e-08
190, 674, 6.349645013827332e-08
445, 753, 6.267463538644188e-08
352, 674, 6.166350001629347e-08
297, 604, 6.056917161297654e-08
445, 604, 6.034364658748306e-08
501, 569, 6.023095383677226e-08
16, 275, 5.8352837266858786e-08
365, 655, 5.7255175878676866e-08
459, 617, 5.71129648406355e-08
559, 653, 5.6961370898954044e-08
119, 328, 5.690422547179049e-08
244, 431, 5.6585336779477e-08
312, 885, 5.646137765620193e-08
119, 543, 5.626705156706422e-08
285, 617, 5.5406410679387774e-08
1264, 3004, 5.537871596752768e-08
445, 705, 5.432331754385588e-08
31, 594, 5.391264094788307e-08
158, 791, 5.2330134451994644e-08
1030, 3004, 5.2269240546258026e-08
199, 278, 5.1746032470989364e-08
190, 788, 5.1074783804466543e-08
158, 352, 5.084936289040285e-08
119, 904, 5.068831994438664e-08
862, 989, 4.9684478721665894e-08
1160, 1446, 4.942327808169644e-08
473, 788, 4.917122483542249e-08
190, 434, 4.884450346782372e-08
501, 711, 4.860899736962835e-08
119, 551, 4.8471102020363966e-08
192, 1077, 4.833927289412997e-08
47, 1077, 4.7524773493623704e-08
262, 594, 4.619130912714104e-08
409, 617, 4.552159381260505e-08
201, 409, 4.3695609261306806e-08
216, 381, 4.368672417408435e-08
637, 855, 4.290365929512129e-08
352, 471, 4.0482311694274573e-08
220, 409, 3.9957939843948864e-08
216, 705, 3.8606358654420874e-08
158, 674, 3.845281656459148e-08
119, 742, 3.813088827027869e-08
312, 381, 3.8019606048967695e-08
491, 569, 3.6702579726834726e-08
461, 740, 3.619579342738344e-08
297, 715, 3.563642557785959e-08
119, 414, 3.548037585339835e-08
192, 409, 3.523277827430827e-08
186, 431, 3.431292091420986e-08
601, 674, 3.382086640838515e-08
31, 269, 3.346533558812731e-08
192, 278, 3.190610996812926e-08
312, 705, 3.123381320944591e-08
216, 604, 3.08116184598766e-08
119, 454, 3.053617097029521e-08
201, 278, 3.031465137767946e-08
66, 471, 2.990327395620835e-08
31, 275, 2.864389010389674e-08
459, 543, 2.8643609045249863e-08
66, 1027, 2.8508469983529054e-08
459, 551, 2.7925350854111985e-08
1096, 3004, 2.7568451111096835e-08
119, 319, 2.7559545667629586e-08
119, 243, 2.6497567580831364e-08
158, 434, 2.616746247540478e-08
445, 715, 2.5999259633276156e-08
47, 409, 2.5912768915162028e-08
7, 409, 2.5810846398605988e-08
119, 569, 2.523221673842647e-08
431, 705, 2.3956353763624613e-08
365, 705, 2.3550144495669263e-08
66, 357, 2.324962375459358e-08
190, 357, 2.218646483462801e-08
216, 753, 2.209003675177832e-08
119, 429, 2.1774441199708166e-08
190, 471, 2.106050739970999e-08
297, 467, 2.0887923842211166e-08
232, 328, 2.0607574608460653e-08
1175, 1893, 1.955962362242697e-08
216, 715, 1.8930134629438522e-08
119, 369, 1.8735875652249942e-08
16, 409, 1.7803241626278428e-08
953, 1893, 1.738057775570991e-08
119, 711, 1.721056105206055e-08
352, 788, 1.7069544792727445e-08
260, 409, 1.5916631837777155e-08
409, 543, 1.5719243548421214e-08
454, 543, 1.5663241506069403e-08
285, 414, 1.554547867981529e-08
312, 715, 1.5344015435634196e-08
119, 352, 1.5058557293952227e-08
66, 705, 1.4944837749130206e-08
199, 328, 1.4484554413423431e-08
501, 889, 1.4151176057838734e-08
454, 551, 1.4053679513375317e-08
285, 543, 1.3853517238516675e-08
365, 467, 1.341435465769844e-08
1090, 1553, 1.3106727437061654e-08
940, 1553, 1.3101258906227126e-08
158, 471, 1.2658624328456087e-08
285, 369, 1.2411253946483918e-08
491, 711, 1.240061797103195e-08
66, 381, 1.198025616487913e-08
216, 345, 1.1740637375385758e-08
158, 357, 1.1648961654504553e-08
431, 715, 1.1632598953605441e-08
220, 328, 1.154010814804827e-08
365, 715, 1.147042813130853e-08
491, 829, 1.1356034095368214e-08
47, 134, 1.0990269551416772e-08
47, 278, 1.0931099622460768e-08
16, 740, 1.0815470899843037e-08
473, 705, 1.063884364606393e-08
190, 381, 1.0384053939313834e-08
262, 409, 1.0316726591818647e-08
190, 705, 1.0245491245899697e-08
7, 278, 9.97382924514998e-09
312, 467, 9.510020030616517e-09
201, 328, 9.424031688363843e-09
232, 319, 9.388605988326906e-09
705, 1077, 9.068704809289315e-09
119, 434, 8.785420627914921e-09
601, 1174, 8.689607688048446e-09
216, 467, 8.585433649926512e-09
461, 1077, 8.40728048255365e-09
31, 409, 8.384734859627376e-09
285, 454, 8.383841083086211e-09
297, 431, 8.377489701318409e-09
528, 740, 8.170581122278372e-09
637, 742, 8.157195846012925e-09
199, 319, 7.9911748577797e-09
285, 429, 7.896332504808007e-09
491, 742, 7.865134828065894e-09
640, 1077, 7.804443926996958e-09
199, 414, 7.3808157024314114e-09
66, 715, 7.3401455764902606e-09
7, 134, 7.256912168324618e-09
16, 278, 7.025564515897361e-09
192, 328, 6.8428585237599045e-09
232, 414, 6.832663732358007e-09
503, 740, 6.780044381771932e-09
220, 319, 6.186343485523416e-09
312, 753, 6.1383902720498265e-09
260, 740, 5.9792461499564225e-09
16, 134, 5.9526547179211455e-09
158, 381, 5.49440429355175e-09
201, 319, 5.236673726074573e-09
285, 855, 4.9234818371984124e-09
312, 431, 4.713936766006112e-09
201, 414, 4.673929935542335e-09
199, 454, 4.3647938690390335e-09
352, 467, 4.362189485912372e-09
31, 740, 4.345486014189222e-09
199, 369, 4.314539410846647e-09
285, 352, 4.301302159310953e-09
199, 429, 4.245110285214237e-09
220, 414, 4.240091811477785e-09
232, 454, 4.219858998055965e-09
232, 369, 4.197674238808118e-09
232, 352, 4.010999446804179e-09
7, 328, 3.93188091444011e-09
232, 429, 3.887564685406286e-09
192, 414, 3.7640120631254864e-09
192, 319, 3.661198504796284e-09
31, 134, 3.616219472602378e-09
47, 328, 3.609034127744588e-09
262, 740, 3.4788392367531733e-09
119, 357, 3.425030743700305e-09
31, 278, 3.4172321786777162e-09
216, 431, 3.309352224524536e-09
199, 352, 3.305955663567678e-09
632, 742, 3.2576709757554966e-09
285, 434, 3.084698285707561e-09
66, 467, 2.957230427775188e-09
7, 414, 2.805281475516028e-09
201, 454, 2.771618048032806e-09
47, 414, 2.7503284161755304e-09
16, 328, 2.7475396114222137e-09
201, 369, 2.73052543447899e-09
201, 429, 2.6984186783099015e-09
220, 454, 2.614202088395774e-09
220, 369, 2.473058186060873e-09
220, 429, 2.4342664435745923e-09
66, 345, 2.4184597799207216e-09
190, 345, 2.392673876623886e-09
192, 454, 2.224507091229349e-09
192, 369, 2.2027749104177614e-09
260, 328, 2.1940147268484676e-09
47, 150, 2.1656382083890493e-09
220, 352, 2.1336537500993625e-09
192, 429, 2.12914960413642e-09
201, 352, 2.1021971299200955e-09
190, 467, 2.0976851446712596e-09
7, 454, 1.9326174577709734e-09
16, 414, 1.924888508222097e-09
365, 431, 1.885333468025788e-09
47, 454, 1.866442105249284e-09
7, 319, 1.8612465897253927e-09
47, 319, 1.7069724624518164e-09
7, 429, 1.681308360005513e-09
192, 352, 1.6797352466051486e-09
260, 414, 1.6760341559475946e-09
199, 434, 1.6728742486561392e-09
197, 476, 1.6184096996862038e-09
119, 381, 1.556667389466578e-09
260, 369, 1.554627826960857e-09
47, 429, 1.55222434777841e-09
232, 434, 1.5419403714167872e-09
352, 431, 1.5334431504779077e-09
7, 369, 1.50748345889194e-09
119, 471, 1.4812781609510651e-09
47, 369, 1.440062010109203e-09
829, 904, 1.4234242439918555e-09
16, 454, 1.3720129270288156e-09
285, 357, 1.3680345076419222e-09
260, 352, 1.3566096675457095e-09
47, 243, 1.3544153498201967e-09
16, 319, 1.2886500038833914e-09
158, 345, 1.2795218254477147e-09
7, 243, 1.2579920725788866e-09
31, 328, 1.2467439029267337e-09
262, 328, 1.2207362780662048e-09
7, 150, 1.21637715565857e-09
285, 381, 1.1674995569729219e-09
16, 429, 1.1640080538215856e-09
7, 352, 1.1308664292081587e-09
262, 414, 1.082323304824418e-09
16, 369, 1.0683201523040212e-09
47, 352, 1.059083038132089e-09
260, 454, 1.051121439569032e-09
201, 434, 1.0477299643868631e-09
186, 1002, 1.0352743966682594e-09
262, 369, 1.032302844412485e-09
66, 431, 1.0309286484347378e-09
197, 488, 9.79108553742663e-10
220, 434, 9.551899399060234e-10
260, 429, 9.54426922066549e-10
780, 855, 9.53897977621836e-10
16, 150, 9.297767376996062e-10
16, 243, 9.130245313514836e-10
31, 414, 8.927215186537221e-10
66, 153, 8.616522068670591e-10
262, 352, 8.610050196022426e-10
232, 357, 8.54542561562258e-10
192, 434, 8.223525755363366e-10
601, 889, 7.881392760839999e-10
16, 352, 7.825419838025728e-10
190, 431, 7.655729534312462e-10
199, 357, 7.590932160158451e-10
491, 904, 7.447254170772407e-10
468, 1002, 6.985536348957962e-10
197, 670, 6.901708908749284e-10
7, 434, 6.834393603949433e-10
47, 434, 6.272162181370084e-10
262, 429, 6.137634882573289e-10
262, 454, 6.065989172873987e-10
31, 319, 5.814015456660603e-10
199, 543, 5.81061487448916e-10
31, 454, 5.760918743580789e-10
461, 543, 5.613044346844043e-10
244, 476, 5.537357338904588e-10
31, 150, 5.485217292948169e-10
409, 551, 5.270149042055772e-10
31, 429, 5.240459133796121e-10
285, 551, 4.97756717978647e-10
31, 369, 4.919424299268229e-10
201, 357, 4.813013840874367e-10
232, 543, 4.801757109481746e-10
16, 434, 4.76583442428717e-10
220, 357, 4.680886970157434e-10
285, 471, 4.6537482891723415e-10
158, 467, 4.521662752572063e-10
31, 243, 4.390418418716257e-10
7, 90, 4.3623548982488013e-10
7, 87, 4.056466781453572e-10
158, 431, 4.040101274453768e-10
461, 551, 4.0002416128816077e-10
192, 357, 3.8808019697545186e-10
260, 434, 3.8468488627321553e-10
119, 345, 3.7970510879504673e-10
847, 1077, 3.7781580813007653e-10
201, 543, 3.6586835905916057e-10
199, 551, 3.6411435979036207e-10
186, 476, 3.617808167771912e-10
199, 381, 3.6066822109491094e-10
31, 352, 3.601803058948779e-10
232, 381, 3.285680034656119e-10
260, 357, 3.135610096978152e-10
244, 488, 3.1181940055632857e-10
220, 543, 3.106938795645152e-10
192, 543, 3.0148479637534316e-10
232, 551, 3.005883559320711e-10
16, 1077, 2.83161449952816e-10
7, 357, 2.638847062827509e-10
7, 543, 2.4878205880439425e-10
47, 357, 2.480172447242238e-10
262, 434, 2.4757082908032703e-10
199, 471, 2.4672209720553703e-10
694, 989, 2.429549575042119e-10
47, 543, 2.3113209080285042e-10
201, 381, 2.28863853614668e-10
232, 471, 2.283338233002952e-10
186, 488, 2.2124240553236118e-10
16, 90, 2.2094033762509943e-10
244, 670, 2.1724623316655299e-10
409, 471, 2.167125717786481e-10
201, 551, 2.1625748872696857e-10
31, 434, 2.1514395611910184e-10
18190, 18544, 2.0650754896348674e-10
220, 381, 2.04603994231195e-10
262, 357, 2.027215845521848e-10
66, 169, 1.9517598283228691e-10
16, 87, 1.9027755630461422e-10
220, 551, 1.83426640091236e-10
16, 357, 1.8341303148753486e-10
192, 381, 1.8239486213956437e-10
192, 551, 1.7587814694829257e-10
16, 543, 1.7520197238764597e-10
186, 248, 1.6731094200179615e-10
201, 471, 1.5574898127721868e-10
186, 670, 1.5510065930557444e-10
119, 467, 1.523951335298875e-10
7, 551, 1.5208924615950517e-10
47, 551, 1.436688671271696e-10
119, 431, 1.3949572413748326e-10
220, 471, 1.394140851085465e-10
468, 670, 1.2982474526566872e-10
192, 471, 1.2772187285879312e-10
7, 381, 1.253617434492979e-10
47, 381, 1.2448597188242804e-10
232, 345, 1.1267786945220209e-10
47, 471, 1.1039116012848213e-10
7, 471, 1.0930047162863706e-10
16, 551, 1.0667906274014077e-10
260, 381, 1.0623477470904774e-10
260, 543, 1.0250661386167822e-10
16, 381, 8.985156384026416e-11
197, 482, 8.864447037502018e-11
199, 345, 8.397238303252881e-11
297, 476, 7.640765626644585e-11
197, 479, 7.33422776098081e-11
262, 381, 7.070923655841642e-11
31, 543, 6.565993952135461e-11
459, 569, 6.453233074581887e-11
262, 543, 5.3587531125730654e-11
260, 551, 5.036495937251134e-11
285, 431, 4.985031239773715e-11
285, 467, 4.8446347990256294e-11
297, 488, 4.3892159545754176e-11
365, 476, 4.3175131834089755e-11
31, 551, 3.9510279437861996e-11
66, 174, 3.562210734796211e-11
312, 476, 3.478904209064317e-11
285, 569, 3.370892072895385e-11
199, 617, 3.331321341520524e-11
409, 569, 3.2886845450202526e-11
262, 551, 3.2169941890505394e-11
216, 476, 3.1179432335689316e-11
454, 569, 2.974197025590659e-11
244, 482, 2.93602448209607e-11
199, 431, 2.694201290634454e-11
232, 617, 2.6909921966203136e-11
7, 81, 2.682531459854584e-11
454, 617, 2.5446941505600347e-11
7, 84, 2.5191801473222146e-11
232, 431, 2.4717021355837324e-11
244, 479, 2.471687840234581e-11
199, 569, 2.3795974175014367e-11
461, 569, 2.3632794319441915e-11
7, 93, 2.2131583854698713e-11
18418, 18544, 2.1016724604177215e-11
201, 617, 2.0968599972300066e-11
232, 569, 2.0552325092359598e-11
365, 488, 2.0530358908201764e-11
312, 488, 2.035543002463914e-11
186, 482, 1.9963424912195273e-11
528, 617, 1.9567904192139734e-11
216, 488, 1.841029606879164e-11
461, 617, 1.7977062899052636e-11
220, 617, 1.743829295300552e-11
192, 617, 1.729447548043221e-11
201, 431, 1.713831493400186e-11
471, 594, 1.6838818954292975e-11
186, 479, 1.645992361321122e-11
220, 431, 1.5515819575440835e-11
201, 569, 1.5097568196160476e-11
192, 431, 1.3487971468201604e-11
220, 569, 1.342981507698966e-11
66, 189, 1.2446570228892282e-11
192, 569, 1.2070347426254506e-11
16, 93, 1.2059180671996256e-11
66, 196, 1.1544781626541346e-11
7, 431, 1.1045782368231597e-11
7, 569, 1.0928859574806746e-11
16, 84, 1.0910594468355506e-11
16, 81, 1.0699557231412852e-11
47, 569, 1.0618725331514532e-11
47, 431, 1.0162504801275577e-11
47, 153, 8.288782704933654e-12
66, 248, 7.967359215980839e-12
16, 431, 7.669251467159655e-12
16, 569, 7.65095597338052e-12
158, 248, 7.2071350170958295e-12
260, 431, 6.247899352276774e-12
352, 476, 5.608922984945954e-12
7, 153, 4.768612851081266e-12
66, 476, 4.588208501154794e-12
297, 482, 4.093247298680571e-12
31, 357, 3.736034179155195e-12
16, 153, 3.5964521877002566e-12
297, 479, 3.4280038789854848e-12
190, 476, 3.21037058187735e-12
66, 209, 2.6059125294250738e-12
352, 488, 2.5456303165798625e-12
66, 488, 2.5113304074993307e-12
31, 93, 2.1927646803068745e-12
365, 482, 2.0971081421341944e-12
31, 153, 2.0770390543897337e-12
119, 196, 1.976126554989956e-12
7, 96, 1.939849265140462e-12
158, 476, 1.921635886054732e-12
312, 482, 1.880400899561097e-12
365, 479, 1.8441600353189777e-12
190, 488, 1.7682757973309216e-12
216, 482, 1.6869459701458244e-12
312, 479, 1.567111105619685e-12
47, 169, 1.4298569699176547e-12
119, 248, 1.4159585340851855e-12
216, 479, 1.4040333532366466e-12
119, 189, 1.3398503476785002e-12
16, 96, 1.13245884548651e-12
7, 169, 1.0482149082782978e-12
158, 488, 1.0380658462047714e-12
16, 169, 7.491015720402139e-13
119, 209, 6.912088799408776e-13
352, 482, 6.813660545220008e-13
119, 476, 6.426657492099682e-13
66, 482, 6.19444447652241e-13
352, 479, 5.915036203276077e-13
66, 479, 5.115036981017093e-13
190, 482, 4.3301539066326596e-13
31, 169, 3.842719432661274e-13
190, 479, 3.573426759026739e-13
47, 174, 2.5931563137884747e-13
31, 96, 2.3608495935492797e-13
7, 174, 2.0543793362417199e-13
16, 174, 1.458211083212883e-13
47, 189, 1.0039118303873082e-13
47, 196, 9.954951657765973e-14
7, 196, 9.357215745213314e-14
7, 189, 9.22483326672169e-14
47, 248, 7.719987001987036e-14
31, 174, 7.257949804929936e-14
7, 248, 7.103685746473936e-14
16, 196, 6.733453024034285e-14
16, 189, 6.591715567288637e-14
16, 248, 5.1865571518759204e-14
16, 471, 3.964999847392717e-14
66, 186, 3.5254862847537916e-14
199, 467, 3.3379470145451284e-14
31, 196, 3.21819119856353e-14
232, 467, 3.145166599755318e-14
31, 189, 3.138355058293862e-14
260, 471, 2.987727114602067e-14
47, 209, 2.4917326393150347e-14
7, 209, 2.3326039517548208e-14
220, 345, 2.0046326321740883e-14
201, 467, 1.9088432628352524e-14
201, 345, 1.8489433053616774e-14
66, 171, 1.766791100711271e-14
262, 471, 1.7398250033674613e-14
220, 467, 1.7337744825103704e-14
31, 471, 1.7102326611682865e-14
16, 209, 1.678683431984401e-14
192, 467, 1.5602553224931023e-14
192, 345, 1.446248005567733e-14
47, 467, 1.3479648852604658e-14
7, 109, 1.3426766473402079e-14
7, 467, 1.3393572177390245e-14
31, 381, 1.118438486345821e-14
260, 345, 1.0650587533411105e-14
16, 109, 9.932812319686112e-15
7, 102, 9.796579861141692e-15
7, 617, 9.636217249074836e-15
7, 345, 9.485482827442626e-15
16, 467, 9.48487464545844e-15
503, 617, 9.210600581661146e-15
47, 617, 9.156026081102567e-15
47, 345, 8.837363697777212e-15
31, 209, 8.18159646463182e-15
260, 467, 7.157225537139728e-15
16, 617, 6.731748292146101e-15
16, 345, 6.5687042809803905e-15
262, 345, 6.546657045774258e-15
16, 102, 6.468678871455954e-15
260, 617, 4.2196976139648575e-15
47, 109, 3.931162901032985e-15
31, 109, 3.5236584492712488e-15
285, 476, 3.2118041078192e-15
31, 345, 3.0448944744699384e-15
119, 186, 2.953170114112833e-15
31, 248, 2.8356043713366417e-15
119, 488, 2.450524683196455e-15
409, 476, 2.248606517609565e-15
262, 467, 1.944907957620943e-15
31, 467, 1.9062834506700668e-15
31, 102, 1.748404037476997e-15
199, 476, 1.7324317248438374e-15
232, 476, 1.563454517763122e-15
201, 476, 1.0928362851758003e-15
409, 488, 1.0185107031307137e-15
220, 476, 9.63078987076488e-16
31, 617, 9.290569742500042e-16
192, 476, 9.000714344880245e-16
262, 431, 8.563659102247891e-16
47, 476, 7.743188928881151e-16
7, 476, 7.691002771843168e-16
285, 488, 7.517026246917598e-16
31, 431, 7.35978797762748e-16
199, 488, 4.258417633437402e-16
232, 488, 3.6247075657185043e-16
47, 186, 2.7650876923385297e-16
7, 186, 2.494852241537954e-16
16, 186, 1.7769544688837993e-16
47, 171, 1.286266476284558e-16
7, 171, 9.738205016467827e-17
31, 186, 8.482185513309368e-17
16, 171, 6.935710350534222e-17
31, 171, 3.5127819892404e-17
