Gene = AT4G32080
index = 1003
Annotated 5SS: [67]
Annotated 3SS: [355]
SMsplice 5SS: [229]
SMsplice 3SS: [365]
length: 881
Partition function (logZ) = -8.026436221545271
#Introns = 1356
5SS, 3SS, prob
229, 365, 0.44957172776565024
229, 339, 0.3842523279147094
455, 553, 0.05562021877124392
67, 365, 0.04521240488859403
229, 355, 0.03806719740045519
229, 341, 0.023319137223680102
67, 339, 0.018659944471523308
202, 365, 0.004103051971151441
255, 339, 0.003956757641946492
67, 185, 0.0036748290411154614
255, 365, 0.0036470672513806523
67, 355, 0.0031760952596785763
455, 523, 0.0031344870440146344
67, 228, 0.0027572976586195527
202, 339, 0.0024946615003210585
229, 397, 0.0017975380654556713
455, 561, 0.001553051307220124
67, 341, 0.0012437593914159553
57, 365, 0.0009465578520885615
172, 365, 0.0009303598678034454
229, 553, 0.0008909281657183476
455, 578, 0.000688245494394996
455, 583, 0.0004980204771123225
255, 355, 0.00044307203392199355
651, 729, 0.00044113211356374137
57, 339, 0.0003906608596153839
172, 339, 0.000370787807945539
202, 355, 0.0003466566437013632
128, 365, 0.0003444804181790284
255, 341, 0.0002728666691968741
67, 397, 0.00027196111743567027
455, 608, 0.00021236924507918672
229, 523, 0.00020348706229164705
455, 581, 0.00017433165106392346
466, 553, 0.00016567598606047858
202, 341, 0.0001620100339812906
651, 744, 0.00016186531841597365
128, 339, 0.00014217304942275717
185, 365, 0.00013472423390195522
67, 553, 0.00013445818720877111
407, 553, 0.00012643018422319274
449, 553, 0.0001243777130666539
455, 729, 0.00011989330176491774
128, 228, 0.00010941794214084285
67, 170, 9.981987029649417e-05
455, 593, 8.469279269105709e-05
455, 830, 7.912754661142494e-05
455, 797, 6.934432069363959e-05
57, 355, 6.649409414159353e-05
172, 355, 6.553382565893956e-05
185, 339, 6.497480381797345e-05
57, 185, 6.0005791257912936e-05
455, 846, 5.946113238563847e-05
651, 770, 5.929197465475332e-05
651, 797, 5.667922206399631e-05
57, 228, 5.641153641010673e-05
455, 532, 5.534430591599265e-05
472, 553, 5.259951244466815e-05
407, 523, 5.244868362793768e-05
734, 830, 5.1818682035160856e-05
33, 365, 5.040530129794833e-05
651, 830, 4.972782004381335e-05
455, 770, 4.437205731187364e-05
229, 561, 3.9027682278928244e-05
651, 846, 3.798314657464931e-05
455, 744, 3.4548329189865154e-05
229, 578, 3.423548036673781e-05
94, 365, 3.224200505860304e-05
651, 763, 3.179227644697426e-05
67, 523, 3.071010948914452e-05
488, 553, 2.9648324682684176e-05
89, 365, 2.917165055405212e-05
229, 583, 2.756041777211037e-05
57, 341, 2.6039097476778154e-05
449, 523, 2.5927465660919195e-05
202, 397, 2.5294655262417767e-05
172, 341, 2.4901716832913453e-05
128, 355, 2.419916892114971e-05
763, 846, 2.3188587223093135e-05
229, 481, 2.1989071571028525e-05
33, 339, 2.080314297829796e-05
108, 365, 2.0454130701421665e-05
455, 763, 1.810970329033484e-05
455, 642, 1.691483515542007e-05
229, 608, 1.688534577238422e-05
734, 846, 1.6596998817942263e-05
33, 108, 1.4930598502764261e-05
170, 365, 1.4927312543465185e-05
474, 553, 1.4174968511855732e-05
70, 365, 1.4153189107312224e-05
94, 339, 1.3306835270686577e-05
14, 365, 1.235885187314488e-05
202, 553, 1.2146217657617646e-05
488, 578, 1.2114743589875566e-05
89, 339, 1.203964665941978e-05
229, 729, 1.1517691884486054e-05
508, 583, 1.0971166712139121e-05
455, 790, 1.054554301809989e-05
255, 397, 9.794406852671167e-06
94, 185, 9.476668885209977e-06
128, 341, 9.476398265581952e-06
651, 790, 9.434313496783439e-06
185, 355, 9.355896551931436e-06
229, 581, 9.258589556335668e-06
407, 481, 9.243196369177501e-06
229, 506, 9.170787149829677e-06
562, 729, 9.018413902711488e-06
562, 642, 8.451552580798966e-06
108, 339, 8.44177486338698e-06
488, 583, 8.232671729421771e-06
508, 608, 8.201412502915206e-06
229, 830, 7.60148138411166e-06
89, 185, 7.072256614331106e-06
229, 411, 6.826116325990041e-06
229, 797, 6.661644211403588e-06
773, 846, 6.651653549839007e-06
508, 578, 6.631351503753904e-06
442, 553, 6.488501580772871e-06
14, 108, 6.035343974491359e-06
170, 339, 5.993176222364022e-06
562, 830, 5.987560835955225e-06
466, 561, 5.943760070054476e-06
67, 561, 5.8900275152413505e-06
70, 339, 5.841266871075915e-06
488, 561, 5.729498358233649e-06
229, 846, 5.712204033410091e-06
57, 397, 5.693723477125976e-06
36, 365, 5.681621949055098e-06
407, 506, 5.612833340319646e-06
229, 593, 5.570620804979614e-06
172, 397, 5.436368795411046e-06
562, 797, 5.247266679707762e-06
67, 578, 5.166792122484407e-06
14, 339, 5.1007127414017355e-06
685, 770, 5.091820822063424e-06
455, 852, 5.063066486524656e-06
407, 561, 4.996435989240869e-06
763, 830, 4.699269122767561e-06
562, 846, 4.499408395437218e-06
229, 472, 4.417194101035303e-06
229, 770, 4.262654183975927e-06
508, 593, 4.200901933913306e-06
185, 341, 4.1683018489072344e-06
67, 583, 4.159396857059139e-06
108, 185, 4.055212598998374e-06
615, 729, 3.881863097066189e-06
407, 578, 3.7188040054357158e-06
442, 523, 3.634968328747219e-06
449, 561, 3.6056712760461028e-06
33, 355, 3.5408874823084525e-06
255, 553, 3.489978023611117e-06
229, 422, 3.4206610623551166e-06
562, 770, 3.35762201595891e-06
229, 744, 3.318926119099489e-06
67, 481, 3.3185736130146145e-06
319, 397, 3.2988095888282925e-06
734, 797, 3.2373741593048947e-06
651, 852, 3.1696488077298195e-06
651, 772, 3.1072614797910665e-06
33, 228, 3.0670649966487738e-06
488, 581, 3.0027038786064908e-06
407, 583, 2.9940012289815564e-06
94, 228, 2.94907206079629e-06
508, 581, 2.860167380963997e-06
57, 553, 2.8149896736009227e-06
202, 523, 2.7741834237676356e-06
685, 797, 2.6982953540585308e-06
172, 553, 2.6877529410144535e-06
562, 744, 2.6857920144490984e-06
472, 561, 2.6573613999965178e-06
67, 608, 2.5483232771269354e-06
108, 228, 2.5252469546118465e-06
89, 228, 2.4859441027415383e-06
455, 772, 2.4660295259077432e-06
36, 339, 2.3449040222211723e-06
94, 355, 2.2649465269872285e-06
33, 185, 2.256954077921743e-06
466, 578, 2.121099984038468e-06
763, 852, 2.087274264784447e-06
128, 397, 2.0721144936554794e-06
89, 355, 2.0492592966471164e-06
449, 578, 1.9013268857588769e-06
407, 608, 1.835281018104999e-06
229, 763, 1.7397300728819598e-06
67, 729, 1.7382411188768606e-06
229, 642, 1.5641714095513333e-06
488, 608, 1.5149025730910018e-06
685, 763, 1.4769078041136872e-06
685, 830, 1.451660914074574e-06
108, 355, 1.4368682161833037e-06
67, 581, 1.397299149085951e-06
449, 583, 1.3927180903530387e-06
466, 583, 1.3911472204738003e-06
33, 341, 1.3866120818158438e-06
67, 506, 1.3840480780505614e-06
562, 763, 1.382742989797217e-06
70, 185, 1.286275721637143e-06
229, 449, 1.255816551521371e-06
57, 170, 1.2492922977386612e-06
407, 729, 1.2406525681892385e-06
67, 830, 1.147209670024046e-06
36, 108, 1.1309684398597967e-06
734, 852, 1.1116160701568198e-06
659, 744, 1.0892453239582967e-06
455, 615, 1.0680555797032767e-06
472, 578, 1.0631728282769526e-06
773, 852, 1.0621900129559111e-06
170, 355, 1.057686175611339e-06
508, 729, 1.0408754733374928e-06
128, 553, 1.0244580590526493e-06
229, 790, 1.0130700668768207e-06
407, 581, 1.007405821486996e-06
67, 797, 1.005370173444823e-06
67, 411, 1.002755741353635e-06
70, 355, 9.94237686401173e-07
615, 830, 9.880015418553746e-07
229, 532, 9.79320724875155e-07
659, 729, 9.709128565574736e-07
488, 593, 9.667189664736318e-07
496, 578, 9.390316118864472e-07
70, 228, 9.165650906588143e-07
455, 628, 9.083960760565414e-07
615, 797, 8.895367816976014e-07
94, 341, 8.869534077766956e-07
14, 355, 8.681885191926094e-07
67, 846, 8.620813987620172e-07
685, 846, 8.437980454141915e-07
496, 583, 8.418251554644027e-07
67, 593, 8.407137678278466e-07
474, 561, 8.226205721740744e-07
407, 830, 8.1880966219836e-07
89, 341, 8.024902552542616e-07
562, 790, 7.979784926118144e-07
255, 523, 7.9710733459014e-07
185, 397, 7.967803263947911e-07
615, 846, 7.42442966998229e-07
615, 744, 7.337441181807991e-07
14, 228, 7.303932504184236e-07
407, 797, 7.175731111867349e-07
508, 830, 6.869601664210888e-07
67, 472, 6.666395049881549e-07
472, 583, 6.63380532879185e-07
615, 770, 6.46541696145426e-07
67, 770, 6.433164606634295e-07
57, 523, 6.429407006125115e-07
407, 593, 6.236870091709364e-07
407, 846, 6.153021521279734e-07
172, 523, 6.138799638148003e-07
508, 797, 6.020253138643583e-07
449, 608, 5.912665744200554e-07
229, 484, 5.867797890938384e-07
685, 790, 5.859937310716449e-07
108, 341, 5.626778141049637e-07
455, 824, 5.41247120442588e-07
202, 561, 5.320728896812867e-07
508, 846, 5.162226196626008e-07
466, 608, 5.129911681573928e-07
455, 857, 5.128392458909277e-07
466, 581, 5.045155733489472e-07
67, 422, 5.014912279495385e-07
67, 744, 5.008897536583636e-07
659, 770, 4.967474595500171e-07
488, 729, 4.946477023094901e-07
229, 852, 4.863894723393292e-07
449, 581, 4.847159255270586e-07
202, 578, 4.667397576461304e-07
610, 729, 4.6459108709019443e-07
407, 770, 4.591608209085508e-07
14, 185, 4.551288163679697e-07
734, 824, 4.3992493577160863e-07
754, 846, 4.0590441978481636e-07
170, 341, 4.0219289309198046e-07
36, 355, 3.991243682822112e-07
185, 553, 3.939299827152621e-07
70, 341, 3.893436306712907e-07
508, 770, 3.852240740522285e-07
562, 852, 3.831209218886004e-07
659, 797, 3.8266374559739497e-07
449, 729, 3.76060879905905e-07
202, 583, 3.757371759877142e-07
455, 696, 3.711616788204317e-07
407, 472, 3.686872639376118e-07
474, 578, 3.6329346002490745e-07
407, 744, 3.5750515420867035e-07
36, 228, 3.458120205810228e-07
407, 484, 3.4314557667131516e-07
14, 341, 3.3998275743612297e-07
754, 830, 3.397877534566396e-07
651, 824, 3.393694578007168e-07
488, 830, 3.2645909775237715e-07
651, 857, 3.181785338647252e-07
455, 610, 3.0854505473319055e-07
455, 813, 3.0749134950582e-07
33, 397, 3.03197365843505e-07
659, 830, 3.014830285400195e-07
508, 744, 2.9993759425385104e-07
202, 481, 2.997818002254955e-07
659, 763, 2.925577039795787e-07
615, 763, 2.90928415832588e-07
685, 772, 2.880109634988494e-07
488, 797, 2.8609612375658377e-07
496, 581, 2.7786492815742527e-07
319, 553, 2.750132080844112e-07
36, 185, 2.639338908923212e-07
67, 763, 2.625587121759519e-07
449, 532, 2.5352854864962874e-07
466, 729, 2.521909532440183e-07
449, 830, 2.481938053706621e-07
449, 593, 2.458126807231231e-07
472, 581, 2.4556739103612215e-07
488, 846, 2.4532073166978996e-07
229, 772, 2.3690204406199404e-07
67, 642, 2.3606353497925936e-07
128, 523, 2.339851504296574e-07
659, 846, 2.3338888282419e-07
202, 608, 2.302015952208087e-07
474, 583, 2.2332727863853457e-07
508, 642, 2.187773618399126e-07
449, 797, 2.1750744931238443e-07
466, 593, 2.161211129993089e-07
442, 561, 2.0660372628231463e-07
472, 608, 2.058447378028495e-07
407, 532, 1.9486833385314316e-07
734, 813, 1.9445273628835802e-07
94, 397, 1.9394172342104897e-07
651, 813, 1.9389398731455107e-07
67, 449, 1.8952685915837858e-07
407, 763, 1.8739870839784846e-07
562, 772, 1.86603811718617e-07
449, 846, 1.8650754826144693e-07
763, 857, 1.8317649333026565e-07
488, 770, 1.8306724289818321e-07
518, 608, 1.8130371526227826e-07
89, 397, 1.7547296370701003e-07
496, 608, 1.71835899524576e-07
527, 608, 1.7003974468672236e-07
407, 642, 1.6848803526008106e-07
466, 830, 1.6644175374303488e-07
508, 763, 1.5722267805493543e-07
202, 729, 1.5702320111245639e-07
36, 341, 1.5629716390943487e-07
67, 790, 1.5289174812191102e-07
255, 561, 1.528807357393563e-07
33, 553, 1.4990145856947818e-07
67, 532, 1.4779832362413016e-07
466, 797, 1.458631139550877e-07
488, 744, 1.4253716763849492e-07
610, 830, 1.4236621149409474e-07
449, 770, 1.391787086542735e-07
773, 857, 1.3710650542722567e-07
255, 578, 1.34108538381821e-07
615, 790, 1.3288580038877614e-07
610, 797, 1.296116645034013e-07
496, 593, 1.2657411919710177e-07
442, 578, 1.2627897156556373e-07
202, 581, 1.2622436721722188e-07
466, 846, 1.250742071204749e-07
202, 506, 1.25027337892838e-07
455, 861, 1.235276266750659e-07
57, 561, 1.233124362065482e-07
108, 397, 1.2303544249505834e-07
172, 561, 1.1773874916345173e-07
407, 790, 1.0912498726583678e-07
496, 561, 1.0876344737933623e-07
449, 744, 1.0836531218311354e-07
57, 578, 1.081709248976653e-07
255, 583, 1.0796072685462035e-07
610, 846, 1.0698241650866321e-07
202, 830, 1.0363265071691229e-07
89, 170, 1.0338611941312537e-07
172, 578, 1.0328162985906954e-07
455, 869, 9.85317168753242e-08
734, 857, 9.76999765018131e-08
229, 615, 9.763730715962253e-08
610, 744, 9.620352726581469e-08
94, 553, 9.588522359821301e-08
442, 583, 9.522123907798015e-08
472, 729, 9.356411639801144e-08
466, 770, 9.333491751541747e-08
472, 593, 9.190462486654012e-08
508, 790, 9.155304690906041e-08
202, 797, 9.081964591845242e-08
202, 411, 9.058347241433309e-08
185, 523, 8.99731965109622e-08
67, 484, 8.855635029642184e-08
170, 397, 8.720927870331541e-08
57, 583, 8.708029941568198e-08
89, 553, 8.675422731992536e-08
229, 628, 8.634918702500877e-08
255, 481, 8.6136435568434e-08
70, 397, 8.513409393699471e-08
610, 770, 8.389525317910685e-08
474, 581, 8.321408491251907e-08
172, 583, 8.314429465011937e-08
488, 642, 7.983948516039543e-08
202, 846, 7.787572125815389e-08
94, 170, 7.730878667815101e-08
651, 861, 7.663968672869639e-08
202, 593, 7.594548627922246e-08
488, 763, 7.471579304434476e-08
14, 397, 7.43408180547887e-08
67, 852, 7.340552161738676e-08
466, 744, 7.267108289722424e-08
57, 481, 6.947699240668667e-08
685, 852, 6.921250286019806e-08
172, 481, 6.633665211106718e-08
562, 628, 6.619650571690758e-08
255, 608, 6.61439248799383e-08
659, 790, 6.511994073619023e-08
474, 608, 6.485876192572628e-08
615, 852, 6.321840761432578e-08
319, 523, 6.281272941840053e-08
472, 830, 6.175073062844631e-08
651, 869, 6.113158746285309e-08
108, 553, 6.082899907273548e-08
202, 472, 6.022056889834681e-08
202, 770, 5.8113692562385766e-08
798, 869, 5.774269435592006e-08
449, 763, 5.680343150071582e-08
472, 797, 5.411595141188487e-08
57, 608, 5.3351185666150625e-08
449, 642, 5.257367197543182e-08
407, 852, 5.2392471864159846e-08
229, 824, 5.199554499588532e-08
172, 608, 5.0939727248581334e-08
229, 857, 4.926650891661607e-08
472, 846, 4.6403162059845645e-08
229, 442, 4.5497169292481335e-08
202, 422, 4.530197628355123e-08
202, 744, 4.524764238386277e-08
255, 729, 4.51175449450185e-08
128, 561, 4.487704528294601e-08
508, 852, 4.3955931216522884e-08
488, 790, 4.350809049980951e-08
562, 696, 4.3468042978968536e-08
170, 553, 4.311646323855817e-08
70, 553, 4.209048722980471e-08
496, 729, 4.142368501745638e-08
442, 608, 4.1179778017656644e-08
562, 824, 4.095602858572213e-08
610, 763, 3.936794663584647e-08
128, 578, 3.93666011658349e-08
562, 857, 3.8806412119871893e-08
466, 763, 3.809306498799152e-08
70, 170, 3.7094178259020305e-08
14, 553, 3.675426739496452e-08
763, 861, 3.643816749960816e-08
57, 729, 3.639146787149071e-08
33, 170, 3.637724052092852e-08
255, 581, 3.626810255257087e-08
255, 506, 3.592415959407319e-08
67, 772, 3.5753072600353937e-08
229, 696, 3.5656085811736306e-08
172, 729, 3.47465838744312e-08
472, 770, 3.462772543613613e-08
466, 642, 3.454059747056128e-08
615, 772, 3.448387928565702e-08
33, 523, 3.423733653424455e-08
773, 861, 3.423166384331063e-08
36, 397, 3.417602443222106e-08
615, 696, 3.36812513104005e-08
449, 790, 3.3077462444467126e-08
442, 581, 3.281445744141233e-08
518, 593, 3.197619474448161e-08
508, 615, 3.1954140814712196e-08
128, 583, 3.169109832186202e-08
255, 830, 2.9776814785116377e-08
474, 593, 2.977654464423198e-08
255, 411, 2.977293165073488e-08
229, 813, 2.9539520295279505e-08
57, 581, 2.9253575087257475e-08
57, 506, 2.8976153318430145e-08
474, 729, 2.858508141230604e-08
442, 729, 2.8309625228124174e-08
172, 581, 2.7931321813832763e-08
518, 583, 2.782929536687815e-08
172, 506, 2.7666439430050068e-08
496, 830, 2.7338929855002847e-08
472, 744, 2.696133850759653e-08
754, 852, 2.6518774033012935e-08
255, 797, 2.6095248521152402e-08
407, 772, 2.5518405277943407e-08
229, 610, 2.5399903980883487e-08
128, 481, 2.528473388633128e-08
659, 772, 2.521750600874163e-08
57, 830, 2.4017751849938294e-08
496, 797, 2.3958780481290618e-08
202, 763, 2.371811886055877e-08
562, 813, 2.3267790302375353e-08
172, 830, 2.2932156297628637e-08
255, 846, 2.2376064996115827e-08
466, 790, 2.2182144515671514e-08
94, 523, 2.1900084897917894e-08
255, 593, 2.1821449736718488e-08
734, 861, 2.1590831528810875e-08
508, 772, 2.1409283189784757e-08
773, 869, 2.1406326228152094e-08
202, 642, 2.1324689380444505e-08
57, 797, 2.1048228561934155e-08
57, 411, 2.099349333537924e-08
488, 852, 2.0888858404368735e-08
466, 532, 2.08695988657259e-08
496, 846, 2.0544093643809264e-08
172, 797, 2.0096854617628322e-08
172, 411, 2.004459340774556e-08
442, 532, 1.9833568939270552e-08
89, 523, 1.981457488716793e-08
659, 852, 1.9692367132239584e-08
128, 608, 1.9416075528897488e-08
610, 790, 1.9297653522500288e-08
474, 830, 1.8865669128694227e-08
442, 830, 1.868387271694817e-08
763, 869, 1.8526420603449017e-08
57, 846, 1.80483634778635e-08
57, 593, 1.7601015036852526e-08
255, 472, 1.7303202358865997e-08
185, 561, 1.7256356681864335e-08
172, 846, 1.72325825821138e-08
202, 449, 1.712082046538362e-08
442, 593, 1.701109133572785e-08
36, 553, 1.6896703229078546e-08
172, 593, 1.6805454163398353e-08
255, 770, 1.6697832661217048e-08
474, 797, 1.653314258035361e-08
442, 797, 1.6373823238140472e-08
508, 628, 1.630180812039474e-08
319, 411, 1.603144944196824e-08
527, 729, 1.595918748101302e-08
449, 852, 1.5880964240003103e-08
496, 770, 1.533074907944028e-08
185, 578, 1.5137451826145512e-08
518, 729, 1.5009110005428887e-08
734, 869, 1.4804477631602966e-08
67, 615, 1.4735346607931867e-08
474, 846, 1.4176782898548353e-08
472, 763, 1.4132719356688454e-08
442, 846, 1.404017029056303e-08
57, 472, 1.39566311394809e-08
108, 523, 1.3893279839763628e-08
202, 790, 1.3811404789051357e-08
442, 506, 1.3734994246284861e-08
798, 861, 1.3521777150550958e-08
57, 770, 1.3468344555421137e-08
202, 532, 1.3351292661579117e-08
172, 472, 1.332579538162516e-08
128, 729, 1.3243932257134658e-08
67, 628, 1.3031752279346214e-08
255, 744, 1.3001024845035507e-08
255, 422, 1.2939329897769572e-08
172, 770, 1.2859579212282751e-08
472, 642, 1.2775806162144651e-08
185, 583, 1.2186027240298366e-08
319, 561, 1.2047130757139275e-08
496, 744, 1.1936606008619662e-08
229, 861, 1.186682760689087e-08
508, 610, 1.100751940447403e-08
685, 824, 1.0732607592907982e-08
466, 852, 1.0649965801076367e-08
128, 581, 1.0646241808733329e-08
355, 553, 1.0584506971132947e-08
474, 770, 1.0579230465922165e-08
319, 578, 1.0567865792385188e-08
128, 506, 1.0545279816049269e-08
527, 830, 1.0532793181060303e-08
407, 615, 1.0517209271922853e-08
57, 422, 1.0499119892844342e-08
57, 744, 1.048652754756774e-08
442, 770, 1.0477285174471358e-08
488, 772, 1.0174178380785598e-08
172, 422, 1.002456265992552e-08
172, 744, 1.0012539485073811e-08
518, 830, 9.905758153856251e-09
170, 523, 9.847755159638359e-09
185, 481, 9.722618407642e-09
70, 523, 9.613423311082883e-09
229, 869, 9.465565958343438e-09
562, 861, 9.347303326239168e-09
407, 628, 9.301285510852166e-09
527, 797, 9.230532468471156e-09
610, 852, 9.109464719902722e-09
128, 830, 8.740770765073933e-09
518, 797, 8.681023228331205e-09
319, 583, 8.50739621812658e-09
14, 523, 8.394636275588762e-09
474, 744, 8.237047341375511e-09
472, 790, 8.229687563033267e-09
442, 744, 8.157672173718861e-09
455, 669, 8.064627308489454e-09
202, 484, 7.99969661939936e-09
527, 846, 7.914965603636522e-09
67, 824, 7.8471272904947e-09
449, 772, 7.735021220828252e-09
128, 797, 7.660073349921811e-09
128, 411, 7.640153580949285e-09
527, 593, 7.512319088273549e-09
185, 608, 7.465971134601381e-09
562, 869, 7.455869344203012e-09
518, 846, 7.443774288352786e-09
67, 857, 7.435263283759667e-09
488, 615, 7.429778807260018e-09
496, 642, 7.411241703429797e-09
685, 813, 7.340451296628195e-09
685, 857, 7.124028309685409e-09
319, 481, 6.898577887392295e-09
14, 170, 6.894062179822149e-09
67, 442, 6.86639747354395e-09
255, 763, 6.814937449505722e-09
615, 824, 6.758114113509569e-09
202, 852, 6.631053573936443e-09
128, 846, 6.568333657137969e-09
33, 561, 6.566529966510228e-09
128, 593, 6.405530319031194e-09
615, 857, 6.403408008495275e-09
496, 763, 6.256985451358468e-09
323, 397, 6.151009267257858e-09
255, 642, 6.12723231181438e-09
564, 729, 6.093701763445597e-09
527, 770, 5.906434897813932e-09
33, 578, 5.760226962476676e-09
518, 581, 5.710058982596858e-09
610, 696, 5.644442253449875e-09
407, 824, 5.60081022139816e-09
518, 770, 5.554814819154343e-09
57, 763, 5.496876604038026e-09
527, 642, 5.39380649184544e-09
67, 696, 5.38118879353296e-09
407, 857, 5.306846321826692e-09
488, 628, 5.2799098581418165e-09
172, 763, 5.24841934499802e-09
319, 608, 5.212196997648812e-09
466, 772, 5.187198348127774e-09
185, 729, 5.092626251541856e-09
128, 472, 5.07923115390205e-09
255, 449, 5.064185958082909e-09
564, 642, 4.942920104919214e-09
57, 642, 4.9421788815920985e-09
128, 770, 4.901529213870606e-09
172, 642, 4.7187938018353644e-09
508, 824, 4.698935173108109e-09
319, 422, 4.64390116218861e-09
33, 583, 4.637126742415264e-09
527, 744, 4.59878287260705e-09
610, 772, 4.509405764894699e-09
67, 813, 4.458081473625355e-09
508, 857, 4.452307050976226e-09
518, 744, 4.3250095349879395e-09
474, 763, 4.317733645553866e-09
36, 170, 4.288082357399406e-09
442, 763, 4.276126402350229e-09
94, 561, 4.200313993685186e-09
185, 581, 4.09374870414417e-09
185, 506, 4.054926269510089e-09
564, 830, 4.050543987044239e-09
255, 790, 3.9684369692450235e-09
57, 449, 3.967896358534629e-09
472, 852, 3.951191059905256e-09
615, 813, 3.939332954313088e-09
442, 642, 3.907882395887279e-09
474, 642, 3.872346064009697e-09
36, 523, 3.859189365426282e-09
518, 642, 3.8479326209966605e-09
407, 696, 3.840770779212449e-09
255, 532, 3.836232750735241e-09
67, 610, 3.833333792733757e-09
128, 422, 3.820940477350122e-09
128, 744, 3.816357750201256e-09
89, 561, 3.800324819078999e-09
172, 449, 3.788548571707447e-09
33, 481, 3.6997302677350316e-09
94, 578, 3.6845582127377164e-09
496, 790, 3.6435334242136192e-09
108, 170, 3.6217863187662807e-09
319, 729, 3.555300546959773e-09
564, 797, 3.5497400494499057e-09
185, 830, 3.361046990628119e-09
508, 696, 3.342334941654866e-09
89, 578, 3.3336836351425375e-09
202, 772, 3.229737145408835e-09
57, 790, 3.200911012385695e-09
407, 813, 3.181911973767999e-09
449, 615, 3.163106929990756e-09
57, 532, 3.094276097382291e-09
172, 790, 3.0562307450527706e-09
564, 846, 3.0438190309405238e-09
94, 583, 2.9661614956445244e-09
172, 532, 2.954415697877625e-09
185, 797, 2.9454915559186117e-09
319, 506, 2.94084028691956e-09
185, 411, 2.9378319019408827e-09
784, 846, 2.912183085997332e-09
319, 581, 2.857957032003472e-09
449, 628, 2.855834605974923e-09
33, 608, 2.8410123926091626e-09
407, 610, 2.7360044374940526e-09
466, 615, 2.7194971145180784e-09
89, 583, 2.6836986868699406e-09
508, 813, 2.66954199486156e-09
108, 561, 2.6646534934068376e-09
185, 846, 2.5256900867344026e-09
474, 790, 2.514278956971467e-09
442, 790, 2.4900504554861524e-09
185, 593, 2.4630880938078072e-09
527, 763, 2.41061131674115e-09
94, 481, 2.3665511153810846e-09
355, 523, 2.3502860535248856e-09
319, 830, 2.346438087915778e-09
108, 578, 2.3374611821861426e-09
255, 484, 2.298556322984244e-09
564, 770, 2.2714083480940563e-09
518, 763, 2.267103539973148e-09
488, 824, 2.233040883580835e-09
562, 669, 2.209960816420232e-09
488, 610, 2.1583644358196454e-09
89, 481, 2.1411882428130437e-09
488, 857, 2.115837589755228e-09
319, 797, 2.0563275651049786e-09
659, 824, 2.0304357366064137e-09
754, 857, 2.0277473948195165e-09
128, 763, 2.000476090351392e-09
659, 857, 1.9880813212092526e-09
185, 472, 1.953092586839242e-09
33, 729, 1.9378877885696096e-09
472, 772, 1.924476765644304e-09
466, 628, 1.9216049809209224e-09
255, 852, 1.905303519068112e-09
170, 561, 1.8887444499060923e-09
185, 770, 1.884761705407381e-09
108, 583, 1.8817147011534702e-09
57, 484, 1.853998010765624e-09
70, 561, 1.8438009098585574e-09
94, 608, 1.8172678979261718e-09
564, 744, 1.7987426430983428e-09
128, 642, 1.7986051714534925e-09
67, 861, 1.7909324110940348e-09
172, 484, 1.7701978280069166e-09
319, 846, 1.7632527704343027e-09
496, 852, 1.7493126661193224e-09
319, 593, 1.7195486208071219e-09
685, 861, 1.7131818799739436e-09
449, 824, 1.6976917422732547e-09
170, 578, 1.6568258670963154e-09
319, 472, 1.6474397763586228e-09
89, 608, 1.644212386451881e-09
70, 578, 1.6174009360457773e-09
14, 561, 1.6100443621387538e-09
449, 857, 1.6085867619041176e-09
33, 581, 1.5577867354455303e-09
33, 506, 1.5430137051299537e-09
615, 861, 1.5423893554546013e-09
57, 852, 1.5368032964581989e-09
488, 696, 1.53131383414434e-09
108, 481, 1.5013255452822499e-09
185, 422, 1.4692480603749381e-09
185, 744, 1.4674858861106145e-09
172, 852, 1.4673402245673081e-09
128, 449, 1.4440349249262442e-09
67, 869, 1.4285358670165373e-09
14, 578, 1.4123473117269596e-09
685, 869, 1.4038473471578401e-09
527, 790, 1.4037339504164915e-09
659, 813, 1.3807936286289822e-09
170, 583, 1.3337862528483204e-09
202, 615, 1.3311106662659438e-09
518, 790, 1.320167289545434e-09
319, 770, 1.315803279318774e-09
70, 583, 1.3020481975107111e-09
33, 830, 1.2789730874074705e-09
407, 861, 1.2782604617665621e-09
488, 813, 1.2686270815306367e-09
94, 729, 1.239579692475902e-09
615, 869, 1.2302856889085148e-09
474, 852, 1.2071413964143181e-09
442, 852, 1.195508945275627e-09
202, 628, 1.177217266802244e-09
128, 790, 1.1649062565668892e-09
449, 696, 1.1641967104905154e-09
108, 608, 1.152863633515302e-09
527, 615, 1.145623406290671e-09
466, 824, 1.1384925198960291e-09
14, 583, 1.1369749024561747e-09
128, 532, 1.1260986548637224e-09
89, 729, 1.1215365036101532e-09
33, 797, 1.1208425349928948e-09
33, 411, 1.1179278208208867e-09
472, 615, 1.0861339647545855e-09
466, 857, 1.0787376473772334e-09
508, 861, 1.0724275250820532e-09
170, 481, 1.0641609868488538e-09
370, 553, 1.0482676120785806e-09
70, 481, 1.0388387883207103e-09
319, 744, 1.0244917093543196e-09
407, 869, 1.0196034790096633e-09
754, 824, 1.0131346655835898e-09
784, 852, 1.010563509281864e-09
94, 581, 9.964461378292272e-10
94, 506, 9.869964945198814e-10
610, 824, 9.738113377620285e-10
449, 813, 9.6448647052315e-10
33, 846, 9.610962468160726e-10
564, 763, 9.475403004720415e-10
33, 593, 9.372744245105698e-10
255, 772, 9.280017843619119e-10
610, 857, 9.226999151321808e-10
14, 481, 9.071351062708367e-10
89, 581, 9.015561679819614e-10
89, 506, 8.930063990708894e-10
449, 610, 8.557998304505326e-10
508, 869, 8.554209945977974e-10
496, 772, 8.520244986266627e-10
94, 830, 8.181015824160401e-10
170, 608, 8.171662074218278e-10
518, 615, 8.038283516774795e-10
472, 628, 8.024040646133218e-10
70, 608, 7.977213629006063e-10
108, 729, 7.863817711909042e-10
466, 696, 7.807243291448359e-10
323, 553, 7.792848835150096e-10
229, 669, 7.747379639649986e-10
185, 763, 7.692335520530294e-10
496, 615, 7.563029477657638e-10
466, 610, 7.516300009834656e-10
57, 772, 7.485191661347546e-10
33, 472, 7.432067634721186e-10
89, 830, 7.401950789530675e-10
36, 561, 7.4017097063501e-10
33, 770, 7.172049376619271e-10
94, 797, 7.169525774585352e-10
94, 411, 7.150881658459052e-10
172, 772, 7.146863127248501e-10
202, 824, 7.088665854864544e-10
14, 608, 6.965864785229368e-10
185, 642, 6.916090881821499e-10
128, 484, 6.747247499372856e-10
527, 852, 6.739528071861356e-10
202, 857, 6.716610424474542e-10
36, 578, 6.492855136028831e-10
89, 797, 6.486783317424871e-10
89, 411, 6.46991465061775e-10
466, 813, 6.467962380268151e-10
319, 449, 6.462055321287612e-10
518, 852, 6.338312544770122e-10
108, 581, 6.321393320000012e-10
108, 506, 6.261445361124668e-10
202, 442, 6.202728146846549e-10
94, 846, 6.14770058976104e-10
527, 628, 6.076115663897474e-10
94, 593, 5.995323102571969e-10
474, 772, 5.879532361319124e-10
442, 772, 5.82287506076216e-10
128, 852, 5.592882052108298e-10
33, 422, 5.590902873970244e-10
33, 744, 5.584197304349597e-10
170, 729, 5.573986296976892e-10
89, 846, 5.562264908447356e-10
185, 449, 5.552678784551351e-10
610, 813, 5.532381625747187e-10
70, 729, 5.441350737743365e-10
89, 593, 5.42439808532315e-10
564, 790, 5.398269969350141e-10
319, 763, 5.370228116634151e-10
36, 583, 5.226910741892404e-10
108, 830, 5.189986374408996e-10
488, 861, 5.096419550307638e-10
496, 628, 4.979563593224011e-10
202, 696, 4.861071809744029e-10
319, 642, 4.828310675168582e-10
94, 472, 4.753959526164245e-10
14, 729, 4.751497860143309e-10
659, 861, 4.66720766242524e-10
355, 481, 4.60550141306774e-10
94, 770, 4.5876375366676286e-10
108, 797, 4.5483032768600105e-10
108, 411, 4.536475563683745e-10
355, 561, 4.5189843827628096e-10
170, 581, 4.4806938607084655e-10
185, 790, 4.479358598034223e-10
170, 506, 4.4382018913439084e-10
70, 581, 4.3740736961968253e-10
70, 506, 4.332592842723002e-10
185, 532, 4.3301335738074346e-10
89, 472, 4.301247574191023e-10
472, 824, 4.2238647056759393e-10
36, 481, 4.1702892659035557e-10
89, 770, 4.150764161381204e-10
488, 869, 4.0651551537510695e-10
202, 813, 4.027187115796106e-10
472, 857, 4.002171112952682e-10
355, 578, 3.964099123488086e-10
754, 861, 3.906802012998858e-10
108, 846, 3.9000636327556145e-10
449, 861, 3.8746041101777573e-10
255, 615, 3.8246860901171033e-10
14, 581, 3.8195298941908744e-10
108, 593, 3.8033962873701614e-10
14, 506, 3.7833079713600864e-10
659, 869, 3.7227946198795707e-10
170, 830, 3.678736460109256e-10
70, 830, 3.5911992395882556e-10
94, 422, 3.576249205994586e-10
94, 744, 3.571959954585261e-10
518, 628, 3.497022772636517e-10
202, 610, 3.462824210812199e-10
474, 615, 3.40619210838874e-10
255, 628, 3.3825035134116056e-10
527, 772, 3.2825709992408733e-10
89, 422, 3.235688721649277e-10
89, 744, 3.2318079287822113e-10
170, 797, 3.2239023167232387e-10
170, 411, 3.2155186647129383e-10
36, 608, 3.202353314380996e-10
355, 583, 3.1911989188717344e-10
70, 797, 3.1471880831549274e-10
70, 411, 3.1390039239875517e-10
14, 830, 3.1359080354611723e-10
319, 790, 3.1271617603585755e-10
449, 869, 3.0905750030496045e-10
518, 772, 3.0871539849289143e-10
57, 615, 3.0849626489351283e-10
319, 532, 3.0229837225351726e-10
108, 472, 3.015882831129542e-10
472, 610, 3.0136258454155176e-10
172, 615, 2.9455232146512735e-10
33, 763, 2.9271504199434546e-10
108, 770, 2.9103691788147577e-10
472, 696, 2.896526662325848e-10
370, 523, 2.8025190524698827e-10
527, 610, 2.7905295034418835e-10
170, 846, 2.7644207995050786e-10
14, 797, 2.7481884854165487e-10
14, 411, 2.7410419115886346e-10
57, 628, 2.7283015528333603e-10
128, 772, 2.7240827889830134e-10
70, 846, 2.698640139280265e-10
170, 593, 2.695901604594479e-10
33, 642, 2.631767461918417e-10
70, 593, 2.631751390023985e-10
172, 628, 2.604983098649095e-10
466, 861, 2.598356160399914e-10
185, 484, 2.594486975153892e-10
564, 852, 2.5917868544197373e-10
518, 610, 2.587217208288597e-10
474, 628, 2.547035949552614e-10
442, 615, 2.4253364242448087e-10
472, 813, 2.399646685263175e-10
496, 610, 2.36881269472999e-10
784, 857, 2.36452723390112e-10
14, 846, 2.3565073205343203e-10
14, 593, 2.2980987076224023e-10
108, 422, 2.2687506111147105e-10
108, 744, 2.2660295362690818e-10
610, 861, 2.2225079605901357e-10
442, 628, 2.2059989206566088e-10
36, 729, 2.1843626584553514e-10
185, 852, 2.150604322594627e-10
754, 869, 2.1415145069339467e-10
170, 472, 2.1377008203720155e-10
33, 449, 2.1129507407251225e-10
70, 472, 2.086833249359544e-10
466, 869, 2.0725768026874764e-10
170, 770, 2.0629112367762615e-10
255, 824, 2.0367894555787275e-10
70, 770, 2.0138233181914338e-10
355, 608, 1.9551407971810973e-10
255, 857, 1.9298866062944402e-10
94, 763, 1.8723665213156923e-10
496, 824, 1.8700335968543278e-10
255, 442, 1.8514770892123818e-10
14, 472, 1.8222651317124926e-10
323, 523, 1.8091677746251827e-10
319, 484, 1.7984014020132183e-10
610, 869, 1.7727817737651515e-10
496, 857, 1.7718830888509134e-10
14, 770, 1.7585113785665678e-10
36, 581, 1.755917548381854e-10
36, 506, 1.7392655750509353e-10
33, 790, 1.7045221657738223e-10
89, 763, 1.6940640561792124e-10
94, 642, 1.6834233232466421e-10
33, 532, 1.6477378391976196e-10
57, 824, 1.642858850675744e-10
202, 861, 1.6178304443041824e-10
170, 422, 1.6081228330687454e-10
170, 744, 1.606194096358634e-10
70, 422, 1.5698568130399627e-10
172, 824, 1.5686020978993295e-10
70, 744, 1.5679739715040641e-10
57, 857, 1.5566318272452724e-10
89, 642, 1.523113616260318e-10
319, 852, 1.5013952225729782e-10
172, 857, 1.4862725114025734e-10
36, 830, 1.4416423230389112e-10
57, 442, 1.4375352207340194e-10
255, 696, 1.3967338858415974e-10
172, 442, 1.372559037631297e-10
14, 422, 1.3708308189271846e-10
14, 744, 1.3691866834983186e-10
94, 449, 1.3515595922806466e-10
355, 729, 1.3336244099631876e-10
355, 506, 1.3192728023132606e-10
496, 696, 1.3034831428297447e-10
202, 869, 1.2904612156904434e-10
474, 824, 1.2904468201537856e-10
442, 824, 1.278011607819003e-10
36, 797, 1.2633995600199684e-10
564, 772, 1.262362033931294e-10
36, 411, 1.2601141309899912e-10
89, 449, 1.2228527368978894e-10
474, 857, 1.2227164803553162e-10
442, 857, 1.2109339420740062e-10
108, 763, 1.1878178630127886e-10
355, 472, 1.1790651748802323e-10
67, 669, 1.1692285214999022e-10
255, 813, 1.1571334325862022e-10
57, 696, 1.1265949065617138e-10
128, 615, 1.1227092153184393e-10
784, 869, 1.1089997463790333e-10
94, 790, 1.0903061955036372e-10
36, 846, 1.083335560040971e-10
172, 696, 1.075673137219624e-10
355, 581, 1.0720447428178845e-10
108, 642, 1.0679534544121283e-10
496, 813, 1.0623966994000029e-10
36, 593, 1.0564839025779207e-10
355, 449, 1.0559682964849081e-10
94, 532, 1.0539838147703592e-10
185, 772, 1.0474785927023255e-10
255, 610, 9.949747926494367e-11
128, 628, 9.929096861483696e-11
33, 484, 9.872754014161936e-11
89, 790, 9.864780826856032e-11
472, 861, 9.640032487601348e-11
89, 532, 9.536146240974501e-11
474, 610, 9.460018780276883e-11
57, 813, 9.333350071752507e-11
784, 861, 9.045496333388695e-11
172, 813, 8.911485303170115e-11
474, 696, 8.849274021173708e-11
355, 830, 8.801695016157681e-11
442, 696, 8.763999215778107e-11
108, 449, 8.574211343562888e-11
170, 763, 8.419422644691946e-11
36, 472, 8.377332842570003e-11
407, 669, 8.34525401709658e-11
70, 763, 8.21907862312379e-11
33, 852, 8.18365544406349e-11
36, 770, 8.084243543558701e-11
57, 610, 8.02539084158281e-11
355, 797, 7.713465006634204e-11
472, 869, 7.689364535722846e-11
172, 610, 7.6626454581846e-11
170, 642, 7.569806598756056e-11
370, 481, 7.426762332207142e-11
70, 642, 7.389679580492628e-11
474, 813, 7.331239635420342e-11
319, 772, 7.312732232088871e-11
442, 813, 7.260593158463807e-11
508, 669, 7.22496215338002e-11
527, 824, 7.204626231445771e-11
14, 763, 7.177066205130957e-11
108, 790, 6.916835782038552e-11
527, 857, 6.826484509403643e-11
518, 824, 6.775722622747457e-11
108, 532, 6.686408821446337e-11
355, 846, 6.614115753440997e-11
14, 642, 6.452818133979925e-11
355, 593, 6.450177655973212e-11
518, 857, 6.420092318226956e-11
94, 484, 6.31515687180124e-11
36, 422, 6.301995160393481e-11
36, 744, 6.294436726943718e-11
442, 610, 6.227540784835197e-11
170, 449, 6.077523448188007e-11
128, 824, 5.97884960376356e-11
70, 449, 5.932905991603573e-11
89, 484, 5.713774596938459e-11
128, 857, 5.665043944403962e-11
94, 852, 5.234716457018726e-11
128, 442, 5.231616143618498e-11
14, 449, 5.18073388065163e-11
527, 696, 4.9484571027377606e-11
355, 770, 4.9356934774746124e-11
323, 411, 4.921357588173476e-11
170, 790, 4.9027519812845185e-11
70, 790, 4.7860887503085754e-11
170, 532, 4.7394220609011995e-11
89, 852, 4.7362227924764465e-11
518, 696, 4.693301625202368e-11
255, 861, 4.648519280411156e-11
355, 422, 4.645768701524047e-11
70, 532, 4.6266453402565346e-11
370, 561, 4.586805479913423e-11
185, 615, 4.317100323205413e-11
496, 861, 4.267936092355696e-11
14, 790, 4.179309798540635e-11
128, 696, 4.10001230959555e-11
527, 813, 4.093066104039038e-11
14, 532, 4.040080578041901e-11
108, 484, 4.0062968733186253e-11
33, 772, 3.9859512034116503e-11
370, 578, 3.9024378660222276e-11
518, 813, 3.849398942653109e-11
355, 744, 3.8429582347635094e-11
185, 628, 3.817988370006488e-11
57, 861, 3.749460221056767e-11
255, 869, 3.7078878462692156e-11
172, 861, 3.579985685514354e-11
323, 561, 3.4137076375931174e-11
496, 869, 3.404315957596678e-11
488, 669, 3.40076329604203e-11
128, 813, 3.3966823355111236e-11
108, 852, 3.3208720860297466e-11
36, 763, 3.2994470117002387e-11
370, 583, 3.1415600647382954e-11
564, 696, 3.046481452017043e-11
319, 615, 3.013884856703443e-11
323, 578, 2.994539106097568e-11
57, 869, 2.990754075671319e-11
36, 642, 2.96649506925045e-11
474, 861, 2.9451580807235175e-11
128, 610, 2.920677259248948e-11
442, 861, 2.916777472145678e-11
172, 869, 2.8555728421034653e-11
170, 484, 2.839720437527569e-11
564, 628, 2.8036679294900377e-11
70, 484, 2.7721479878962112e-11
564, 824, 2.770647344823894e-11
319, 442, 2.7122687932334212e-11
319, 628, 2.665441261482776e-11
564, 857, 2.6252272599386633e-11
94, 772, 2.5496337796709946e-11
449, 669, 2.529574877911282e-11
14, 484, 2.4206958652976034e-11
370, 472, 2.4145161833557565e-11
323, 583, 2.410678860494547e-11
36, 449, 2.3816914087694833e-11
170, 852, 2.3538815597811398e-11
474, 869, 2.3492030890082648e-11
442, 869, 2.3265653182972783e-11
89, 772, 2.3068362381986484e-11
185, 824, 2.2990185886630707e-11
70, 852, 2.2978698689701165e-11
185, 857, 2.1783523916673803e-11
323, 481, 2.1076128333945296e-11
355, 763, 2.014419655614849e-11
185, 442, 2.0116884618334573e-11
14, 852, 2.0065465895380627e-11
370, 608, 1.9247287322146477e-11
36, 790, 1.921315873595556e-11
36, 532, 1.8573092973168822e-11
355, 642, 1.811141671495814e-11
466, 669, 1.6963633652141397e-11
323, 422, 1.6514413391335976e-11
527, 861, 1.6442958231790143e-11
33, 615, 1.6427783200930476e-11
108, 772, 1.6174720671174596e-11
319, 824, 1.6050072481305206e-11
185, 696, 1.5765582241062125e-11
564, 813, 1.5740501129464862e-11
370, 506, 1.568744193811793e-11
518, 861, 1.5464081063602193e-11
319, 857, 1.5207669023858387e-11
323, 608, 1.476942274322809e-11
33, 628, 1.4528521579403594e-11
128, 861, 1.3645395493210927e-11
370, 729, 1.3128799846741612e-11
527, 869, 1.3115713048946357e-11
185, 813, 1.3061100958632438e-11
518, 869, 1.2334912424926272e-11
355, 790, 1.173025796956587e-11
355, 484, 1.1556621464682478e-11
170, 772, 1.1464873002081476e-11
355, 532, 1.1437660413075638e-11
185, 610, 1.1230741288879567e-11
70, 772, 1.1192061093125547e-11
36, 484, 1.1128443727161585e-11
319, 696, 1.1006380675946288e-11
128, 869, 1.0884239271637218e-11
202, 669, 1.0562171339988038e-11
370, 581, 1.0553691691648097e-11
94, 615, 1.0508114333751436e-11
323, 729, 1.0074396033182504e-11
14, 772, 9.773134814800344e-12
89, 615, 9.507443435017739e-12
94, 628, 9.293242063731449e-12
36, 852, 9.224513135960151e-12
370, 449, 9.176798813294377e-12
319, 813, 9.118308921268918e-12
33, 824, 8.748413546577843e-12
370, 830, 8.664785326056464e-12
89, 628, 8.408261505593251e-12
33, 857, 8.289244665727251e-12
323, 506, 8.27999519180217e-12
323, 581, 8.098384540469565e-12
319, 610, 7.84048517894437e-12
33, 442, 7.655041450200948e-12
370, 797, 7.593482650766811e-12
108, 615, 6.6662834280116835e-12
323, 830, 6.648930590473277e-12
370, 846, 6.511233690788875e-12
472, 669, 6.472038496765886e-12
370, 593, 6.349845637838529e-12
564, 861, 6.323386821528073e-12
33, 696, 5.999248284790977e-12
108, 628, 5.895575894427636e-12
323, 797, 5.826865546580182e-12
355, 852, 5.63186513032675e-12
94, 824, 5.595966824128383e-12
94, 857, 5.302257134910823e-12
185, 861, 5.246998999406831e-12
89, 824, 5.063071865686704e-12
564, 869, 5.043844658578916e-12
323, 846, 4.996400861567551e-12
33, 813, 4.9701169500403134e-12
323, 472, 4.91483349010056e-12
94, 442, 4.896585851203697e-12
323, 593, 4.87255959812948e-12
370, 770, 4.858919144440481e-12
89, 857, 4.797331679782645e-12
170, 615, 4.725156894625009e-12
70, 615, 4.612719620151536e-12
36, 772, 4.492913892390126e-12
355, 442, 4.4740958598684e-12
89, 442, 4.430291822720145e-12
33, 610, 4.273613519883731e-12
185, 869, 4.185264736078824e-12
170, 628, 4.178868388386039e-12
70, 628, 4.079430299354945e-12
14, 615, 4.0279203567165146e-12
94, 696, 3.837449406416266e-12
370, 744, 3.78318131451945e-12
323, 770, 3.728495850780647e-12
319, 861, 3.6630723503104955e-12
14, 628, 3.5622413022446474e-12
108, 824, 3.5500471082210526e-12
89, 696, 3.4720152453099555e-12
108, 857, 3.3637194787634127e-12
94, 813, 3.1791603604911113e-12
108, 442, 3.106364098920362e-12
255, 669, 3.0348333034403425e-12
319, 869, 2.921846856687612e-12
323, 744, 2.903027487106094e-12
89, 813, 2.8764140109454976e-12
496, 669, 2.8159545744725186e-12
355, 772, 2.7430699822488587e-12
94, 610, 2.7336384304524357e-12
170, 824, 2.51632408834701e-12
89, 610, 2.473318420778785e-12
70, 824, 2.456447003099812e-12
57, 669, 2.4478734113761674e-12
108, 696, 2.434454419824849e-12
170, 857, 2.3842524036521715e-12
172, 669, 2.3372302294243204e-12
70, 857, 2.327518024688252e-12
170, 442, 2.2018352351404745e-12
70, 442, 2.1494415563272817e-12
14, 824, 2.145019360326111e-12
14, 857, 2.03243596062285e-12
108, 813, 2.0168398775470402e-12
33, 861, 1.9966309690425187e-12
323, 449, 1.986926093045985e-12
370, 763, 1.9830855125574325e-12
474, 669, 1.9796889334408977e-12
442, 669, 1.904247971713114e-12
14, 442, 1.8769359755750173e-12
36, 615, 1.851718989973071e-12
370, 642, 1.7829695018718158e-12
370, 484, 1.734403296450502e-12
108, 610, 1.7342034915407307e-12
170, 696, 1.7255760590900745e-12
70, 696, 1.684515185703716e-12
564, 669, 1.6681536772426624e-12
36, 628, 1.637636616929021e-12
33, 869, 1.592611164332456e-12
323, 763, 1.5217224007058537e-12
527, 669, 1.4894846816810452e-12
14, 696, 1.4709528361646424e-12
170, 813, 1.429564907591778e-12
70, 813, 1.3955477552564916e-12
323, 642, 1.3681632050625561e-12
94, 861, 1.2771550639784038e-12
518, 669, 1.2543081325037098e-12
170, 610, 1.2292282008748313e-12
14, 813, 1.218620613230126e-12
70, 610, 1.199978152316741e-12
89, 861, 1.1555336326633042e-12
370, 790, 1.1547794707606393e-12
370, 532, 1.1345570329008522e-12
355, 615, 1.1305346371223659e-12
14, 610, 1.0478452681615377e-12
94, 869, 1.0187217593099638e-12
355, 628, 9.998303892131533e-13
36, 824, 9.861101341669949e-13
36, 857, 9.34353197404671e-13
89, 869, 9.217105177046067e-13
128, 669, 8.908535854829988e-13
323, 790, 8.86121035832449e-13
36, 442, 8.62866611337141e-13
323, 532, 8.566008645521243e-13
108, 861, 8.102193569263353e-13
36, 696, 6.762276954008993e-13
108, 869, 6.462708499497715e-13
355, 824, 6.020522923456024e-13
170, 861, 5.742950508902971e-13
355, 857, 5.704529999918514e-13
70, 861, 5.606294368787961e-13
36, 813, 5.602253101474709e-13
370, 852, 5.544261900690931e-13
323, 484, 5.296343322371574e-13
14, 861, 4.895529985203069e-13
36, 610, 4.817163225118613e-13
170, 869, 4.580860078051271e-13
70, 869, 4.471856412478469e-13
323, 852, 4.2543942135814073e-13
355, 696, 4.128589901447558e-13
14, 869, 3.9049157458965236e-13
185, 669, 3.425556902306655e-13
355, 813, 3.4203576306335286e-13
355, 610, 2.941034740237705e-13
370, 772, 2.700401739313145e-13
319, 669, 2.39147420738472e-13
36, 861, 2.2505772301249724e-13
323, 772, 2.0721556340343906e-13
36, 869, 1.7951712051267486e-13
370, 442, 1.5351640734702154e-13
355, 861, 1.3740505584015191e-13
33, 669, 1.303520926559369e-13
370, 615, 1.1129492576547771e-13
355, 869, 1.0960103762774595e-13
370, 628, 9.842781042851177e-14
323, 442, 8.571062570247713e-14
323, 615, 8.540225852581211e-14
94, 669, 8.338037314704532e-14
323, 628, 7.552866632984277e-14
89, 669, 7.54401937500804e-14
370, 824, 5.926874151692801e-14
370, 857, 5.6157964738160605e-14
108, 669, 5.289599847103516e-14
323, 824, 4.547992058680475e-14
323, 857, 4.309286330769546e-14
370, 696, 4.064370002561655e-14
170, 669, 3.749343912130032e-14
70, 669, 3.6601265549194394e-14
370, 813, 3.3671542303355524e-14
14, 669, 3.196096765628771e-14
323, 696, 3.1187978725531135e-14
370, 610, 2.8952871706930064e-14
323, 813, 2.5837887405698487e-14
323, 610, 2.2217011400774167e-14
36, 669, 1.4693123375286327e-14
370, 861, 1.3526773074778207e-14
370, 869, 1.078962019036227e-14
323, 861, 1.0379781137430299e-14
355, 669, 8.970629449296185e-15
323, 869, 8.279424480091246e-15
370, 669, 8.831091997059837e-16
323, 669, 6.776546159771838e-16
