Gene = AT2G35790
index = 403
Annotated 5SS: [139]
Annotated 3SS: [663]
SMsplice 5SS: [844]
SMsplice 3SS: [981]
length: 1455
Partition function (logZ) = -9.828730016799014
#Introns = 2879
5SS, 3SS, prob
844, 981, 0.4938541105155198
139, 663, 0.19500056636223836
580, 663, 0.1853749417439162
844, 1227, 0.10694048648165402
844, 921, 0.07798718030218323
844, 1012, 0.040932184709325865
139, 453, 0.03147533246426931
550, 663, 0.02645713271083714
844, 1048, 0.016002105244302636
139, 426, 0.015201646259708514
885, 981, 0.010714800055443903
556, 663, 0.01034891614751429
241, 663, 0.009842746846666955
139, 479, 0.009587778465084807
139, 402, 0.008770412751928238
139, 981, 0.007050598739569808
433, 663, 0.006971271871449773
139, 490, 0.0062946434540316586
1040, 1227, 0.006044783875946128
844, 1152, 0.005263252665346568
1070, 1227, 0.004827024584061408
849, 981, 0.004143452803654988
1098, 1227, 0.004075377142903209
844, 1076, 0.0039020107707640177
139, 606, 0.0038963580518481668
139, 468, 0.003783643889583249
475, 663, 0.0035871760051255064
139, 342, 0.0033731186269244954
717, 981, 0.003165617414333317
982, 1227, 0.0031435702752365996
342, 663, 0.0025571725475389945
1081, 1227, 0.002404586978028589
139, 417, 0.0024021209556034672
139, 554, 0.0023238756684255337
139, 1227, 0.0022595239633172504
139, 575, 0.0022241287333596978
139, 687, 0.0021903455784907104
139, 239, 0.002046551664557867
139, 705, 0.0019270977967231764
1304, 1369, 0.0018309122245189356
844, 1064, 0.001706314228670322
342, 426, 0.0016285775559281247
1070, 1152, 0.0016177975173506274
241, 453, 0.0015887324592943994
139, 632, 0.0012759164616670897
139, 369, 0.0012757562820738708
342, 453, 0.0012230030748846324
273, 663, 0.0012052390885896236
278, 663, 0.0011681809342534435
844, 1103, 0.0010798790147588707
139, 728, 0.0010402114884902444
717, 1227, 0.001014493757280103
844, 1196, 0.000975211631678279
139, 219, 0.0009740503797188916
729, 981, 0.0009687409806496888
580, 687, 0.0009510352289114152
1044, 1227, 0.000876367896820564
263, 663, 0.0008734701710644224
1304, 1378, 0.0008732734432887509
139, 1012, 0.0008670095467554616
241, 342, 0.0008646383942580424
580, 981, 0.0008453409945728905
982, 1076, 0.00083296370679044
849, 1227, 0.0008281396784070074
139, 684, 0.0008167937090409816
1040, 1152, 0.0008103255771208869
844, 1167, 0.0008095804486067677
844, 1129, 0.0008012112862581899
241, 426, 0.0007968535204912874
139, 742, 0.0007896704331695248
844, 1086, 0.0007004532584571357
305, 663, 0.0006842982552945717
609, 687, 0.0006396841029409205
609, 705, 0.0006300216657293199
336, 663, 0.0006044691686965184
487, 663, 0.0006012401044060539
184, 663, 0.0005403063092671302
885, 1227, 0.0005172399736214705
139, 387, 0.0005039790238620134
550, 632, 0.00048779666027301614
241, 479, 0.00048394770340538427
982, 1048, 0.00045780786541505365
241, 402, 0.0004568229298101729
844, 1369, 0.0004544760840337454
580, 705, 0.0004268165885983159
496, 663, 0.00042057696516561646
580, 684, 0.0004187217229616379
195, 663, 0.00041694785061222533
139, 431, 0.00040600225133277765
139, 773, 0.0004004341449581168
717, 1012, 0.0003892748149456862
139, 603, 0.00038857703465673465
336, 426, 0.00038827208234496445
982, 1064, 0.0003825256332790975
139, 716, 0.00037991947725827196
139, 360, 0.0003746395636932115
1040, 1129, 0.0003653976213855988
241, 981, 0.0003558823433471495
550, 981, 0.00035344518411982987
885, 1012, 0.0003516645254546326
609, 981, 0.0003472120474674919
139, 1048, 0.00033810525323567993
844, 1069, 0.00033161803601756485
849, 921, 0.0003292888086670552
1181, 1258, 0.0003269152725297439
139, 550, 0.00032379941863059763
849, 1012, 0.00031923178298544586
241, 490, 0.00031772513877201085
729, 1227, 0.0003104549756520367
139, 921, 0.0003035145244748034
969, 1227, 0.0003026060847581278
969, 1048, 0.00029028063221973985
139, 590, 0.00028623987318515025
139, 462, 0.00027534531024115105
580, 1227, 0.0002709086568339336
475, 554, 0.00026421176646156065
1181, 1369, 0.00025939566114472246
433, 981, 0.00025205896365827285
520, 663, 0.00023446966341068992
1081, 1152, 0.00022760761672582273
336, 453, 0.00022492195860681857
450, 663, 0.00022478147063872207
139, 746, 0.00022151516653392162
475, 575, 0.0002120015950943715
1070, 1167, 0.00020614247558662984
273, 453, 0.00019786272729875622
241, 606, 0.00019667053611050676
314, 663, 0.00019551782408338712
305, 402, 0.0001944409056265273
241, 468, 0.00019098123486434128
278, 453, 0.0001902936403359593
342, 479, 0.00018607568286084083
936, 1012, 0.00018526721220608156
139, 721, 0.00018244082828006007
609, 684, 0.00017718007044193054
433, 554, 0.00016872480766957077
550, 687, 0.00016250105317478007
580, 728, 0.0001604620967376852
982, 1152, 0.00015555907193251931
717, 1048, 0.00015180439520881732
263, 453, 0.00014562143331485803
1044, 1152, 0.00014356816030054194
139, 609, 0.0001426823485007931
305, 453, 0.00014211004318758028
433, 606, 0.0001407740284479714
342, 417, 0.00013875630672530967
717, 921, 0.0001362736555674637
846, 981, 0.00013507504185262414
1098, 1196, 0.0001310380435686322
849, 1048, 0.00012665993575680968
475, 981, 0.0001250431276843403
241, 417, 0.00012228037719295642
593, 663, 0.00012060844573500099
729, 1012, 0.00011912572386835002
241, 554, 0.00011729873576341999
278, 426, 0.00011716819749569761
1081, 1167, 0.00011679215276635226
241, 1227, 0.00011405055267170783
273, 426, 0.00011352203263609995
550, 1227, 0.00011326950982982224
475, 606, 0.00011293920070855092
550, 705, 0.00011273450842454275
241, 575, 0.00011226396151173848
462, 663, 0.00011213706030417412
241, 369, 0.00011178411619339015
609, 1227, 0.00011127196009641467
139, 1152, 0.00011120620368960208
241, 687, 0.00011055874061284341
609, 728, 0.00011032835893602607
433, 575, 0.0001103244957075839
844, 1258, 0.00010943291936677534
305, 426, 0.0001083403135035376
342, 490, 0.00010620383065024004
442, 663, 0.00010410755488585302
580, 1012, 0.00010395127274016058
556, 981, 0.00010332536819510395
278, 402, 9.91854355261868e-05
936, 1227, 9.819534254671494e-05
1159, 1227, 9.809250011372213e-05
241, 705, 9.727118292918456e-05
263, 342, 9.686106890764685e-05
139, 244, 9.623827572865572e-05
580, 742, 9.622626404052926e-05
342, 981, 9.245920602634922e-05
273, 402, 9.220299537298928e-05
556, 632, 9.193988417360532e-05
921, 1012, 9.147895853690254e-05
139, 540, 9.024957126022266e-05
342, 468, 8.97503937623737e-05
982, 1086, 8.80374297391258e-05
184, 453, 8.7211647812006e-05
982, 1069, 8.278887656510884e-05
139, 1076, 8.244479833347155e-05
433, 1227, 8.077800050631308e-05
433, 687, 7.83048726726344e-05
1040, 1167, 7.805023650787065e-05
885, 1048, 7.775398385658463e-05
844, 1097, 7.455548270428044e-05
314, 402, 7.446484329668881e-05
112, 663, 7.112987764541995e-05
1070, 1196, 7.109683261020035e-05
1185, 1369, 6.918143981017743e-05
433, 705, 6.889376228207024e-05
263, 426, 6.840666693580885e-05
1304, 1434, 6.838168325713687e-05
580, 716, 6.835706966099053e-05
609, 716, 6.77545364891672e-05
195, 453, 6.730017488207511e-05
982, 1103, 6.446827138115017e-05
241, 632, 6.440249361304497e-05
649, 981, 6.337350455724911e-05
550, 684, 6.337138114111814e-05
278, 369, 6.151224200708122e-05
609, 742, 6.122771432014253e-05
1040, 1196, 6.069802156165034e-05
649, 728, 5.993890545919232e-05
273, 479, 5.925913752164216e-05
717, 800, 5.86668719817701e-05
278, 479, 5.795622952512399e-05
487, 575, 5.757995208190603e-05
263, 402, 5.6647920348099355e-05
1185, 1258, 5.496091196138047e-05
336, 417, 5.4116327828367434e-05
649, 742, 5.359999339572244e-05
1044, 1129, 5.30795317511356e-05
550, 728, 5.267117791975366e-05
1048, 1227, 5.261734447385459e-05
241, 728, 5.250517236542107e-05
139, 748, 5.2472896183597616e-05
556, 687, 5.246209440388094e-05
273, 369, 5.234654158636225e-05
342, 606, 5.1095543112730676e-05
717, 1152, 4.9929985804748904e-05
580, 773, 4.9422908553473865e-05
433, 632, 4.6622879322047584e-05
729, 1048, 4.645512057637372e-05
999, 1227, 4.5563667485904884e-05
314, 453, 4.550640641637643e-05
342, 431, 4.462586011709829e-05
241, 1012, 4.37627215220746e-05
273, 981, 4.357760265734195e-05
550, 1012, 4.346302494379815e-05
314, 426, 4.312824369350873e-05
844, 1378, 4.304177057557036e-05
729, 921, 4.294872547146942e-05
263, 479, 4.2946739346738385e-05
677, 981, 4.273724843633403e-05
609, 1012, 4.269653841074987e-05
717, 805, 4.241578910892559e-05
278, 981, 4.223769795281858e-05
184, 426, 4.2120623229933986e-05
936, 1048, 4.157636574607629e-05
1081, 1196, 4.1422809033081174e-05
241, 684, 4.1228053097580104e-05
550, 742, 4.07690954287076e-05
849, 1152, 4.075826203018706e-05
241, 360, 4.07277864763654e-05
336, 479, 4.069865057874752e-05
580, 1048, 4.053758291994459e-05
475, 1227, 4.007290074036225e-05
969, 1076, 3.998545089987943e-05
241, 742, 3.98589927761904e-05
913, 981, 3.900179832720035e-05
139, 768, 3.892573227774368e-05
273, 490, 3.890527335926181e-05
475, 687, 3.8846014638007095e-05
278, 490, 3.770903135359806e-05
273, 342, 3.735309632245475e-05
433, 728, 3.7187569376594404e-05
717, 1076, 3.7016528519897056e-05
490, 663, 3.653789448114249e-05
580, 921, 3.639028109015637e-05
139, 1064, 3.6052369083725835e-05
556, 705, 3.5924727271218946e-05
475, 705, 3.417728688820118e-05
305, 479, 3.3986187770073784e-05
969, 1064, 3.3582960278884355e-05
241, 387, 3.351322813158396e-05
556, 1227, 3.3112953109236335e-05
195, 426, 3.25039760242473e-05
1098, 1167, 3.2497926842896943e-05
1056, 1227, 3.2266279966425245e-05
139, 751, 3.2083254378812635e-05
263, 981, 3.158189641212859e-05
433, 1012, 3.099559851711903e-05
496, 575, 3.093584358944865e-05
580, 721, 3.07473247581128e-05
982, 1129, 3.065582361533498e-05
342, 554, 3.0474532325985863e-05
849, 1076, 3.0216899615428152e-05
844, 1177, 2.9973477583242785e-05
342, 1227, 2.9630645476013757e-05
921, 1227, 2.9620656773700045e-05
197, 663, 2.9364732463169207e-05
433, 684, 2.920038190061985e-05
342, 575, 2.916648420689654e-05
520, 606, 2.8917755727891268e-05
342, 687, 2.872346315412804e-05
982, 1196, 2.866684450640431e-05
846, 1227, 2.8420043935342613e-05
433, 742, 2.8230724562327853e-05
263, 490, 2.8195729874799363e-05
1040, 1103, 2.7807762153735637e-05
139, 778, 2.7294403480760985e-05
433, 550, 2.668550715443383e-05
184, 479, 2.6565754618977397e-05
336, 402, 2.645960907449906e-05
580, 746, 2.6352072522487962e-05
496, 606, 2.627278959963606e-05
487, 606, 2.5655837625225197e-05
596, 663, 2.5498804978909267e-05
885, 1152, 2.5456819576503596e-05
609, 721, 2.5422103932301914e-05
475, 632, 2.534218119864667e-05
475, 550, 2.5295518904234883e-05
342, 705, 2.527131933067905e-05
1304, 1439, 2.495035669927844e-05
305, 981, 2.4742043093901628e-05
1040, 1369, 2.4728381628719475e-05
982, 1167, 2.4714308318431015e-05
1181, 1378, 2.435573314995332e-05
184, 402, 2.4301002982427063e-05
273, 606, 2.40822019896333e-05
273, 468, 2.4077740555394687e-05
305, 417, 2.385201642625081e-05
278, 468, 2.3411393531998055e-05
139, 642, 2.335401548963314e-05
278, 606, 2.3341733175988006e-05
336, 490, 2.3190614768232035e-05
305, 490, 2.2939720720025146e-05
139, 1103, 2.2816545834113835e-05
139, 623, 2.2656914496675273e-05
336, 981, 2.1855677849691562e-05
263, 369, 2.1845575981673477e-05
487, 981, 2.1555426117609527e-05
241, 431, 2.1166626863792866e-05
556, 684, 2.0779030762574155e-05
278, 417, 2.0750131128942482e-05
606, 687, 2.06732852959007e-05
139, 1196, 2.060504981395239e-05
195, 479, 2.0500471858821415e-05
649, 1227, 2.0309474056842506e-05
241, 773, 2.0212104975442322e-05
550, 773, 2.0073688110809112e-05
273, 417, 2.006504750354382e-05
273, 360, 1.966544611406721e-05
609, 773, 1.9657559667491145e-05
241, 603, 1.9613611662285915e-05
184, 981, 1.9535753429678914e-05
885, 1076, 1.945881459768273e-05
241, 716, 1.917661731209902e-05
550, 716, 1.8897006288411204e-05
336, 468, 1.8806080539539335e-05
195, 402, 1.875279038474978e-05
139, 584, 1.855873097978444e-05
475, 728, 1.844826273320713e-05
913, 1012, 1.841505883242791e-05
1070, 1369, 1.8317258205258438e-05
263, 606, 1.745303922735225e-05
184, 490, 1.7441157409166134e-05
278, 360, 1.7116240988720997e-05
139, 1167, 1.710546196340652e-05
241, 1048, 1.706602435679624e-05
550, 1048, 1.6949152532407196e-05
263, 468, 1.694815629069432e-05
139, 1129, 1.6928631620646188e-05
846, 921, 1.681593311295918e-05
342, 632, 1.6731943960958685e-05
609, 1048, 1.665024795364231e-05
139, 800, 1.6479775165092362e-05
241, 550, 1.6343930513301736e-05
695, 981, 1.6331666614925284e-05
717, 1064, 1.6186995121265078e-05
609, 746, 1.6144318741712342e-05
677, 773, 1.6113675146702616e-05
556, 728, 1.5398877799608446e-05
475, 1012, 1.5376507650341712e-05
969, 1152, 1.5373035424922832e-05
241, 921, 1.5320040779484067e-05
496, 981, 1.529757548058734e-05
729, 1152, 1.527955437486257e-05
550, 921, 1.52151258281059e-05
195, 981, 1.5075504881006193e-05
844, 1244, 1.5070406163765742e-05
609, 921, 1.4946801452134314e-05
139, 1086, 1.4799735579462313e-05
475, 684, 1.4485924362447753e-05
241, 590, 1.4448094493991482e-05
273, 554, 1.4363167476169771e-05
433, 773, 1.4315524017140179e-05
606, 705, 1.4219890684320471e-05
616, 705, 1.4111362291717125e-05
475, 742, 1.4004890144888602e-05
433, 603, 1.396732965133044e-05
273, 1227, 1.396542919334951e-05
278, 554, 1.3921535204094004e-05
241, 462, 1.3898186219039783e-05
273, 575, 1.3746662061077648e-05
677, 1227, 1.3696118660985023e-05
305, 606, 1.3673144989382823e-05
342, 728, 1.3640987365445053e-05
433, 716, 1.3582124476020887e-05
273, 687, 1.3537858673766742e-05
278, 1227, 1.3536026400727042e-05
305, 387, 1.3487843972010564e-05
195, 490, 1.3459130439926007e-05
982, 1369, 1.3359556848654385e-05
305, 468, 1.3338758717458599e-05
580, 1152, 1.3333216979439013e-05
278, 575, 1.3323985822736538e-05
849, 1064, 1.321357853402657e-05
278, 687, 1.3121602628917601e-05
844, 1136, 1.308119180946701e-05
263, 417, 1.2788214795393533e-05
556, 1012, 1.2705882713819644e-05
475, 590, 1.2633673756437578e-05
649, 746, 1.2578916505933789e-05
1044, 1167, 1.2412861084511407e-05
523, 663, 1.235625365319636e-05
278, 342, 1.2312863369719037e-05
433, 1048, 1.2087265618976808e-05
336, 606, 1.2078058830708763e-05
556, 742, 1.2028326794105518e-05
475, 603, 1.19630770024777e-05
273, 705, 1.191080434008157e-05
433, 540, 1.1684209289795418e-05
278, 705, 1.1544576236727149e-05
112, 453, 1.1481179715516695e-05
433, 590, 1.1460252864405044e-05
450, 554, 1.145367091982841e-05
550, 746, 1.1430981533511131e-05
342, 1012, 1.1369674728527527e-05
729, 1076, 1.1327783318428688e-05
241, 746, 1.1181083971009831e-05
139, 805, 1.1156150360461901e-05
1048, 1152, 1.093115541844731e-05
314, 417, 1.0904322341850927e-05
433, 921, 1.0850646777697713e-05
846, 1012, 1.0820243941429241e-05
184, 606, 1.0796003713479609e-05
342, 684, 1.0711160940333727e-05
263, 360, 1.0601904487626709e-05
184, 468, 1.0483696040986144e-05
1056, 1152, 1.0454463791507539e-05
263, 554, 1.0409385549483058e-05
342, 742, 1.03554753248931e-05
462, 554, 1.035212775526165e-05
717, 1103, 1.0244300873632195e-05
184, 342, 1.0241561082073744e-05
1098, 1369, 1.0182373473761903e-05
263, 1227, 1.0121133592487184e-05
263, 575, 9.962586988532952e-06
580, 1076, 9.884829699559727e-06
278, 387, 9.857543503856115e-06
263, 687, 9.811261386700112e-06
139, 1369, 9.602533487679648e-06
314, 479, 9.544849735979922e-06
1044, 1196, 9.493048768367766e-06
195, 342, 9.387768978756013e-06
717, 1196, 9.251370971968408e-06
550, 721, 9.222745963392605e-06
241, 721, 9.20878806024125e-06
606, 981, 9.156461868554243e-06
550, 642, 9.15100864069774e-06
999, 1076, 9.025754529217217e-06
336, 431, 8.753690467071484e-06
263, 705, 8.632090016778641e-06
487, 554, 8.578556749489367e-06
913, 1227, 8.446472490746725e-06
849, 1103, 8.362507871649777e-06
885, 1064, 8.35970659584158e-06
195, 606, 8.331145623012565e-06
305, 554, 8.154971521831647e-06
450, 981, 8.127381284729023e-06
195, 468, 8.090141565605823e-06
273, 387, 8.077280579516896e-06
305, 1227, 7.929147769868658e-06
433, 746, 7.919169048405802e-06
844, 1434, 7.88999304935826e-06
273, 632, 7.886050907767675e-06
921, 1048, 7.853426843364273e-06
305, 575, 7.804938417262434e-06
649, 1012, 7.793016663126455e-06
1081, 1369, 7.75686102237541e-06
305, 687, 7.686386177305089e-06
717, 1167, 7.680106367091253e-06
278, 632, 7.64357412916849e-06
717, 1129, 7.600712086817876e-06
849, 1196, 7.551970947648262e-06
342, 462, 7.5430337282867715e-06
729, 805, 7.536969904803633e-06
336, 554, 7.203626223514761e-06
241, 609, 7.2019597787854395e-06
475, 773, 7.101742669903007e-06
314, 981, 7.069301129541278e-06
139, 1069, 7.006690578113596e-06
336, 1227, 7.004146691651514e-06
487, 1227, 6.907924227613192e-06
336, 575, 6.894427393767416e-06
487, 687, 6.8066235556879654e-06
649, 773, 6.79464011521121e-06
336, 687, 6.789705259260031e-06
305, 705, 6.7625940000092705e-06
475, 716, 6.737912829722652e-06
184, 417, 6.6557812223189e-06
717, 1086, 6.644868387551003e-06
433, 721, 6.522261130412142e-06
1185, 1378, 6.5098958542779265e-06
184, 554, 6.438979686193513e-06
273, 728, 6.429230282334255e-06
314, 490, 6.3650683750979115e-06
606, 684, 6.290688885820967e-06
580, 748, 6.275622458932566e-06
849, 1167, 6.2693346029319355e-06
184, 1227, 6.260674397492381e-06
278, 728, 6.231547175039425e-06
849, 1129, 6.204524392656006e-06
520, 981, 6.190889446882043e-06
184, 575, 6.162601523034703e-06
616, 981, 6.1596663559188255e-06
184, 687, 6.068995375815832e-06
475, 1048, 5.996333065136929e-06
336, 705, 5.973681127767877e-06
1040, 1258, 5.95432650455063e-06
487, 705, 5.891615125612585e-06
556, 773, 5.868296721168056e-06
556, 716, 5.8508790109648985e-06
729, 800, 5.737075317846014e-06
263, 632, 5.715239657129931e-06
241, 1152, 5.613186315891609e-06
550, 1152, 5.574746002456086e-06
112, 426, 5.545067168950609e-06
695, 773, 5.500722551710156e-06
609, 1152, 5.476433293168747e-06
982, 1097, 5.454140262618808e-06
849, 1086, 5.42426124363429e-06
475, 921, 5.382862766669117e-06
273, 1012, 5.358721851037707e-06
184, 705, 5.33959012308773e-06
677, 1012, 5.2553838000178785e-06
342, 773, 5.251160146283746e-06
695, 1227, 5.233852250054942e-06
885, 1103, 5.223060147609098e-06
487, 632, 5.2039416440063e-06
278, 1012, 5.193954259876355e-06
433, 609, 5.144318528117882e-06
450, 606, 5.137768092723938e-06
195, 417, 5.136185950808608e-06
936, 1076, 5.101230094903591e-06
342, 603, 5.095669946837289e-06
987, 1227, 5.052725122941835e-06
273, 684, 5.048353057711572e-06
969, 1069, 5.043349003718078e-06
342, 716, 4.982137619618492e-06
613, 705, 4.9701830959021024e-06
195, 554, 4.9688828248845e-06
556, 1048, 4.954877035224265e-06
729, 1064, 4.953537801676702e-06
496, 1227, 4.902454338388651e-06
496, 687, 4.899900227826351e-06
278, 684, 4.8931285478799776e-06
273, 742, 4.88071235337558e-06
649, 721, 4.854165853241097e-06
616, 687, 4.8484333104357095e-06
580, 768, 4.840895491390964e-06
936, 1152, 4.832845963088823e-06
195, 1227, 4.831286787966905e-06
195, 575, 4.755605135713083e-06
197, 453, 4.739805295158135e-06
450, 575, 4.736048708238017e-06
278, 742, 4.730642385205572e-06
969, 1103, 4.729283201571165e-06
1040, 1136, 4.7251425715947885e-06
885, 1196, 4.716814512819305e-06
195, 687, 4.6833704029002655e-06
263, 728, 4.65944137365695e-06
593, 687, 4.590064427684859e-06
1070, 1258, 4.574887326432044e-06
969, 1086, 4.5691762422398164e-06
241, 540, 4.5553902714542074e-06
496, 590, 4.510070530947601e-06
314, 468, 4.508827099921442e-06
305, 632, 4.477460885926375e-06
556, 921, 4.447955578285332e-06
342, 1048, 4.433799798031902e-06
1070, 1177, 4.37486443100397e-06
1181, 1434, 4.341555026232227e-06
580, 1064, 4.322547157151815e-06
717, 1369, 4.31139940778592e-06
1098, 1177, 4.3050733801720376e-06
263, 387, 4.261655088071662e-06
846, 1048, 4.252650694450285e-06
342, 550, 4.246197842795576e-06
1250, 1369, 4.228598105229054e-06
496, 705, 4.181194405291751e-06
241, 1076, 4.1614406253232955e-06
496, 632, 4.154366360818551e-06
550, 1076, 4.132942180237313e-06
649, 716, 4.1232912317431546e-06
195, 705, 4.12049718240656e-06
609, 1076, 4.060056215049295e-06
462, 981, 4.018198629663591e-06
342, 921, 3.980188489937723e-06
433, 1152, 3.975622708048518e-06
487, 590, 3.961996349396208e-06
336, 632, 3.955127809615742e-06
475, 746, 3.92859532587854e-06
1181, 1244, 3.924640892030132e-06
475, 609, 3.916415826120565e-06
885, 1167, 3.915704740633091e-06
314, 606, 3.906693515607467e-06
263, 1012, 3.883614244033458e-06
550, 623, 3.882488106730996e-06
580, 751, 3.879059915442956e-06
885, 1129, 3.875225540894702e-06
442, 981, 3.764197247993389e-06
342, 590, 3.7536544604716196e-06
609, 748, 3.726108994201589e-06
677, 742, 3.7089703817553696e-06
139, 241, 3.692606901540526e-06
184, 369, 3.67095712796822e-06
263, 684, 3.6586813775456196e-06
305, 728, 3.6503222528541504e-06
1044, 1369, 3.608157037765849e-06
263, 742, 3.537187512900854e-06
184, 632, 3.535301087566571e-06
849, 1369, 3.519431138364521e-06
442, 554, 3.5105885375808873e-06
112, 479, 3.4973104018888695e-06
139, 780, 3.486581273856464e-06
490, 575, 3.4410078290030282e-06
462, 575, 3.4306479739771013e-06
885, 1086, 3.418510965122353e-06
1081, 1177, 3.3962140374398585e-06
580, 778, 3.3576807700670566e-06
556, 746, 3.352950937511032e-06
475, 721, 3.23560773036592e-06
336, 728, 3.224481782007942e-06
982, 1258, 3.2168366141926423e-06
112, 402, 3.1991619182563155e-06
487, 728, 3.1801840829489968e-06
520, 632, 3.17007807316529e-06
844, 1439, 3.150691488235601e-06
717, 1069, 3.1459032814388916e-06
729, 1103, 3.1349568742762747e-06
496, 603, 3.05317549657042e-06
305, 1012, 3.0425199846157486e-06
649, 1048, 3.0390205992730452e-06
462, 606, 3.00104319193993e-06
433, 1076, 2.9474022270367007e-06
278, 431, 2.9386975008983066e-06
606, 1227, 2.9343954712789877e-06
342, 746, 2.904876192368674e-06
556, 642, 2.8928186088211847e-06
184, 728, 2.88221127091182e-06
1344, 1434, 2.8675575978187256e-06
305, 684, 2.866301982908312e-06
487, 603, 2.842633117476778e-06
729, 1196, 2.8311008611336524e-06
1048, 1129, 2.828439522745975e-06
613, 687, 2.8203337578329615e-06
305, 742, 2.771120667782104e-06
969, 1196, 2.7595252591578097e-06
195, 369, 2.755424299573789e-06
273, 431, 2.7497686477257563e-06
580, 1103, 2.7356203721933153e-06
195, 632, 2.7281491340112756e-06
649, 921, 2.7281057695206164e-06
305, 369, 2.727912776246873e-06
936, 1064, 2.7198170109391726e-06
999, 1152, 2.709461212035761e-06
520, 603, 2.705287356465586e-06
1181, 1274, 2.7020885658962043e-06
550, 748, 2.6989259528655663e-06
336, 1012, 2.687584706834516e-06
649, 748, 2.679832015671407e-06
606, 728, 2.672917164337839e-06
556, 721, 2.654627690580666e-06
487, 1012, 2.650662861221026e-06
241, 748, 2.6485945301674938e-06
450, 1227, 2.6046033039432167e-06
305, 431, 2.577151496974671e-06
1098, 1258, 2.5765262362738967e-06
112, 981, 2.5718295850532925e-06
616, 728, 2.571422878818656e-06
849, 1069, 2.5680269721670152e-06
487, 684, 2.5679430465774614e-06
999, 1086, 2.5345946078541564e-06
336, 684, 2.5319240016123332e-06
450, 687, 2.5248598479737913e-06
273, 773, 2.474961447101432e-06
580, 1196, 2.470470090035679e-06
336, 742, 2.447846379048459e-06
487, 742, 2.4142180413581503e-06
1040, 1177, 2.4136220455065137e-06
677, 746, 2.4057011854545387e-06
184, 1012, 2.4023044499091554e-06
273, 603, 2.4016762609117785e-06
844, 1189, 2.400372473931857e-06
278, 773, 2.3988624355848794e-06
342, 721, 2.3924683211504154e-06
969, 1129, 2.3824903783261256e-06
969, 1167, 2.350473597590356e-06
729, 1167, 2.3502630923948145e-06
273, 716, 2.3481665363864033e-06
1040, 1378, 2.341934737955242e-06
314, 554, 2.3300399717140204e-06
278, 603, 2.3278305896379076e-06
613, 981, 2.3263941661317535e-06
729, 1129, 2.3259668863587542e-06
139, 1258, 2.3121860748914045e-06
112, 490, 2.2960816322711935e-06
197, 426, 2.2891845072226454e-06
278, 716, 2.2759661582736337e-06
314, 1227, 2.2655175675305637e-06
184, 684, 2.263166731242909e-06
496, 728, 2.256930843567562e-06
314, 575, 2.230028448327825e-06
195, 728, 2.224167613454382e-06
450, 705, 2.221408300975892e-06
705, 981, 2.213357942429276e-06
885, 1369, 2.1981683967515043e-06
314, 687, 2.1961556803975697e-06
609, 751, 2.192214693816523e-06
184, 742, 2.1880137337171673e-06
273, 1048, 2.0897255575153356e-06
442, 606, 2.0736475651188074e-06
609, 768, 2.0558254887020993e-06
580, 1167, 2.050882309841538e-06
677, 1048, 2.049427110929947e-06
593, 981, 2.0345836163077184e-06
729, 1086, 2.0334599781066584e-06
580, 1129, 2.0296809986705106e-06
278, 1048, 2.0254716074370202e-06
695, 1012, 2.0082990668721057e-06
450, 550, 2.006069979968869e-06
273, 550, 2.001305552473329e-06
520, 1227, 1.984010660111878e-06
580, 800, 1.9758647517709683e-06
616, 1227, 1.974004513847409e-06
475, 1152, 1.9722539944314103e-06
999, 1103, 1.9672465699500176e-06
241, 768, 1.964794953052794e-06
550, 768, 1.951339612434925e-06
278, 550, 1.9397703013023774e-06
314, 705, 1.9322096086186975e-06
913, 1048, 1.925092744976064e-06
520, 687, 1.9118450656702834e-06
596, 687, 1.9091738125080556e-06
677, 768, 1.8990524057684418e-06
593, 684, 1.8970620137636226e-06
1081, 1258, 1.883940291383431e-06
496, 1012, 1.881137258520372e-06
273, 921, 1.875930802027465e-06
433, 748, 1.8759064755673285e-06
342, 609, 1.871088845592576e-06
442, 575, 1.8695611620531244e-06
195, 1012, 1.8538293181592231e-06
677, 921, 1.839755191813235e-06
496, 684, 1.8381966655757991e-06
241, 1064, 1.81976057164125e-06
278, 921, 1.8182505178052871e-06
263, 431, 1.8140802257709153e-06
550, 1064, 1.807298457823034e-06
263, 773, 1.7936731550146556e-06
616, 716, 1.7838902324967113e-06
609, 1064, 1.7754260805342456e-06
580, 1086, 1.774434151803939e-06
273, 590, 1.769161445586884e-06
273, 462, 1.7615204745484993e-06
520, 705, 1.7572689500955298e-06
195, 684, 1.7464584217955124e-06
263, 603, 1.7405613494620558e-06
1070, 1378, 1.7347606462514731e-06
1181, 1439, 1.7337024736630114e-06
490, 606, 1.7285901714295764e-06
314, 387, 1.7273336852367706e-06
278, 590, 1.7147640579507932e-06
496, 742, 1.7133357750743333e-06
278, 462, 1.7089833861673773e-06
263, 716, 1.7017813690604274e-06
195, 742, 1.6884637616407446e-06
885, 1069, 1.6617817460470383e-06
556, 1152, 1.6297086767001256e-06
550, 751, 1.6228649330047899e-06
241, 751, 1.6194176086712313e-06
139, 1097, 1.575267752273656e-06
593, 705, 1.5735261570816302e-06
462, 550, 1.562651854272273e-06
987, 1076, 1.5452757106694426e-06
336, 462, 1.543895540697749e-06
606, 742, 1.5389819144585786e-06
606, 716, 1.5333594505084346e-06
263, 1048, 1.5144820289031661e-06
450, 632, 1.5110191440738498e-06
475, 1076, 1.462167374107429e-06
342, 1152, 1.4583211551438252e-06
921, 1152, 1.4578295446620984e-06
263, 550, 1.450401600662208e-06
197, 479, 1.44380375296116e-06
112, 606, 1.421264956614899e-06
305, 773, 1.4052081584532e-06
846, 1152, 1.3987394008874252e-06
184, 387, 1.3964218228222878e-06
433, 768, 1.3915952531098286e-06
649, 751, 1.38287907766054e-06
112, 468, 1.3801504884860426e-06
241, 778, 1.377698069311551e-06
717, 819, 1.37522489985892e-06
523, 606, 1.3749322840543134e-06
273, 746, 1.369117753874496e-06
550, 778, 1.3682632950811068e-06
305, 603, 1.3635990490878524e-06
263, 921, 1.359539044215216e-06
609, 778, 1.34627325195375e-06
580, 805, 1.3375816139400605e-06
305, 716, 1.3332178479795676e-06
278, 746, 1.3270207313767743e-06
197, 402, 1.320718338702286e-06
729, 1369, 1.319372730058924e-06
490, 981, 1.3072122565157932e-06
433, 1064, 1.2888724949938013e-06
462, 1227, 1.287722706745244e-06
969, 1369, 1.2860164838435703e-06
263, 590, 1.282160332457928e-06
314, 632, 1.2793009525619115e-06
982, 1378, 1.2652348518923955e-06
921, 1076, 1.2612408928443834e-06
263, 462, 1.2606385762203071e-06
462, 687, 1.2482973329039735e-06
616, 742, 1.2478977873642463e-06
336, 773, 1.2412789318308663e-06
475, 540, 1.2402404907287343e-06
112, 342, 1.2304041967289833e-06
487, 773, 1.224226331044823e-06
342, 540, 1.214308885305643e-06
556, 1076, 1.2082149982196872e-06
442, 1227, 1.206322214418466e-06
336, 603, 1.2045238713675786e-06
450, 728, 1.1990748156278703e-06
305, 1048, 1.186482886748722e-06
241, 642, 1.1788051009584687e-06
336, 716, 1.177686890218151e-06
717, 794, 1.1698787699063248e-06
442, 687, 1.1693890268406175e-06
487, 716, 1.161507912331029e-06
1185, 1434, 1.159229079605249e-06
241, 1103, 1.1516760630498619e-06
580, 1369, 1.1513086347316167e-06
433, 751, 1.1469766112376581e-06
550, 1103, 1.143789136383182e-06
241, 623, 1.143618594948544e-06
305, 550, 1.1362806855786774e-06
273, 721, 1.1276111741610577e-06
606, 1012, 1.1259667650613291e-06
184, 431, 1.1249484145818253e-06
609, 1103, 1.1236179915809406e-06
1365, 1434, 1.119851512467055e-06
195, 387, 1.109806991006656e-06
184, 773, 1.1095203414176115e-06
462, 705, 1.098270091951547e-06
278, 721, 1.0929398883399503e-06
305, 462, 1.0821193573299873e-06
342, 1076, 1.0811536546725017e-06
184, 603, 1.0766667368100666e-06
475, 584, 1.0746427317873526e-06
305, 921, 1.0650966990980421e-06
197, 981, 1.0617350993126052e-06
616, 684, 1.0559510512747982e-06
184, 716, 1.0526784327117957e-06
520, 609, 1.0501015415943788e-06
336, 1048, 1.048069783426404e-06
184, 360, 1.0468856826760416e-06
314, 728, 1.0429707493174689e-06
241, 1196, 1.0400497437784334e-06
139, 782, 1.0399479456907625e-06
717, 1258, 1.0381382878557935e-06
846, 1076, 1.0369816071513543e-06
487, 1048, 1.0336714760400666e-06
550, 1196, 1.0329272582792086e-06
442, 705, 1.0288454202234325e-06
139, 881, 1.0282379825314925e-06
580, 642, 1.0167243529552564e-06
609, 1196, 1.0147112037336841e-06
305, 590, 1.0044762918917747e-06
336, 550, 1.0037240868340144e-06
649, 1152, 9.995643088812872e-07
450, 1012, 9.994211022724717e-07
263, 746, 9.922375817428245e-07
936, 1103, 9.85682032483364e-07
433, 778, 9.757751517498978e-07
1365, 1439, 9.740081859902673e-07
1344, 1439, 9.666263069580897e-07
1098, 1378, 9.643354147099436e-07
729, 1069, 9.62708069551106e-07
197, 490, 9.478973544892901e-07
450, 684, 9.415361942366249e-07
336, 921, 9.408443048098312e-07
314, 431, 9.384306274406145e-07
184, 1048, 9.368198509754372e-07
241, 584, 9.367608219664463e-07
475, 748, 9.306124628293727e-07
487, 921, 9.279190533451306e-07
520, 728, 9.133741068652363e-07
450, 742, 9.102705935634473e-07
139, 1378, 9.094208866890554e-07
982, 1177, 9.071650125060209e-07
184, 550, 8.971813368897971e-07
936, 1196, 8.954629194118883e-07
336, 590, 8.872957726215598e-07
273, 609, 8.818761241209605e-07
1361, 1434, 8.787036352186522e-07
112, 417, 8.762157610566879e-07
314, 1012, 8.69309372805897e-07
496, 773, 8.688157961851313e-07
1044, 1258, 8.688051407941075e-07
195, 431, 8.681090993472455e-07
241, 1167, 8.634063733350473e-07
487, 609, 8.631037914606153e-07
550, 1167, 8.574935798260771e-07
450, 540, 8.571898974152122e-07
195, 773, 8.562034416960685e-07
278, 609, 8.547605900974882e-07
241, 1129, 8.544807772146469e-07
1181, 1298, 8.544351889580639e-07
613, 728, 8.54170650627928e-07
550, 1129, 8.486291081175809e-07
112, 554, 8.476744198333085e-07
849, 1258, 8.474409050597357e-07
1048, 1167, 8.469570947187771e-07
609, 1167, 8.423713631381674e-07
184, 921, 8.409760832351392e-07
677, 778, 8.401882907261353e-07
580, 1069, 8.400765666503419e-07
496, 609, 8.378720210225531e-07
609, 800, 8.367545062932421e-07
433, 623, 8.366035104200951e-07
433, 642, 8.349062482508216e-07
609, 1129, 8.33663219669501e-07
241, 800, 8.318245329537889e-07
195, 603, 8.308507119739934e-07
550, 800, 8.261280187155935e-07
496, 716, 8.243054376766748e-07
433, 584, 8.24298177394762e-07
112, 1227, 8.242010064170451e-07
1040, 1244, 8.19992004001106e-07
1056, 1129, 8.194547140441171e-07
314, 684, 8.18960332761463e-07
263, 721, 8.172110699970618e-07
433, 1103, 8.156917035898626e-07
195, 716, 8.123392275399695e-07
1044, 1136, 8.117700845529752e-07
112, 575, 8.112899753206786e-07
936, 1086, 8.088033270945129e-07
677, 748, 8.058852180093584e-07
1185, 1274, 8.007932445283569e-07
112, 687, 7.989669768949022e-07
195, 360, 7.953533745656978e-07
184, 590, 7.931115910630971e-07
556, 748, 7.919634272020996e-07
314, 742, 7.917651097970897e-07
695, 1048, 7.831706895486903e-07
305, 746, 7.773435985763491e-07
596, 981, 7.635530696438547e-07
184, 462, 7.629250064538199e-07
520, 1012, 7.612914096543642e-07
677, 751, 7.589087100980923e-07
616, 1012, 7.574519175850755e-07
936, 1129, 7.57333309278017e-07
649, 768, 7.535554969586268e-07
596, 684, 7.490423576649945e-07
241, 1086, 7.470237313857708e-07
613, 1227, 7.455456707520484e-07
936, 1167, 7.433763589966716e-07
550, 1086, 7.419079513702431e-07
649, 1076, 7.410456892951098e-07
717, 780, 7.408640115417644e-07
433, 1196, 7.366307024513523e-07
1081, 1378, 7.346239862577161e-07
496, 1048, 7.335817599047612e-07
462, 632, 7.311184593343107e-07
609, 1086, 7.288241300250415e-07
729, 819, 7.231129975139062e-07
195, 1048, 7.229325598749545e-07
1056, 1167, 7.177243395270456e-07
520, 684, 7.149392609409201e-07
705, 1227, 7.09320654180735e-07
717, 1097, 7.072725612434191e-07
442, 632, 7.035765952536387e-07
695, 921, 7.030463950090711e-07
112, 705, 7.029427301100504e-07
520, 742, 6.933825809412442e-07
195, 550, 6.923439974872805e-07
475, 768, 6.903520525278562e-07
342, 748, 6.881121019992277e-07
273, 1152, 6.873316630854788e-07
336, 746, 6.866599983083939e-07
613, 684, 6.828530936894441e-07
596, 705, 6.813950644623546e-07
197, 342, 6.776436204670315e-07
487, 746, 6.772267125845903e-07
677, 1152, 6.740771004412697e-07
844, 1298, 6.73576904724071e-07
278, 1152, 6.6619789544393e-07
496, 921, 6.585307885343021e-07
593, 1227, 6.520283746427563e-07
844, 1274, 6.502700579325819e-07
195, 921, 6.489710823417772e-07
921, 1064, 6.471951860650196e-07
616, 721, 6.440496192283162e-07
305, 721, 6.402234763494364e-07
475, 1064, 6.393926469476438e-07
263, 609, 6.391200686122494e-07
139, 819, 6.387298809674487e-07
139, 1177, 6.333035606202156e-07
184, 746, 6.137727920969462e-07
1070, 1244, 6.135490559664809e-07
195, 590, 6.120346320551827e-07
433, 1167, 6.115204076491414e-07
1048, 1196, 6.094645242860519e-07
1361, 1439, 6.087549619968792e-07
433, 1129, 6.051987214227868e-07
442, 550, 5.939528326513009e-07
462, 728, 5.928257346647511e-07
606, 721, 5.896433776503205e-07
433, 800, 5.891520993985803e-07
195, 462, 5.887400094415113e-07
197, 606, 5.867445100682191e-07
849, 1097, 5.7735246492257e-07
556, 768, 5.704502225164667e-07
197, 468, 5.697711172137012e-07
999, 1129, 5.690588506446256e-07
475, 751, 5.689999703576668e-07
613, 716, 5.67547463091449e-07
609, 805, 5.655449553717755e-07
336, 721, 5.655360795306252e-07
999, 1064, 5.633294551693365e-07
241, 805, 5.631120249025205e-07
550, 805, 5.592557120138353e-07
273, 540, 5.578051030334765e-07
487, 721, 5.577667855008656e-07
442, 728, 5.553515902601172e-07
450, 603, 5.411952372249558e-07
278, 540, 5.406539603320638e-07
520, 590, 5.387031122766792e-07
885, 1258, 5.292951452610224e-07
433, 1086, 5.290906702206346e-07
556, 1064, 5.283415561540016e-07
475, 623, 5.169868303956085e-07
606, 773, 5.169467379159737e-07
1070, 1136, 5.131234425304632e-07
342, 768, 5.10459101890969e-07
273, 1076, 5.095661795043412e-07
184, 721, 5.055058681446248e-07
695, 778, 5.012880335215057e-07
305, 609, 5.007025567251468e-07
677, 1076, 4.997396616668067e-07
263, 1152, 4.981283058416382e-07
462, 1012, 4.9411641498274e-07
278, 1076, 4.938982657241225e-07
241, 1369, 4.846924702274872e-07
556, 751, 4.84091567381389e-07
475, 778, 4.840691841329959e-07
550, 1369, 4.813731914031529e-07
496, 746, 4.806180446959173e-07
139, 794, 4.799432595705352e-07
936, 1069, 4.794245396255188e-07
195, 746, 4.73641047753457e-07
609, 1369, 4.728839969888608e-07
342, 1064, 4.7277877297745127e-07
450, 590, 4.697777911951768e-07
487, 550, 4.6850362603230284e-07
462, 684, 4.654979645865621e-07
112, 632, 4.654129139069635e-07
112, 369, 4.6535448559016675e-07
1185, 1439, 4.6291209272035067e-07
442, 1012, 4.628819580335431e-07
450, 773, 4.615893054917544e-07
717, 881, 4.602097156195816e-07
593, 728, 4.5720661820514007e-07
982, 1136, 4.570157596617351e-07
846, 1064, 4.5346273372928674e-07
462, 742, 4.5004016958725186e-07
1098, 1244, 4.4482204718778005e-07
613, 742, 4.4319090610439066e-07
982, 1244, 4.4300229418054676e-07
336, 609, 4.4229143635268424e-07
606, 1048, 4.390900649948587e-07
450, 716, 4.3794159378885933e-07
987, 1064, 4.376843973805399e-07
442, 684, 4.3607255856088926e-07
1098, 1189, 4.3284880787028726e-07
1040, 1434, 4.2930038791213573e-07
999, 1196, 4.272851315511727e-07
580, 780, 4.2490731042730323e-07
442, 742, 4.21591893277967e-07
342, 751, 4.207291233237012e-07
490, 1227, 4.1892575763284274e-07
490, 687, 4.17614089289483e-07
936, 1369, 4.173109382538599e-07
649, 778, 4.172948206677375e-07
913, 1152, 4.1570709384537604e-07
1056, 1196, 4.154331882727874e-07
475, 642, 4.117260989281322e-07
606, 746, 4.0958389711694496e-07
717, 1378, 4.083168965075687e-07
475, 1103, 4.0465389670222076e-07
263, 540, 4.042568179044164e-07
112, 184, 4.024897523237912e-07
314, 773, 4.0149633496687e-07
556, 623, 4.009151375559798e-07
556, 778, 3.999950065925083e-07
433, 805, 3.988324682969375e-07
496, 721, 3.9583905487229146e-07
184, 609, 3.953433292743439e-07
606, 921, 3.9416782496907047e-07
616, 773, 3.91787174181358e-07
305, 1152, 3.902461032926699e-07
195, 721, 3.9009277067420843e-07
450, 1048, 3.8974141188807686e-07
314, 603, 3.8960777254220265e-07
1159, 1258, 3.854182110160526e-07
314, 716, 3.809272501416675e-07
112, 728, 3.794353897630505e-07
1044, 1177, 3.746665431804092e-07
263, 1076, 3.692967330665889e-07
969, 1097, 3.6622418973794337e-07
475, 1196, 3.6543277670421607e-07
717, 782, 3.6180199566840837e-07
197, 417, 3.6173043248723456e-07
885, 1097, 3.606031464417709e-07
487, 584, 3.5845689015763774e-07
342, 778, 3.579297259721737e-07
490, 705, 3.572924729417835e-07
314, 462, 3.5520007743295043e-07
241, 1069, 3.536660578984537e-07
520, 773, 3.5160751785226306e-07
550, 1069, 3.5124407627303713e-07
197, 554, 3.4994763632747594e-07
450, 921, 3.4986791292145855e-07
609, 1069, 3.45049756972334e-07
336, 1152, 3.447206474943177e-07
999, 1167, 3.440744082520125e-07
520, 716, 3.434018225858142e-07
433, 1369, 3.4329065215617147e-07
1044, 1378, 3.417153792599039e-07
496, 584, 3.4097744087938257e-07
197, 1227, 3.4025704599071147e-07
487, 1152, 3.399849000054301e-07
314, 1048, 3.390021098759434e-07
197, 575, 3.3492695142962586e-07
556, 1103, 3.343727371718394e-07
849, 1378, 3.333124732758344e-07
197, 687, 3.2983961592596083e-07
490, 632, 3.2822997202631374e-07
314, 550, 3.2465832767129877e-07
273, 748, 3.243189840510327e-07
649, 1064, 3.240526174896928e-07
1250, 1378, 3.2278304828400324e-07
616, 746, 3.2260289618152357e-07
139, 1244, 3.1841957133600986e-07
1070, 1434, 3.179992193209859e-07
729, 1258, 3.1769066548403874e-07
305, 540, 3.1670484505019763e-07
112, 1012, 3.162569428827545e-07
278, 748, 3.143469684742888e-07
523, 981, 3.13790091694306e-07
462, 603, 3.112876566632261e-07
969, 1258, 3.0965884262096273e-07
913, 1076, 3.096116419694184e-07
695, 768, 3.0821558632962686e-07
184, 1152, 3.081294306167363e-07
921, 1103, 3.072916225385755e-07
342, 642, 3.0625678888517816e-07
195, 609, 3.050816704665261e-07
462, 540, 3.0502446948443416e-07
314, 921, 3.0431962588652716e-07
475, 1167, 3.0336720942374304e-07
999, 1069, 3.028356263939249e-07
556, 1196, 3.019636256927314e-07
475, 1129, 3.002311042580721e-07
342, 1103, 2.9920859064725066e-07
112, 684, 2.979398350962157e-07
342, 623, 2.9711523839992257e-07
520, 1048, 2.96878651233507e-07
616, 1048, 2.9538137540391417e-07
475, 800, 2.9227058669680913e-07
197, 705, 2.9019767627760724e-07
593, 742, 2.898706095876209e-07
305, 1076, 2.893162451277487e-07
442, 540, 2.8896953623355285e-07
112, 742, 2.880461443748481e-07
314, 590, 2.869991519260664e-07
846, 1103, 2.869840044122718e-07
613, 1012, 2.860758392379466e-07
490, 590, 2.852302757030854e-07
717, 1177, 2.843441889278421e-07
462, 590, 2.83183191750858e-07
1159, 1369, 2.817114308982827e-07
336, 540, 2.7975858907786396e-07
580, 1258, 2.77222651349685e-07
139, 1136, 2.76389862573803e-07
705, 1012, 2.7217581617618726e-07
1317, 1434, 2.718083859068058e-07
342, 1196, 2.7020776763813597e-07
921, 1196, 2.701166786689146e-07
1185, 1298, 2.6784939377568157e-07
520, 921, 2.665057161742724e-07
616, 921, 2.651616230048305e-07
490, 554, 2.6253439274683864e-07
475, 1086, 2.624749037796028e-07
846, 1196, 2.591680506644084e-07
1081, 1244, 2.5840180057447617e-07
695, 1152, 2.575926827287955e-07
336, 1076, 2.555650972798211e-07
450, 746, 2.553454373551943e-07
487, 1076, 2.520541623344167e-07
556, 1167, 2.5067773969280833e-07
433, 1069, 2.5048924652053905e-07
593, 1012, 2.5019200271758477e-07
184, 540, 2.5006292889411176e-07
556, 1129, 2.4808632002071306e-07
987, 1152, 2.4690981756938873e-07
112, 239, 2.4610649461446783e-07
596, 1227, 2.446978649404746e-07
342, 584, 2.433730232891073e-07
556, 800, 2.4150840227926393e-07
496, 1152, 2.4128238716859056e-07
273, 768, 2.405880914518017e-07
717, 824, 2.384408863511085e-07
195, 1152, 2.377797586340961e-07
263, 748, 2.3504295633988626e-07
278, 768, 2.3319059604290222e-07
849, 1177, 2.3211252261120648e-07
982, 1434, 2.3193037957650318e-07
184, 1076, 2.2843751449973671e-07
462, 773, 2.2821096363220308e-07
139, 885, 2.2528000191069461e-07
342, 1167, 2.24315336933637e-07
921, 1167, 2.242397186307278e-07
273, 1064, 2.228287089958969e-07
314, 746, 2.2210275677726674e-07
342, 1129, 2.2199644265289613e-07
921, 1129, 2.2192160606581922e-07
1048, 1369, 2.207576221703977e-07
677, 1064, 2.185316610917512e-07
556, 1086, 2.16887697686712e-07
462, 716, 2.1651947292562013e-07
729, 1097, 2.1643926757013622e-07
342, 800, 2.1611028843631888e-07
278, 1064, 2.1597727116362014e-07
846, 1167, 2.1515061952281066e-07
442, 603, 2.140774501337166e-07
442, 773, 2.137851212542416e-07
846, 1129, 2.1292646691724569e-07
593, 716, 2.1172814366500556e-07
450, 721, 2.1030358244784863e-07
1070, 1189, 2.0836501262533834e-07
885, 1378, 2.081805030964459e-07
613, 721, 2.068277730009693e-07
649, 1103, 2.0508392617548409e-07
442, 716, 2.028326818158895e-07
273, 751, 1.9829682030091375e-07
475, 805, 1.9785552766743438e-07
442, 590, 1.966171469890175e-07
490, 603, 1.9498808561359502e-07
520, 746, 1.9450488638966942e-07
342, 1086, 1.9407880828578867e-07
197, 369, 1.940637214349742e-07
999, 1369, 1.9363664646094732e-07
195, 540, 1.929705408430635e-07
677, 800, 1.929164793257683e-07
490, 728, 1.9285982047050208e-07
462, 1048, 1.926891765388657e-07
921, 1086, 1.9263371968624888e-07
278, 751, 1.9219967804867801e-07
197, 632, 1.9213762421903926e-07
695, 1076, 1.9097115156480447e-07
999, 1097, 1.9050950317759952e-07
580, 1097, 1.8886884045068492e-07
987, 1086, 1.880414051278391e-07
112, 219, 1.8757510152543146e-07
846, 1086, 1.8614944662160935e-07
705, 773, 1.8601885630154804e-07
523, 632, 1.8540330344083538e-07
649, 1196, 1.852061458211038e-07
305, 748, 1.8413849753639694e-07
649, 800, 1.8403182095319963e-07
112, 387, 1.838351906966832e-07
314, 721, 1.8292477009028645e-07
596, 728, 1.806278156398418e-07
442, 1048, 1.8050876397477463e-07
496, 1076, 1.788792089968e-07
1098, 1434, 1.7677246120609036e-07
450, 609, 1.7639064680090215e-07
195, 1076, 1.7628246984392439e-07
241, 780, 1.7598685726455635e-07
550, 780, 1.7478166121848238e-07
263, 768, 1.743608578463741e-07
729, 881, 1.7322387838489778e-07
609, 780, 1.731453057432278e-07
462, 921, 1.72975614040129e-07
1040, 1439, 1.71431466368785e-07
475, 1369, 1.7030196517272488e-07
273, 778, 1.6869839195051767e-07
913, 1064, 1.6743727396139553e-07
139, 1434, 1.6670607131088727e-07
1040, 1189, 1.6613917921263234e-07
278, 778, 1.6351132898155595e-07
556, 805, 1.6349155386837443e-07
336, 748, 1.6265720929382987e-07
442, 921, 1.6204134995544817e-07
520, 721, 1.6164302781543664e-07
263, 1064, 1.6149014117395773e-07
490, 1012, 1.6074741279406505e-07
487, 748, 1.6042263623862753e-07
197, 728, 1.5664329921939274e-07
490, 684, 1.5589634562392165e-07
695, 800, 1.5424883474773202e-07
649, 1167, 1.5375049860771627e-07
649, 1129, 1.5216107919147744e-07
112, 431, 1.4809644402477884e-07
139, 824, 1.4664601552944824e-07
490, 742, 1.4640839834693618e-07
342, 805, 1.4629804400155235e-07
112, 773, 1.4606537953848206e-07
184, 748, 1.45391561688342e-07
885, 1177, 1.4497297763050642e-07
606, 1152, 1.444211195732641e-07
273, 642, 1.4434405432108512e-07
263, 751, 1.4371120152803629e-07
314, 609, 1.430608271268329e-07
717, 1244, 1.42965807205662e-07
112, 603, 1.4174029053643808e-07
273, 1103, 1.4102211813470895e-07
1081, 1189, 1.4076125602946574e-07
556, 1369, 1.407235533986516e-07
729, 824, 1.4014461114092421e-07
273, 623, 1.4003548547392272e-07
278, 642, 1.3990582767113442e-07
613, 773, 1.388471595600657e-07
112, 716, 1.385822945882786e-07
677, 1103, 1.383026355334783e-07
278, 1103, 1.3668603289807165e-07
112, 360, 1.366563534852995e-07
305, 768, 1.3659863240726306e-07
1056, 1369, 1.359801872883307e-07
278, 623, 1.3572973677860913e-07
1081, 1434, 1.346640267804184e-07
649, 1086, 1.3302573934995483e-07
197, 1012, 1.3056117660803893e-07
450, 1152, 1.2818985337233714e-07
273, 1196, 1.2735353502501854e-07
1070, 1439, 1.269858448939557e-07
305, 1064, 1.2651539287019674e-07
462, 746, 1.2624345413686317e-07
342, 1369, 1.2592442924449548e-07
921, 1369, 1.2588197921961306e-07
729, 1378, 1.2495297408574674e-07
677, 1196, 1.2489763855085747e-07
580, 782, 1.2468595408507104e-07
433, 780, 1.2464530957724385e-07
475, 1069, 1.2426441171394431e-07
717, 1136, 1.240950725501375e-07
278, 1196, 1.2343772528992437e-07
112, 1048, 1.2332982279268323e-07
580, 881, 1.232819723426533e-07
197, 684, 1.2299927734072898e-07
1218, 1369, 1.2262299349711183e-07
263, 778, 1.22260400173168e-07
987, 1103, 1.2208763663848277e-07
969, 1378, 1.217939257940942e-07
1044, 1244, 1.2161519273052002e-07
846, 1369, 1.207796102369265e-07
336, 768, 1.206632650857127e-07
987, 1069, 1.1949291956575508e-07
487, 768, 1.1900560181899454e-07
197, 742, 1.1891483925755726e-07
523, 603, 1.1862898329627034e-07
442, 746, 1.1826325834941232e-07
921, 1069, 1.1817770632780194e-07
112, 550, 1.1811151864076169e-07
593, 773, 1.1752681742986978e-07
677, 805, 1.1738885234394793e-07
241, 1258, 1.1670869793920621e-07
849, 1244, 1.167041756076636e-07
550, 1258, 1.1590945154385036e-07
613, 746, 1.1507848890629978e-07
649, 805, 1.1470625131302977e-07
273, 584, 1.1470586177634206e-07
609, 1258, 1.1386534546112214e-07
496, 748, 1.1384963457764228e-07
596, 742, 1.1266329929233904e-07
305, 751, 1.1258692938773332e-07
195, 748, 1.1219691146182375e-07
336, 1064, 1.1175631935908018e-07
613, 1048, 1.1156018342833313e-07
314, 1152, 1.1150118882001094e-07
278, 584, 1.1117893706139067e-07
112, 921, 1.1071224762186811e-07
487, 1064, 1.1022101907283665e-07
580, 1378, 1.090362372381998e-07
184, 768, 1.0785516747391805e-07
606, 1076, 1.0706929724483741e-07
705, 1048, 1.0613963086940803e-07
462, 609, 1.0584261552781475e-07
273, 1167, 1.0572364876306687e-07
273, 1129, 1.0463071429052038e-07
263, 642, 1.0461013670533218e-07
112, 590, 1.0441101549971223e-07
462, 721, 1.039746429016544e-07
487, 623, 1.0394828437883622e-07
677, 1167, 1.0368486486765661e-07
556, 1069, 1.026819012901205e-07
677, 1129, 1.0261300663706171e-07
278, 1167, 1.0247290513058962e-07
263, 1103, 1.0220263748260572e-07
273, 800, 1.0185646929476795e-07
263, 623, 1.014875974485129e-07
278, 1129, 1.0141357572009796e-07
849, 1136, 1.0129983820609248e-07
717, 885, 1.0089529403868021e-07
523, 1227, 1.0056113783012726e-07
936, 1258, 1.0048395473636674e-07
112, 462, 1.0043703253308055e-07
613, 921, 1.0014673152673494e-07
184, 1064, 9.989367130236383e-08
336, 751, 9.945272706241382e-08
278, 800, 9.872463197302876e-08
487, 751, 9.808645264319265e-08
520, 1152, 9.764636143394799e-08
593, 1048, 9.756666550319938e-08
442, 721, 9.74021198907904e-08
523, 687, 9.71752307710178e-08
616, 1152, 9.71538924193682e-08
305, 778, 9.578183812294629e-08
677, 780, 9.568275650317726e-08
705, 921, 9.528074255860157e-08
450, 1076, 9.503594456994994e-08
606, 748, 9.455241162630162e-08
596, 1012, 9.389384154288926e-08
1317, 1439, 9.316033110716631e-08
982, 1439, 9.261618714028856e-08
263, 1196, 9.229663647412436e-08
342, 1069, 9.188340900594386e-08
273, 1086, 9.14726564846156e-08
593, 721, 9.139101876779045e-08
314, 540, 9.048896691140244e-08
520, 623, 9.007020310087474e-08
677, 1086, 8.970868994455451e-08
184, 751, 8.889607392469372e-08
278, 1086, 8.866009601122933e-08
717, 821, 8.856047657687433e-08
846, 1069, 8.812938357997855e-08
523, 705, 8.811301713894727e-08
913, 1103, 8.809496507293428e-08
593, 921, 8.758485649483149e-08
496, 623, 8.710175851673538e-08
729, 1177, 8.701489547561466e-08
649, 1369, 8.631127968285592e-08
596, 716, 8.59506157952671e-08
969, 1177, 8.48149938013102e-08
336, 778, 8.46080895551588e-08
496, 768, 8.445656172630941e-08
695, 1064, 8.350996763568106e-08
487, 778, 8.344574969950213e-08
487, 642, 8.331999372315281e-08
195, 768, 8.323052957991342e-08
263, 584, 8.313051713674435e-08
314, 1076, 8.26634910752522e-08
433, 1258, 8.266067143366876e-08
717, 831, 8.259927479452393e-08
1326, 1434, 8.231975746955439e-08
305, 642, 8.195418275858416e-08
112, 746, 8.080154322676841e-08
695, 805, 8.030999315990286e-08
305, 1103, 8.006808799277505e-08
241, 1097, 7.951239317195199e-08
305, 623, 7.950790784695651e-08
550, 1097, 7.896787511330735e-08
197, 387, 7.838724595072983e-08
496, 1064, 7.822226986440871e-08
1159, 1244, 7.795141809854002e-08
609, 1097, 7.75752474051335e-08
593, 746, 7.723341017639306e-08
195, 1064, 7.708673917907683e-08
913, 1196, 7.702506777954408e-08
263, 1167, 7.662085842129092e-08
580, 819, 7.658137596316966e-08
580, 1177, 7.593078000548772e-08
263, 1129, 7.582877851802915e-08
442, 609, 7.572331659087612e-08
184, 778, 7.562715679985651e-08
717, 1434, 7.48486280257432e-08
490, 773, 7.42422653098833e-08
263, 800, 7.381820628057361e-08
616, 748, 7.35048474573466e-08
717, 828, 7.304706288283846e-08
885, 1244, 7.28911635159648e-08
336, 642, 7.23935452706347e-08
520, 1076, 7.239195574816516e-08
305, 1196, 7.230748043958403e-08
616, 1076, 7.202685463648761e-08
139, 831, 7.094608492882439e-08
336, 1103, 7.072747915640713e-08
936, 1097, 7.064407454223832e-08
1098, 1439, 7.059011147313866e-08
982, 1189, 7.056017610171285e-08
490, 716, 7.043875499166292e-08
336, 623, 7.023264868673478e-08
487, 1103, 6.97558301291587e-08
496, 751, 6.96105428278445e-08
273, 805, 6.895276636086541e-08
195, 751, 6.86000261611632e-08
695, 780, 6.739224561261804e-08
278, 805, 6.683263743217484e-08
496, 642, 6.67546508831871e-08
139, 1439, 6.657032479377538e-08
112, 721, 6.654849283351968e-08
263, 1086, 6.629276934656375e-08
305, 584, 6.512651458845736e-08
184, 642, 6.470915521512349e-08
913, 1167, 6.394303236479618e-08
336, 1196, 6.38722110624704e-08
462, 1152, 6.337739981823355e-08
913, 1129, 6.328201143742278e-08
885, 1136, 6.326991328608637e-08
184, 1103, 6.321993776650694e-08
487, 1196, 6.299473921578103e-08
649, 1069, 6.297884104384719e-08
184, 623, 6.277763228820087e-08
490, 1048, 6.268621252569293e-08
1044, 1434, 6.263989448309865e-08
475, 780, 6.183489424265066e-08
197, 431, 6.113904032301348e-08
849, 1434, 6.109955659917464e-08
450, 748, 6.048666931003425e-08
197, 773, 6.030055068645231e-08
305, 1167, 6.002668605496627e-08
305, 1129, 5.9406150959651666e-08
442, 1152, 5.9371140147131947e-08
273, 1369, 5.935033382079183e-08
496, 778, 5.9220246799922565e-08
197, 603, 5.85150129401689e-08
195, 778, 5.836056313757418e-08
677, 1369, 5.8205816901476406e-08
305, 800, 5.7831018665714146e-08
580, 794, 5.754344097146348e-08
336, 584, 5.7528964641946035e-08
278, 1369, 5.752545620816106e-08
197, 716, 5.721128925601257e-08
184, 1196, 5.709233888357528e-08
490, 609, 5.697536116514075e-08
197, 360, 5.6676029396681375e-08
433, 1097, 5.631583526289607e-08
490, 921, 5.6272938097769675e-08
913, 1086, 5.5911341017490314e-08
606, 751, 5.558526370992155e-08
139, 828, 5.490820782483361e-08
1048, 1136, 5.3806253307617144e-08
1081, 1439, 5.377505408361637e-08
523, 609, 5.367377634836042e-08
1048, 1258, 5.315604476291975e-08
336, 1167, 5.3024073550550107e-08
695, 1103, 5.285114550280672e-08
314, 748, 5.261208557780472e-08
987, 1129, 5.252504804677744e-08
241, 782, 5.2491869916577375e-08
336, 1129, 5.247592903854855e-08
487, 1167, 5.229563263761713e-08
550, 782, 5.2132394242894804e-08
112, 609, 5.204588981638973e-08
305, 1086, 5.1935404213308934e-08
241, 881, 5.1900803925792396e-08
609, 782, 5.175685999035477e-08
487, 1129, 5.1755018495540104e-08
550, 881, 5.154537599980039e-08
184, 584, 5.1422411880290185e-08
606, 768, 5.137836731802661e-08
649, 780, 5.121928837411496e-08
729, 794, 5.109736432277583e-08
556, 780, 5.1095276751681314e-08
336, 800, 5.108454903584258e-08
197, 1048, 5.091457163880561e-08
139, 1189, 5.071698571959085e-08
609, 881, 5.063635421413657e-08
487, 800, 5.038275317134824e-08
263, 805, 4.9971980828359774e-08
195, 642, 4.993527323135402e-08
729, 821, 4.9544259981910176e-08
496, 1103, 4.9504708039154924e-08
195, 1103, 4.878606211972177e-08
197, 550, 4.876028555811687e-08
195, 623, 4.844474032626747e-08
695, 1196, 4.7728542862152905e-08
184, 1167, 4.73957034801062e-08
462, 1076, 4.698602032579428e-08
184, 1129, 4.690574310898728e-08
606, 1064, 4.6820441068856046e-08
729, 831, 4.6744893380965206e-08
999, 1258, 4.6625607513904214e-08
523, 728, 4.6295083639200445e-08
139, 821, 4.6131793667673326e-08
987, 1196, 4.6076808453749284e-08
520, 748, 4.6074654256979066e-08
241, 1378, 4.590345418855745e-08
336, 1086, 4.5876707075955546e-08
342, 780, 4.572186678528439e-08
197, 921, 4.57056252510176e-08
184, 800, 4.566205454225495e-08
550, 1378, 4.5589097410164654e-08
487, 1086, 4.524645617014939e-08
450, 768, 4.4870553508170645e-08
609, 1378, 4.47851168021902e-08
496, 1196, 4.4706459189227836e-08
195, 1196, 4.4057468098456905e-08
442, 1076, 4.401590481337743e-08
729, 1244, 4.375033939499461e-08
596, 773, 4.374097950581894e-08
273, 1069, 4.330621968916725e-08
197, 590, 4.3104271198676564e-08
263, 1369, 4.3012831832264986e-08
729, 828, 4.286568346045676e-08
616, 751, 4.2692434706943745e-08
969, 1244, 4.264424779584529e-08
677, 1069, 4.247109884055495e-08
278, 1069, 4.197465934719737e-08
616, 768, 4.1696578899345064e-08
450, 1064, 4.15583641310858e-08
197, 462, 4.146368147054501e-08
490, 746, 4.106989369174447e-08
184, 1086, 4.1007011714080874e-08
475, 1258, 4.1006868958513344e-08
520, 642, 4.0574275651182944e-08
112, 1152, 4.056441378308146e-08
195, 584, 3.96820539368963e-08
695, 1167, 3.9622266476858825e-08
936, 1378, 3.952199531288204e-08
695, 1129, 3.9212665205812606e-08
305, 805, 3.914929258865117e-08
314, 768, 3.9028986519244856e-08
987, 1167, 3.8904501755628126e-08
523, 1012, 3.858665274047856e-08
580, 1244, 3.8177341679364924e-08
885, 1434, 3.816159745470929e-08
729, 1136, 3.7975524689654294e-08
523, 684, 3.7512242815859875e-08
433, 782, 3.7178147719318095e-08
496, 1167, 3.711345733617694e-08
450, 751, 3.6983077724753923e-08
969, 1136, 3.679559408576747e-08
433, 881, 3.6759516438851374e-08
496, 1129, 3.672979126531509e-08
613, 1152, 3.669326153099644e-08
1040, 1298, 3.664982018079473e-08
596, 1048, 3.661551500895199e-08
195, 1167, 3.657469171716542e-08
596, 721, 3.649781518304529e-08
195, 1129, 3.619659521871752e-08
314, 1064, 3.6148001453529416e-08
705, 800, 3.59833339190522e-08
913, 1369, 3.5895850746404465e-08
606, 778, 3.5806491063813666e-08
496, 800, 3.5755914327708714e-08
729, 885, 3.540750432655436e-08
1040, 1274, 3.5381677318563697e-08
1250, 1434, 3.531434759430809e-08
195, 800, 3.523685577863323e-08
523, 742, 3.5144640446191035e-08
705, 1152, 3.491038751111884e-08
336, 805, 3.458220178558223e-08
695, 1086, 3.4281393169677816e-08
520, 768, 3.417935328215002e-08
487, 805, 3.410711398200385e-08
556, 1258, 3.3884707717507155e-08
490, 721, 3.38253381912269e-08
305, 1369, 3.3697322190441214e-08
197, 746, 3.3357511330093325e-08
580, 1136, 3.3138133362594166e-08
450, 584, 3.310988182788034e-08
112, 540, 3.2920114444008023e-08
596, 921, 3.2869470438530496e-08
1056, 1258, 3.274255652558827e-08
433, 1378, 3.251180427295426e-08
241, 819, 3.224019621607486e-08
314, 751, 3.216835829085047e-08
496, 1086, 3.211075831743784e-08
593, 1152, 3.2090653349597455e-08
550, 819, 3.201940838220945e-08
241, 1177, 3.1966300101396315e-08
550, 1177, 3.174738796733927e-08
520, 1064, 3.165635140217223e-08
195, 1086, 3.164461547267107e-08
616, 1064, 3.149669596851056e-08
450, 778, 3.146286325761244e-08
609, 819, 3.145473426316503e-08
263, 1069, 3.1385217653631985e-08
609, 1177, 3.118751102900147e-08
184, 805, 3.0911389332547074e-08
342, 1258, 3.032123888568977e-08
921, 1258, 3.031101737940332e-08
596, 746, 3.01669726855017e-08
112, 1076, 3.0073186593045645e-08
913, 1069, 2.9961417896935744e-08
462, 748, 2.990476799595567e-08
717, 1439, 2.988911824782949e-08
336, 1369, 2.97662491087113e-08
606, 1103, 2.9631360345281888e-08
487, 1369, 2.9357322517006332e-08
705, 778, 2.9289540629976928e-08
846, 1258, 2.9082422183576816e-08
520, 751, 2.8171207622509233e-08
442, 748, 2.8014405400780546e-08
475, 1097, 2.793754317333287e-08
450, 642, 2.7725240879774518e-08
936, 1177, 2.7522372446919358e-08
197, 721, 2.747338745083963e-08
314, 778, 2.7366804506091065e-08
613, 1076, 2.7203235491827045e-08
1070, 1298, 2.714792377064525e-08
580, 885, 2.701024805223689e-08
1056, 1136, 2.6848026392333437e-08
606, 1196, 2.675933773712773e-08
1159, 1378, 2.6679861060277816e-08
184, 1369, 2.6606637740242416e-08
450, 623, 2.639446925730869e-08
613, 748, 2.6371428453316376e-08
450, 1103, 2.6301137597521723e-08
1070, 1274, 2.6208561842420177e-08
1326, 1439, 2.5894924876250045e-08
705, 1076, 2.5881468502702367e-08
677, 782, 2.5471719438097356e-08
1044, 1189, 2.542333957594116e-08
1044, 1439, 2.501383475717086e-08
490, 584, 2.498762534812749e-08
1048, 1177, 2.4764494576916504e-08
305, 1069, 2.4587960063076577e-08
609, 794, 2.454517395236109e-08
849, 1439, 2.4398735424443165e-08
616, 778, 2.4235200268507832e-08
241, 794, 2.4225365560946998e-08
496, 805, 2.42053275921303e-08
550, 794, 2.405946502017631e-08
520, 778, 2.3966281547075176e-08
195, 805, 2.38539456611659e-08
593, 1076, 2.37910058613419e-08
450, 1196, 2.3751897167111203e-08
314, 642, 2.341596425756338e-08
556, 1097, 2.3085290557817264e-08
729, 1434, 2.2905147345233675e-08
314, 1103, 2.2877068912188984e-08
433, 819, 2.2834598564043494e-08
717, 1189, 2.2771197046766892e-08
314, 623, 2.271701413730422e-08
433, 1177, 2.264060756643854e-08
969, 1434, 2.2326061756271637e-08
695, 1369, 2.2242845093324363e-08
606, 1167, 2.2214497803273514e-08
462, 768, 2.2184119374041266e-08
606, 800, 2.2032126328709937e-08
606, 1129, 2.1984852017079328e-08
336, 1069, 2.1719569886778648e-08
273, 780, 2.1549496574232377e-08
197, 609, 2.1486240112550934e-08
987, 1369, 2.147309034326749e-08
487, 1069, 2.142118799611246e-08
462, 584, 2.0927427226696963e-08
1048, 1378, 2.0907148384866857e-08
278, 780, 2.0886902257905004e-08
496, 1369, 2.0834468994559366e-08
921, 1097, 2.082636953099204e-08
649, 1258, 2.0782821454859724e-08
442, 768, 2.0781800202822184e-08
314, 1196, 2.065970668654384e-08
342, 1097, 2.0657537187121245e-08
490, 1152, 2.0618123060639392e-08
462, 1064, 2.0546564256355923e-08
195, 1369, 2.0532020869531454e-08
695, 782, 2.045827144010629e-08
520, 1103, 2.0034428001973385e-08
580, 1434, 1.9987448063436755e-08
616, 1103, 1.993338650005859e-08
846, 1097, 1.9813544559102224e-08
982, 1298, 1.980013749179763e-08
450, 1167, 1.97178447622899e-08
450, 1129, 1.9514008510730686e-08
184, 1069, 1.941409297963174e-08
442, 1064, 1.9247759445871186e-08
606, 1086, 1.9220100235955402e-08
112, 748, 1.9140409460692253e-08
982, 1274, 1.911502081434735e-08
139, 843, 1.8999127418780383e-08
450, 800, 1.8996601735625936e-08
705, 805, 1.882285046378621e-08
314, 584, 1.8607959795234114e-08
849, 1189, 1.858831724091678e-08
475, 782, 1.84435887732864e-08
999, 1378, 1.833861979715538e-08
462, 751, 1.8284530653627754e-08
475, 881, 1.8235911316010926e-08
1056, 1177, 1.8213425767691334e-08
520, 1196, 1.809258903499306e-08
616, 1196, 1.800134099090401e-08
523, 773, 1.7821503067355887e-08
593, 748, 1.7670206720593767e-08
580, 824, 1.758232076406306e-08
523, 716, 1.7405882690430408e-08
433, 794, 1.7157975526700332e-08
314, 1167, 1.7150835843285163e-08
442, 751, 1.7128715205648905e-08
450, 1086, 1.7059982905054637e-08
314, 1129, 1.697353644106608e-08
197, 1152, 1.674631248774796e-08
314, 800, 1.6523489350676337e-08
695, 1069, 1.6229959869007004e-08
475, 1378, 1.6128677329892064e-08
241, 1244, 1.6072380148181322e-08
550, 1244, 1.5962313014154054e-08
609, 1244, 1.568081171557962e-08
263, 780, 1.561751741811946e-08
462, 778, 1.555532213858063e-08
139, 836, 1.551756523884224e-08
613, 751, 1.546141041714438e-08
717, 843, 1.5430074754349716e-08
523, 590, 1.5382045231746662e-08
1098, 1298, 1.533958655303659e-08
490, 1076, 1.528563102912623e-08
556, 782, 1.5240266587458154e-08
885, 1439, 1.5238976704523893e-08
496, 1069, 1.5202308619019892e-08
556, 881, 1.5068658997851244e-08
523, 1048, 1.5047527498582894e-08
520, 1167, 1.5019720716620563e-08
717, 836, 1.5005578145049585e-08
613, 768, 1.498825742276907e-08
195, 1069, 1.4981620981666726e-08
616, 1167, 1.4943970356320842e-08
616, 800, 1.4916549988194352e-08
520, 1129, 1.4864452044650975e-08
314, 1086, 1.4838993298771835e-08
606, 805, 1.4808693830465587e-08
616, 1129, 1.4789484765346408e-08
649, 782, 1.4717251433806547e-08
1098, 1274, 1.469309208300356e-08
442, 778, 1.4572027463609488e-08
520, 800, 1.4470326553115391e-08
273, 1258, 1.4290917660080107e-08
139, 1298, 1.4231870523818867e-08
112, 768, 1.4198843756335179e-08
649, 1097, 1.4159114958184794e-08
1250, 1439, 1.4088579489841742e-08
677, 1258, 1.4015330380252996e-08
241, 1136, 1.3950910497590289e-08
112, 244, 1.3929889617713826e-08
550, 1136, 1.3855371646382014e-08
278, 1258, 1.3851506893148689e-08
936, 1244, 1.383801162923436e-08
442, 584, 1.3747715407192433e-08
139, 1274, 1.3739424860185443e-08
342, 782, 1.3637531352857452e-08
609, 1136, 1.3611027038728337e-08
197, 540, 1.3590496501682837e-08
462, 642, 1.3537027007567145e-08
523, 921, 1.3508051441218892e-08
342, 881, 1.3483970792074502e-08
556, 1378, 1.3327413944875578e-08
462, 623, 1.332458180862288e-08
112, 1064, 1.3150734121403725e-08
1356, 1434, 1.3035489190731904e-08
462, 1103, 1.3003351430248415e-08
520, 1086, 1.299514129223139e-08
616, 1086, 1.2929601682434043e-08
999, 1177, 1.2899383879781186e-08
1056, 1378, 1.2878187059129939e-08
450, 805, 1.285994154515926e-08
442, 642, 1.2673495533572935e-08
606, 1369, 1.2470604975431948e-08
197, 1076, 1.2415191869469095e-08
442, 623, 1.236340700661245e-08
305, 780, 1.2235151554435251e-08
936, 1136, 1.220912460679503e-08
442, 1103, 1.2181373839284273e-08
596, 1152, 1.204320956659864e-08
342, 1378, 1.1925842929501142e-08
921, 1378, 1.1921822642634368e-08
613, 1064, 1.1895730307398756e-08
462, 1196, 1.1743000273424336e-08
112, 751, 1.1702929899150058e-08
885, 1189, 1.1609902254476955e-08
1081, 1298, 1.149640788895399e-08
846, 1378, 1.1438595905606762e-08
1081, 1274, 1.1425099721310337e-08
433, 1244, 1.1383502327117751e-08
241, 885, 1.1371115837194855e-08
593, 768, 1.1336161966737236e-08
475, 819, 1.1327943201954092e-08
705, 1064, 1.1317733486521595e-08
550, 885, 1.1293243977560316e-08
475, 1177, 1.1231706826420882e-08
314, 805, 1.1185743120215906e-08
609, 885, 1.1094083439737115e-08
450, 1369, 1.1069052974997814e-08
442, 1196, 1.1000692943870283e-08
987, 1097, 1.0947471582046364e-08
336, 780, 1.0807819297744325e-08
487, 780, 1.0659342252717635e-08
593, 1064, 1.040359296795027e-08
263, 1258, 1.0357024105337514e-08
593, 751, 1.0145146835142665e-08
616, 805, 1.0088305486781539e-08
112, 778, 9.956112519103018e-09
520, 584, 9.929526300163107e-09
433, 1136, 9.88093988883789e-09
523, 746, 9.858632860249809e-09
1218, 1378, 9.822899216921234e-09
520, 805, 9.795833812920558e-09
462, 1167, 9.748554180990945e-09
273, 1097, 9.736250029695176e-09
490, 748, 9.728707526797198e-09
184, 780, 9.66059686482057e-09
462, 1129, 9.647777003447919e-09
314, 1369, 9.628005129540721e-09
677, 1097, 9.548495350449078e-09
278, 1097, 9.436884153105243e-09
462, 800, 9.391969736399801e-09
556, 819, 9.360481650697822e-09
556, 1177, 9.280959815952715e-09
649, 881, 9.242200113613587e-09
729, 1439, 9.146656064960638e-09
442, 1167, 9.132321271801496e-09
606, 1069, 9.099439277857679e-09
442, 1129, 9.037914496693943e-09
613, 778, 8.941935456293139e-09
596, 1076, 8.92845858471471e-09
969, 1439, 8.915411243236621e-09
442, 800, 8.79827751022674e-09
913, 1258, 8.643332131953042e-09
112, 642, 8.518786869680245e-09
475, 794, 8.511845377174087e-09
580, 831, 8.506176029873494e-09
462, 1086, 8.434500305772277e-09
520, 1369, 8.431656009378055e-09
241, 1434, 8.414568677033412e-09
616, 1369, 8.389131851127437e-09
342, 819, 8.37609114359527e-09
550, 1434, 8.356943891543192e-09
523, 721, 8.330961492299234e-09
112, 1103, 8.322735383531272e-09
342, 1177, 8.304932183983225e-09
921, 1177, 8.302132532001737e-09
112, 623, 8.264507052648924e-09
999, 1136, 8.248430172796598e-09
609, 1434, 8.20956609263037e-09
593, 778, 8.17957204514732e-09
649, 1378, 8.174226166579839e-09
1346, 1434, 8.170444968971002e-09
305, 1258, 8.113950264254146e-09
450, 1069, 8.076767374783573e-09
433, 885, 8.053761944479661e-09
580, 1439, 7.981538398204722e-09
846, 1177, 7.965622542374569e-09
197, 748, 7.901785039622257e-09
442, 1086, 7.901332354454875e-09
729, 836, 7.721173043837211e-09
496, 780, 7.564781683956119e-09
1048, 1244, 7.535526780335629e-09
613, 1103, 7.528478230062868e-09
112, 1196, 7.516053411976321e-09
195, 780, 7.454965876451958e-09
241, 824, 7.402027767690976e-09
550, 824, 7.351337081254429e-09
936, 1434, 7.244782548336816e-09
609, 824, 7.221693530674002e-09
490, 768, 7.217003293882459e-09
336, 1258, 7.167390437035805e-09
705, 1103, 7.162680051172326e-09
487, 1258, 7.068925342151609e-09
263, 1097, 7.056130239615496e-09
556, 794, 7.033489755922459e-09
314, 1069, 7.025276497471886e-09
729, 1189, 6.968432653223192e-09
596, 748, 6.967559822403575e-09
1356, 1439, 6.9595584310532434e-09
613, 1196, 6.798779713700995e-09
969, 1189, 6.79225745267494e-09
112, 584, 6.769622716859804e-09
729, 843, 6.769096430491055e-09
677, 794, 6.7064656437455445e-09
490, 1064, 6.6842690221728396e-09
490, 623, 6.613848778230589e-09
593, 1103, 6.584145836337098e-09
580, 828, 6.583293238964241e-09
705, 1196, 6.468436560416848e-09
273, 782, 6.427601404585962e-09
999, 1244, 6.420982341810754e-09
184, 1258, 6.4065902359622594e-09
717, 1298, 6.3899051460538456e-09
462, 805, 6.357988838471933e-09
273, 881, 6.355225690049425e-09
695, 794, 6.316626738479546e-09
342, 794, 6.2938162213862015e-09
112, 1167, 6.239517347171689e-09
677, 881, 6.2326709736717134e-09
278, 782, 6.229968381298166e-09
112, 1129, 6.1750153773611476e-09
717, 1274, 6.168804126694754e-09
278, 881, 6.159818042975238e-09
520, 1069, 6.152335193061627e-09
616, 1069, 6.121306546367593e-09
913, 1097, 6.100967600394438e-09
580, 1189, 6.0807810419450654e-09
112, 800, 6.011287110518086e-09
433, 1434, 5.959743437722331e-09
442, 805, 5.9560828854675745e-09
490, 751, 5.948377563670123e-09
593, 1196, 5.945976833058273e-09
197, 768, 5.861745612295014e-09
705, 768, 5.783206820523738e-09
649, 819, 5.772435186186601e-09
649, 794, 5.755077621766258e-09
649, 1177, 5.6923769976925375e-09
613, 800, 5.648882554885755e-09
475, 1244, 5.647205377367827e-09
613, 1167, 5.64406632550547e-09
273, 1378, 5.6208534214274826e-09
613, 1129, 5.585719922173253e-09
580, 821, 5.531033289641104e-09
305, 1097, 5.527947916316436e-09
677, 1378, 5.512460402759029e-09
462, 1369, 5.472568830919915e-09
278, 1378, 5.448025925568481e-09
197, 1064, 5.429051784600621e-09
523, 623, 5.419501882938056e-09
112, 1086, 5.3984631972616725e-09
677, 819, 5.37197119225275e-09
705, 1167, 5.369829073259338e-09
695, 1258, 5.355836223506766e-09
1044, 1298, 5.3476328780289015e-09
705, 1129, 5.314317639682165e-09
490, 642, 5.309017031560849e-09
433, 824, 5.24259627647214e-09
849, 1298, 5.216132632389647e-09
987, 1258, 5.170487615616301e-09
1044, 1274, 5.162596159413353e-09
442, 1369, 5.126632710670102e-09
490, 778, 5.060503381662445e-09
849, 1274, 5.035646034267643e-09
496, 1258, 5.016714510684577e-09
523, 1152, 4.949282485314865e-09
195, 1258, 4.943888277486468e-09
593, 1167, 4.9361045700702055e-09
475, 1136, 4.90180396772685e-09
1159, 1434, 4.890689102899357e-09
593, 1129, 4.885076830223507e-09
613, 1086, 4.8832758442376324e-09
336, 1097, 4.883066785162318e-09
197, 751, 4.831351000445477e-09
705, 780, 4.821244391793923e-09
487, 1097, 4.815983564490764e-09
593, 800, 4.755550810622014e-09
1056, 1244, 4.677055700171583e-09
556, 1244, 4.666386595534428e-09
263, 782, 4.658260880807926e-09
705, 1086, 4.646004332485211e-09
263, 881, 4.605808194568603e-09
606, 780, 4.573791755008039e-09
184, 1097, 4.364741709300629e-09
593, 1086, 4.270743613115868e-09
596, 768, 4.2583022486435036e-09
490, 1103, 4.2302887268731045e-09
342, 1244, 4.175648315333595e-09
921, 1244, 4.17424067444972e-09
197, 778, 4.110207836347848e-09
263, 1378, 4.0735882581501726e-09
112, 805, 4.069401566041977e-09
596, 751, 4.054606331081988e-09
556, 1136, 4.05044810670575e-09
450, 780, 4.019059435873779e-09
846, 1244, 4.005046352310692e-09
475, 885, 3.995365086592077e-09
717, 833, 3.993662722318998e-09
462, 1069, 3.993174979799046e-09
273, 819, 3.9477947882578e-09
273, 1177, 3.914256355463992e-09
596, 1064, 3.9043346669720824e-09
677, 1177, 3.838773500744213e-09
1048, 1434, 3.8324923262364e-09
278, 819, 3.826409753590509e-09
490, 1196, 3.820267562774461e-09
278, 1177, 3.79390254558059e-09
613, 805, 3.791061140988533e-09
442, 1069, 3.740755411828421e-09
139, 833, 3.717285255720802e-09
523, 1076, 3.669243107480697e-09
305, 782, 3.6493974253972604e-09
695, 1097, 3.648874189221796e-09
342, 1136, 3.624484698566854e-09
921, 1136, 3.6232628588764857e-09
305, 881, 3.608304686494303e-09
241, 831, 3.581037566933834e-09
550, 831, 3.5565138474721097e-09
197, 642, 3.5168329486790052e-09
112, 1369, 3.5026925552405515e-09
314, 780, 3.4958297653760586e-09
609, 831, 3.493793409301664e-09
846, 1136, 3.4764012974213766e-09
197, 1103, 3.435896503540288e-09
496, 1097, 3.417834177301607e-09
197, 623, 3.4118579501962242e-09
913, 1378, 3.3995649644062137e-09
195, 1097, 3.368218440089832e-09
999, 1434, 3.361654987690118e-09
241, 1439, 3.36016898139846e-09
550, 1439, 3.337157817761224e-09
556, 885, 3.301441480959469e-09
609, 1439, 3.2783058043710096e-09
885, 1298, 3.257895226531269e-09
336, 782, 3.2236648433708136e-09
593, 805, 3.2193181859965133e-09
305, 1378, 3.191350351945805e-09
336, 881, 3.1873659144579506e-09
487, 782, 3.179378367356184e-09
490, 1167, 3.17142846414402e-09
613, 1369, 3.1684228121576068e-09
885, 1274, 3.1451667995692445e-09
487, 881, 3.1435781105208265e-09
490, 1129, 3.1386433348353728e-09
197, 1196, 3.1028718862949943e-09
520, 780, 3.06144768853086e-09
490, 800, 3.0554233585199893e-09
596, 778, 3.036756195530021e-09
616, 780, 3.0364119802075673e-09
705, 1369, 3.014473599684042e-09
606, 1258, 3.0027866298681265e-09
273, 794, 2.966383059959863e-09
475, 1434, 2.9565501215792944e-09
342, 885, 2.9542469908801076e-09
1346, 1439, 2.9095869283221016e-09
936, 1439, 2.8930411682706373e-09
184, 782, 2.8814810482259153e-09
278, 794, 2.875174035711519e-09
649, 1244, 2.862078087344277e-09
263, 819, 2.861076297369311e-09
184, 881, 2.8490351579689195e-09
263, 1177, 2.8367700655959147e-09
336, 1378, 2.8190527731648474e-09
197, 584, 2.7947209602711976e-09
695, 819, 2.793028527848398e-09
487, 1378, 2.7803248287014195e-09
241, 828, 2.7715180499530585e-09
593, 1369, 2.770992653351766e-09
550, 828, 2.752538095157906e-09
490, 1086, 2.7439365729450618e-09
609, 828, 2.7039960669771936e-09
450, 1258, 2.665308086023644e-09
475, 824, 2.600782872713492e-09
197, 1167, 2.575876181206922e-09
241, 1189, 2.5599641097279525e-09
112, 1069, 2.555813312843025e-09
197, 1129, 2.5492476651805635e-09
550, 1189, 2.5424329220524192e-09
433, 831, 2.536323127057214e-09
184, 1378, 2.519817516553404e-09
609, 1189, 2.49759617637141e-09
649, 1136, 2.4842988322530933e-09
197, 800, 2.481655298770603e-09
695, 881, 2.475577507390181e-09
596, 1103, 2.4709452705814185e-09
556, 1434, 2.4430501344354766e-09
433, 1439, 2.3798896657870944e-09
913, 1177, 2.3673929508662357e-09
1056, 1434, 2.360702290498751e-09
523, 748, 2.3353300213368187e-09
241, 821, 2.328524348027276e-09
314, 1258, 2.318319370410916e-09
550, 821, 2.312578109876033e-09
613, 1069, 2.311906362410336e-09
580, 843, 2.2779258700501187e-09
609, 821, 2.2717949388902505e-09
496, 782, 2.256359038815029e-09
305, 819, 2.241438326587206e-09
523, 642, 2.238574315882333e-09
596, 1196, 2.2314486495040334e-09
496, 881, 2.2309521121240316e-09
197, 1086, 2.228661608137343e-09
195, 782, 2.2236041094305746e-09
305, 1177, 2.2223962201177142e-09
936, 1189, 2.20408009232201e-09
705, 1069, 2.1995740807337916e-09
195, 881, 2.1985660079466217e-09
342, 1434, 2.1861279534561897e-09
921, 1434, 2.1853909941022568e-09
729, 833, 2.1838094395983096e-09
263, 794, 2.1498200177508364e-09
556, 824, 2.149073306907513e-09
695, 1378, 2.1065386476612358e-09
846, 1434, 2.096810632620196e-09
490, 805, 2.0683997239670813e-09
606, 1097, 2.0457665567473406e-09
987, 1378, 2.0336379857444618e-09
520, 1258, 2.030251457927421e-09
649, 885, 2.024903664935495e-09
593, 1069, 2.0219130858718232e-09
616, 1258, 2.0200121011285392e-09
462, 780, 1.9870335292511113e-09
336, 819, 1.9799558912706056e-09
496, 1378, 1.97315648948664e-09
273, 1244, 1.9680543554586726e-09
336, 1177, 1.9631352049999966e-09
433, 828, 1.9629688870232215e-09
729, 1298, 1.9554362284648897e-09
1159, 1439, 1.9529868317646898e-09
487, 819, 1.9527553994858857e-09
195, 1378, 1.9445127318373455e-09
487, 1177, 1.9361657945947683e-09
677, 1244, 1.9301022267519347e-09
342, 824, 1.923067056232405e-09
278, 1244, 1.9075414972738913e-09
969, 1298, 1.9059990900360855e-09
729, 1274, 1.8877749825585576e-09
442, 780, 1.8614276773828438e-09
580, 836, 1.8604993018157416e-09
596, 1167, 1.8524565745791057e-09
969, 1274, 1.8400484488180871e-09
596, 1129, 1.8333065199513957e-09
450, 1097, 1.8158460183549284e-09
433, 1189, 1.8131326618555415e-09
596, 800, 1.7846970702965575e-09
490, 1369, 1.780352269694479e-09
705, 782, 1.7723757178340451e-09
184, 819, 1.7697886269882303e-09
184, 1177, 1.7547534136326655e-09
523, 768, 1.7324073531727416e-09
1218, 1434, 1.7134742591907287e-09
273, 1136, 1.7082815310651735e-09
580, 1298, 1.7063492091413022e-09
305, 794, 1.6842224681256355e-09
197, 805, 1.6799816367984273e-09
677, 1136, 1.6753388837472797e-09
278, 1136, 1.6557560519073907e-09
433, 821, 1.6492120078131758e-09
580, 1274, 1.647306775662188e-09
1048, 1189, 1.6389385836217992e-09
523, 1064, 1.6045270222354974e-09
596, 1086, 1.6027551629332057e-09
314, 1097, 1.5794463012027219e-09
1048, 1439, 1.530419719695877e-09
649, 1434, 1.498418554249788e-09
336, 794, 1.4877439001647815e-09
487, 794, 1.4673053813509955e-09
695, 1177, 1.466953800681833e-09
987, 1177, 1.4627274791479844e-09
197, 1369, 1.4460256813332996e-09
523, 751, 1.4278797737954418e-09
263, 1244, 1.4263035366187743e-09
273, 885, 1.3923870542813614e-09
496, 819, 1.3858423839905342e-09
520, 1097, 1.3831886998237498e-09
616, 1097, 1.3762127350670867e-09
496, 1177, 1.3740689803180623e-09
195, 819, 1.3657244999815103e-09
677, 885, 1.3655361431024505e-09
606, 782, 1.3620553258487749e-09
195, 1177, 1.3541220074979374e-09
278, 885, 1.3495745577055614e-09
999, 1439, 1.3424014051522492e-09
606, 881, 1.3353506881634234e-09
649, 824, 1.3302451975064967e-09
184, 794, 1.329823682432178e-09
462, 1258, 1.3177353102671089e-09
490, 1069, 1.2990714887687222e-09
112, 780, 1.2717916877714696e-09
705, 794, 1.2628435439961387e-09
475, 831, 1.2582364539724593e-09
263, 1136, 1.2380389710989185e-09
442, 1258, 1.234437638765116e-09
523, 778, 1.2147497946382853e-09
596, 805, 1.208168719818376e-09
450, 782, 1.1987710240074206e-09
913, 1244, 1.1903047692649562e-09
450, 881, 1.1852726901862914e-09
606, 1378, 1.1810454656427079e-09
475, 1439, 1.1806318769012695e-09
677, 824, 1.1570063378528788e-09
613, 780, 1.143589340887706e-09
1056, 1189, 1.1307761023474036e-09
305, 1244, 1.1174016628860001e-09
999, 1189, 1.056325893840193e-09
197, 1069, 1.0551230599828556e-09
450, 1378, 1.0483095929054782e-09
593, 780, 1.0452093818631516e-09
314, 782, 1.0427065074454092e-09
496, 794, 1.0413254974324822e-09
596, 1369, 1.0399179121804688e-09
556, 831, 1.0397032391208216e-09
913, 1136, 1.0331907998548251e-09
314, 881, 1.0309654824847698e-09
273, 1434, 1.0303594353457115e-09
195, 794, 1.0262088681426073e-09
523, 1103, 1.0154607110531382e-09
677, 1434, 1.0104898957692322e-09
263, 885, 1.0091014886633332e-09
1218, 1298, 1.003433516959316e-09
1159, 1274, 1.0031200022354283e-09
278, 1434, 9.98678402645832e-10
336, 1244, 9.870474592603652e-10
556, 1439, 9.755771919881176e-10
475, 828, 9.738029769621897e-10
487, 1244, 9.734874721792836e-10
305, 1136, 9.699105201008514e-10
241, 843, 9.5899004284552e-10
550, 843, 9.524226717030083e-10
1056, 1439, 9.426934303240817e-10
609, 843, 9.356263453411305e-10
342, 831, 9.303633528855814e-10
523, 1196, 9.170370785957345e-10
520, 782, 9.131426989527477e-10
314, 1378, 9.118332128898932e-10
273, 824, 9.063743423887693e-10
520, 881, 9.028605810753989e-10
616, 782, 9.014635482893713e-10
475, 1189, 8.994712017162088e-10
616, 881, 8.983070999816266e-10
462, 1097, 8.97759035415687e-10
184, 1244, 8.822748907682008e-10
278, 824, 8.785055480685466e-10
342, 1439, 8.729810903583189e-10
921, 1439, 8.726868021949343e-10
336, 1136, 8.567623857859986e-10
487, 1136, 8.449922456840012e-10
112, 1258, 8.434104355110147e-10
442, 1097, 8.410092187891269e-10
846, 1439, 8.373142246526688e-10
606, 819, 8.295048428385606e-10
606, 1177, 8.224577965973506e-10
475, 821, 8.181523270527884e-10
556, 828, 8.046707804535199e-10
520, 1378, 7.985313557243936e-10
616, 1378, 7.945040479569591e-10
305, 885, 7.905552026647765e-10
987, 1136, 7.862118643212191e-10
241, 836, 7.832565267468868e-10
550, 836, 7.778926167153705e-10
184, 1136, 7.658192453076866e-10
609, 836, 7.64174192476814e-10
613, 1258, 7.629219012918369e-10
523, 1167, 7.612863355628005e-10
596, 1069, 7.587979824944261e-10
523, 1129, 7.53416421032324e-10
263, 1434, 7.467300395164145e-10
556, 1189, 7.432491078824754e-10
695, 1244, 7.375717261488114e-10
450, 819, 7.362780768444018e-10
523, 800, 7.334398610906342e-10
450, 1177, 7.300230372280496e-10
705, 1258, 7.25852598094034e-10
342, 828, 7.200479685961581e-10
241, 1298, 7.183604711192086e-10
550, 1298, 7.134409833068516e-10
987, 1244, 7.120466938371366e-10
609, 1298, 7.008591874807054e-10
336, 885, 6.983303588254488e-10
241, 1274, 6.935040407338821e-10
496, 1244, 6.908700391175693e-10
550, 1274, 6.887547751306454e-10
487, 885, 6.887367465273168e-10
1218, 1439, 6.842374549597523e-10
195, 1244, 6.808408731223337e-10
433, 843, 6.792189634495454e-10
609, 1274, 6.766083297234726e-10
556, 821, 6.76053870355942e-10
593, 1258, 6.67225022951165e-10
342, 1189, 6.650856763930889e-10
921, 1189, 6.64861471259254e-10
523, 1086, 6.586689380672844e-10
263, 824, 6.568746063664139e-10
649, 831, 6.551386934556054e-10
606, 794, 6.465089969049075e-10
490, 780, 6.464276216634792e-10
314, 819, 6.404241732909112e-10
695, 1136, 6.402161373852025e-10
846, 1189, 6.37912669137086e-10
314, 1177, 6.349834591080676e-10
184, 885, 6.24204373632168e-10
913, 1434, 6.231747342482897e-10
936, 1298, 6.184946138456466e-10
342, 821, 6.049569933892838e-10
1159, 1298, 6.020497157148396e-10
496, 1136, 5.99678827425358e-10
649, 1439, 5.983597900727042e-10
936, 1274, 5.970937031179164e-10
462, 782, 5.926755392905918e-10
195, 1136, 5.909734585954108e-10
462, 881, 5.860019276360321e-10
305, 1434, 5.850068842012502e-10
695, 824, 5.777799090624724e-10
112, 1097, 5.746065489361539e-10
520, 819, 5.608468479842688e-10
616, 819, 5.580182766939414e-10
520, 1177, 5.560821818028668e-10
442, 782, 5.552108891484574e-10
433, 836, 5.547530865216814e-10
616, 1177, 5.532776405985017e-10
450, 794, 5.532412224331781e-10
442, 881, 5.489591348327761e-10
695, 885, 5.389766088791498e-10
197, 780, 5.250370715729234e-10
705, 819, 5.199460228808373e-10
613, 1097, 5.197705676282039e-10
462, 1378, 5.182870130125109e-10
336, 1434, 5.167609624003017e-10
305, 824, 5.146119031587302e-10
677, 831, 5.111070099503068e-10
487, 1434, 5.096617374254394e-10
433, 1298, 5.087894897520993e-10
649, 828, 4.999206673298047e-10
523, 805, 4.965095269027339e-10
705, 1097, 4.945156460797725e-10
433, 1274, 4.911845531760283e-10
496, 885, 4.887865500208541e-10
442, 1378, 4.85524666115309e-10
195, 885, 4.816909731846378e-10
314, 794, 4.812163551381912e-10
112, 241, 4.777633836502321e-10
184, 1434, 4.619081052056384e-10
649, 1189, 4.558638555888838e-10
336, 824, 4.5457814176332374e-10
593, 1097, 4.5457330341131e-10
487, 824, 4.4833317991086244e-10
580, 833, 4.4568890263834633e-10
273, 831, 4.3849613533828366e-10
490, 1258, 4.286895465317033e-10
523, 1369, 4.2736510399973206e-10
278, 831, 4.250134516010674e-10
616, 794, 4.2352241648929765e-10
520, 794, 4.214217501985771e-10
649, 821, 4.188596545874128e-10
606, 1244, 4.135246907154811e-10
677, 828, 4.1350212241946457e-10
273, 1439, 4.1145089513494787e-10
184, 824, 4.0632583226583885e-10
677, 1439, 4.0351644084238484e-10
278, 1439, 3.9879978638978325e-10
596, 780, 3.912000822731838e-10
695, 1434, 3.861498973205616e-10
112, 782, 3.7933925790337856e-10
677, 821, 3.7791043502217445e-10
112, 881, 3.750678434029496e-10
987, 1434, 3.727864666780631e-10
450, 1244, 3.6704929047283095e-10
462, 819, 3.640178128453784e-10
496, 1434, 3.616995950483015e-10
462, 1177, 3.6092530484871956e-10
606, 1136, 3.5894160637858e-10
195, 1434, 3.564489037840182e-10
197, 1258, 3.4818732458512373e-10
613, 782, 3.4368432552901207e-10
442, 819, 3.4100724618679767e-10
273, 828, 3.3937090332321757e-10
613, 881, 3.392742846832739e-10
442, 1177, 3.3811022412211105e-10
475, 843, 3.369515701389285e-10
112, 1378, 3.3172722318261233e-10
278, 828, 3.28936078041142e-10
1048, 1298, 3.2718385204344903e-10
705, 881, 3.2553729613509647e-10
314, 1244, 3.1926420981532937e-10
450, 1136, 3.1860071454133274e-10
496, 824, 3.181756010165438e-10
263, 831, 3.1779030233181707e-10
1048, 1274, 3.158627633025119e-10
195, 824, 3.1355673532900616e-10
273, 1189, 3.134662364577081e-10
523, 1069, 3.118359390728916e-10
593, 782, 3.106231512509185e-10
677, 1189, 3.0742132671308435e-10
278, 1189, 3.0382791632703184e-10
613, 1378, 3.0006975627163026e-10
263, 1439, 2.981898671894979e-10
593, 881, 2.9671751722060376e-10
606, 885, 2.9256632286649717e-10
490, 1097, 2.9206162329298064e-10
999, 1298, 2.869879792280319e-10
705, 1378, 2.8548978844413795e-10
273, 821, 2.851265613851972e-10
520, 1244, 2.7959332769873273e-10
556, 843, 2.7842909637075164e-10
616, 1244, 2.7818322855573446e-10
314, 1136, 2.7712301321603323e-10
999, 1274, 2.7705773248715363e-10
278, 821, 2.763596169530148e-10
475, 836, 2.7520569006725455e-10
462, 794, 2.7352391182032715e-10
593, 1378, 2.6243059699331084e-10
450, 885, 2.5968524645673033e-10
442, 794, 2.5623371341915405e-10
475, 1298, 2.5240375588378143e-10
596, 1258, 2.5040097164554205e-10
342, 843, 2.491482356633234e-10
305, 831, 2.489648263205054e-10
913, 1439, 2.488508315022238e-10
695, 831, 2.4661465902625303e-10
263, 828, 2.459514994049053e-10
475, 1274, 2.436701790245962e-10
520, 1136, 2.426884788989907e-10
616, 1136, 2.41464505426778e-10
197, 1097, 2.372163166821011e-10
305, 1439, 2.336093579654073e-10
112, 819, 2.3298792987755196e-10
112, 1177, 2.310085843322358e-10
556, 836, 2.2740737361728697e-10
263, 1189, 2.2717766937184387e-10
314, 885, 2.2587757874127722e-10
336, 831, 2.1992100730382033e-10
487, 831, 2.1689974830566338e-10
606, 1434, 2.1649761128056366e-10
613, 819, 2.1075337339469142e-10
613, 1177, 2.089629211982677e-10
556, 1298, 2.0856572842895294e-10
263, 821, 2.0663912140418278e-10
336, 1439, 2.0635688212925552e-10
487, 1439, 2.0352196610823477e-10
342, 836, 2.0349218760575293e-10
1056, 1298, 2.0153560742851436e-10
556, 1274, 2.0134901799194494e-10
695, 828, 2.0025121445694043e-10
705, 1177, 1.9880970647225096e-10
520, 885, 1.9781065948274014e-10
616, 885, 1.9681302250868104e-10
184, 831, 1.9657695369785622e-10
1056, 1274, 1.945621505115342e-10
695, 821, 1.9328884688656373e-10
490, 782, 1.9281095846738432e-10
305, 828, 1.9268452146999169e-10
450, 1434, 1.921657796831976e-10
490, 881, 1.906398793958662e-10
606, 824, 1.9044604564359848e-10
913, 1189, 1.895884405957819e-10
241, 833, 1.8763175108394403e-10
342, 1298, 1.8663201488365768e-10
921, 1298, 1.8656909989787453e-10
550, 833, 1.863468082874239e-10
184, 1439, 1.8445262578993146e-10
593, 819, 1.843175876353785e-10
609, 833, 1.8306051334560776e-10
593, 1177, 1.8275172026962572e-10
462, 1244, 1.8147013217752544e-10
342, 1274, 1.8017424629513532e-10
921, 1274, 1.8011350826928813e-10
846, 1298, 1.790069023986926e-10
305, 1189, 1.779766361152287e-10
649, 843, 1.757999791869602e-10
112, 794, 1.7506772399101628e-10
846, 1274, 1.728129749947616e-10
596, 1097, 1.7059551567005134e-10
336, 828, 1.7020626841071572e-10
442, 1244, 1.6999890624939737e-10
450, 824, 1.6904210920487644e-10
490, 1378, 1.686106631965172e-10
487, 828, 1.6786798692372745e-10
314, 1434, 1.671482751678116e-10
305, 821, 1.6188622684180462e-10
613, 794, 1.6185951131543132e-10
462, 1136, 1.5751702913031328e-10
336, 1189, 1.572141802899442e-10
197, 782, 1.5660361285363566e-10
523, 780, 1.5517187944379144e-10
487, 1189, 1.5505438317614392e-10
197, 881, 1.5484023369151227e-10
695, 1439, 1.5420028725752822e-10
496, 831, 1.5393062764440832e-10
184, 828, 1.5213930744794715e-10
195, 831, 1.5169606002823338e-10
987, 1439, 1.4886390141845947e-10
442, 1136, 1.4755994469443536e-10
314, 824, 1.470350081627696e-10
520, 1434, 1.463788957124376e-10
616, 1434, 1.456406493562173e-10
649, 836, 1.4489695780122297e-10
496, 1439, 1.444366082818841e-10
336, 821, 1.4300085117177207e-10
195, 1439, 1.4233986267384126e-10
487, 821, 1.410363157522432e-10
184, 1189, 1.4052629632060586e-10
593, 794, 1.3974855711447337e-10
197, 1378, 1.3694781267678205e-10
433, 833, 1.3289297885023907e-10
520, 824, 1.287648472850061e-10
462, 885, 1.283890671423167e-10
616, 824, 1.2811543550433411e-10
649, 1298, 1.279215489086877e-10
184, 821, 1.2782167581068073e-10
649, 1274, 1.234952570913248e-10
442, 885, 1.2027324125836236e-10
496, 828, 1.191334927330473e-10
490, 819, 1.184233509584839e-10
695, 1189, 1.1747837780608402e-10
273, 843, 1.174278179873183e-10
490, 1177, 1.174172871151576e-10
195, 828, 1.1740406533489536e-10
596, 782, 1.1705856842892324e-10
112, 1244, 1.1614912495671351e-10
677, 843, 1.1426667569385472e-10
278, 843, 1.1381719977593319e-10
987, 1189, 1.1341282149052302e-10
596, 881, 1.1135426889067669e-10
496, 1189, 1.1003986269124241e-10
195, 1189, 1.084424449620951e-10
613, 1244, 1.050647555619457e-10
523, 1258, 1.0290488896815916e-10
677, 836, 1.0087529237312267e-10
112, 1136, 1.0081805132190717e-10
496, 821, 1.0009144212469675e-10
705, 1244, 9.995980671628542e-11
705, 824, 9.914998374876293e-11
195, 821, 9.863844281812169e-11
596, 1378, 9.848682860542885e-11
197, 819, 9.618501330913611e-11
273, 836, 9.590934290339512e-11
197, 1177, 9.536787493754893e-11
462, 1434, 9.500726562959632e-11
278, 836, 9.296036517337908e-11
606, 831, 9.213616394423044e-11
593, 1244, 9.188598967007776e-11
613, 1136, 9.119676039156957e-11
442, 1434, 8.900159518800201e-11
490, 794, 8.898360756536552e-11
273, 1298, 8.796285559083659e-11
705, 1136, 8.676563794523775e-11
606, 1439, 8.645345779366592e-11
677, 1298, 8.626657235173971e-11
278, 1298, 8.525821291105848e-11
263, 843, 8.51031942426732e-11
273, 1274, 8.491919898055336e-11
462, 824, 8.357486227928637e-11
677, 1274, 8.328160987614448e-11
278, 1274, 8.230814129770851e-11
112, 885, 8.217483298023278e-11
450, 831, 8.178112301856887e-11
593, 1136, 7.97575222867547e-11
442, 824, 7.829186548188437e-11
450, 1439, 7.673708742078723e-11
613, 885, 7.433270585232108e-11
197, 794, 7.22736640088001e-11
705, 885, 7.19290997409124e-11
606, 828, 7.130811577704649e-11
314, 831, 7.113427622949215e-11
523, 1097, 7.01080051052786e-11
263, 836, 6.950815895835063e-11
596, 819, 6.917202060426784e-11
596, 1177, 6.858437071650099e-11
314, 1439, 6.674690897063848e-11
305, 843, 6.667195889390129e-11
475, 833, 6.59264541976437e-11
606, 1189, 6.586506522108174e-11
593, 885, 6.500880533689767e-11
263, 1298, 6.374911936365559e-11
450, 828, 6.329390696268649e-11
520, 831, 6.229532905034612e-11
616, 831, 6.198114919909689e-11
263, 1274, 6.154329706232574e-11
112, 1434, 6.080896418046686e-11
606, 821, 5.991037431692416e-11
490, 1244, 5.903639984911877e-11
336, 843, 5.889412000709608e-11
450, 1189, 5.846259243798966e-11
520, 1439, 5.845312383589686e-11
616, 1439, 5.815832173705935e-11
487, 843, 5.808503681767543e-11
695, 843, 5.662171867010448e-11
314, 828, 5.505385711694445e-11
613, 1434, 5.500582944535202e-11
556, 833, 5.4476205769301753e-11
305, 836, 5.4454420402214856e-11
112, 824, 5.3491706903154816e-11
596, 794, 5.3328944718191084e-11
913, 1298, 5.320107457272721e-11
450, 821, 5.3177140032295194e-11
184, 843, 5.264265948780874e-11
705, 1434, 5.233317348161067e-11
913, 1274, 5.13602316258967e-11
490, 1136, 5.124390555733637e-11
314, 1189, 5.085151739273559e-11
695, 836, 5.052513179504691e-11
305, 1298, 4.9942645555891964e-11
342, 833, 4.8747242044634036e-11
613, 824, 4.8386874308917106e-11
305, 1274, 4.8214549506028635e-11
520, 828, 4.821301806074844e-11
593, 1434, 4.8106189836701875e-11
336, 836, 4.810185906174543e-11
616, 828, 4.796986084377058e-11
197, 1244, 4.795014546752445e-11
487, 836, 4.744103917782408e-11
523, 782, 4.628335454749226e-11
314, 821, 4.625416267874935e-11
523, 881, 4.576219733103278e-11
520, 1189, 4.4532849374468673e-11
616, 1189, 4.430825269594615e-11
336, 1298, 4.411642030079331e-11
487, 1298, 4.351035208823683e-11
184, 836, 4.299596949598584e-11
336, 1274, 4.258992103734105e-11
593, 824, 4.231748133935479e-11
487, 1274, 4.2004823761995125e-11
490, 885, 4.1767910857387785e-11
197, 1136, 4.1620978448519704e-11
496, 843, 4.1222114105421894e-11
195, 843, 4.062370427198034e-11
520, 821, 4.0506749161612734e-11
523, 1378, 4.0474188641784406e-11
462, 831, 4.04328017762633e-11
616, 821, 4.03024576903228e-11
705, 831, 4.028617511457677e-11
184, 1298, 3.943357488720252e-11
184, 1274, 3.806910962437815e-11
462, 1439, 3.793901734350132e-11
442, 831, 3.787693322358598e-11
442, 1439, 3.5540787760394356e-11
705, 821, 3.465285834910543e-11
649, 833, 3.461732697151018e-11
596, 1244, 3.448363041336915e-11
197, 885, 3.3924450112217016e-11
496, 836, 3.366822227222796e-11
705, 828, 3.328897400236217e-11
195, 836, 3.317947016139123e-11
695, 1298, 3.2966017963457777e-11
695, 1274, 3.182534059668471e-11
987, 1298, 3.182516800422996e-11
462, 828, 3.129267365632167e-11
490, 1434, 3.0908044508356655e-11
496, 1298, 3.0878670253378846e-11
987, 1274, 3.072396588523533e-11
195, 1298, 3.043041328441415e-11
596, 1136, 2.993197255748917e-11
496, 1274, 2.9810218482433345e-11
195, 1274, 2.9377471927239675e-11
442, 828, 2.9314577728911846e-11
462, 1189, 2.8904059080174163e-11
523, 819, 2.842696277577378e-11
523, 1177, 2.818546192992878e-11
490, 824, 2.7188821254774175e-11
442, 1189, 2.7076954046579527e-11
462, 821, 2.6290917544213835e-11
112, 831, 2.5878829146755216e-11
677, 833, 2.57749273713857e-11
197, 1434, 2.510392290316014e-11
606, 843, 2.4673760650925882e-11
442, 821, 2.4628996370803166e-11
596, 885, 2.4396968731591594e-11
112, 1439, 2.42826938697243e-11
613, 831, 2.340915490793833e-11
273, 833, 2.2975407596047834e-11
278, 833, 2.2268970003132124e-11
197, 824, 2.2083120542391996e-11
613, 1439, 2.1965342371360625e-11
450, 843, 2.19007148631181e-11
523, 794, 2.136009224060471e-11
705, 1439, 2.0898077249165504e-11
593, 831, 2.0472834629952145e-11
606, 836, 2.0152330270170876e-11
112, 828, 2.0028732106626517e-11
593, 1439, 1.9210126282971885e-11
314, 843, 1.904952442805975e-11
112, 1189, 1.8499910313479006e-11
606, 1298, 1.848262602694917e-11
613, 828, 1.8117345643220708e-11
596, 1434, 1.805363447551142e-11
450, 836, 1.7887441047939076e-11
606, 1274, 1.7843097370171716e-11
112, 821, 1.6827381070523805e-11
613, 1189, 1.673442271500508e-11
520, 843, 1.6682483542393678e-11
263, 833, 1.6650914655181707e-11
616, 843, 1.6598347215036178e-11
450, 1298, 1.6405392281483026e-11
705, 1189, 1.5921320628916888e-11
596, 824, 1.5881206610175488e-11
593, 828, 1.5844801862606415e-11
450, 1274, 1.5837739261052473e-11
314, 836, 1.555872707023057e-11
613, 821, 1.5221506658626934e-11
593, 1189, 1.463534545434757e-11
314, 1298, 1.426962192655659e-11
523, 1244, 1.417140730559926e-11
314, 1274, 1.3775870003528627e-11
520, 836, 1.362544294845422e-11
616, 836, 1.3556724479445322e-11
593, 821, 1.3312201566708756e-11
490, 831, 1.3153718598433248e-11
305, 833, 1.3044740650633209e-11
695, 833, 1.257603648687204e-11
520, 1298, 1.2496518422019485e-11
616, 1298, 1.2433493563513869e-11
490, 1439, 1.2342433274818543e-11
523, 1136, 1.2300856072501772e-11
520, 1274, 1.2064118738707385e-11
616, 1274, 1.2003274641909812e-11
336, 833, 1.152296308801138e-11
487, 833, 1.136466144897337e-11
462, 843, 1.0827770885682971e-11
197, 831, 1.0683624371501481e-11
184, 833, 1.0299829967060881e-11
490, 828, 1.0180225099055723e-11
442, 843, 1.0143317721753114e-11
523, 885, 1.0026188564627255e-11
197, 1439, 1.0024687692056035e-11
490, 1189, 9.403153944090515e-12
462, 836, 8.843597782482216e-12
705, 843, 8.711094045410724e-12
490, 821, 8.55303901482833e-12
442, 836, 8.28456965502643e-12
197, 828, 8.26851358889474e-12
462, 1298, 8.110868984135103e-12
496, 833, 8.065336559733538e-12
705, 836, 7.961616528169533e-12
195, 833, 7.948254337918936e-12
462, 1274, 7.830219841575028e-12
596, 831, 7.683191588055477e-12
197, 1189, 7.637366110145634e-12
442, 1298, 7.598158658341929e-12
523, 1434, 7.419329242076879e-12
442, 1274, 7.335250119605808e-12
596, 1439, 7.20931338188405e-12
197, 821, 6.946891510976e-12
112, 843, 6.930265044241916e-12
523, 824, 6.526547369847594e-12
613, 843, 6.268894433118909e-12
596, 828, 5.946350399718344e-12
112, 836, 5.660304159031491e-12
596, 1189, 5.492456961412587e-12
593, 843, 5.482557552658539e-12
112, 1298, 5.1913244556644075e-12
613, 836, 5.120128740500978e-12
112, 1274, 5.011696260450904e-12
596, 821, 4.995898073938325e-12
606, 833, 4.82755890042656e-12
613, 1298, 4.6959048135782434e-12
613, 1274, 4.5334189366577444e-12
593, 836, 4.477886937849062e-12
705, 1298, 4.467737396929412e-12
705, 1274, 4.313146480458637e-12
450, 833, 4.2849970241233545e-12
593, 1298, 4.10687541111456e-12
593, 1274, 3.9647709011064845e-12
314, 833, 3.727145711698478e-12
490, 843, 3.522522432818277e-12
520, 833, 3.264020959175493e-12
616, 833, 3.2475592174195564e-12
523, 831, 3.1574876570732497e-12
523, 1439, 2.9627424695045103e-12
490, 836, 2.8770253734132685e-12
197, 843, 2.8610393502640824e-12
490, 1298, 2.638651874694112e-12
490, 1274, 2.54735026600139e-12
523, 828, 2.443714669426199e-12
197, 836, 2.3367580936760543e-12
523, 1189, 2.257182430492448e-12
197, 1298, 2.143147982483666e-12
462, 833, 2.118513770579067e-12
197, 1274, 2.06899160727407e-12
596, 843, 2.0575333524156234e-12
523, 821, 2.053116380565036e-12
705, 833, 2.0257389696510867e-12
442, 833, 1.9845966912087317e-12
596, 836, 1.68049338916708e-12
596, 1298, 1.5412575338103538e-12
596, 1274, 1.4879275384456006e-12
112, 833, 1.3559450125974082e-12
613, 833, 1.2265441634371235e-12
593, 833, 1.0726929666250276e-12
523, 843, 8.455647747179368e-13
523, 836, 6.906162723232442e-13
490, 833, 6.892011624448485e-13
523, 1298, 6.33395846453046e-13
523, 1274, 6.114793290544956e-13
197, 833, 5.597783076216922e-13
596, 833, 4.0256787722409107e-13
523, 833, 1.654394646939865e-13
