Gene = ELP6
index = 495
Annotated 5SS: [  225  2614  3578  9432 12112 15476]
Annotated 3SS: [ 2534  3506  9312 11909 15328 17563]
SMsplice 5SS: [  225  3613  9432 15476]
SMsplice 3SS: [ 3506  9312 15328 17563]
length: 18122
length: 18122
Partition function (logZ) = -3.08072132350516
#Exons = 1049
3SS, 5SS, prob
0, 225, 0.9468210362047493
17563, -1, 0.9436885356258653
3506, 3613, 0.8794977657588091
9312, 9432, 0.6867330178585063
15328, 15476, 0.47042465930842475
11909, 12112, 0.4067570594405051
7738, 7846, 0.37843244952436106
2534, 2614, 0.3605976602758496
9312, 9474, 0.2748047610195619
2393, 2614, 0.1839666812062985
15294, 15476, 0.18280404114011392
9690, 9765, 0.08221725268566231
11909, 12168, 0.07414691504130837
12232, 12366, 0.05759517403834237
2393, 2450, 0.05208212259527459
12749, 12931, 0.030829054912968213
11909, 12004, 0.028825727926973906
12749, 12873, 0.026662965320895574
3506, 3578, 0.02564118959763539
7790, 7846, 0.021411472393312654
2498, 2614, 0.019642543364530217
0, 92, 0.018284580119991196
3541, 3613, 0.016353388013565152
2435, 2614, 0.016315476001326584
2092, 2188, 0.015416284974083755
9690, 9782, 0.015413384061989208
7610, 7846, 0.015326037089418343
7190, 7265, 0.015318155302213216
2928, 3053, 0.015298304745385469
0, 441, 0.015271789718938854
10928, 11096, 0.015016214803479342
11909, -1, 0.014321478007447638
5646, 5890, 0.01402919290475219
9525, 9765, 0.013930939299249384
6406, 6510, 0.01314817678937832
15357, 15476, 0.012259598167803509
5773, 5890, 0.012132737966520046
8808, 8927, 0.012124358811752207
2092, 2255, 0.010755483572184553
7753, 7846, 0.010496805938196215
12815, 12931, 0.010326355966678613
15328, 15621, 0.010025109803289722
1687, 1813, 0.009972823678912484
0, 294, 0.008139617949205565
11909, 12366, 0.007474488345626657
17669, -1, 0.007239781506212518
12749, 12868, 0.007067842783052771
9573, 9765, 0.00702540795920619
9396, 9474, 0.006774987636532872
0, 336, 0.006593638622606689
7738, 7855, 0.006329809907297387
3506, 3619, 0.0061114628345781095
3506, 3617, 0.006034099069607124
7738, 7850, 0.0059617883236460865
2791, 3053, 0.005843969468187327
6406, 6702, 0.00541297619547093
11352, 11477, 0.005246561916790026
3506, 3605, 0.005163030660928949
15539, 15621, 0.005053093828198119
16132, -1, 0.004953555032160968
1603, 1724, 0.004494821687116339
10928, 11187, 0.004448788385727684
15294, 15621, 0.0044166988390262835
12086, 12168, 0.004397693651451429
7808, 7846, 0.004096211494543752
1603, 1813, 0.004046460264616365
15328, -1, 0.004031114322513796
5349, 5607, 0.003803229179165176
2969, 3053, 0.0037463626501765264
11352, 11613, 0.0037136932170916243
11774, 11886, 0.003352857182260314
15585, 15621, 0.003224004895183348
15294, -1, 0.002851551576324329
2393, 2436, 0.0028229273690324316
9690, -1, 0.0027625593247946295
11774, 12112, 0.0027466028788903775
9396, 9432, 0.0026630753869858726
5732, 5890, 0.0026078531334894984
6981, 7148, 0.002579712995083846
2393, 2407, 0.0025212461204106155
12588, 12931, 0.002457493358424031
2568, 2614, 0.002443633283452333
7762, 7846, 0.0022709859835064556
214, 225, 0.0022475706956474276
17976, -1, 0.0022330356557569335
7226, 7265, 0.0022043255959777685
12588, 12873, 0.0021293630514258193
2613, 2763, 0.002073264810495569
2092, 2298, 0.00206717039733239
3506, 3621, 0.001991303706845482
7043, 7148, 0.0019526969815718187
7738, 7809, 0.001874109648742396
7693, 7846, 0.0018316985478272643
10928, -1, 0.0017948018458481337
5646, 5786, 0.001782869854632853
6824, 6993, 0.0017785371502706735
2791, 2877, 0.0017345097584456264
3439, 3613, 0.0016922918810881298
9525, -1, 0.0016914957689893235
0, 173, 0.0016873180243203868
10358, 10637, 0.0016764963623626466
7006, 7148, 0.0016686504816707344
10502, 10637, 0.001615213191434345
6824, 7148, 0.0015626278931759662
10924, 11096, 0.001441303877450698
10949, 11096, 0.0014159938412811554
1643, 1813, 0.0013946309711750197
9525, 9782, 0.0013838978704027376
16082, -1, 0.0013702937395348954
6427, 6510, 0.001370172133001029
3241, 3442, 0.001357117231831108
3413, 3613, 0.001356071101685426
12706, 12931, 0.0013377100297637828
0, 232, 0.001329510092276547
2972, 3053, 0.0012985235939097076
12086, 12112, 0.0012829966448371884
7501, 7846, 0.0012774239438187044
10608, 10637, 0.001221331387636408
12588, 12750, 0.0012015345165065144
5592, 5607, 0.0011935359440159235
4296, 4419, 0.001180081382397255
12749, 13047, 0.001152685979833838
5987, 6068, 0.0011495608419592397
12588, -1, 0.0011444814609511177
12749, -1, 0.0011233259468968098
4434, 4569, 0.0011198249572123883
12706, 12873, 0.0010850423917958339
12815, 12873, 0.0010764168617182043
11372, 11477, 0.0010702401253241465
11909, 12026, 0.0010665056058851562
6565, 6702, 0.0010503617391687226
11372, 11613, 0.0010343831851845225
17783, -1, 0.0010311785222159846
5646, 5707, 0.0010247010602859631
3413, 3442, 0.0010121914801502815
6427, 6702, 0.0009929818077742006
12086, 12366, 0.0009664965059618271
1687, 1786, 0.0009619926653122777
11428, 11613, 0.0009220178067279261
12749, 12878, 0.0008962153710751643
2092, 2450, 0.0008822007915566446
2564, 2614, 0.0008570057608494355
2791, 2929, 0.0008416744565162808
17875, -1, 0.0008386510735474216
4434, 4551, 0.0008270474168734645
8828, 8927, 0.0008192116391414768
10311, 10637, 0.0008152008355655888
1603, 1745, 0.0007818386385184388
13378, 13556, 0.0007592906838080401
11774, -1, 0.0007578488120189286
3518, 3613, 0.0007575167272054012
9525, 9610, 0.0007566970998251335
11909, 12009, 0.0007468310854913283
6616, 6702, 0.0007435207268118697
2154, 2255, 0.000732322836260335
1028, 1126, 0.0006976318362485189
11352, -1, 0.0006781429803860032
1687, 1774, 0.0006743971321155189
9573, 9782, 0.0006740057987469718
1603, 1774, 0.000670311754553928
10036, 10169, 0.0006487730034880372
1603, 1786, 0.0006276060518105458
15585, -1, 0.0006243706570485565
6796, 6993, 0.0006222197394574794
6402, 6510, 0.0006170132365975027
14095, -1, 0.0006103120513271978
14839, -1, 0.0006033278135474541
14070, -1, 0.0005917856865763552
6591, 6702, 0.0005891219929534633
12232, -1, 0.0005828724314996945
6796, 7148, 0.0005819889129918215
2393, 2395, 0.0005601331486766196
0, 404, 0.0005448388819658802
1393, 1545, 0.0005439249797099543
2534, 2763, 0.0005417688889919951
1643, 1724, 0.0005367723706562547
7738, 7959, 0.0005367301306121212
5993, 6068, 0.0005310265944971417
2435, 2450, 0.0005289658823613858
1687, 1724, 0.000527546882758371
8503, 8679, 0.0004962009573015686
5595, 5607, 0.0004951566921019282
2791, 3010, 0.00047125168322561053
9690, 10169, 0.00046945636590235305
2294, 2450, 0.0004685345069218525
2928, 3010, 0.00045314350107086685
12815, 13047, 0.0004388335461050025
214, 336, 0.0004294223816260751
1924, 2188, 0.00042307017670343975
11909, 11997, 0.00041879936370786924
7790, 7855, 0.00041500874472363104
2534, 2656, 0.0004143291528633579
3389, 3442, 0.00041246333344429167
9573, -1, 0.00039579495248141
10577, 10637, 0.000391041332866649
2092, 2407, 0.00038902937052082706
12588, 12868, 0.0003844405054073433
2613, 3053, 0.0003837803143486887
2092, 2614, 0.00037936698175331635
2208, 2298, 0.00037404609131339386
9690, 10121, 0.0003658632840112477
1687, 1933, 0.0003578642610746131
1665, 1813, 0.00035425317398908574
3241, 3381, 0.0003514657910637795
2791, 2919, 0.0003477718070649052
214, 441, 0.0003454866822381243
5592, 5890, 0.0003440251697532439
6477, 6702, 0.0003437264027823878
7790, 7850, 0.0003367347775159365
9312, -1, 0.00033174971488391
16922, -1, 0.0003293107558754613
2208, 2450, 0.00032707194230541557
1924, 1979, 0.0003208254679304503
7089, 7148, 0.00031560945939849614
11119, 11187, 0.00031163438960738404
3439, 3442, 0.00031097159135488666
1708, 1813, 0.0003105149852249448
6796, 6876, 0.0003037577319883899
3735, 3801, 0.00030346834153828386
10924, 11187, 0.0003008114370445208
11352, 11429, 0.00028786761644475454
5646, 5880, 0.0002813795355746776
2208, 2255, 0.00028004081196640677
10949, 11187, 0.0002777513151182904
2613, 2877, 0.00027738131349645177
10039, 10169, 0.0002762146175202815
1924, 1933, 0.00027603169589773715
2469, 2614, 0.00027513187905578283
214, 294, 0.00027386926582390254
10358, 10522, 0.00026032982768961407
2154, 2298, 0.000259430971485117
4233, 4419, 0.00025920079421639535
15833, -1, 0.00025532609132758444
3541, 3578, 0.0002533390691908965
0, 571, 0.00025063958523359535
12238, 12366, 0.0002492622241521205
2502, 2614, 0.000248748070867239
1616, 1813, 0.000247385573729014
15781, -1, 0.00024252103029450534
6571, 6702, 0.00024045156463896767
1444, 1545, 0.0002401427682574621
2092, 2118, 0.0002392101709186876
13378, -1, 0.00023835712624530817
9629, 9765, 0.00023702330963765425
1028, 1153, 0.00023081059239311245
0, 1813, 0.00022827276750856128
1643, 1786, 0.00022617021421927262
1616, 1724, 0.0002259897826481872
1687, 1745, 0.00022516949911018745
15539, -1, 0.00021914870171909663
6824, 6876, 0.00021873856041736622
8503, 8537, 0.00021728180993759794
1643, 1774, 0.00021473826593802384
10414, 10637, 0.00021086725302814962
5773, 5880, 0.00020349993154286406
14797, -1, 0.0001952091318901439
1817, 1933, 0.00019501784180123193
10242, 10637, 0.00019006546383748803
10928, 11031, 0.0001899003549657111
0, 1126, 0.00018811378429744335
2393, 2524, 0.00018718525438629385
10924, -1, 0.00017851715773215416
2043, 2188, 0.0001758655424873659
2294, 2614, 0.00017509540573445762
0, 1070, 0.0001725572750278771
359, 441, 0.00017247773948673967
4296, 4569, 0.0001707664342066653
11515, 11613, 0.00016951852683422171
11827, 12112, 0.0001669520695421154
2092, 2395, 0.0001620408591290428
5592, 5707, 0.0001611860244517217
1650, 1813, 0.0001594673658413376
5349, 5442, 0.00015535976223256172
3669, 3801, 0.0001541038703436057
2294, 2407, 0.0001537536873823153
1643, 1745, 0.00015335508801779944
1924, 2255, 0.00015231601529647773
1687, 1861, 0.0001516648814162907
4296, 4551, 0.00015055182987292154
1687, 1842, 0.00014796475642776794
5987, 6226, 0.00014728952093561118
1603, 1933, 0.00014704368332383008
3439, 3578, 0.0001452505471446136
1712, 1813, 0.00014467468448991965
3389, 3613, 0.00014460861148260398
10036, 10121, 0.00014437044309779863
2208, 2407, 0.0001440301479744525
1924, 2118, 0.00014335941327541033
9701, 9765, 0.00014286105684538036
1393, 1489, 0.0001421727873441983
2226, 2450, 0.00013463980530849056
2208, 2614, 0.00013270110082535101
12949, 13047, 0.00013122886182460544
1924, 2027, 0.0001308157505736026
15996, -1, 0.0001302901277477527
11372, -1, 0.00012805211871692447
2180, 2255, 0.00012735273736887818
1472, 1545, 0.00012577948292518643
9732, 9765, 0.0001253802270828089
7610, 7809, 0.00012371484772905395
10242, -1, 0.0001230445946265729
1028, 1070, 0.00012142680325526815
3541, 3619, 0.0001195769181208281
2154, 2188, 0.00011700355649963792
10311, -1, 0.00011485732886011911
10358, -1, 0.00011427520299453126
3413, 3453, 0.00011341966814525563
2534, 3053, 0.00011309744384557382
9873, 10169, 0.00011297626234482049
352, 441, 0.00011246607314131504
12086, -1, 0.00011161655115417228
13765, -1, 0.00010881427838125154
10949, -1, 0.00010570954935796954
0, 1545, 0.0001055424353455461
11352, 11468, 0.00010540657084245073
1603, 1708, 0.00010433328700850948
12815, -1, 0.00010359014330692622
3549, 3613, 0.00010148836178280024
6402, 6702, 0.00010063659027455966
2928, 3442, 0.00010042814822697874
3413, 3578, 9.732452118571459e-05
2483, 2614, 9.658493381010046e-05
2154, 2450, 9.645051881177941e-05
13779, -1, 9.519901760083693e-05
13652, -1, 9.334208300420319e-05
2092, 2436, 9.331723075477977e-05
1089, 1126, 9.139120471110861e-05
2613, 2656, 9.129053101200317e-05
3541, 3617, 9.018937009833914e-05
2393, 2763, 8.801201221172409e-05
3506, 3801, 8.768483837099224e-05
2180, 2298, 8.727802983301757e-05
5993, 6226, 8.620275456102991e-05
503, 571, 8.609385534047268e-05
3241, 3453, 8.60705806336137e-05
0, 1724, 8.597404296896213e-05
864, 1070, 8.23129055815587e-05
2534, 2877, 8.191106302233177e-05
2226, 2298, 7.896875863971743e-05
5595, 5890, 7.788799981361797e-05
10358, 10526, 7.63267560427933e-05
5646, 6068, 7.551711999831181e-05
11827, -1, 7.508203774295626e-05
3241, 3308, 7.368477324103784e-05
2092, 2329, 7.342538907717863e-05
11225, -1, 7.290129495861813e-05
5773, 6068, 7.203067442486651e-05
11967, 12112, 7.185454710735987e-05
10311, 10522, 7.003140225815033e-05
1089, 1153, 6.993387091350908e-05
2393, 2656, 6.925784916146436e-05
0, 539, 6.666416212828642e-05
3036, 3053, 6.661551558355497e-05
12706, -1, 6.435793792004646e-05
457, 571, 6.359127064792173e-05
2297, 2450, 6.287430932258332e-05
2969, 3442, 6.207497685320262e-05
7094, 7148, 6.13349419881639e-05
11687, -1, 6.0527979559080515e-05
9897, 10169, 6.003274113728432e-05
2208, 2395, 5.9981636508973364e-05
1603, 1861, 5.9793773965225664e-05
2226, 2407, 5.941020167949276e-05
3369, 3442, 5.8922498866453534e-05
1395, 1545, 5.8252747768172324e-05
506, 571, 5.8175172034095666e-05
2043, 2255, 5.7128019101707926e-05
1419, 1545, 5.6819625799374824e-05
15765, -1, 5.607697512087575e-05
2226, 2614, 5.548169918715698e-05
0, 1153, 5.5181140228189255e-05
1603, 1842, 5.424559739172822e-05
15620, -1, 5.380741011923533e-05
1665, 1724, 5.1201966544530874e-05
2294, 2395, 5.048623556585904e-05
2294, 2436, 4.8272344278093204e-05
1665, 1786, 4.748844684210966e-05
1643, 1933, 4.728902702687983e-05
864, 1126, 4.6134628844040035e-05
1650, 1724, 4.6041948446643795e-05
10608, -1, 4.592586268191193e-05
2226, 2255, 4.58562464935861e-05
1616, 1745, 4.531490440505033e-05
2613, 2929, 4.50248442697927e-05
3389, 3453, 4.402269290279222e-05
1616, 1774, 4.378863282075444e-05
9873, -1, 4.275669914684434e-05
1472, 1724, 4.273050469432052e-05
2154, 2407, 4.255929361748943e-05
1393, 1724, 4.2495289192497856e-05
0, 136, 4.224533352844591e-05
4238, 4419, 4.2151893813136335e-05
1616, 1786, 4.161342391487627e-05
11428, -1, 4.1444842727383426e-05
2441, 2614, 4.108748260746111e-05
2969, 3010, 4.0730437392217116e-05
2180, 2450, 4.019048877929071e-05
11774, 12168, 3.9792204129957296e-05
1687, 1979, 3.965229249869746e-05
2154, 2614, 3.960990303535702e-05
1665, 1774, 3.9475616060989566e-05
0, 2614, 3.859472532526214e-05
1558, 1724, 3.760801882947094e-05
10636, -1, 3.650233749445758e-05
1472, 1813, 3.634457446066756e-05
3541, 3605, 3.631189124532855e-05
1393, 1813, 3.617081914781293e-05
5841, 5890, 3.5719410922331143e-05
9732, -1, 3.5629329215659664e-05
2762, 3053, 3.504000954550584e-05
2208, 2436, 3.503947096030004e-05
3439, 3453, 3.4731824222309744e-05
2160, 2255, 3.4330664697729575e-05
11774, 12004, 3.238925772113872e-05
11119, -1, 3.206952024958043e-05
1444, 1724, 3.1841002680887334e-05
1924, 2298, 3.1211989429846604e-05
2097, 2188, 3.052184646262893e-05
1156, 1545, 3.049369901095541e-05
11827, 11886, 2.9844963674171634e-05
8503, -1, 2.9715385533842233e-05
1558, 1813, 2.9325685169533406e-05
5646, -1, 2.8218720321974502e-05
386, 441, 2.802489374921279e-05
2613, 3010, 2.7773416803461218e-05
346, 441, 2.7584176817685096e-05
1444, 1813, 2.7081499117319747e-05
2226, 2395, 2.7026394559099224e-05
12428, -1, 2.690028869930026e-05
2208, 2329, 2.6583202267003022e-05
1817, 1979, 2.6412475663406467e-05
9167, 9432, 2.6292705019110476e-05
290, 441, 2.600215312283026e-05
0, 1933, 2.5861124372358212e-05
2791, 3442, 2.584723797823929e-05
2097, 2255, 2.4982147358707277e-05
3558, 3613, 2.4937821031241344e-05
1650, 1786, 2.492522434989047e-05
9202, 9432, 2.3925141657137076e-05
1860, 1933, 2.3852627030119444e-05
2004, 2188, 2.3597373791800827e-05
1626, 1813, 2.354225065028253e-05
1623, 1813, 2.2993487842535565e-05
2297, 2614, 2.2989449030281724e-05
1650, 1774, 2.286189498282845e-05
1988, 2188, 2.22744353336747e-05
1785, 1933, 2.1754174859171988e-05
1603, 1737, 2.1628151942669526e-05
1310, 1545, 2.1367646263498622e-05
1708, 1786, 2.1279384331233875e-05
9897, -1, 2.082185467856282e-05
2449, 2614, 2.0446082295280352e-05
2613, 2919, 2.0063200829157887e-05
2637, 2763, 1.937589468775742e-05
1643, 1861, 1.923844838687992e-05
1665, 1745, 1.892672927123042e-05
2017, 2188, 1.8622827683919505e-05
2393, 3053, 1.8265644165050672e-05
1687, 1877, 1.81537814307018e-05
1623, 1724, 1.7946966473750023e-05
2928, 3308, 1.7774185834695403e-05
1643, 1842, 1.7453340982343202e-05
3036, 3442, 1.715649588998226e-05
1626, 1724, 1.700892267059523e-05
3318, 3442, 1.6735614935919464e-05
11348, -1, 1.657863238886967e-05
2180, 2614, 1.6444703211829357e-05
1603, 1979, 1.634232894606583e-05
2762, 2877, 1.599129604545711e-05
8808, -1, 1.597113969243735e-05
1708, 1933, 1.568041199849317e-05
2754, 3053, 1.55808724040408e-05
1156, 1489, 1.543675921704532e-05
404, 441, 1.54120888243978e-05
2092, 2339, 1.5254016741601391e-05
1785, 1813, 1.5040425192191824e-05
2568, 2763, 1.4865667926727135e-05
6158, 6271, 1.4557894581835587e-05
1650, 1745, 1.4451084032939762e-05
9528, -1, 1.4450710605571899e-05
1028, 1159, 1.4406502286673733e-05
1395, 1489, 1.437043298771597e-05
2297, 2407, 1.4229313292955698e-05
3052, 3442, 1.3911872440133234e-05
2972, 3442, 1.3695403063150544e-05
10636, 10825, 1.339208292489786e-05
2393, 2877, 1.3242264386861108e-05
1393, 1445, 1.2854527615010375e-05
1444, 1489, 1.2788800261696813e-05
1486, 1545, 1.259659441867355e-05
2534, 2929, 1.2424484772912503e-05
2180, 2407, 1.2276063474775214e-05
2154, 2395, 1.1952068098326357e-05
2226, 2436, 1.1335304131680244e-05
2160, 2298, 1.1197803743021102e-05
2754, 2877, 1.1041638755749145e-05
10608, 10825, 1.095747176169157e-05
8499, -1, 1.0667334590284359e-05
1028, 1177, 1.0599967663901302e-05
6406, -1, 1.0589733502160765e-05
2403, 2614, 1.0565464355122533e-05
2498, 2763, 1.0347425763838261e-05
2876, 3053, 1.0138861902822022e-05
2985, 3053, 9.91845983323816e-06
2043, 2118, 9.903584947191956e-06
1924, 2450, 9.880946855902622e-06
2737, 3053, 9.837810405133212e-06
9573, 9610, 9.56628812050968e-06
2043, 2298, 9.465560235507537e-06
0, 1489, 9.40090858584285e-06
2498, 2656, 9.25425388360718e-06
2802, 3053, 9.075375397503202e-06
2180, 2188, 8.323105794714546e-06
864, 978, 8.226623727353378e-06
1156, 1445, 8.196063878292222e-06
1924, 2050, 8.129265494667507e-06
2154, 2436, 8.097992625256514e-06
2737, 2877, 7.991897772592211e-06
3735, 4028, 7.970316195796788e-06
1708, 1774, 7.917624872809941e-06
0, 1786, 7.851321588350228e-06
9701, -1, 7.799295578665977e-06
265, 441, 7.619410092820134e-06
1603, 1877, 7.480823750108844e-06
1089, 1177, 7.43386660735707e-06
2435, 2524, 7.343028680145785e-06
1665, 1933, 7.280231558638235e-06
5987, 6271, 7.265445189057741e-06
7738, -1, 7.103002236330859e-06
0, 978, 7.092142168009124e-06
0, 770, 7.091341073279465e-06
8522, -1, 7.033546359569834e-06
10036, -1, 6.921682252084053e-06
0, 1774, 6.820321074814245e-06
1837, 1933, 6.729401758500677e-06
1310, 1489, 6.369883039735491e-06
1717, 1813, 6.3630075408530364e-06
2928, 3453, 6.249871872608539e-06
1310, 1445, 6.2347210349257245e-06
6158, 6226, 6.219881278960671e-06
2004, 2255, 6.1948569521048715e-06
2092, 2231, 6.182716447935866e-06
1293, 1545, 6.139230463406967e-06
2294, 2298, 6.095970576859398e-06
2208, 2339, 6.088515940231392e-06
1860, 1979, 6.080840129013135e-06
10612, 10637, 5.91250782715753e-06
1988, 2255, 5.847554977875111e-06
2154, 2329, 5.831746616810739e-06
1755, 1813, 5.796988560560086e-06
1616, 1933, 5.737015108360145e-06
1712, 1786, 5.724072939312666e-06
3369, 3453, 5.622674322416946e-06
5386, 5607, 5.4970472424709225e-06
2226, 2329, 5.471884517288792e-06
0, 525, 5.429462760700232e-06
0, 2255, 5.403035537055791e-06
1089, 1159, 5.401551700500024e-06
1988, 2118, 5.386999282253232e-06
1156, 1287, 5.3715245494387615e-06
864, 1153, 5.341460713237967e-06
5595, 5707, 5.336922392308546e-06
0, 2188, 5.3133428320465664e-06
2056, 2188, 5.290093698866484e-06
2303, 2450, 5.264089109645556e-06
2297, 2436, 5.144382721038424e-06
4731, 4866, 5.112660574922603e-06
1712, 1933, 5.060117900593383e-06
1643, 1708, 4.919062787278509e-06
2180, 2395, 4.914421354791486e-06
2143, 2255, 4.905116048258315e-06
1156, 1293, 4.8178142483046115e-06
1486, 1724, 4.77610001637128e-06
2004, 2118, 4.716020986999833e-06
3541, 3621, 4.6944513961464105e-06
214, 404, 4.658269026761e-06
1708, 1724, 4.636077264394028e-06
4020, 4131, 4.616266211660358e-06
2017, 2255, 4.547483319658968e-06
10824, -1, 4.460724298560628e-06
1687, 1737, 4.3676751803036536e-06
4084, 4131, 4.356911320810392e-06
1708, 1861, 4.345201636554159e-06
2092, 2272, 4.34182841788742e-06
2297, 2395, 4.3324360687734124e-06
4302, 4419, 4.2947976139574315e-06
1486, 1813, 4.2223794803914644e-06
4296, 4374, 4.201445270340322e-06
1976, 2188, 4.130908441199984e-06
1687, 1708, 4.076159333573408e-06
1924, 2407, 3.959744724564953e-06
3506, -1, 3.872241115023597e-06
2969, 3453, 3.863873848442283e-06
1472, 1745, 3.841101555726359e-06
1393, 1745, 3.8205799839201355e-06
1687, 2188, 3.7805657856831542e-06
1708, 1842, 3.776911354691942e-06
1419, 1489, 3.76457708511095e-06
9525, 9565, 3.6996257865425283e-06
0, 87, 3.6693887290670986e-06
1643, 1737, 3.5438504623952376e-06
248, 441, 3.5357128329342107e-06
1219, 1545, 3.5039919680344386e-06
9167, 9474, 3.495997691801633e-06
1817, 1861, 3.4925477371196238e-06
1472, 1786, 3.4894170183874025e-06
1472, 1774, 3.483357646342252e-06
1393, 1786, 3.4727348930713846e-06
1393, 1774, 3.4667044895339296e-06
5773, -1, 3.4658519007159624e-06
4434, 4641, 3.4598693423908215e-06
1832, 1933, 3.433898221276952e-06
3241, 3613, 3.422502734661278e-06
155, 225, 3.3504023761881212e-06
1712, 1774, 3.335395788429e-06
1643, 1979, 3.328301056325278e-06
1650, 1933, 3.3173406814295347e-06
5349, -1, 3.3025128801733214e-06
1089, 1545, 3.2968721270531796e-06
9202, 9474, 3.2288059333690376e-06
4233, 4374, 3.180808387043123e-06
224, 336, 3.1303497858054826e-06
2160, 2188, 3.1288098040335963e-06
9873, 10121, 3.126162522160169e-06
1293, 1445, 3.112417929782489e-06
1558, 1745, 3.0931867631105596e-06
1293, 1489, 3.0209418090386557e-06
5351, 5607, 2.9959880850741057e-06
7190, -1, 2.9685518514076183e-06
224, 441, 2.9318461800727595e-06
964, 1070, 2.9194324346428816e-06
4233, 4569, 2.9174250042622108e-06
1419, 1724, 2.9032441547922116e-06
11687, 11886, 2.8589781562751244e-06
1444, 1745, 2.8492399378619082e-06
9897, 10121, 2.8468563156744557e-06
1665, 1861, 2.835931199633773e-06
1558, 1786, 2.8204890484180082e-06
1558, 1774, 2.815591269676303e-06
9629, -1, 2.7133454225349925e-06
1616, 1708, 2.6828893203270373e-06
1395, 1724, 2.673847874374515e-06
2017, 2118, 2.659169642931645e-06
457, 539, 2.6504663393213434e-06
1665, 1842, 2.640594521479738e-06
1444, 1786, 2.600902576917785e-06
1444, 1774, 2.597124535757339e-06
1419, 1813, 2.59590841751121e-06
1626, 1774, 2.544531676231259e-06
3506, 3558, 2.516164267203453e-06
1626, 1786, 2.512795868170026e-06
5433, 5607, 2.5024269296108943e-06
1623, 1774, 2.4861691649893954e-06
964, 1126, 2.4676637131474147e-06
9528, 9765, 2.42472819274651e-06
1623, 1786, 2.4212318087210838e-06
161, 225, 2.418864411931095e-06
1643, 1877, 2.3970025145909724e-06
1395, 1813, 2.382990164617888e-06
1623, 1745, 2.3488344604139966e-06
2097, 2298, 2.3393285553207266e-06
5987, -1, 2.3343533608140053e-06
1472, 1489, 2.327198927303782e-06
1626, 1745, 2.315264711527366e-06
9312, 9765, 2.2937701475415837e-06
1765, 1813, 2.2842429677143446e-06
1566, 1724, 2.273183583707208e-06
1771, 1813, 2.233382724757757e-06
1616, 1861, 2.2217206538620277e-06
1712, 1861, 2.210776602973023e-06
4476, 4569, 2.2093753945266536e-06
10039, 10121, 2.1605654974107388e-06
9396, -1, 2.1408353162098064e-06
3424, 3613, 2.1156466126865268e-06
4350, 4419, 2.066417834880745e-06
1708, 1745, 2.0655632968771403e-06
2226, 2339, 2.0510266542984786e-06
248, 336, 2.050493087927295e-06
1616, 1842, 2.0154738978326153e-06
4233, 4551, 2.0103512102125473e-06
5993, 6271, 1.996419834051334e-06
1723, 1813, 1.995647463777602e-06
1028, 1545, 1.8817716171455971e-06
1712, 1724, 1.8801447712102578e-06
1712, 1842, 1.866972360091854e-06
889, 1070, 1.860489723175432e-06
1156, 1177, 1.7988843998428968e-06
503, 539, 1.7738244100958984e-06
0, 1745, 1.7497831449744786e-06
221, 225, 1.7377506069867825e-06
1219, 1489, 1.7304557035262621e-06
4296, -1, 1.6363919222414728e-06
1089, 1489, 1.6281690221042945e-06
0, 118, 1.6181619954350083e-06
2791, 3453, 1.59853265272656e-06
1219, 1445, 1.5851583270835617e-06
224, 294, 1.5153475398485592e-06
9732, 9782, 1.5024231907995706e-06
1089, 1445, 1.491343563272854e-06
5592, -1, 1.461600233986668e-06
9701, 9782, 1.4076046469490036e-06
6427, -1, 1.3936148267771026e-06
3735, -1, 1.3473677525455008e-06
265, 336, 1.2911125800276649e-06
3915, 4028, 1.2865842918300588e-06
1930, 2188, 1.2758843762051037e-06
5732, 5880, 1.2741874425419727e-06
5993, -1, 1.2715315908953855e-06
11348, 11477, 1.2685789623508465e-06
538, 571, 1.2649208956993727e-06
290, 336, 1.2438826133248666e-06
0, 1445, 1.2383901766694932e-06
506, 539, 1.1719792876632032e-06
1817, 2188, 1.0823017270513452e-06
2194, 2255, 1.0571600152104937e-06
3036, 3453, 1.0480166270799201e-06
4434, -1, 1.0394948857947614e-06
5732, -1, 1.035459159115593e-06
7610, -1, 1.0106275848726762e-06
2180, 2329, 9.764716336935353e-07
2056, 2255, 9.569793474357835e-07
0, 798, 9.442803586176942e-07
3424, 3453, 9.325267275661152e-07
1089, 1287, 9.270849967874634e-07
127, 225, 9.22976889113199e-07
3052, 3453, 9.064527116137506e-07
2972, 3453, 8.923482656025008e-07
4350, 4569, 8.781177046691174e-07
0, 851, 8.553309909953e-07
6824, -1, 8.543420867276499e-07
5934, 6068, 8.540645439316489e-07
0, 445, 8.512355663472734e-07
4238, 4374, 8.501840201650679e-07
4233, -1, 8.339863594173034e-07
1089, 1293, 8.024210853075432e-07
7226, -1, 7.986637740486026e-07
1156, 1724, 7.863011027312342e-07
3472, 3613, 7.786035425814127e-07
1687, 2027, 7.606552002436125e-07
3669, 4028, 7.563087948188515e-07
5047, -1, 7.534675317412217e-07
0, 1979, 7.52244162042516e-07
3862, 4028, 7.521157103185161e-07
3735, 4131, 7.497912199356833e-07
4505, 4569, 7.458177327284908e-07
1755, 1933, 7.444870883337823e-07
1566, 1813, 7.401653535559855e-07
1817, 1877, 7.339720361952674e-07
4350, 4551, 7.33835160623568e-07
1976, 2118, 7.167729316896689e-07
1930, 1979, 7.056421199740144e-07
1771, 1933, 7.023768288876686e-07
1603, 2188, 6.923848984018243e-07
0, 47, 6.899482915106743e-07
4063, 4131, 6.843770052577316e-07
0, 2298, 6.838483721749126e-07
1837, 1979, 6.807334581562345e-07
1654, 1813, 6.684951499351868e-07
4533, 4641, 6.627304790382905e-07
4125, 4131, 6.626608891871317e-07
2092, 2239, 6.616777158215943e-07
1785, 1979, 6.554248769524444e-07
1785, 1861, 6.376263681209861e-07
2092, 2203, 6.303953270273768e-07
4020, 4028, 6.105441340886987e-07
1650, 1861, 6.020872606180932e-07
1395, 1445, 5.932356837367208e-07
1043, 1126, 5.742740630955372e-07
4296, 4641, 5.720761267664149e-07
1156, 1813, 5.574988995461151e-07
1616, 1737, 5.507329193849532e-07
1650, 1842, 5.398092737557825e-07
1817, 1842, 5.389182729870333e-07
3506, 4028, 5.366472779015952e-07
1028, 1287, 5.338322132298443e-07
1930, 1933, 5.121075951151115e-07
2393, -1, 5.059292909826491e-07
1765, 1933, 4.865731542976331e-07
889, 1126, 4.829519136501329e-07
1310, 1724, 4.783987841175545e-07
1156, 1159, 4.6440883701231277e-07
1028, 1293, 4.62044021356344e-07
1028, 1489, 4.466924438222552e-07
359, 404, 4.4019511256886133e-07
937, 1070, 4.2866695510315046e-07
5595, -1, 4.2285497268055374e-07
1028, 1445, 4.101649406961145e-07
359, 571, 3.941024144098659e-07
2791, -1, 3.477450324746957e-07
0, 30, 3.2777622250180116e-07
352, 404, 3.1931682368277366e-07
2613, -1, 3.1124489364552994e-07
884, 1070, 3.090671322833195e-07
404, 571, 3.037038351744352e-07
1040, 1126, 3.0318656050817167e-07
214, 571, 2.9148146290142567e-07
2534, -1, 2.9133733703621144e-07
4125, 4419, 2.816720146905003e-07
4476, 4551, 2.7660626928877953e-07
290, 404, 2.6971591375399395e-07
248, 294, 2.633346241539348e-07
4373, 4569, 2.4653182495250186e-07
468, 571, 2.410108835955318e-07
2435, 2763, 2.407217491443155e-07
164, 225, 2.3185286659963807e-07
4084, -1, 2.2905583395758757e-07
2435, 2656, 2.2639839450157078e-07
4434, 4866, 2.2256163972604937e-07
3518, 3578, 2.1523621366984267e-07
1924, 2614, 1.9768317177793917e-07
2568, 2656, 1.9737306245925816e-07
4505, 4641, 1.6163922671986411e-07
3389, 3578, 1.5689702777463887e-07
1708, 1979, 1.2021958358505389e-07
2092, -1, 1.1781574476137097e-07
1393, 1511, 1.1469591564253117e-07
5592, 5786, 1.0007990662339878e-07
1665, 1979, 8.786432302864125e-08
0, 94, 8.702671769174372e-08
9629, 9782, 8.462949658309418e-08
3439, 3605, 8.020186162481778e-08
3541, 3801, 7.78461315262221e-08
7610, 7850, 7.691532535530006e-08
7610, 7855, 7.526281529674094e-08
7753, 7855, 7.065883015317682e-08
1832, 1979, 7.002096812845745e-08
1616, 1979, 6.810700546648073e-08
1712, 1979, 6.007121665315953e-08
1172, 1545, 5.518927956783878e-08
1472, 1933, 5.392467238797599e-08
1393, 1933, 5.369245912030331e-08
3413, 3605, 5.161498613542549e-08
1310, 1813, 5.148509361493412e-08
1817, 2027, 5.067658487983655e-08
1708, 1877, 4.945938771111786e-08
3574, 3613, 4.486527263363384e-08
1712, 1745, 4.354688365595359e-08
3917, 4028, 4.2990323810449604e-08
1558, 1933, 4.26685203982283e-08
1037, 1126, 4.241058910389472e-08
3439, 3617, 4.055495572479434e-08
1070, 1126, 3.973512837198023e-08
3439, 3619, 3.9112709807393087e-08
3752, 4028, 3.862773842845487e-08
3571, 3613, 3.857516649273612e-08
1444, 1933, 3.8379784780177326e-08
4373, 4551, 3.615491961188412e-08
1486, 1745, 3.5965151291678426e-08
1584, 1724, 3.584340129964404e-08
864, 1159, 3.56665518721721e-08
1472, 1708, 3.558492223693726e-08
1393, 1708, 3.5389040503240266e-08
1603, 2027, 3.464125187269603e-08
4054, 4131, 3.4636094036549316e-08
937, 1126, 3.4437483228171576e-08
1665, 1877, 3.409482330256373e-08
1043, 1153, 3.4067738966327447e-08
1930, 2027, 3.40420691260717e-08
4084, 4419, 3.3271554709761125e-08
724, 1070, 3.29720116898205e-08
1785, 1842, 3.286716388069897e-08
1626, 1933, 3.285893583199524e-08
1558, 1708, 3.247308807066643e-08
1623, 1933, 3.209300388459552e-08
1419, 1445, 3.157152935867673e-08
1486, 1774, 3.1132995056060895e-08
1486, 1786, 3.077575808853076e-08
964, 1153, 3.047738874010566e-08
1219, 1287, 2.965228062860921e-08
1584, 1813, 2.9356015489310155e-08
1785, 1877, 2.9343654348461172e-08
386, 571, 2.8824992536943697e-08
872, 1070, 2.8268954843881407e-08
352, 571, 2.8198030417877744e-08
1755, 1861, 2.7380527001155337e-08
109, 225, 2.7050780096287335e-08
0, 96, 2.698958294390636e-08
1616, 1877, 2.6830511964006298e-08
221, 336, 2.655518920133535e-08
1444, 1708, 2.6516410523372403e-08
4027, 4131, 2.6132035677227547e-08
884, 1126, 2.590272963185147e-08
1219, 1293, 2.589462898576007e-08
3369, 3613, 2.5713300616536763e-08
1687, 1796, 2.5654976425562438e-08
1070, 1153, 2.534414361900968e-08
4533, 4569, 2.5151697674688356e-08
889, 978, 2.4784763011752358e-08
864, 1177, 2.4597150381423757e-08
1293, 1724, 2.4231233007050545e-08
1172, 1287, 2.410395969135533e-08
221, 441, 2.3975356712088938e-08
1419, 1745, 2.125845563591303e-08
270, 441, 2.1147478174795278e-08
3241, 3578, 2.0826832969687544e-08
503, 1070, 1.9764085498362682e-08
1665, 1708, 1.9386138822973555e-08
1172, 1489, 1.889965211223321e-08
1650, 1708, 1.8800720316770553e-08
1444, 1511, 1.8671283557956818e-08
265, 294, 1.855647573476358e-08
1172, 1293, 1.775078848055177e-08
0, 793, 1.744713765324079e-08
3424, 3578, 1.7240281613055165e-08
290, 294, 1.583693695286969e-08
359, 539, 1.5671518109942744e-08
3413, 3617, 1.4303985451110516e-08
221, 294, 1.4200820606133098e-08
3413, 3619, 1.4148766085378077e-08
1603, 1796, 1.3327882012505082e-08
0, 346, 1.2886167366225222e-08
0, 630, 1.22514159118552e-08
1172, 1445, 1.2049982022157798e-08
404, 539, 1.2017323628822582e-08
1395, 1511, 1.1923711212091167e-08
1486, 1489, 1.1684969743396958e-08
0, 352, 1.1581956857650368e-08
214, 539, 1.1512851385800063e-08
265, 404, 1.128064891528871e-08
0, 617, 1.084989336464521e-08
503, 630, 1.0460154430624326e-08
0, 481, 1.0127139275322512e-08
0, 689, 9.772284378854054e-09
1334, 1545, 9.663723728567937e-09
503, 617, 9.195744371215769e-09
0, 349, 9.013886450335655e-09
0, 557, 8.579356296454249e-09
1040, 1153, 8.23970340087098e-09
1156, 1511, 7.859652861674036e-09
506, 630, 7.838411429620189e-09
1334, 1489, 7.707297866798222e-09
3518, 3605, 7.692768926430362e-09
724, 1126, 7.646703096204351e-09
1419, 1511, 7.47502581866384e-09
1037, 1153, 6.867180007075786e-09
506, 617, 6.739791342830087e-09
503, 770, 6.733286323645155e-09
872, 1126, 6.554134113234027e-09
506, 1070, 6.5495371188848366e-09
877, 1070, 6.512709439747255e-09
0, 494, 6.479648572514937e-09
1472, 1511, 6.429859500705517e-09
639, 1070, 6.37366933217575e-09
1322, 1545, 6.308043420256392e-09
889, 1153, 6.162000706681995e-09
688, 1070, 6.159462912156125e-09
724, 978, 5.85867921482705e-09
0, 457, 5.606850120477786e-09
520, 571, 5.513352160208183e-09
1310, 1511, 5.507442112608569e-09
639, 770, 5.35394234925686e-09
0, 908, 5.2503679553843904e-09
506, 770, 5.198964286311632e-09
1322, 1489, 5.009042256541057e-09
147, 225, 4.676393235118668e-09
1244, 1545, 4.4486177526679755e-09
884, 978, 4.437294656682242e-09
503, 1126, 4.430994452513903e-09
1945, 2188, 4.152306460151424e-09
1043, 1070, 4.111320166639552e-09
1687, 2118, 4.030332767401002e-09
544, 571, 4.019407102720374e-09
361, 441, 3.778531047970232e-09
872, 978, 3.7209836354330963e-09
1506, 1545, 3.6073453692258473e-09
1334, 1445, 3.5847031017650822e-09
503, 978, 3.487997960272779e-09
506, 1126, 3.40492983861477e-09
877, 1126, 3.385784109488228e-09
639, 1126, 3.313376086677428e-09
0, 614, 3.301045222343659e-09
688, 1126, 3.201865660149448e-09
937, 1153, 2.8308797704101394e-09
506, 978, 2.6931836574367974e-09
1293, 1511, 2.6470579567452517e-09
639, 978, 2.6209262328676415e-09
1040, 1070, 2.5941199748088312e-09
688, 978, 2.5328392255931434e-09
3518, 3619, 2.509417793768092e-09
1037, 1070, 2.4118270364411232e-09
3518, 3617, 2.346691770400926e-09
3439, 3621, 2.3382686532038e-09
884, 1153, 2.193141088387291e-09
346, 571, 2.161221758410543e-09
682, 1070, 2.15068257877173e-09
457, 617, 2.09970053562091e-09
0, 546, 2.0000167106216063e-09
3413, 3621, 1.9872548685519402e-09
270, 336, 1.813102699853938e-09
877, 978, 1.7804224637353972e-09
248, 404, 1.773245309320434e-09
386, 539, 1.7176250732241622e-09
346, 404, 1.6735587201450927e-09
1244, 1489, 1.6188724030162907e-09
155, 294, 1.5785822680598236e-09
352, 539, 1.4913566525295655e-09
161, 294, 1.4415569855785405e-09
1293, 1813, 1.3967530403106467e-09
224, 404, 1.3193167022331858e-09
0, 1033, 1.274272218006287e-09
1322, 1445, 1.2049607252289853e-09
386, 404, 1.0890483418093554e-09
1472, 1842, 9.671362239942543e-10
1393, 1842, 9.624113661258772e-10
2928, 3613, 9.357413624647898e-10
1244, 1445, 8.346356954654698e-10
3518, 3621, 7.56940990658534e-10
1419, 1786, 7.469999691076012e-10
1395, 1745, 7.429624584475819e-10
1654, 1724, 7.266592788116969e-10
864, 1545, 7.022873160938204e-10
1395, 1786, 6.879766816233e-10
0, 1015, 6.846188379905108e-10
1419, 1774, 6.762949400137713e-10
1717, 1786, 6.75224868301315e-10
1665, 1737, 6.556499189203151e-10
1395, 1774, 6.228583237896799e-10
1219, 1724, 6.113019095379694e-10
468, 539, 6.098694936383472e-10
1089, 1724, 5.752849260723657e-10
1566, 1745, 5.728504655004113e-10
1043, 1159, 5.519469491013808e-10
864, 1287, 5.393068177895223e-10
1650, 1737, 5.36914970317369e-10
724, 1153, 5.357370262601495e-10
1070, 1177, 5.357041501127554e-10
457, 1070, 5.024891979352159e-10
1043, 1177, 4.831775195068298e-10
872, 1153, 4.5612420763510563e-10
1070, 1159, 4.556656468045273e-10
964, 1159, 4.4558379881960763e-10
896, 1070, 4.1280330181156476e-10
538, 1070, 4.071909376547443e-10
1472, 1861, 3.686648236618334e-10
1393, 1861, 3.6686374450704683e-10
290, 571, 3.4478098140119613e-10
346, 539, 2.930045542973425e-10
0, 803, 2.67794524860262e-10
155, 336, 2.6147221820180317e-10
161, 336, 2.557914224221199e-10
0, 155, 2.135031051085268e-10
0, 115, 7.703353844005795e-11
1156, 1745, 6.493048398213721e-11
1643, 1796, 5.861349744653867e-11
0, 177, 5.115578075095235e-11
3752, 3801, 1.5688452374008274e-11
0, 582, 1.2187020096846312e-11
3911, 4028, 7.565920457106724e-12
0, 447, 2.3209791979056167e-12
