Gene = ZRANB2
index = 1627
Annotated 5SS: [  358  2642  2841  4503  8826  9177 10471 12022 14522]
Annotated 3SS: [ 2588  2731  4419  8748  9041 10300 11934 14362 16159]
SMsplice 5SS: [  358  2642  2841  8826  9177  9427 10471 12022 14522]
SMsplice 3SS: [ 2588  2731  8748  9041  9300 10300 11934 14362 16159]
length: 18007
length: 18007
Partition function (logZ) = 11.837326696505198
#Exons = 1462
3SS, 5SS, prob
8748, 8826, 0.982627295180479
2588, 2642, 0.9505215703538753
2731, 2841, 0.8394218859633701
11934, 12022, 0.7609475735890856
10300, 10471, 0.7374941561652855
9041, 9177, 0.6907242674073732
14362, 14522, 0.6849443253213828
9300, 9427, 0.6496919172808147
0, 358, 0.5981285949923711
16159, -1, 0.5349544548972569
0, 54, 0.3526367011634904
458, 589, 0.21529392306299788
265, 358, 0.19593187180839192
4419, 4503, 0.1810495819073913
14407, 14522, 0.1787852609765988
4388, 4503, 0.1661395734720862
2913, 3084, 0.16065889985898157
11934, 12031, 0.15761184903824346
13962, 14230, 0.14581974487469784
2913, 2961, 0.14084725445515628
9883, 10010, 0.13604130328725517
5302, 5533, 0.1276510145975741
5461, 5533, 0.1120999729159357
17668, -1, 0.11112646050424854
2731, 2961, 0.09843701118133456
5461, 5585, 0.09483466547733242
16159, 16329, 0.08823246662576209
9883, 9958, 0.08543450127864642
10300, 10479, 0.07339667156642843
2096, 2245, 0.067899102593594
4425, 4503, 0.06516642098653519
11870, 12022, 0.0629193687141254
4832, 4985, 0.06149332486202001
2127, 2245, 0.05719200287760791
17347, -1, 0.05618940510601854
9300, 9574, 0.05444018182527368
4419, 4593, 0.05392632206851598
5504, 5585, 0.05373815153423143
16782, -1, 0.04852857194850745
10254, 10471, 0.044332537978213536
10350, 10471, 0.04073110585325371
9883, 10159, 0.03772493743274855
5657, 5762, 0.03732253217740873
17557, -1, 0.036778312810813854
14151, 14230, 0.034947432514781385
14751, -1, 0.03476567854200702
4544, 4593, 0.034460474693387505
9883, 10155, 0.0329060228963115
9883, 10251, 0.03217162369595535
9101, 9177, 0.03138261782946575
6163, 6272, 0.029759714238547928
9883, 10034, 0.029390078359533774
5302, 5585, 0.02725940227949855
16476, -1, 0.026924899410742047
4425, 4593, 0.024960434081890075
2913, 3250, 0.023192453818351357
12912, 13011, 0.021940456712028784
6323, 6395, 0.021839320011024784
5504, 5533, 0.02140836695196063
4388, 4593, 0.02129011348931111
14917, -1, 0.020912158137400164
5280, 5533, 0.020796309507286677
2020, 2245, 0.019886656709929337
1807, 1909, 0.018696978496557583
9883, 10217, 0.016701074917742236
10300, 10492, 0.016125384378012576
15948, 16021, 0.015837711788974872
17347, 17369, 0.014837918470780488
0, 415, 0.014802774726004537
16661, -1, 0.014752896746305024
10300, 10459, 0.014422199825094744
0, 323, 0.014221852035622306
2731, 2942, 0.013554462331004376
3168, 3250, 0.013157377133878862
301, 358, 0.012610446958545176
5309, 5533, 0.01219279529196483
13914, 14230, 0.012174865302487759
0, 589, 0.012028897722747381
9300, 9442, 0.011922529557127698
17617, -1, 0.011385183752001895
9041, 9167, 0.011375049653725251
3038, 3250, 0.011372318957830274
14446, 14522, 0.01115091640930299
13962, 14123, 0.011123799418673268
9248, 9427, 0.011047061131279049
15036, -1, 0.010897168134457699
14772, -1, 0.01018920028560871
9883, 10079, 0.010027902050053474
11870, 12031, 0.00973011598781571
12134, 12233, 0.009692807712465579
9883, 10096, 0.009575633493014912
14362, -1, 0.009448307318410449
9883, 10054, 0.008922751582424213
9300, 9519, 0.008574839259969037
5657, 5735, 0.00801741426244936
2731, 3084, 0.007936839082101804
12592, 12758, 0.00764498053896413
10300, 10485, 0.0075465268507855406
4264, 4503, 0.007479946317114971
6992, 7100, 0.0074573740988432575
9883, 10083, 0.007414244680311874
3302, 3381, 0.0073998958410095425
14123, 14230, 0.007296831856784168
458, 526, 0.007038924015098344
8277, 8364, 0.007012239133755626
7644, 7740, 0.006815581077284209
2436, 2642, 0.006761885290853818
17538, -1, 0.006474749569163178
2913, 2942, 0.006474258644125096
9474, 9574, 0.00646103211525935
2733, 2841, 0.0064323779108753105
4319, 4503, 0.006417500516131774
9041, 9427, 0.006329425538915427
14751, 14829, 0.006156324985222159
265, 415, 0.0061473118485683795
3067, 3250, 0.006065808777127278
16159, 16388, 0.0060523950734455365
6323, 6382, 0.005954580074679853
2701, 2841, 0.005926910736143322
3302, 3396, 0.005900386728815538
4832, 5006, 0.005741886731014445
5345, 5533, 0.0056287541195335
9883, 10255, 0.005481441745955869
14751, 14819, 0.005434879872387211
3038, 3084, 0.005376342068288138
3761, 3901, 0.00531304254412466
10300, 10465, 0.005253869073923153
16089, -1, 0.004958104262570805
271, 358, 0.004873939276301217
15767, 16021, 0.004869940811048031
14801, -1, 0.004726313516085678
14186, 14230, 0.0047073553137865504
10254, 10479, 0.004611945910748738
14440, 14522, 0.004583046391360368
10350, 10479, 0.004529996631282425
5280, 5585, 0.004308343967080577
12134, -1, 0.004229755079746149
16056, -1, 0.0041462035350933405
4233, 4503, 0.004126915065798061
9400, 9574, 0.004119360322009546
15767, -1, 0.004038995953479732
8748, 8849, 0.004037562328870658
9324, 9427, 0.003969784671661549
793, 1011, 0.003914988250318421
14438, 14522, 0.003912908162041729
7644, 7922, 0.0038790334909171997
5302, 5418, 0.0038083010705028814
2731, 2834, 0.00377765562673377
14383, 14522, 0.0036861709905658207
14208, 14230, 0.0036221391422562063
189, 358, 0.0035971683455830942
11934, 12006, 0.003551937635780893
856, 1011, 0.0033311656227645097
1326, 1476, 0.003320390947441561
17708, -1, 0.003259450034772419
17646, -1, 0.0032339114869464787
9009, 9177, 0.0030368721421763787
4419, 4581, 0.0029286043796098947
10300, 10509, 0.002927433231146045
8980, 9177, 0.0028647283750465394
3761, 3817, 0.002826839817028066
17088, -1, 0.00281445803490499
4884, 4985, 0.0028101974060492545
15948, -1, 0.0028027783033810387
16555, -1, 0.0026839023101065318
6053, 6272, 0.002644161110310889
15544, -1, 0.002625965098812116
14693, -1, 0.002605990002410525
5657, 5756, 0.0026054117141751203
1827, 1909, 0.0025401757772713024
12564, 12758, 0.0025069565162171227
0, 1476, 0.0025001385153866516
10095, 10251, 0.0023929436647244645
12134, 12287, 0.002344239556479334
2913, 3032, 0.0022954548390950297
5309, 5585, 0.0022922107283163745
12912, 13184, 0.002236237179600682
2588, 2841, 0.00219181656629951
6189, 6272, 0.0021738323754075606
939, 1011, 0.0021321033209832723
15948, 16064, 0.0021043981483024935
2960, 3084, 0.002083618006100894
15241, -1, 0.0020774546472461046
14260, 14522, 0.002077344513950012
10907, 11079, 0.0020677044954071793
9515, 9574, 0.0020390477236186567
10891, 11079, 0.002033633762504462
17088, 17201, 0.0019846358491628527
1461, 1588, 0.0019762558464830582
15737, -1, 0.0019346972990947182
8748, 8812, 0.0019204399198546375
7644, 7652, 0.001905347066011635
6163, 6395, 0.0019051723180412749
9426, 9574, 0.0018429723671793286
221, 358, 0.0018412574651497317
162, 358, 0.0018341975172546279
1436, 1588, 0.0017989866106240188
14419, 14522, 0.00178954613558057
14362, 14479, 0.0017404575796241856
1561, 1588, 0.0017356062644280125
12912, -1, 0.0017305617944104845
13962, -1, 0.0016819196955453698
1349, 1476, 0.0016802892223486525
14362, 14510, 0.001665780111644112
9067, 9177, 0.0016587313444036713
265, 323, 0.0016267087700716158
16476, 16702, 0.0016169044338340609
4388, 4477, 0.00157856327861341
3302, 3370, 0.0015687301413922336
981, 1068, 0.0014892042074273549
981, 1011, 0.0014385631216597002
9300, 9367, 0.001420782578292314
14407, -1, 0.0014101815572500737
2127, 2373, 0.0013856363298616475
14368, 14522, 0.0013843224813181977
9883, 10471, 0.0013686895101371398
15737, 16021, 0.0013478231936396884
4425, 4581, 0.0013474038761302801
2096, 2373, 0.0013455135050395367
2100, 2245, 0.001344363518975437
14004, 14230, 0.0013387446684506791
11886, 12022, 0.0013384780636634805
13853, 14230, 0.0013323135504551172
13043, 13184, 0.001310779353483064
9056, 9177, 0.0013021232873697533
2096, 2238, 0.001299283386710616
301, 415, 0.0012851711781302932
9400, 9427, 0.0012440876206415035
15696, -1, 0.0012246700273299406
16159, 16301, 0.001203428075924667
12611, 12758, 0.0011879892952730375
0, 1588, 0.0011875399263064914
2293, 2373, 0.0011783924055470706
14967, -1, 0.0011619095199131386
1376, 1476, 0.001148106361744217
9300, 9749, 0.0011356926983124667
2885, 2961, 0.0011234832056415207
1670, 1909, 0.0011154624510141347
1391, 1476, 0.0011079448066756955
238, 358, 0.0011060473892631362
15878, 16021, 0.0010919424417069707
8949, 9177, 0.0010722616101204098
4419, 4477, 0.0010559334765228058
10350, 10492, 0.0010543676216250141
16997, -1, 0.0010452882092491626
15480, -1, 0.0010359235135521132
9101, 9427, 0.0010302241888123203
13634, -1, 0.001015186295606601
10254, 10492, 0.0010024863609140225
14772, 14829, 0.0009873728074553747
2127, 2238, 0.0009863187218532412
12629, 12758, 0.000977246682161197
3636, 3817, 0.0009731569286367221
1807, 1933, 0.000959373215782021
7613, 7652, 0.0009501559094102298
10095, 10217, 0.0009306513991495366
3302, 3817, 0.0009284617736591645
1503, 1588, 0.0009276199783741599
15797, 16021, 0.0009216462716477805
13634, 13748, 0.0009121775409240046
550, 589, 0.0009110430825822688
9248, 9574, 0.0008932734925905462
4388, 4581, 0.0008732324579744583
12198, -1, 0.0008647737578088361
17088, 17369, 0.0008630148422487282
16661, 16702, 0.0008544924688432004
10355, 10471, 0.000840090126086411
15057, -1, 0.0008387068126576118
11934, 12044, 0.000836868983601339
15544, 15620, 0.0008314181148841383
0, 526, 0.0008246320289432667
2221, 2373, 0.0008227598659909121
14857, -1, 0.0008161564145403532
14693, 14819, 0.0008138287678886537
14772, 14819, 0.000807522475503018
10254, 10459, 0.0008060462488557778
15213, -1, 0.0007941741463402761
732, 1011, 0.0007913897998728236
4089, 4503, 0.0007793112249588667
2221, 2245, 0.0007692445348753727
4544, 4581, 0.0007658932053830325
9622, 9749, 0.0007619850485915295
1436, 1476, 0.0007520071083242455
0, 192, 0.0007483746891223152
12134, 12427, 0.0007476132924049121
4401, 4503, 0.0007456373564012352
14996, -1, 0.0007276887468839938
9364, 9427, 0.0007068987331051662
9548, 9574, 0.0006940879732735273
13914, 14123, 0.0006864086553760592
2612, 2642, 0.0006772745221984443
939, 1068, 0.0006764775877588331
1756, 1909, 0.0006741445316499224
12592, -1, 0.0006739571519597731
16555, 16702, 0.0006617168349585637
14693, 14829, 0.0006536443251278824
981, 1105, 0.0006346707447188281
12933, 13011, 0.0006313653354933208
2733, 2961, 0.0006294049920978383
16207, -1, 0.0006260756737141373
3444, 3817, 0.0006250735828614864
1807, 2034, 0.000623192001149377
1576, 1588, 0.0006221349801396958
10350, 10459, 0.0006218919397899697
981, 1476, 0.0006212868059326486
1339, 1476, 0.0006152269999512588
2731, 3250, 0.0006113315342875202
3610, 3817, 0.0006061568214747532
1807, 2245, 0.0005893555951960407
458, 659, 0.0005886175778721816
5345, 5585, 0.0005842284496524912
2293, 2461, 0.0005797890455587502
12885, 13011, 0.0005665233535157045
9400, 9519, 0.0005659916125172103
2166, 2245, 0.00056515460579645
9548, 9749, 0.0005639234872138395
4446, 4593, 0.0005631293164016196
13962, 14021, 0.0005614390753566807
11946, 12022, 0.0005613465725665454
12198, 12287, 0.0005531275524594438
2337, 2461, 0.0005500355794492175
2588, 2646, 0.0005438918545935303
2992, 3084, 0.0005408461060135739
9883, 9894, 0.0005396651259141305
2615, 2642, 0.000530262663554188
4446, 4503, 0.0005236831496350227
11870, 12006, 0.0005167326193529556
265, 589, 0.0005095442143484642
2987, 3084, 0.0005084903502037285
9041, 9574, 0.0005021077314424019
5657, 6272, 0.0004988825213883042
458, 607, 0.0004928362871304777
2096, 2249, 0.0004912734604115578
4264, 4593, 0.00048751136734053553
15322, -1, 0.00048311405861684704
11934, 12081, 0.00048213746827361926
15797, -1, 0.00048084277376810134
3067, 3084, 0.0004800240676848664
483, 589, 0.00047815351692523915
2194, 2245, 0.0004766855499186979
10145, 10251, 0.0004664387503963829
9254, 9427, 0.00046321939712163447
10254, 10485, 0.0004506757823428313
793, 871, 0.00044682304885750414
15480, 15620, 0.00044634043507202635
1807, 1904, 0.0004458803068203254
2020, 2373, 0.000442721684019452
4183, 4503, 0.00043665234346230096
2127, 2249, 0.00043664782164151966
10350, 10485, 0.00043574668231946697
12198, 12427, 0.0004236614703431286
4319, 4593, 0.0004193294728702195
9324, 9574, 0.0004177374420939633
2974, 3084, 0.0004087316975531476
0, 1011, 0.00040800994563418356
1509, 1588, 0.00039981117199456754
10823, 11079, 0.0003978506595177003
10616, 10656, 0.0003971452674672274
2020, 2238, 0.0003827335798486308
12201, -1, 0.0003747753413730396
11078, 11281, 0.0003745453619369334
0, 189, 0.00037414684448756826
5280, 5418, 0.00036393634960870785
10616, 11079, 0.00036337113906426794
2241, 2373, 0.0003621409154087008
16782, 17201, 0.0003502144091012424
501, 589, 0.00034956633932480387
15499, -1, 0.00034694540279309427
13856, 14230, 0.0003467136140103016
4849, 4985, 0.00034350018978794784
916, 1011, 0.00034222503661151675
14362, 14560, 0.0003418433841112234
12564, -1, 0.0003396986991000822
1326, 1588, 0.000338149050666948
1480, 1588, 0.0003348067960503664
1727, 1909, 0.0003303405467224472
9442, 9574, 0.0003241028955204972
10095, 10159, 0.0003236639211395937
9364, 9574, 0.0003217106693461425
2436, 2461, 0.0003215796000514712
658, 1011, 0.00031954473711308916
732, 871, 0.00031543517823766137
12198, 12233, 0.00031501509535005763
1391, 1588, 0.00030873818282421857
9883, 10133, 0.00030453800910264705
3734, 3817, 0.0003000491170606246
793, 1068, 0.0002957964924688912
4095, 4503, 0.00029576412270069835
15141, -1, 0.00029564754063286943
981, 1103, 0.00029254472634105175
9515, 9749, 0.0002919456597463219
9101, 9167, 0.00029184238084748484
14407, 14510, 0.0002911806050041788
2020, 2034, 0.0002911188847597593
2060, 2245, 0.0002901247231311677
0, 2245, 0.0002894385257537977
2422, 2642, 0.00028883951908873065
2337, 2642, 0.0002836833494988008
10095, 10255, 0.0002822595246974732
11934, -1, 0.0002803214404190089
16551, -1, 0.00027090332560205445
0, 395, 0.00026976161502265616
11176, 11281, 0.00026645610456860756
2885, 3084, 0.0002640972163918821
10254, 10465, 0.00026324636603396596
2293, 2436, 0.00026257464158311266
13914, 14021, 0.00026094280909373847
9883, 10125, 0.00025534561687763277
13300, -1, 0.0002518033433060224
2701, 2961, 0.0002498433990603637
1771, 1909, 0.00024826402886943055
15013, -1, 0.00024782718695569306
4333, 4503, 0.0002474671149750314
2293, 2642, 0.000247158448024308
1461, 1476, 0.0002466330987154681
2436, 2519, 0.0002444299581595761
8914, 9177, 0.00024427794659870496
2127, 2321, 0.0002392469726588986
192, 358, 0.00023905641222925786
4425, 4477, 0.00023573542809018672
2152, 2245, 0.00023526225748335947
1860, 1909, 0.0002352302098261745
2096, 2321, 0.00023232965950604738
4233, 4593, 0.00023138302962904386
3356, 3817, 0.00023077260540032765
793, 1015, 0.00022582164661855283
10350, 10465, 0.00022569377256263987
12201, 12287, 0.000224331500299254
12866, 13011, 0.00022423294815999815
856, 1068, 0.00022394901540315462
16997, 17201, 0.00022147640261543884
525, 589, 0.00022146004313764952
3518, 3817, 0.00022048513904291295
10300, 10452, 0.00021975390517000652
4884, 5006, 0.00021649878260510827
9883, 10224, 0.00021516050976317736
2127, 2461, 0.00021491141749052374
13914, -1, 0.00021444539402819601
2096, 2461, 0.00020866300116767473
11109, 11281, 0.00020730760419158457
12201, 12427, 0.0002056357560668837
2960, 3250, 0.0002004585100823913
1376, 1588, 0.0001978011254974636
8748, 9177, 0.0001957530916389395
11054, 11079, 0.0001941008646080908
12232, 12427, 0.00019396081405839268
856, 1015, 0.000190758772093966
1561, 1909, 0.00018800925668469612
12718, 12758, 0.00018706164839856434
271, 415, 0.00018416847427672576
1349, 1588, 0.00018343521803395303
0, 202, 0.00018207846295642392
12232, -1, 0.00017973573531807443
9883, 10065, 0.00017953555903451316
15644, -1, 0.00017607086086046667
146, 358, 0.00017288401637783373
0, 362, 0.00017241959354601772
10095, 10155, 0.00017185011215154348
1827, 1933, 0.00017094135834391837
498, 589, 0.00016945273194613893
0, 1909, 0.00016754471595042332
3879, 3901, 0.00016536966242871942
10300, 10513, 0.00016396565901307788
12653, 12758, 0.00016248020696880692
11886, 12031, 0.00015808439796920508
15359, -1, 0.0001569865428191936
15666, -1, 0.00015679128315616842
195, 358, 0.000155809029268857
15619, -1, 0.00015567953729383663
15548, -1, 0.000154068675760409
2293, 2422, 0.0001527869085362786
1827, 2034, 0.00015142480877990778
1639, 1909, 0.00015105320824302396
4793, 4985, 0.00015100654288968928
0, 140, 0.00014982485453808443
1576, 1909, 0.00014789449685246656
939, 1015, 0.00014536752469824466
3636, 3901, 0.00014479990892562263
3088, 3250, 0.00014321138250397177
1827, 2245, 0.0001416009695791166
3302, 3901, 0.00013882865705268236
301, 589, 0.00013849504199971182
2020, 2249, 0.00013723662101978385
10254, 10509, 0.0001364239564586277
2337, 2436, 0.0001326930491507467
1837, 1909, 0.00013133181744735982
2337, 2373, 0.0001310027553886687
939, 1105, 0.00012939449345966914
1281, 1476, 0.00012936975727144054
3734, 3901, 0.0001289541049211633
265, 395, 0.00012852637415232006
2241, 2245, 0.00012504519589554873
1807, 1921, 0.00012264541175053032
189, 323, 0.00012090567183104008
0, 373, 0.00012067773069780354
0, 278, 0.00012011849651406634
5309, 5418, 0.00011988686126078757
14407, 14560, 0.00011703837383911694
939, 1476, 0.00011574371190914969
0, 58, 0.00011381732771539381
3356, 3396, 0.00011322932561173688
14288, 14522, 0.00011198839335372801
981, 1091, 0.00011110175114767082
658, 871, 0.00011048455127786873
2992, 3250, 0.00011004610308531586
10350, 10509, 0.00010980495099648227
2194, 2373, 0.00010968279113537733
9248, 9442, 0.00010911547172429752
2486, 2642, 0.00010907586852448482
3616, 3817, 0.00010703747601778744
0, 290, 0.0001066576798696045
2127, 2642, 0.00010476875581951624
981, 1015, 0.00010261854348324331
1186, 1476, 0.0001026057605239483
2096, 2642, 0.0001022169424962253
9474, 9749, 0.00010199745681927533
14877, -1, 0.00010079301187038416
3689, 3817, 9.844832937037898e-05
9300, 9465, 9.681955571090403e-05
0, 327, 9.587582537998879e-05
3981, 4503, 9.555852423132912e-05
981, 1328, 9.512648835503052e-05
2731, 3032, 9.374454874338827e-05
327, 358, 9.318049832051598e-05
16159, 16702, 9.270136888350127e-05
9300, 9717, 9.148516790022448e-05
3356, 3381, 8.83651169605517e-05
2987, 3250, 8.735561934387166e-05
11949, 12022, 8.718574139642045e-05
265, 526, 8.412282242843788e-05
14407, 14479, 8.216307654690662e-05
14208, 14522, 8.195690705254812e-05
9883, 10479, 8.047969045534249e-05
1246, 1476, 7.943253013048746e-05
0, 659, 7.812144387629223e-05
2940, 3084, 7.590567187065559e-05
3444, 3901, 7.570964824944307e-05
8748, 8843, 7.535981592422737e-05
3610, 3901, 7.340650639535921e-05
2588, 2961, 7.245051478861735e-05
13043, -1, 7.197419103035114e-05
1903, 2034, 7.099353614754418e-05
2221, 2461, 7.077881873693734e-05
301, 323, 7.077775608160807e-05
14260, -1, 6.973332572371779e-05
981, 1588, 6.859164002164455e-05
9300, 9324, 6.854582893237818e-05
2913, 3113, 6.804188638284143e-05
162, 323, 6.796349346649899e-05
4264, 4477, 6.71348736973292e-05
13853, 13969, 6.505066251860613e-05
939, 1103, 6.337383828023474e-05
4319, 4477, 6.234623287243953e-05
13017, 13184, 6.161055148021737e-05
0, 1068, 6.159319363800998e-05
13962, 13969, 6.145581493734364e-05
10145, 10255, 6.141515535486175e-05
13914, 13969, 6.10857027497744e-05
2733, 2942, 6.0646128665471454e-05
265, 362, 6.006929788453647e-05
1339, 1588, 6.0034774874774454e-05
14362, 14578, 5.945790051636852e-05
2127, 2436, 5.8087220692616215e-05
9406, 9574, 5.800131006181642e-05
0, 1328, 5.7773061568635136e-05
732, 1068, 5.659999201923894e-05
2096, 2436, 5.641423948657288e-05
1827, 1904, 5.506058512345605e-05
10975, 11079, 5.484901338564873e-05
9300, 9400, 5.397569352368257e-05
793, 1105, 5.320930815673573e-05
12201, 12233, 5.263447547841623e-05
2221, 2321, 5.2168829503256454e-05
9248, 9519, 5.108665520392713e-05
793, 1476, 5.070915263304039e-05
9426, 9519, 4.9795341175151566e-05
189, 415, 4.9722413880915206e-05
2221, 2642, 4.9524020383679034e-05
916, 1068, 4.933047550363117e-05
3785, 3901, 4.8248038091119244e-05
9548, 9717, 4.772424322208635e-05
2020, 2145, 4.7677401716855416e-05
16089, 16329, 4.758265299932006e-05
11823, 12022, 4.682344665849796e-05
1860, 2034, 4.5614228594266814e-05
2020, 2321, 4.501690834065936e-05
732, 1015, 4.4632183690625525e-05
0, 419, 4.4440617081181856e-05
2588, 2702, 4.380878971679604e-05
1843, 1909, 4.310974695275394e-05
9248, 9367, 4.2870433639700904e-05
9740, 9749, 4.098544393831907e-05
1903, 2245, 4.098381040877628e-05
3130, 3250, 3.9986233262054515e-05
856, 1105, 3.9301243607427574e-05
0, 2642, 3.905713642086327e-05
221, 323, 3.8218510513315106e-05
9474, 9519, 3.7159401553692933e-05
271, 323, 3.6665110873140586e-05
4018, 4503, 3.650715645167383e-05
9041, 9442, 3.634115689943461e-05
1860, 2245, 3.496928630636992e-05
2025, 2245, 3.461509055873276e-05
3834, 3901, 3.441582369916916e-05
10300, 10402, 3.393879988620062e-05
2701, 2834, 3.371030525255176e-05
12611, -1, 3.364923015160707e-05
458, 1011, 3.344953153967747e-05
9524, 9574, 3.2873854855109506e-05
550, 659, 3.1832862530553636e-05
9041, 9301, 3.113985811578031e-05
2020, 2642, 3.0914977678055405e-05
10020, 10251, 3.0290787417819976e-05
9324, 9442, 2.954608387251884e-05
2733, 2834, 2.8991308637554035e-05
228, 358, 2.8905154874589826e-05
2360, 2642, 2.8690130670249237e-05
562, 589, 2.8491792390071132e-05
9041, 9262, 2.8286148406430706e-05
12933, 13184, 2.7982944207341556e-05
162, 415, 2.7200001158339548e-05
2731, 2816, 2.6998889119348592e-05
1089, 1476, 2.6941646565840688e-05
13962, 14522, 2.6887234814326348e-05
1287, 1476, 2.671000722951865e-05
856, 1476, 2.6196812509434653e-05
11946, 12031, 2.5894422427846703e-05
5005, 5533, 2.538435450727856e-05
313, 358, 2.5182744845022053e-05
221, 415, 2.4901108492123252e-05
2241, 2642, 2.4695992048601883e-05
16207, 16329, 2.4544855442536673e-05
0, 36, 2.366456299195099e-05
126, 358, 2.3405941173401618e-05
14362, 14694, 2.31924716678518e-05
521, 589, 2.303707304774467e-05
468, 589, 2.296885415319786e-05
9101, 9574, 2.237303616122775e-05
9041, 9519, 2.228965399494938e-05
301, 526, 2.215681743853876e-05
2588, 2636, 2.1793234415079964e-05
10030, 10251, 2.0898289848642235e-05
9041, 9367, 2.08309056949763e-05
2913, 3177, 2.051121705556667e-05
11934, 12010, 2.0300156929151754e-05
12325, 12427, 2.00419036820943e-05
9041, 9324, 1.879185569580271e-05
12134, 12395, 1.8743086842815315e-05
14362, 14528, 1.8564015630950124e-05
939, 1091, 1.8466545558079624e-05
12933, -1, 1.8169419506661168e-05
2779, 2841, 1.7949351130205533e-05
327, 415, 1.7863274283908125e-05
301, 395, 1.767913833552007e-05
14801, 14829, 1.7181362548749933e-05
238, 415, 1.7120132869973716e-05
3356, 3370, 1.6915316574787814e-05
0, 212, 1.616939809678644e-05
9439, 9574, 1.5606204937987952e-05
793, 1103, 1.5544853373439824e-05
238, 323, 1.553215236902819e-05
12718, -1, 1.5360645906880392e-05
271, 589, 1.47707090575431e-05
16159, 16225, 1.4188039227719611e-05
523, 589, 1.4098402439834969e-05
265, 373, 1.36089796404589e-05
12568, 12758, 1.3602839017883482e-05
916, 1015, 1.3493948082278755e-05
9622, 9717, 1.3441430420885542e-05
14151, 14522, 1.3370931180239288e-05
2588, 2834, 1.3324423699462615e-05
4233, 4477, 1.2708209984435982e-05
14801, 14819, 1.234262404297676e-05
2436, 2537, 1.2250339998146365e-05
12162, -1, 1.2062989652560082e-05
2974, 3250, 1.1976167799891481e-05
3761, 3881, 1.1546073293708282e-05
5005, 5063, 1.1416778281860475e-05
4832, 5063, 1.086534714589098e-05
3168, 3274, 1.0790342859896658e-05
3123, 3250, 1.0679730968987051e-05
12198, 12395, 1.0621660827637949e-05
16159, 16285, 1.0615742216792635e-05
9324, 9519, 1.0492676434803675e-05
2913, 3274, 9.264388960380055e-06
5537, 5585, 9.127217779357472e-06
2885, 2942, 9.111817794886815e-06
9364, 9519, 9.108400150388053e-06
3038, 3177, 8.685636485273375e-06
2436, 2529, 7.786820397748448e-06
0, 391, 7.779495566041675e-06
1670, 1933, 7.664570921654936e-06
3981, 4050, 7.193952696219928e-06
5005, 5074, 6.768176303752132e-06
2913, 3123, 6.570058623447077e-06
3038, 3113, 6.50201991709855e-06
1683, 1909, 5.900649383015724e-06
14230, 14522, 5.858879357828438e-06
14186, 14522, 5.741148343150575e-06
1473, 1588, 5.663276932355106e-06
2701, 2942, 5.635672060161251e-06
2923, 3084, 5.471164810975437e-06
12232, 12395, 5.35596912196654e-06
12201, 12395, 5.155814357124715e-06
1585, 1588, 5.133973607776074e-06
1903, 1909, 5.033968101689004e-06
10355, 10479, 4.9694785177242914e-06
2913, 2987, 4.963307940637371e-06
11706, 12022, 4.805755244336686e-06
2913, 3067, 4.74141688139809e-06
2733, 3084, 4.50564919987596e-06
12254, 12427, 4.441241708437794e-06
11870, 12044, 4.372730315032965e-06
1670, 2034, 4.232498191522852e-06
1860, 1933, 4.197005686903674e-06
1049, 1476, 4.015990187666919e-06
117, 358, 3.732338309489562e-06
0, 63, 3.7192188952481776e-06
1670, 1904, 3.6906321666740153e-06
2751, 2841, 3.602004028359188e-06
12276, 12427, 3.5174851615439036e-06
2731, 3113, 3.5004710731675014e-06
658, 1068, 3.485869292697654e-06
2923, 2961, 3.430463511425281e-06
4697, 4985, 3.425968005177737e-06
12162, 12233, 3.3110378161435874e-06
3067, 3177, 3.2963573986389137e-06
12232, 12287, 3.290311779053244e-06
0, 295, 2.9688329515186277e-06
265, 391, 2.8969112674187376e-06
12134, 12325, 2.75854780259054e-06
11958, 12022, 2.7361725626190104e-06
14407, 14578, 2.702632019728868e-06
0, 81, 2.6532049354245626e-06
11870, 12010, 2.570314871279311e-06
2612, 2841, 2.5365768667525876e-06
265, 327, 2.510133798431652e-06
0, 210, 2.463551573727743e-06
2588, 2942, 2.4442701602799476e-06
1402, 1476, 2.426589511899953e-06
11934, 12233, 2.3973536500871698e-06
1756, 1933, 2.3883230565792277e-06
3900, 4050, 2.3012190023542976e-06
192, 323, 2.297317581965277e-06
12162, 12287, 2.1574959438669627e-06
358, 415, 2.1233570465195756e-06
1164, 1476, 2.1088250880475274e-06
11949, 12031, 2.103198314117419e-06
3038, 3274, 2.094585406975654e-06
2615, 2841, 2.0460574426862112e-06
1756, 1904, 2.04446960952947e-06
2779, 2961, 1.9568171522940475e-06
2940, 2961, 1.9505453275371675e-06
2794, 2841, 1.950509296667885e-06
0, 109, 1.942874602970102e-06
2701, 3084, 1.789135416539208e-06
12198, 12325, 1.600554457109373e-06
358, 589, 1.5971996597808283e-06
210, 358, 1.5587339254653734e-06
9883, 10150, 1.5567830080377464e-06
0, 304, 1.4920209394461705e-06
1217, 1476, 1.3370318554340145e-06
0, 284, 1.301241654242085e-06
2731, 3177, 1.279589218028784e-06
11870, 12081, 1.263621264070785e-06
2731, 2987, 1.236904943815808e-06
301, 362, 1.2147460447023702e-06
301, 373, 1.1831273790960233e-06
2913, 2992, 1.1549000460519154e-06
146, 323, 1.1493379767701735e-06
3067, 3274, 1.1021254747826962e-06
2885, 3032, 1.0989275017208313e-06
3038, 3123, 1.082862058650264e-06
2960, 3032, 1.0741630505203567e-06
0, 260, 1.0726150578049134e-06
0, 607, 1.0282012410059382e-06
12254, 12395, 9.681275090433514e-07
2885, 3250, 9.348443423761203e-07
0, 871, 8.81764253123655e-07
195, 323, 8.697425936016512e-07
2960, 3113, 8.630698758050573e-07
458, 871, 8.625117694859059e-07
2913, 3227, 7.922067671880563e-07
856, 871, 7.766242617653203e-07
323, 358, 7.636806884954866e-07
12201, 12325, 7.540872062518961e-07
11823, 12031, 7.119404176219305e-07
2588, 3084, 6.981485076071574e-07
1281, 1588, 6.947032584508227e-07
3067, 3113, 6.928710957926924e-07
2913, 3172, 6.61531391270476e-07
939, 1588, 6.585286695068668e-07
2436, 2841, 6.441297875619204e-07
2913, 3110, 6.427159144981011e-07
11934, 11994, 6.34452740818177e-07
0, 463, 5.976150407361131e-07
2588, 2673, 5.629581131629633e-07
2816, 2841, 5.067718370106401e-07
458, 716, 5.067493259058774e-07
10095, 10471, 4.999743041406508e-07
0, 39, 4.9723415987566e-07
265, 290, 4.7125245205552183e-07
658, 716, 4.5397144822214407e-07
265, 419, 4.4958028608448027e-07
2794, 2961, 4.461609280704442e-07
2816, 2961, 4.4326993144919077e-07
271, 362, 4.428434135092961e-07
271, 395, 4.3673224620775904e-07
2731, 3123, 4.212622493963828e-07
1186, 1588, 4.013631193452557e-07
2913, 3059, 3.985992513199511e-07
732, 1105, 3.776509261516806e-07
301, 391, 3.774991740114325e-07
2992, 3113, 3.6550966474824524e-07
658, 1015, 3.6265630642256953e-07
271, 373, 3.590180673421895e-07
732, 1476, 3.586106353164467e-07
3038, 3227, 3.2964896320456e-07
2987, 3113, 3.135286684275774e-07
11706, 12031, 3.1155663643183025e-07
483, 526, 3.0989416546158923e-07
265, 278, 3.0860989992090556e-07
12162, 12427, 3.0766580135908137e-07
856, 1103, 3.011016898033124e-07
3038, 3172, 2.9710114157491074e-07
189, 589, 2.822920173194056e-07
189, 362, 2.809591050302612e-07
11958, 12031, 2.78843545563673e-07
458, 463, 2.7445495015815453e-07
2731, 3067, 2.721575161280056e-07
12276, 12395, 2.7121844431128486e-07
2779, 2942, 2.689960150627384e-07
2960, 3177, 2.5656990974408527e-07
2913, 3107, 2.42954528038155e-07
1246, 1588, 2.394810416323375e-07
0, 238, 2.3409469988624298e-07
3231, 3250, 2.299963374677069e-07
2731, 2860, 2.295678250131649e-07
327, 589, 2.1972402564085573e-07
2731, 2992, 2.1960005429887713e-07
916, 1476, 2.1922141339168827e-07
313, 415, 2.1549737549625156e-07
458, 684, 2.0751876043755241e-07
3168, 3177, 2.0661350995357311e-07
11886, 12006, 2.061819224043831e-07
2974, 3113, 1.994405884566478e-07
11982, 12022, 1.994170056833637e-07
916, 1105, 1.960321845536154e-07
0, 716, 1.948934232896196e-07
550, 607, 1.9286957959215368e-07
588, 659, 1.9166849817701276e-07
3067, 3227, 1.8982273451131502e-07
605, 659, 1.8945794302502035e-07
525, 659, 1.7275099477696343e-07
2731, 3274, 1.6930531679962213e-07
9219, 9427, 1.663491040833697e-07
189, 373, 1.5972571360110381e-07
3067, 3123, 1.5902184732467073e-07
189, 327, 1.5784862769093846e-07
0, 162, 1.5687159464652708e-07
206, 358, 1.4984741362966274e-07
221, 362, 1.4913599491408227e-07
2974, 3032, 1.4887286227686893e-07
162, 362, 1.4629613626990222e-07
11870, 11994, 1.4480212930708276e-07
2923, 2942, 1.4241367362810537e-07
189, 395, 1.331303569955856e-07
2992, 3177, 1.3017186906582257e-07
126, 323, 1.2771269518430908e-07
12232, 12325, 1.2574585215431899e-07
12325, 12395, 1.2537432073380163e-07
192, 415, 1.2001794027200838e-07
0, 228, 1.1750542807156409e-07
189, 290, 1.1513303463851965e-07
9406, 9427, 1.1164661115461837e-07
301, 327, 1.1162364779482715e-07
941, 1011, 1.1042506493615448e-07
0, 12, 1.0516413909215622e-07
2936, 3084, 1.0445326682883482e-07
162, 278, 1.0404797708847136e-07
9379, 9427, 1.0271999330115405e-07
301, 419, 1.0015905641005543e-07
189, 278, 9.990582121999109e-08
162, 290, 9.798853232023558e-08
162, 589, 9.600172994032779e-08
265, 463, 9.352105697035697e-08
238, 362, 9.24955396601017e-08
146, 415, 9.221772996493506e-08
501, 526, 9.09770875048717e-08
391, 589, 9.083550617878016e-08
221, 373, 9.024812734472735e-08
221, 589, 8.788774736485009e-08
162, 373, 8.742756165810066e-08
271, 526, 8.579264861740556e-08
162, 327, 8.571937362273932e-08
228, 323, 8.332877894631722e-08
271, 391, 8.15604936646564e-08
405, 589, 8.004944206391923e-08
2940, 2942, 7.997008432823647e-08
265, 295, 7.971486981916268e-08
2751, 2961, 7.66205019876292e-08
195, 415, 7.325258186484253e-08
162, 395, 7.287031143817059e-08
221, 395, 6.972873213937006e-08
501, 659, 6.841825766022478e-08
109, 358, 6.733073188381199e-08
2987, 3032, 6.665796557076203e-08
2733, 3032, 6.655750132973648e-08
0, 126, 6.598434939383362e-08
2992, 3032, 6.351865990857284e-08
562, 659, 6.08916251079639e-08
238, 373, 6.038221319246228e-08
2940, 3032, 5.937112743506756e-08
265, 304, 5.935455575181249e-08
2923, 3032, 5.9178767296153495e-08
1102, 1476, 5.8682002531547085e-08
550, 1011, 5.820517125763066e-08
271, 327, 5.698534638683019e-08
238, 589, 5.675714011717528e-08
2885, 3113, 5.423704614422051e-08
221, 327, 5.356293395752421e-08
117, 323, 5.223909391329987e-08
238, 395, 5.192431923161836e-08
2913, 3254, 5.137620861627041e-08
3308, 3381, 5.0614512267841986e-08
483, 659, 5.0243850552891335e-08
202, 358, 4.9543325082812826e-08
550, 716, 4.8282166884671043e-08
2940, 3250, 4.679417346431075e-08
358, 526, 4.442089612563091e-08
11946, 12006, 4.339049349689606e-08
265, 659, 4.310875067768358e-08
498, 526, 4.234218872973098e-08
605, 1011, 4.162527449627645e-08
11982, 12031, 3.8637222974777244e-08
3168, 3227, 3.7609904254820915e-08
458, 564, 3.571398832133953e-08
658, 684, 3.566415890138393e-08
3308, 3396, 3.53530449921e-08
1408, 1476, 3.219220853717472e-08
483, 607, 3.122050927160111e-08
458, 1068, 3.054779092150039e-08
0, 684, 2.9393621737649286e-08
498, 659, 2.8409918946610082e-08
605, 716, 2.824937444304161e-08
301, 463, 2.808445382456524e-08
501, 607, 2.8057306035613738e-08
265, 607, 2.7847219684329904e-08
9883, 10492, 2.772965035187873e-08
189, 391, 2.606765613805388e-08
550, 871, 2.6016803330965188e-08
3308, 3370, 2.4923438178807522e-08
3168, 3254, 2.4351092670555982e-08
2701, 3032, 2.419854308890715e-08
2923, 3250, 2.3961629333681778e-08
238, 327, 2.3499610014073184e-08
210, 323, 2.3136987484929704e-08
458, 698, 2.301954552739028e-08
525, 607, 2.2922804805477574e-08
327, 395, 2.2830783842544058e-08
10355, 10492, 2.2417151215859322e-08
313, 323, 2.201774458144959e-08
265, 284, 2.1806785242395404e-08
3038, 3254, 2.164621299783445e-08
399, 589, 2.1279736720086344e-08
414, 589, 2.0944725976171264e-08
1402, 1588, 2.0930614103772478e-08
658, 807, 2.0472253628059327e-08
605, 871, 2.010138990104404e-08
550, 684, 1.964441088159538e-08
9400, 9442, 1.9058325975575387e-08
221, 290, 1.899813994061397e-08
2588, 2679, 1.8504445210975192e-08
192, 362, 1.845531864628254e-08
658, 1476, 1.8077721258024922e-08
189, 526, 1.731898490482486e-08
189, 295, 1.6833241097662108e-08
588, 716, 1.639922764213874e-08
1049, 1068, 1.5895949202710574e-08
10145, 10471, 1.5775638872851483e-08
9883, 10459, 1.5433667348007858e-08
2733, 3250, 1.501480365338951e-08
1827, 1921, 1.4725854962597205e-08
162, 391, 1.4268407777995504e-08
941, 1068, 1.412585431771518e-08
221, 391, 1.3952766223818761e-08
271, 419, 1.3572626284800465e-08
146, 362, 1.3473535135553928e-08
221, 278, 1.3435958779607947e-08
162, 295, 1.3251503666842527e-08
498, 607, 1.3131648321302061e-08
2960, 3274, 1.310922624688618e-08
732, 807, 1.2337369858173679e-08
327, 526, 1.228091352512017e-08
2913, 3002, 1.2148545631709071e-08
391, 415, 1.2104171020741012e-08
195, 362, 1.1949377439456455e-08
112, 358, 1.1931819455126844e-08
301, 659, 1.1717020045817628e-08
521, 659, 1.169971236600013e-08
468, 526, 1.1692352942543108e-08
146, 278, 1.1666224579826922e-08
323, 415, 1.1301446739450927e-08
3067, 3254, 1.1273020210168569e-08
11886, 12044, 1.1177273381389324e-08
665, 871, 1.111471083229972e-08
358, 395, 1.082506776308274e-08
538, 589, 1.0814485213433212e-08
313, 589, 1.0742693454079208e-08
192, 373, 1.0215265045237538e-08
271, 290, 1.017267455719419e-08
162, 192, 1.0068297067894205e-08
192, 327, 9.998348531246134e-09
238, 391, 9.911800223597491e-09
146, 290, 9.833981934716186e-09
368, 589, 9.7499064115222e-09
327, 373, 9.379551966863528e-09
658, 1105, 9.335170105910973e-09
588, 871, 9.306207920877508e-09
189, 304, 9.288889855159064e-09
327, 362, 8.84965185657518e-09
658, 698, 8.463148218950912e-09
192, 395, 8.373745950888523e-09
391, 526, 8.370315793741311e-09
228, 415, 8.330781954885513e-09
162, 526, 8.168950854175646e-09
458, 544, 8.08403545632241e-09
523, 659, 7.99421084866182e-09
146, 373, 7.949331098523835e-09
368, 415, 7.699181618506606e-09
301, 607, 7.568927196983616e-09
221, 526, 7.478521696776226e-09
688, 871, 7.3716198121867256e-09
146, 327, 7.145649757632025e-09
126, 415, 7.119695145794932e-09
192, 290, 6.8495707236290145e-09
271, 278, 6.7480236221915505e-09
195, 373, 6.63706767522831e-09
146, 395, 6.590133123652373e-09
405, 526, 6.502881021244308e-09
665, 1011, 6.482816241061423e-09
11823, 12006, 6.453234494582164e-09
162, 304, 6.437498392508761e-09
192, 589, 6.361377137133515e-09
195, 327, 6.232783234810359e-09
189, 284, 6.209729325111487e-09
238, 290, 5.866124062577816e-09
192, 278, 5.857170869168264e-09
162, 284, 5.8349876334443035e-09
162, 202, 5.81210375051118e-09
3168, 3370, 5.610268480062054e-09
588, 1011, 5.509412238736938e-09
588, 607, 5.506809792641062e-09
195, 395, 5.240963567637537e-09
238, 526, 5.196549558747166e-09
405, 415, 5.105414281667018e-09
313, 395, 5.073071324557987e-09
146, 589, 5.0065388729162225e-09
605, 607, 4.9464466580485395e-09
658, 793, 4.728999459952017e-09
605, 684, 4.592668000682772e-09
189, 192, 4.532172257011636e-09
162, 212, 4.26372392911488e-09
562, 607, 4.255930964307969e-09
10355, 10459, 4.217725758956077e-09
3356, 3901, 4.214225789238619e-09
195, 589, 4.0973132470007366e-09
195, 290, 4.060071988057735e-09
162, 189, 3.971654278253796e-09
238, 278, 3.957385057865913e-09
3518, 3901, 3.93120463173402e-09
358, 373, 3.916375774757304e-09
458, 1015, 3.897742639716223e-09
1049, 1105, 3.859290188907701e-09
162, 260, 3.816198098138709e-09
588, 684, 3.758670082276797e-09
358, 362, 3.7217227659390093e-09
189, 419, 3.6457235301680578e-09
327, 391, 3.4623995375405956e-09
562, 716, 3.4239872253687904e-09
195, 278, 3.393577468139954e-09
521, 526, 3.370910274786054e-09
793, 807, 3.1510991702483467e-09
221, 295, 3.0567210332129403e-09
117, 415, 2.9545285298877723e-09
525, 716, 2.927162730687601e-09
458, 807, 2.843010648405359e-09
399, 415, 2.8413255384489554e-09
399, 526, 2.827864152893894e-09
271, 463, 2.8177586572675137e-09
521, 607, 2.783769231018943e-09
189, 260, 2.702846328703429e-09
189, 202, 2.6027136229599488e-09
3168, 3381, 2.547775656430736e-09
301, 304, 2.4910962159151604e-09
206, 323, 2.452923077371688e-09
313, 373, 2.4377759484828885e-09
313, 362, 2.4037530270674228e-09
228, 362, 2.3076208585977473e-09
550, 698, 2.272152642346408e-09
414, 526, 2.1902733890562756e-09
146, 192, 2.1643012252295385e-09
323, 589, 2.125415514534483e-09
523, 526, 2.095622672303317e-09
221, 304, 2.015592460597898e-09
162, 419, 1.9955254012398017e-09
362, 415, 1.9800492980925366e-09
189, 212, 1.938766960053986e-09
126, 362, 1.8272557319573605e-09
221, 419, 1.8268673676076237e-09
271, 295, 1.7500052084762144e-09
468, 659, 1.721836115014178e-09
126, 278, 1.6494301458746334e-09
732, 793, 1.6201006508702898e-09
358, 391, 1.5295343616025104e-09
192, 391, 1.5176805269088715e-09
4089, 4593, 1.4648559786991773e-09
362, 589, 1.4397065844633858e-09
228, 373, 1.4299371762916873e-09
523, 607, 1.3786748860075011e-09
109, 323, 1.3590884262276213e-09
146, 295, 1.309902177375327e-09
271, 304, 1.3069791106714737e-09
126, 290, 1.2908774963549962e-09
368, 526, 1.2856228155791087e-09
313, 526, 1.2663912809417684e-09
146, 202, 1.2184658101233748e-09
371, 589, 1.213053840936633e-09
468, 607, 1.2124225099291818e-09
327, 419, 1.206219547963717e-09
210, 415, 1.2027625746668889e-09
146, 391, 1.1944136793931564e-09
501, 716, 1.1500447440624396e-09
665, 716, 1.1446034396810821e-09
126, 373, 1.0872871372336631e-09
592, 659, 1.0558913366430272e-09
228, 395, 1.0321709610367651e-09
192, 295, 1.0286310999551237e-09
238, 419, 9.911059739788266e-10
238, 295, 9.903721011187194e-10
195, 391, 9.776542773055364e-10
126, 327, 9.50773875064121e-10
221, 284, 9.203088842881769e-10
525, 684, 8.937255822330943e-10
265, 716, 8.89807140861333e-10
483, 716, 8.755501715053358e-10
358, 463, 8.701972731178715e-10
146, 212, 8.578144127804434e-10
146, 189, 8.577191967948836e-10
202, 323, 8.554447978036821e-10
2885, 2987, 8.344652842081624e-10
126, 395, 8.141306087805839e-10
313, 391, 8.131330823838354e-10
271, 659, 8.006925727034537e-10
12140, 12233, 7.995864842825787e-10
126, 192, 7.867072478159051e-10
562, 684, 7.862286225285868e-10
117, 362, 7.576024579347133e-10
605, 698, 7.195738136554054e-10
228, 327, 7.025113195475768e-10
238, 304, 7.012499816710606e-10
371, 415, 6.79686069456708e-10
0, 698, 6.768707925830377e-10
117, 278, 6.684542556160294e-10
146, 284, 6.235304178988652e-10
358, 419, 6.180731588637566e-10
323, 395, 6.179437475641645e-10
0, 449, 6.169917473144501e-10
195, 295, 6.157808037242232e-10
146, 304, 6.055186211417308e-10
162, 210, 6.022498743355319e-10
192, 304, 5.775192799375769e-10
192, 526, 5.703706696264369e-10
458, 793, 5.561956963525676e-10
189, 463, 5.535494129145684e-10
117, 290, 5.134875999232852e-10
146, 260, 5.075962695056859e-10
588, 698, 5.074433137103385e-10
271, 607, 5.051220357244057e-10
327, 463, 4.945745297837504e-10
391, 395, 4.887186993885519e-10
228, 589, 4.87636717856914e-10
271, 284, 4.808316695400015e-10
117, 192, 4.796159896159603e-10
117, 373, 4.5072643459781635e-10
146, 526, 4.488799013420287e-10
210, 362, 4.4332058395095946e-10
458, 700, 4.4016805045375793e-10
562, 871, 4.202738905763701e-10
525, 871, 4.1676123039920684e-10
126, 202, 4.133626515592448e-10
117, 327, 3.9385834719466153e-10
192, 284, 3.7238438621928263e-10
195, 304, 3.5181858059594435e-10
501, 684, 3.4948180086618163e-10
117, 395, 3.3795952352281413e-10
126, 189, 3.1693225282263876e-10
368, 395, 3.138042861031794e-10
323, 373, 2.976007234964877e-10
265, 684, 2.9647955856022297e-10
498, 716, 2.9428706592934877e-10
221, 260, 2.921891681969872e-10
483, 684, 2.9173941779986627e-10
358, 659, 2.901023838650433e-10
323, 362, 2.864720000984971e-10
238, 284, 2.8094208949715103e-10
189, 210, 2.7252298659821165e-10
126, 589, 2.7191310413606183e-10
126, 212, 2.65571700363672e-10
210, 373, 2.575470276201944e-10
112, 323, 2.4638293709296483e-10
195, 526, 2.446174440863001e-10
117, 202, 2.407394180093207e-10
162, 463, 2.2117971639818895e-10
228, 290, 2.195262874365014e-10
195, 284, 2.181683217922367e-10
228, 391, 2.1377256092703688e-10
313, 327, 2.0418629880320762e-10
221, 463, 2.0248602499047004e-10
117, 189, 1.955058286199241e-10
210, 327, 1.8586271895995432e-10
658, 700, 1.820330463235986e-10
989, 1068, 1.7962602788703604e-10
210, 395, 1.7457519326196483e-10
126, 295, 1.7361036428132197e-10
358, 607, 1.7340836884886144e-10
126, 391, 1.659281037260078e-10
192, 260, 1.556555253188238e-10
228, 278, 1.522855368999606e-10
117, 212, 1.46522284180135e-10
192, 202, 1.4610364696870299e-10
684, 871, 1.4361773876178319e-10
368, 373, 1.3355043629748324e-10
146, 210, 1.223348526545874e-10
265, 449, 1.1852908905840194e-10
688, 1011, 1.1201613862906168e-10
192, 212, 1.0864875602033425e-10
323, 391, 1.0605894537189917e-10
0, 564, 9.590937016459455e-11
126, 284, 8.817935026713954e-11
126, 260, 8.799005339438694e-11
195, 260, 8.774962145235491e-11
210, 290, 8.663779903938109e-11
238, 260, 8.375944119123671e-11
362, 395, 8.16075359947963e-11
195, 202, 8.066113470554411e-11
458, 555, 7.944880627617032e-11
126, 304, 7.704563938997162e-11
313, 419, 7.486710517711476e-11
117, 391, 6.887954045648914e-11
117, 295, 6.848149298148473e-11
238, 463, 6.7758555570921e-11
210, 278, 6.5384822936426e-11
195, 212, 5.984859877994708e-11
368, 391, 5.18809432430971e-11
206, 362, 4.766045419321259e-11
192, 419, 4.6553079896023026e-11
371, 395, 4.3110212990640536e-11
126, 210, 3.86407121994273e-11
228, 295, 3.7927992049486005e-11
117, 260, 3.788809007206353e-11
550, 700, 3.719900372861041e-11
146, 419, 3.6637246416373855e-11
265, 564, 3.6625484258521966e-11
301, 449, 3.633003628237992e-11
210, 391, 3.574443099791614e-11
117, 284, 3.549316223992671e-11
362, 373, 3.458213488282972e-11
323, 526, 3.383988690254238e-11
362, 526, 3.248505719800219e-11
189, 659, 3.2378098699828896e-11
206, 415, 3.233320074734201e-11
538, 659, 3.213397751149199e-11
117, 304, 3.112665052905065e-11
117, 589, 3.1016192890795234e-11
195, 419, 2.998840459183558e-11
371, 526, 2.808978335417313e-11
206, 373, 2.7370766935310193e-11
228, 304, 2.5718766088354287e-11
323, 327, 2.405836173106313e-11
117, 210, 2.1561898075178334e-11
109, 362, 2.1508605141016107e-11
206, 327, 2.114901746610811e-11
206, 395, 1.868387420996347e-11
109, 192, 1.860352834281249e-11
371, 373, 1.842279753726732e-11
109, 278, 1.8277148748770507e-11
391, 463, 1.7993638809952402e-11
313, 463, 1.7493132224085316e-11
109, 415, 1.6386588547311835e-11
202, 362, 1.5680333252950655e-11
192, 210, 1.5275035044510693e-11
210, 295, 1.4219972212974517e-11
109, 290, 1.378816701308214e-11
362, 391, 1.3437287233085054e-11
109, 373, 1.2789729435174048e-11
109, 327, 1.1151816621676328e-11
228, 284, 1.1036966391756599e-11
206, 290, 1.0781035446679646e-11
202, 415, 1.074605238454282e-11
391, 419, 1.0651945661883645e-11
162, 238, 9.902016503807227e-12
109, 395, 9.469060929547345e-12
192, 463, 9.180613633506214e-12
202, 373, 8.912801049742221e-12
109, 202, 8.907628404128603e-12
210, 304, 8.87974394246561e-12
265, 544, 8.62689059990753e-12
195, 210, 8.416729211532958e-12
206, 278, 8.340539305921652e-12
323, 419, 8.020375247843521e-12
109, 189, 7.68047670778103e-12
202, 327, 7.343467715554523e-12
405, 463, 7.166862865516963e-12
371, 391, 7.076062769969612e-12
368, 463, 6.7834125664518e-12
989, 1011, 6.658887164219007e-12
550, 564, 6.460348401359902e-12
202, 395, 6.185884854904976e-12
146, 463, 6.148021316529114e-12
368, 419, 5.9587867551922495e-12
483, 564, 5.901756469641184e-12
228, 419, 5.2819545992487e-12
189, 238, 5.273781818363959e-12
109, 212, 5.1478218110422634e-12
195, 463, 5.032291827582266e-12
301, 564, 4.581522859047286e-12
210, 284, 4.5600256156756205e-12
126, 419, 4.513925237554647e-12
228, 526, 4.306512193225657e-12
202, 290, 4.112136608329049e-12
405, 419, 3.982107437592442e-12
112, 362, 3.8994768883236446e-12
210, 589, 3.896496205656206e-12
399, 463, 3.863618631791781e-12
206, 391, 3.82925712640798e-12
126, 526, 3.680912764633159e-12
271, 449, 3.642792691935678e-12
228, 260, 3.413130956475346e-12
112, 278, 3.3602070418440204e-12
202, 278, 3.2589347572356805e-12
112, 192, 3.0241114709453664e-12
323, 463, 2.902525288359052e-12
112, 415, 2.639837737305124e-12
162, 228, 2.5493653389692555e-12
112, 290, 2.5444692435212827e-12
112, 373, 2.3108904886399845e-12
399, 419, 2.2199798679119874e-12
112, 327, 2.0201093069015927e-12
109, 391, 1.9244604946101076e-12
109, 295, 1.8999506260136696e-12
117, 419, 1.873748897944588e-12
414, 463, 1.781867354270813e-12
206, 295, 1.7650415718629085e-12
112, 395, 1.6996843294117179e-12
146, 238, 1.6482571186769377e-12
210, 260, 1.5774033710841583e-12
362, 419, 1.523861486925197e-12
362, 463, 1.521067800697952e-12
112, 202, 1.474716695317464e-12
202, 391, 1.2620324440612243e-12
189, 228, 1.2496344034882307e-12
112, 189, 1.2422740283123919e-12
109, 260, 1.0886966617333798e-12
189, 449, 1.0817505873028574e-12
206, 304, 1.077111941801661e-12
210, 212, 1.0144095770418082e-12
228, 463, 9.980171005847549e-13
371, 463, 9.97237943944701e-13
210, 419, 9.706055722253245e-13
414, 419, 9.640532246262698e-13
109, 284, 9.633248296786595e-13
358, 449, 9.516019092163476e-13
109, 304, 8.876087392227875e-13
112, 212, 8.691664911794436e-13
327, 449, 8.604622460339989e-13
126, 463, 8.52933137301958e-13
109, 210, 7.655585609577479e-13
202, 295, 6.648724019804483e-13
206, 284, 5.803462435628996e-13
658, 745, 5.762228048201084e-13
221, 238, 5.053331316320479e-13
146, 228, 4.628137409811073e-13
371, 419, 4.57622313623384e-13
202, 304, 3.9630756579330885e-13
126, 238, 3.722547225160549e-13
112, 391, 3.469325377029157e-13
112, 295, 3.451914223429117e-13
192, 238, 2.974193465632951e-13
202, 284, 2.2447716820738105e-13
458, 745, 2.2246360174403098e-13
0, 544, 2.1606134378815758e-13
206, 260, 2.0819171011608193e-13
112, 260, 1.9772376342735041e-13
112, 284, 1.7803494203744714e-13
117, 238, 1.7682929097123863e-13
195, 238, 1.6454827731177125e-13
112, 304, 1.6126476429098013e-13
0, 249, 1.4320771782896874e-13
206, 212, 1.3482357446789047e-13
112, 210, 1.2874754708005368e-13
126, 140, 1.2129841156130903e-13
126, 228, 1.1895542422782143e-13
221, 228, 1.18588465861024e-13
117, 140, 8.051479960051366e-14
192, 228, 7.015619800672952e-14
117, 228, 5.974937047882887e-14
732, 745, 4.1363901506111824e-14
206, 419, 4.103760875308289e-14
195, 228, 3.867145786464591e-14
117, 463, 2.1572924090332153e-14
0, 483, 6.077978254467218e-15
228, 238, 5.9023604216940416e-15
109, 238, 5.473664142203961e-15
109, 419, 4.8102706852224925e-15
109, 140, 3.4882039025737244e-15
202, 419, 3.154353195367382e-15
458, 483, 3.1003389055058977e-15
146, 162, 7.386851248932396e-16
117, 526, 7.108553619660883e-16
112, 140, 5.418374866937834e-16
265, 483, 4.0222996390614386e-16
126, 162, 2.9239948281144177e-16
117, 162, 1.9258920510209698e-16
301, 483, 1.0932697666069956e-16
189, 607, 1.0538717180713042e-16
210, 526, 8.663920703605341e-17
327, 607, 8.628270792972546e-17
117, 126, 2.179000139132995e-17
202, 212, 2.1157307507256567e-17
109, 228, 1.4280299413660695e-17
210, 238, 1.0257737208454341e-17
109, 162, 8.182000704233291e-18
206, 210, 7.471903945265203e-18
210, 228, 4.783513775043033e-18
112, 238, 3.577001721061319e-18
202, 210, 3.0471266461081568e-18
112, 228, 2.4850357361576872e-18
206, 238, 1.3704449930572606e-18
112, 162, 1.2822116915046006e-18
109, 126, 9.405738442556285e-19
206, 228, 6.391355448813947e-19
202, 238, 5.607446549520576e-19
202, 228, 2.6185884491773504e-19
112, 126, 1.4619933135427928e-19
74, 192, 3.294517046967887e-20
74, 189, 1.678506021767272e-20
74, 202, 6.84129734731331e-21
74, 140, 3.4398780155804785e-21
74, 212, 5.462261077228481e-22
74, 323, 2.837633188290882e-22
74, 210, 8.639275390411329e-23
74, 109, 1.7175959177793343e-23
74, 81, 1.0575889705189453e-23
74, 162, 6.2545187075685385e-24
74, 290, 6.128895462219595e-24
74, 238, 3.720499083008928e-24
74, 228, 3.0022330739261808e-24
74, 327, 1.2249189962316242e-24
74, 126, 9.970341031051184e-25
74, 278, 4.7443636805012494e-26
74, 295, 6.514479264018546e-27
