Gene = ZNF672
index = 1618
Annotated 5SS: [ 272 6357 7383]
Annotated 3SS: [6202 7285 8771]
SMsplice 5SS: [ 272 6357]
SMsplice 3SS: [6202 8732]
length: 11238
length: 11238
Partition function (logZ) = -7.504143657314307
#Exons = 1159
3SS, 5SS, prob
0, 272, 0.9847906604838511
6202, 6357, 0.579353638022042
4442, 4501, 0.31502492486321204
7240, 7383, 0.28822399330286125
7285, 7383, 0.273896179350066
10782, -1, 0.26074479194840255
4169, 4249, 0.24240756397468533
4169, 4333, 0.2101741552289711
8894, 9137, 0.1425835745716597
8732, -1, 0.12919540832922047
8771, -1, 0.12723598581963125
4866, 5033, 0.10606719971123184
8894, -1, 0.1035666846665532
10734, -1, 0.06680969955551305
7300, 7383, 0.05878884536222262
8771, 8959, 0.04768745925723715
8894, 8959, 0.047334208352502065
3868, 4108, 0.04661514930921
9495, -1, 0.04072083712571617
9651, -1, 0.03576060347304255
4169, 4238, 0.03456261826324541
9212, -1, 0.02961747791428776
4442, 4746, 0.02907004622918695
4165, 4249, 0.027936089570487706
8732, 8959, 0.026590180236061987
8771, 9137, 0.02636579553132177
4866, 4997, 0.025593464717158496
7991, -1, 0.024490322470243475
4866, 5081, 0.02250209036754168
8313, -1, 0.020726738752532402
4165, 4333, 0.020559085249860876
7491, 7643, 0.01820105547952292
8564, -1, 0.017888416071234734
3935, 4108, 0.016078093917094166
9130, 9212, 0.015376412388212921
10481, -1, 0.015245945690534501
4866, 5255, 0.014903313832356544
6202, -1, 0.014734851390795107
8732, 9137, 0.014711520991345572
6202, 6341, 0.014181334725186744
9044, 9137, 0.013888757576985308
7494, 7643, 0.013540232610873287
3954, 4108, 0.013296883679031835
6202, 6260, 0.012495812456387504
4169, 4501, 0.01209864871715484
9130, -1, 0.011685607625032268
7285, 7643, 0.010061687838199208
7456, 7643, 0.009326219112894931
8894, 9212, 0.009160073402723588
4169, 4282, 0.008688491239737172
9432, -1, 0.008584254275555443
11005, -1, 0.008554405924560686
4442, 4616, 0.008318397422907813
4399, 4501, 0.0082102135695213
7910, -1, 0.007646505231261825
4576, 4746, 0.007077373443643786
8313, 8376, 0.006436337499344902
9732, -1, 0.006291567094344392
9016, 9137, 0.006234412706715647
4442, -1, 0.0062277780501102135
9130, 9137, 0.006108619493633912
0, 671, 0.006093037251619112
5108, 5255, 0.006029056565354973
8444, -1, 0.005815742417151725
7240, 7643, 0.0057906909524789085
2234, 2462, 0.0054417158542705134
11073, -1, 0.00544020127384201
0, 795, 0.005434801201262472
8497, -1, 0.005414470651620866
7240, -1, 0.005027840557139691
3105, 3196, 0.00479253283512016
6202, 6311, 0.00468414974367053
8596, -1, 0.004478134163244587
10782, 10968, 0.00435793800007141
3948, 4108, 0.004348608947083243
7285, -1, 0.004286975305657473
4165, 4238, 0.004080371451886263
10587, -1, 0.003981348518057484
4866, 5226, 0.003955226138655964
7285, 7410, 0.003936063645886798
5134, 5255, 0.0037118310952485366
1643, 1739, 0.0035052204166818985
7300, 7643, 0.0033837848975231998
10481, 10590, 0.003316001847663881
2234, 2326, 0.0032280285408793383
1479, 1739, 0.003224667692776958
6202, 6255, 0.003050793792098774
5305, 5393, 0.0030402514557946172
4866, -1, 0.0030348010746023666
6202, 6394, 0.002947377103380354
4017, 4108, 0.0028509551920519573
8732, 8786, 0.0028384865474706785
5137, 5255, 0.0027482867334772784
5305, 5479, 0.0025966318510786818
3108, 3196, 0.0025727784086109888
9071, 9137, 0.0024694600894011667
7240, 7410, 0.0024205032223171396
466, 671, 0.0023381318408069876
3105, 3262, 0.002257183765655804
5023, 5255, 0.0021769541832661952
4169, -1, 0.00205967644210116
5665, 5725, 0.002020982142986314
1104, 1172, 0.0020112587980574224
7302, 7383, 0.0019654640652048477
8836, 8959, 0.0019362760340697171
7567, 7643, 0.0019259741640718126
8906, 9137, 0.0019259209700804587
9044, 9212, 0.0018914445409162072
9788, -1, 0.0018494213627480835
7074, 7383, 0.00176905092043463
2924, 3026, 0.0017494021914157617
7074, 7163, 0.0017171187945460198
3873, 4108, 0.0016679008175647708
7074, 7130, 0.0016670102941898943
8836, -1, 0.0016665108832152286
8771, 9212, 0.0016172640922244746
9044, -1, 0.0015244663788734761
9583, -1, 0.0015236021808483179
0, 1172, 0.0014787864417183097
9276, -1, 0.0014685005393994652
8732, 8779, 0.0014200728241670682
2234, 2516, 0.0013682685040313494
7834, -1, 0.0013642417281563661
5217, 5255, 0.0013524588119298994
9651, 9721, 0.0013459933098640797
3108, 3262, 0.0013417554595265345
5108, 5226, 0.0013366674616335915
5665, -1, 0.0013317095234409795
7727, -1, 0.0013150336755806233
3729, 4108, 0.0012988940898579016
4866, 5236, 0.0012851014597477593
751, 795, 0.0012565125506058172
2713, 2840, 0.00124784234986997
2234, 2389, 0.0012158724147661212
2234, 2272, 0.0012152387631202276
4165, 4501, 0.0011663054361746017
4816, 5033, 0.0011010774262381646
10782, 10883, 0.0010816749700675618
7300, -1, 0.0010724935742376037
7300, 7410, 0.0010594442919959629
3991, 4108, 0.0010589512797686642
9956, 10041, 0.0010414635535475046
4639, 4746, 0.001028513474812767
4169, 4304, 0.0009691926348751911
10230, -1, 0.0009669858825660615
8836, 9137, 0.0009633402184552361
2234, 2393, 0.0009527061459315216
7965, -1, 0.0009317091967791591
3171, 3262, 0.0009043551858996299
4866, 4987, 0.0009028172474571904
4165, 4282, 0.0009007256169216838
0, 951, 0.0008945052121770939
8906, -1, 0.0008896583009918682
9956, -1, 0.0008674782293842018
4620, 4746, 0.0008475274517392992
2234, 2374, 0.0008361111045331326
8732, 9212, 0.0008217038202599494
4447, 4501, 0.000817812978715569
9071, 9212, 0.0008167519643312095
4549, 4746, 0.0008153444653014746
7591, 7643, 0.0008151148848106872
3868, 4249, 0.0008024204545145038
5841, 5989, 0.0007906097977853042
7727, 7861, 0.0007874600215792701
5254, 5393, 0.0007857063896132645
2141, 2272, 0.0007705681794088982
8212, -1, 0.000743163164651829
7543, 7643, 0.000742811079300125
4866, 5138, 0.0007381629572232613
2551, 2678, 0.0007140453995974473
4366, 4501, 0.0006885821361065884
2281, 2462, 0.0006375753115695887
4741, 5033, 0.0006349228381753309
9495, 9721, 0.0006011488232313812
4795, 5033, 0.0005915495599649533
4866, 5277, 0.0005874184406812941
5023, 5226, 0.0005829345344328803
5114, 5255, 0.0005617963161000068
4058, 4108, 0.0005608184249468372
0, 216, 0.0005602024759363743
5134, 5226, 0.0005560216979572168
10384, -1, 0.000552836179454346
5743, 5989, 0.0005523984768130892
10734, 10968, 0.0005512832024119578
7731, -1, 0.0005419499552896474
4074, 4108, 0.0005290998667302876
2335, 2462, 0.0005249462353991007
4741, 4746, 0.0005230205856389444
8257, -1, 0.0005130355316156522
7731, 7861, 0.00047773377790712434
5743, -1, 0.0004758446529927094
5108, 5236, 0.00047146049312314284
4442, 4669, 0.0004660903944212984
9016, -1, 0.00044703853868828546
466, 795, 0.00043919020492353355
751, 951, 0.00043889530386886726
9651, 10041, 0.00043618241975533663
4956, 5033, 0.0004270979686132581
4041, 4108, 0.00041593441391042174
9071, -1, 0.00041135895304218967
1649, 1739, 0.0004110432733600185
546, 671, 0.00040927928338348624
7162, 7383, 0.0004069324453355751
7676, -1, 0.00040679128603657343
3960, 4108, 0.00040459863542941795
5023, 5081, 0.00038773133762219576
742, 795, 0.00037639419965818403
9788, 10041, 0.0003725884406490441
7074, -1, 0.00037219082530308846
6631, -1, 0.0003721811002718
4599, 4746, 0.00037197663258304334
1007, 1172, 0.00037179147241004983
3105, 3130, 0.0003587545613077142
8257, 8376, 0.0003562765590551293
6595, -1, 0.00035430471159409506
5137, 5226, 0.00035243264705832236
2924, 3130, 0.000346134173367466
9016, 9212, 0.00034067488535060263
9732, 10041, 0.0003405976172913115
1503, 1739, 0.0003325577433084864
6184, 6357, 0.00031482196823893663
5665, 5989, 0.00031284302503195913
4956, 5081, 0.0003098068712811728
2767, 2840, 0.0003083601198798496
3868, 4033, 0.00030424908674736844
6319, 6357, 0.00029215094655796333
3174, 3262, 0.00028856984976335904
4866, 5074, 0.0002854929928094922
5305, -1, 0.00028327123438487466
2713, 2812, 0.000278552488905292
2234, -1, 0.000272102266324935
6086, 6357, 0.0002651948707310624
4442, 4684, 0.00025851554206491207
3935, 4249, 0.0002535547954511341
3868, -1, 0.0002533519209780932
4074, 4249, 0.0002454502442819279
7587, 7643, 0.0002448215253571277
4866, 5037, 0.00024339168710456923
5890, 5989, 0.00024129662804621462
10734, 10883, 0.00023260058694552982
3868, 4017, 0.0002312209541650286
2924, 3196, 0.00022804688482938544
3975, 4108, 0.00022431921090568257
839, 951, 0.00022210862147994245
4165, -1, 0.0002121428473779952
3171, 3196, 0.00021016676411112254
4123, 4249, 0.0002083642561419989
7491, -1, 0.00020715600760809694
0, 34, 0.000204698707832624
4442, 5033, 0.00020212692227133182
4280, 4333, 0.00020042731477106027
1479, -1, 0.00019599661049385256
5254, 5479, 0.00019501137004840526
1669, 1739, 0.00019056231702794195
3868, 4333, 0.00018935343022684226
4816, 4997, 0.00018343610732988354
5134, 5236, 0.00018149688342171505
2141, 2326, 0.00018141834157868084
3108, 3130, 0.0001813261440659784
6216, 6357, 0.00018036780219393657
3954, 4249, 0.00017965221574961713
2551, 2732, 0.00017892298856160685
4576, -1, 0.00017524550530598478
7207, 7383, 0.00017524377179296166
4816, 5081, 0.0001718102083245024
5108, 5277, 0.00016754045985726147
3868, 4000, 0.000165275254912217
2497, 2678, 0.00016392148104868098
3868, 4238, 0.00016354926356722477
2234, 2443, 0.0001609383765865048
2281, 2516, 0.00015966535196522598
2141, 2462, 0.00015827837341143755
2234, 2678, 0.00015312044427154216
1586, 1739, 0.0001492121769144132
3810, 4108, 0.00014552781900640927
5023, 5236, 0.00014259622904452923
592, 671, 0.00014210536972288348
2141, 2235, 0.00014142132322359345
4866, 5109, 0.0001414148972261731
3004, 3130, 0.00014050164916389046
4463, 4501, 0.0001388797594841762
5506, 5725, 0.0001366524540309981
5260, 5393, 0.00013364790336587028
5254, 5277, 0.00013098343501232184
2335, 2516, 0.00012827999489041525
5134, 5277, 0.00012795477832888314
2551, 2650, 0.00012440803090302212
5217, 5277, 0.00012397703469350352
5137, 5236, 0.00012165312717532201
0, 164, 0.00012087969301558289
4477, 4501, 0.00011927161268447526
4169, 4746, 0.00011710357628935198
998, 1172, 0.00011620188882628195
193, 272, 0.00011583167362395165
8212, 8376, 0.0001152104673564606
7456, -1, 0.00011268285551801094
2730, 2840, 0.00011243803052435663
8906, 8959, 0.00010978187301904671
2234, 2447, 0.00010887949115213135
2234, 2488, 0.00010821161317490611
2234, 2320, 0.00010682745888510794
4741, -1, 0.00010323235503975042
0, 493, 0.00010295085846421758
708, 795, 0.00010108032045943502
3105, -1, 0.0001001382248536396
4399, 4746, 9.901555555906783e-05
5506, -1, 9.843412311580217e-05
2281, 2389, 9.823169549595781e-05
5137, 5277, 9.763031426560369e-05
4058, 4249, 9.583295526487337e-05
3308, -1, 9.505560740196075e-05
2234, 2428, 9.425349329194715e-05
4280, 4501, 8.970001943674874e-05
0, 1739, 8.880573129456717e-05
7494, -1, 8.843545357697884e-05
3868, 4058, 8.50434423112178e-05
742, 951, 8.388232892466452e-05
965, 1172, 8.202880974939027e-05
901, 1172, 8.187406100826049e-05
7676, 7772, 8.145293407582e-05
592, 795, 8.093623123898746e-05
4956, 5255, 7.789625708404183e-05
2141, 2251, 7.719436582398868e-05
3737, 4108, 7.714780791057118e-05
2605, 2732, 7.673286018769963e-05
546, 795, 7.655965785980092e-05
4442, 4719, 7.602387834141231e-05
3004, 3196, 7.554445553373974e-05
2389, 2462, 7.52591618606761e-05
3240, 3262, 7.447394883691716e-05
2389, 2516, 7.44666912009699e-05
4169, 4263, 7.349658444219447e-05
2551, 2840, 7.315608201069574e-05
1104, 1223, 7.25438982271816e-05
901, 951, 7.14432095632615e-05
2659, 2840, 7.138946940053442e-05
845, 951, 6.934203108584558e-05
3308, 3580, 6.911924234940443e-05
2281, 2393, 6.862445154361868e-05
3729, 3833, 6.781813102701543e-05
4165, 4304, 6.360885661432578e-05
1070, 1172, 6.180270960530289e-05
0, 504, 6.171061876908666e-05
2605, 2678, 6.143563234555101e-05
3729, -1, 6.066640770114974e-05
7727, 7772, 6.054621422013131e-05
7285, 7442, 5.8571881606622956e-05
5114, 5226, 5.772563772656462e-05
3014, 3130, 5.7580402553684256e-05
4741, 4997, 5.7085796215247454e-05
3108, -1, 5.6568519133017035e-05
717, 795, 5.635216470898253e-05
1854, 2048, 5.593167384362915e-05
2128, 2272, 5.5795970406518464e-05
3308, 3634, 5.5784262229150435e-05
3935, 4033, 5.554392799228908e-05
4816, 5255, 5.523323122217451e-05
5023, 5033, 5.4786185857271244e-05
1830, 2048, 5.441226072599481e-05
4795, 4997, 5.400035512638585e-05
2234, 2251, 5.330038664851659e-05
4017, 4249, 5.262945846517105e-05
2497, 2650, 5.248532245712574e-05
3174, 3196, 5.213814981757027e-05
4741, 5081, 5.201747146337774e-05
4795, 5081, 4.939008329384052e-05
2234, 2380, 4.8815587526319296e-05
3729, 3781, 4.774501794897368e-05
2443, 2516, 4.694902347302326e-05
0, 443, 4.658051286631323e-05
3935, 4333, 4.6446824284145215e-05
5023, 5138, 4.5728667331361686e-05
2659, 2732, 4.5246762178166595e-05
4074, 4333, 4.410214675137827e-05
2713, 2732, 4.396423095504704e-05
2234, 2650, 4.3825431307122167e-05
2234, 2542, 4.2763128142466646e-05
3014, 3196, 4.226961978014617e-05
2497, 2732, 4.22629829405975e-05
2281, 2326, 4.18002882789919e-05
4648, 4746, 4.156359870616057e-05
5841, -1, 4.0240496233626376e-05
2234, 2732, 3.9800403595969455e-05
2924, -1, 3.940605803277258e-05
2924, 3262, 3.926899984318016e-05
1830, -1, 3.923189417215785e-05
4477, 4746, 3.890570476745215e-05
4123, 4333, 3.867103779648181e-05
2281, 2374, 3.859425848698978e-05
641, 795, 3.8491299626004435e-05
751, 1172, 3.726215744238402e-05
1645, 1739, 3.724595365496277e-05
4447, 4746, 3.6989467546353244e-05
0, 594, 3.5939196789335704e-05
2873, 3026, 3.5885922940859595e-05
3954, 4333, 3.5822359837785176e-05
2659, 2812, 3.57719264709827e-05
466, 594, 3.527892195144334e-05
3948, 4249, 3.5061070864900064e-05
860, 951, 3.469102997950494e-05
1479, 1560, 3.372735429407569e-05
2141, -1, 3.354900611494592e-05
2141, 2516, 3.276760860443333e-05
2551, 2812, 3.256033092966885e-05
2955, 3026, 3.247326983938338e-05
3171, -1, 3.2326507172525326e-05
3868, 3982, 3.16391456662938e-05
4074, 4238, 3.133636178546007e-05
2720, 2840, 3.103919151841665e-05
2605, 2840, 3.0665252083979754e-05
7240, 7442, 3.0264275614770935e-05
3781, 4108, 3.0136576858649228e-05
3935, 4238, 3.008398587826639e-05
2767, 2812, 3.0055472850131374e-05
1589, 1739, 3.0001842940373226e-05
3935, -1, 2.974040950906768e-05
466, -1, 2.9476647672993667e-05
1643, -1, 2.9001916240466096e-05
1854, -1, 2.7834311873904467e-05
3935, 4058, 2.75914891161154e-05
3240, -1, 2.6578356152974193e-05
2821, 3026, 2.6074545490196976e-05
2141, 2389, 2.5914478353858412e-05
0, 246, 2.5231214285772807e-05
3393, 3580, 2.47925002546317e-05
2514, 2678, 2.4505942469183313e-05
3729, 3881, 2.3726279402706212e-05
0, 1409, 2.3724051957772173e-05
4576, 4616, 2.3567711252435657e-05
3954, 4238, 2.3278610006573482e-05
2821, 2840, 2.301205863091289e-05
4399, -1, 2.291019768752264e-05
2713, 2821, 2.285840670296397e-05
839, 1172, 2.2464780397584798e-05
4123, 4238, 2.2057349451260523e-05
3935, 4017, 2.201566049607259e-05
2497, 2516, 2.160473828838463e-05
1485, 1739, 2.1541407206424778e-05
1722, 1739, 2.130319765459287e-05
3954, 4033, 2.1081263535233817e-05
2281, 2443, 2.084408943124994e-05
2141, 2393, 2.0425203587173045e-05
3868, 4025, 2.0361470896007745e-05
1047, 1172, 2.03613813833554e-05
2443, 2678, 2.0339396290727724e-05
3393, 3634, 2.00093532352293e-05
4041, 4249, 1.956840813416731e-05
4025, 4108, 1.945087860394436e-05
2075, 2272, 1.9280829742211434e-05
2713, 3026, 1.9016761889703886e-05
10481, 10588, 1.8746017859249273e-05
2767, 3026, 1.855277740264382e-05
0, 91, 1.8218106280313893e-05
2141, 2374, 1.805572429093118e-05
2955, 3130, 1.7863163361954686e-05
4058, 4333, 1.776035673799905e-05
2730, 2812, 1.768572076504547e-05
4442, 4675, 1.732948348441742e-05
3954, -1, 1.7277024635971198e-05
2551, 2659, 1.7033858166243455e-05
3004, 3026, 1.6671666674516045e-05
466, 583, 1.6517049935081733e-05
3308, 3384, 1.6395377516555568e-05
2713, 2825, 1.636694296948229e-05
2128, 2235, 1.6314857939554652e-05
2497, 2840, 1.614997328332634e-05
4576, 4669, 1.5786588987236923e-05
1911, 2048, 1.5705166051722942e-05
4017, 4333, 1.554488715130773e-05
2281, -1, 1.5432043502963517e-05
1082, 1172, 1.5431329870659337e-05
2234, 2840, 1.5207970363415038e-05
751, -1, 1.513963428578222e-05
2288, 2462, 1.4888742175142614e-05
3004, 3262, 1.4821808310058602e-05
1027, 1172, 1.4699797578998766e-05
3873, 4249, 1.4473721086629093e-05
1503, -1, 1.3947998835416465e-05
2281, 2447, 1.3884785897364965e-05
1104, -1, 1.3760823496373963e-05
2281, 2678, 1.3746408276852766e-05
4463, 4746, 1.3380733476521521e-05
4058, 4238, 1.3302233418189336e-05
794, 951, 1.3136638157478178e-05
2605, 2812, 1.2814943798347373e-05
2281, 2488, 1.2676262645552356e-05
2281, 2428, 1.245004157554685e-05
2443, 2462, 1.2204586224333127e-05
0, 1223, 1.1950008806872685e-05
4371, 4501, 1.1881969355802198e-05
2335, 2443, 1.1777932470934334e-05
4169, 4616, 1.1740239008791052e-05
2128, 2326, 1.1605829195485654e-05
2335, 2488, 1.1474556391164228e-05
2234, 2605, 1.1181607062458182e-05
2335, 2678, 1.1035979082564242e-05
2978, 3130, 1.0966269367164809e-05
3174, -1, 1.0902686345603349e-05
4576, 4719, 1.0624378861688109e-05
3948, 4333, 1.0305752955003291e-05
2128, 2462, 1.0134610058829827e-05
2713, -1, 1.0078716319750917e-05
3868, 3881, 1.001080191595223e-05
2955, 3196, 9.86309201067333e-06
4576, 4684, 9.70614420074934e-06
1854, 2092, 9.647623069229307e-06
1830, 2092, 9.385605461340975e-06
2659, 2678, 9.32925968037287e-06
2497, 2605, 9.241987998091041e-06
2075, 2235, 9.230363499592998e-06
2551, -1, 9.107165751155546e-06
2234, 2609, 8.971592820624693e-06
4017, 4238, 8.922596247377484e-06
2335, 2447, 8.595007091641891e-06
2335, 2389, 8.49871472858001e-06
3729, 4249, 8.494511589040877e-06
782, 951, 8.430898860317543e-06
2047, 2272, 8.235386718174566e-06
2551, 2758, 8.174115569855304e-06
2335, 2393, 8.109032286431281e-06
3991, 4249, 8.006729226093216e-06
2497, 2609, 7.998659731151355e-06
4549, 4616, 7.959972073588634e-06
4165, 4263, 7.855363224038327e-06
2128, 2251, 7.810473155498073e-06
466, 951, 7.787558772475687e-06
2713, 2758, 7.739800818388004e-06
704, 795, 7.731430762992336e-06
4399, 4616, 7.67788897978589e-06
2141, 2320, 7.441386732560829e-06
845, 1172, 7.367124755972675e-06
7300, 7442, 7.303087642834048e-06
2514, 2650, 7.206332132265094e-06
3014, 3262, 7.129396065976198e-06
1560, 1739, 6.858748372885872e-06
821, 951, 6.755460885780128e-06
860, 1172, 6.679118935865431e-06
742, 1172, 6.6472977528274895e-06
2389, 2678, 6.494174654434287e-06
2497, 2812, 6.139790723651417e-06
3240, 3384, 6.126690738516394e-06
2720, 2812, 6.019545649643577e-06
2443, 2650, 6.012849726482912e-06
3948, 4238, 5.861676408319989e-06
4477, 4616, 5.813508164064441e-06
2234, 2812, 5.78179367788106e-06
2497, 2659, 5.722799232845033e-06
4447, 4616, 5.663347196591781e-06
4107, 4249, 5.662874367726468e-06
2774, 2840, 5.6533288026369084e-06
2514, 2732, 5.624081031360042e-06
2551, 2605, 5.4956385048316376e-06
641, 671, 5.478675291587167e-06
2241, 2462, 5.476770736175531e-06
337, 671, 5.419633728896268e-06
2551, 2609, 5.344894557291037e-06
3814, 4108, 5.327675108495432e-06
2504, 2678, 5.302503091590983e-06
2443, 2732, 5.120680856730097e-06
2659, 2758, 5.0332625560452805e-06
2234, 2659, 4.872923643908697e-06
384, 671, 4.745235695570072e-06
1854, 2272, 4.676318788954485e-06
1337, 1409, 4.576144643911682e-06
1830, 2272, 4.5489844426467496e-06
1993, 2092, 4.467361298384857e-06
1060, 1172, 4.256850061218238e-06
2281, 2542, 4.212129679446445e-06
1104, 1409, 4.116401112425949e-06
1993, 2048, 3.942661382694169e-06
782, 795, 3.873524053237038e-06
4480, 4501, 3.7065216692880625e-06
708, 951, 3.4590078000560776e-06
1122, 1172, 3.4034566501507937e-06
955, 1172, 3.0494759982350078e-06
552, 671, 3.0410301157249504e-06
717, 951, 2.677858283324935e-06
4576, 5033, 2.4724962267554726e-06
562, 671, 2.455642092146893e-06
4442, 4997, 2.0661109862691047e-06
151, 272, 2.0425468715270686e-06
5217, 5226, 1.1021363507730323e-06
0, 583, 1.016114295344469e-06
0, 402, 9.911076822758533e-07
4442, 5081, 8.737894970843773e-07
2605, 2650, 8.000649518808926e-07
0, 641, 7.98441779516094e-07
2234, 2330, 7.851945451624668e-07
0, 627, 7.128109811148452e-07
0, 620, 6.552647282385165e-07
0, 821, 5.811019903236748e-07
2978, 3026, 5.770081828862319e-07
0, 232, 5.753735265523746e-07
3014, 3026, 5.549240087489208e-07
3240, 3580, 5.274856892156288e-07
2342, 2462, 5.211784284808319e-07
2978, 3196, 5.198050952602795e-07
3349, 3580, 4.995171568203703e-07
0, 377, 4.7675966425971834e-07
0, 1030, 4.613799460085107e-07
2075, 2326, 4.4060614242029347e-07
5217, 5393, 4.380269469802818e-07
5064, 5255, 3.6545981950662774e-07
3020, 3130, 3.4315114375989847e-07
3113, 3196, 3.414372681984077e-07
4911, 5033, 3.31234263081984e-07
2281, 2650, 3.308456742006992e-07
980, 1172, 3.2269666831408795e-07
1049, 1172, 3.155300642525242e-07
2698, 2840, 3.1443996152306176e-07
2335, 2428, 3.120108288848571e-07
2141, 2443, 3.100626257858042e-07
2389, 2488, 3.0377759544250266e-07
0, 911, 3.0161850898357853e-07
2281, 2732, 2.898242497144737e-07
2318, 2462, 2.8872006994870834e-07
4324, 4501, 2.7719856220812896e-07
2335, 2650, 2.6561163225334686e-07
2144, 2272, 2.6332253181269786e-07
2047, 2235, 2.599181622734731e-07
1928, 2048, 2.5783856802841714e-07
1993, 2272, 2.5642741790381277e-07
5114, 5236, 2.3859967998113375e-07
4490, 4501, 2.1343579899913215e-07
3868, 4501, 1.9364669015080723e-07
5023, 5277, 1.8288243968117102e-07
894, 951, 1.7828015825099338e-07
0, 789, 1.4923729828306067e-07
0, 304, 8.976405933081319e-08
466, 620, 8.657053963213347e-08
466, 493, 8.606855508653188e-08
466, 627, 8.253327413726243e-08
466, 504, 8.228086504099573e-08
0, 1306, 8.09856855114996e-08
0, 201, 7.641301225856484e-08
466, 641, 6.85253384318959e-08
751, 821, 6.251402587129668e-08
1104, 1228, 6.144005910239595e-08
2906, 3026, 6.07174992852776e-08
0, 865, 6.048275360299355e-08
0, 248, 5.463390274666967e-08
751, 911, 5.349169285782788e-08
1104, 1306, 5.197192142211814e-08
2750, 2840, 5.1330844319560293e-08
1996, 2048, 4.329545628309612e-08
1996, 2092, 4.296734922291075e-08
2075, 2462, 4.1649197868612234e-08
751, 865, 4.104324948472048e-08
0, 968, 3.9136679648144974e-08
1911, 2092, 3.764210555683637e-08
0, 2048, 3.58997924630899e-08
1290, 1409, 3.51999787222389e-08
2746, 2840, 3.500973667509003e-08
1643, 2048, 3.472857053969434e-08
2514, 2840, 3.243616741466957e-08
894, 1172, 3.204131415030242e-08
2141, 2678, 3.17415154675556e-08
2288, 2516, 3.168466263661628e-08
1337, 1739, 3.1374114587152397e-08
2335, 2732, 3.102526031183574e-08
1479, 1695, 3.001101522996552e-08
2443, 2840, 2.9532871347307717e-08
1007, 1223, 2.9460929259036667e-08
1479, 1586, 2.9242555196310205e-08
901, 1030, 2.8615390809842712e-08
2264, 2462, 2.802728557792202e-08
0, 839, 2.626739794383247e-08
2335, 2374, 2.5694024574402856e-08
2241, 2326, 2.5351637874741166e-08
1695, 1739, 2.5076919285363382e-08
2141, 2488, 2.4406701866271102e-08
0, 682, 2.412087752527602e-08
2141, 2447, 2.3994855913313465e-08
2389, 2650, 2.3569979806009817e-08
592, 951, 2.290094113893312e-08
1996, 2272, 2.286805114371801e-08
2075, 2251, 2.2855992432427304e-08
2173, 2272, 2.261342743301563e-08
2128, 2516, 2.2593065972227206e-08
2372, 2462, 2.22976565622785e-08
0, 901, 2.2122900217085475e-08
3868, 4282, 2.210275078359929e-08
2150, 2272, 2.2030533044254372e-08
546, 951, 2.1662589808717102e-08
1830, 1905, 2.1585927283650488e-08
2178, 2272, 2.1550516466400703e-08
2504, 2650, 2.0724289763467278e-08
1258, 1409, 2.036319613954838e-08
1854, 2235, 2.0252946980472167e-08
1503, 1560, 2.0248097440259742e-08
2389, 2732, 2.0154656218581997e-08
1830, 2235, 1.9702078994751386e-08
201, 272, 1.9084893894115877e-08
0, 1228, 1.884574427605085e-08
662, 795, 1.8776374122541592e-08
0, 853, 1.8507260568533314e-08
2128, 2389, 1.834517043268381e-08
1479, 1722, 1.8155058985934378e-08
742, 821, 1.7248733636100474e-08
0, 935, 1.6914970807377535e-08
1115, 1172, 1.683212729490679e-08
2047, 2326, 1.584423738504833e-08
2141, 2428, 1.5742035735576637e-08
2767, 2821, 1.562248576801613e-08
2047, 2092, 1.545541809110049e-08
168, 272, 1.5193063111643994e-08
751, 1030, 1.5154050963481185e-08
1993, 2235, 1.4852355646776664e-08
4741, 5255, 1.4275042541197455e-08
2141, 2186, 1.4066009368370158e-08
2588, 2678, 1.4043107644030607e-08
2558, 2678, 1.3903248615607962e-08
1479, 2048, 1.3236399248685391e-08
2368, 2462, 1.3128674630354425e-08
2288, 2389, 1.2800775398219457e-08
2767, 2825, 1.2040063899778704e-08
794, 1172, 1.1867784937799606e-08
2659, 2821, 1.1655964230508208e-08
1643, 1722, 1.1180783946926922e-08
2551, 2821, 1.081087466745853e-08
337, 493, 1.0552686727496964e-08
1928, 2092, 1.0346274087034568e-08
337, 795, 1.0073009385444627e-08
1403, 1739, 9.910880807020634e-09
742, 911, 9.871918756006687e-09
998, 1223, 9.528977094196937e-09
839, 1030, 9.143076310130493e-09
0, 261, 8.964223236111528e-09
742, 865, 8.882857044222344e-09
384, 795, 8.819563460877534e-09
1070, 1223, 8.765846623994368e-09
1348, 1409, 8.612130055158431e-09
2730, 2821, 8.500766262375042e-09
1023, 1172, 8.292740972910815e-09
402, 671, 8.27732703286713e-09
2075, 2092, 7.898373994683407e-09
782, 1172, 7.72261024249461e-09
466, 1172, 7.659638802650536e-09
1854, 1905, 7.438020859142522e-09
0, 1342, 7.301441377881827e-09
2659, 2825, 7.299405785408243e-09
839, 911, 7.220633072328083e-09
965, 1223, 7.030663656196135e-09
901, 1223, 7.0183697224248845e-09
641, 951, 6.942321560996239e-09
2551, 2825, 6.8735932785977e-09
1218, 1409, 6.834020917198254e-09
384, 493, 6.531661691103985e-09
0, 1122, 6.527526573384301e-09
1722, 2048, 6.5086795431159045e-09
546, 641, 6.505467314415449e-09
690, 795, 6.504739787080845e-09
552, 795, 6.3595187034513226e-09
466, 821, 6.354426678910622e-09
2730, 2825, 6.094359310987377e-09
562, 795, 6.055169797848048e-09
1244, 1409, 6.0512018619941426e-09
821, 1172, 5.996216645694266e-09
669, 795, 5.950644173486702e-09
1643, 2092, 5.86891916096777e-09
1830, 1937, 5.696468354462396e-09
1153, 1172, 5.614836282690046e-09
0, 193, 5.560775265503187e-09
1643, 1695, 5.556076385684993e-09
337, 504, 5.4953974861776365e-09
2075, 2186, 5.350582213162834e-09
546, 594, 5.325377186056175e-09
868, 951, 5.308894765435294e-09
2047, 2462, 5.121310864087899e-09
1736, 1739, 5.049829806434711e-09
965, 1030, 5.043981102100974e-09
1250, 1409, 4.814618081401789e-09
1836, 2048, 4.7760879421916e-09
546, 627, 4.618248230039573e-09
384, 504, 4.2086174113543214e-09
2584, 2678, 4.169333386215319e-09
2288, 2393, 4.142651904608299e-09
2534, 2678, 4.07734562985141e-09
2128, 2393, 3.998807002245861e-09
1007, 1409, 3.996827225993361e-09
751, 1223, 3.872508728491351e-09
708, 1172, 3.7030955872019794e-09
1082, 1223, 3.6752340573344984e-09
2241, 2516, 3.6628179949869027e-09
546, 620, 3.6241405382399174e-09
109, 272, 3.601016576087772e-09
1485, 1560, 3.553942653492102e-09
1649, 2048, 3.474164511720091e-09
1669, 2048, 3.434363706051597e-09
1139, 1172, 3.4041825533076187e-09
0, 365, 3.3857755913448115e-09
751, 839, 3.353887681347982e-09
2730, 2732, 3.350170667873628e-09
1306, 1409, 3.324957816304712e-09
2047, 2186, 3.285979222591936e-09
1122, 1223, 3.2770546257147608e-09
1104, 1739, 3.236654191531213e-09
845, 1030, 3.2100094243558596e-09
2504, 2732, 3.1990952286135348e-09
1643, 1905, 3.146683005386174e-09
751, 901, 3.1440626880807915e-09
1479, 2092, 3.143234153205695e-09
860, 1030, 3.1089609164513786e-09
1503, 1695, 3.0988036722525887e-09
704, 951, 3.088070087824551e-09
751, 853, 2.975501198154071e-09
1854, 1937, 2.943796969559185e-09
742, 1030, 2.896258930835389e-09
717, 1172, 2.866072728242193e-09
708, 821, 2.8330668685873558e-09
1407, 1739, 2.638176028860784e-09
2047, 2251, 2.621425449040768e-09
2022, 2092, 2.5606784224264763e-09
1007, 1030, 2.5513899828172437e-09
2314, 2462, 2.519794738066216e-09
1403, 1409, 2.5021876959141886e-09
1293, 1409, 2.407567703227961e-09
839, 1223, 2.3364003369662727e-09
2128, 2186, 2.22016690714108e-09
751, 968, 2.207133407892339e-09
1007, 1228, 2.190724035981824e-09
1047, 1223, 2.1782022898410343e-09
872, 951, 2.115539136738597e-09
2241, 2389, 2.0274190258712695e-09
1854, 2186, 1.9750958021184516e-09
845, 911, 1.9540209528565125e-09
1911, 2272, 1.9353334474412066e-09
1830, 2186, 1.921397274421165e-09
1503, 1722, 1.8746104730039964e-09
1007, 1306, 1.841335932406556e-09
717, 821, 1.8337141448920546e-09
751, 789, 1.7377910674388727e-09
1479, 1905, 1.685193521039194e-09
2128, 2374, 1.6805220252755853e-09
546, 583, 1.6378510928776228e-09
2372, 2516, 1.6220169643561701e-09
2514, 2516, 1.6016673850443393e-09
1854, 2326, 1.5780935468757436e-09
2342, 2516, 1.5728412370030757e-09
1830, 2326, 1.5352204156344844e-09
2178, 2326, 1.530829046744855e-09
1503, 1586, 1.5180741119350114e-09
973, 1172, 1.4948373001353405e-09
1348, 1739, 1.4751315177674102e-09
2241, 2393, 1.4575875281314175e-09
1993, 2186, 1.4483739012903468e-09
1104, 1342, 1.4346278463676034e-09
794, 911, 1.4262216100285396e-09
2281, 2320, 1.3921258101753172e-09
839, 968, 1.3874240631070929e-09
1681, 1739, 1.3845638846518838e-09
751, 935, 1.3601494009616975e-09
868, 1172, 1.3377302866543964e-09
998, 1030, 1.3345129518563148e-09
1996, 2235, 1.3338490872301474e-09
1104, 1184, 1.2522760671149049e-09
1649, 1722, 1.2361157271999492e-09
402, 795, 1.2322204790621209e-09
337, 443, 1.2201314020217697e-09
2173, 2326, 1.2185264819311309e-09
853, 951, 1.178972256480299e-09
782, 911, 1.174065563131207e-09
592, 821, 1.1710264524729922e-09
1443, 1739, 1.1526078955827682e-09
337, 594, 1.1316205514748205e-09
546, 821, 1.1077039026730377e-09
466, 865, 1.0981554779814983e-09
592, 641, 1.0385129766889116e-09
1996, 2186, 9.916695788996396e-10
384, 594, 9.90806114086343e-10
2144, 2235, 9.785549772115526e-10
1854, 2462, 9.68937506092841e-10
1830, 2462, 9.426418074459835e-10
1854, 2251, 9.196569443403675e-10
0, 18, 8.947673665121133e-10
1830, 2251, 8.946428281738967e-10
2389, 2443, 8.878901799293472e-10
742, 839, 8.421888464537227e-10
1479, 1674, 8.34536435618244e-10
2178, 2462, 8.335992119120414e-10
466, 789, 8.260580507142833e-10
2389, 2447, 8.178841061966068e-10
901, 968, 8.017363042089386e-10
1337, 1560, 7.867070108635775e-10
2173, 2462, 7.614578942811057e-10
1218, 1306, 7.398535194390537e-10
0, 367, 7.354471556779804e-10
1993, 2462, 7.101892096292951e-10
998, 1409, 7.001033191223292e-10
742, 853, 6.880946305517574e-10
1911, 2235, 6.806374689679437e-10
1993, 2251, 6.744239257398474e-10
1027, 1223, 6.663186649163457e-10
1231, 1409, 6.473545818611721e-10
2241, 2272, 6.473384299098662e-10
1007, 1122, 6.441688340155794e-10
742, 901, 5.936434306051969e-10
1070, 1409, 5.714310249104836e-10
592, 1172, 5.685936681145201e-10
2081, 2272, 5.642773292737177e-10
2443, 2542, 5.588520360281184e-10
2150, 2235, 5.439669267187035e-10
546, 1172, 5.378672111258906e-10
742, 789, 5.25639652144002e-10
965, 1409, 5.165816996892867e-10
901, 1409, 5.157260801990471e-10
2335, 2542, 5.15237981932273e-10
2144, 2251, 5.138227389368239e-10
1911, 2186, 5.056494716263834e-10
2081, 2235, 4.821091320106937e-10
839, 935, 4.777796953461607e-10
1403, 1560, 4.724628035841351e-10
1261, 1409, 4.701816031904774e-10
2241, 2374, 4.697884497960414e-10
466, 911, 4.662389817426774e-10
1996, 2251, 4.6141603057430575e-10
2281, 2380, 4.596344572782502e-10
845, 968, 4.594845311845147e-10
1352, 1409, 4.5514622499470383e-10
742, 968, 4.2183023121299303e-10
901, 911, 4.1360576963010185e-10
2288, 2374, 4.1254828443526606e-10
1153, 1223, 4.0963482849917515e-10
2497, 2542, 4.066875595033581e-10
2389, 2542, 4.0058579390349677e-10
1115, 1223, 3.9341899823644314e-10
1993, 2326, 3.927080639714335e-10
894, 1030, 3.8832655685406656e-10
2144, 2326, 3.876888046465555e-10
845, 1223, 3.839323812914312e-10
1407, 1409, 3.726327137523355e-10
860, 911, 3.639596991831415e-10
1122, 1409, 3.6218929853341575e-10
1314, 1409, 3.5552788161141543e-10
1104, 1122, 3.548311593045113e-10
1258, 1306, 3.4868130889013095e-10
860, 1223, 3.480910829147488e-10
742, 1223, 3.464635050766652e-10
1060, 1223, 3.40477936091942e-10
998, 1228, 3.381928032014911e-10
0, 768, 3.310055494772969e-10
860, 968, 3.296436915021525e-10
925, 1172, 3.227840643983336e-10
998, 1306, 3.103401849155343e-10
1070, 1228, 3.085094624724578e-10
839, 865, 2.9578135814494423e-10
872, 1172, 2.826267249756162e-10
751, 1409, 2.759602030638889e-10
402, 493, 2.7549789327247213e-10
641, 1172, 2.754586843105219e-10
1153, 1409, 2.724765877688718e-10
839, 901, 2.6873735103999017e-10
0, 824, 2.6127636708600825e-10
742, 935, 2.599537940652985e-10
0, 708, 2.597072440221003e-10
708, 865, 2.5465280621658315e-10
1070, 1306, 2.532636757128538e-10
965, 1228, 2.4952519318194455e-10
901, 1228, 2.490857139726197e-10
708, 911, 2.4355997622184614e-10
641, 821, 2.380933431967027e-10
998, 1122, 2.371424232589169e-10
1158, 1172, 2.366264988391772e-10
965, 1306, 2.2896711511009472e-10
901, 1306, 2.2857884745614308e-10
337, 583, 2.2469643655543994e-10
592, 627, 2.180785744064347e-10
1244, 1306, 2.1034666671870345e-10
1139, 1223, 2.0626864414023394e-10
402, 504, 2.0486231734157877e-10
794, 1030, 2.0146703562669597e-10
384, 443, 1.9902895989623896e-10
1218, 1223, 1.9889488710300506e-10
717, 865, 1.9851663575346867e-10
592, 594, 1.9764162069159662e-10
662, 671, 1.9722882609981173e-10
965, 1122, 1.9719319106600232e-10
384, 583, 1.9673609043454997e-10
1018, 1172, 1.9112526037663094e-10
717, 911, 1.8855720986767178e-10
821, 911, 1.872665530351156e-10
955, 1223, 1.8004670479591044e-10
0, 337, 1.7976302134563392e-10
955, 1030, 1.78478191639701e-10
901, 1122, 1.7574572038789278e-10
2202, 2272, 1.7344363371934283e-10
466, 839, 1.709461928722329e-10
0, 330, 1.684052379037495e-10
782, 865, 1.6812350977606655e-10
674, 795, 1.586265806673889e-10
592, 620, 1.5592859729142696e-10
708, 789, 1.5353460791106155e-10
592, 789, 1.522302388506116e-10
0, 539, 1.5117104894334535e-10
794, 865, 1.4568158329318227e-10
782, 1030, 1.4474703478982255e-10
546, 789, 1.4399847953355502e-10
466, 1030, 1.435457769439587e-10
845, 935, 1.4009964224286294e-10
1082, 1409, 1.3686571155532458e-10
1007, 1184, 1.329276799177372e-10
2075, 2389, 1.3289069402827057e-10
257, 272, 1.303231979003593e-10
782, 821, 1.2991528500404917e-10
0, 802, 1.0907402422695872e-10
466, 853, 1.0148242291493369e-10
901, 935, 9.788019252931537e-11
751, 1122, 9.69709262710389e-11
708, 839, 9.449458612938714e-11
1285, 1409, 9.297678187365204e-11
1122, 1306, 9.187880387997568e-11
1503, 1674, 9.157254224793317e-11
1049, 1223, 9.124345023491321e-11
1258, 1342, 9.11220600734794e-11
641, 789, 8.796620442790343e-11
980, 1223, 8.768266494339285e-11
1218, 1342, 8.6355555931093e-11
839, 1409, 8.565343686630139e-11
717, 789, 8.309109093389824e-11
1153, 1306, 8.030700728840928e-11
1290, 1306, 7.940023219004516e-11
751, 1228, 7.786737692085721e-11
1047, 1409, 7.725981992007867e-11
1299, 1409, 7.475676278890764e-11
1082, 1228, 7.470043745283306e-11
1122, 1228, 7.39705268591138e-11
860, 935, 7.355417281417585e-11
845, 901, 7.109235176191286e-11
794, 901, 6.919361386570177e-11
704, 1172, 6.850487883102568e-11
751, 1306, 6.795553587433173e-11
717, 839, 6.716399715737797e-11
1250, 1306, 6.669880845670886e-11
1147, 1172, 6.50898157545595e-11
2288, 2326, 6.502273734146266e-11
466, 901, 6.470474133430721e-11
794, 968, 6.273830356568923e-11
782, 901, 6.103464609620559e-11
708, 853, 5.958508215055332e-11
839, 1122, 5.850537611643295e-11
821, 1030, 5.804356142740239e-11
1082, 1306, 5.791853618464772e-11
911, 1172, 5.6997373368766855e-11
2150, 2326, 5.680563651983182e-11
894, 1223, 5.391886733682546e-11
704, 821, 5.338543743608333e-11
794, 821, 4.987268870435166e-11
794, 935, 4.936829631703021e-11
662, 951, 4.494495265813788e-11
717, 853, 4.4785576020664116e-11
337, 620, 4.455128375819257e-11
337, 627, 4.346454383757589e-11
782, 968, 4.3124115676187696e-11
466, 968, 4.27617798956505e-11
1290, 1739, 4.257664446177452e-11
998, 1184, 4.2310982373455863e-11
853, 1172, 4.224939953684958e-11
1030, 1172, 4.048264529798465e-11
592, 865, 3.9881252343437714e-11
821, 968, 3.979391904799718e-11
384, 620, 3.900749617924847e-11
592, 911, 3.84145661722221e-11
384, 627, 3.8055985925775505e-11
845, 865, 3.7725238174343364e-11
546, 865, 3.7724713242467666e-11
193, 671, 3.7509748747086625e-11
337, 641, 3.7049065810023136e-11
839, 853, 3.6862043604777426e-11
708, 1030, 3.671625389293209e-11
337, 951, 3.669769529244145e-11
0, 320, 3.656592041551391e-11
546, 911, 3.633740886072491e-11
669, 671, 3.62648161469793e-11
782, 935, 3.588818472424824e-11
690, 951, 3.552102939726263e-11
925, 951, 3.526312991927443e-11
708, 901, 3.380130213487039e-11
384, 641, 3.243882490284997e-11
384, 951, 3.2130650608208324e-11
0, 601, 3.181582022005751e-11
466, 935, 3.158396546283309e-11
592, 839, 3.1502841289778364e-11
402, 594, 3.090004400376417e-11
860, 901, 3.050888223039238e-11
546, 839, 2.979934690569644e-11
0, 524, 2.4332989821301867e-11
0, 483, 4.54787612245447e-12
717, 1030, 4.743427381854185e-13
894, 968, 4.0670194117725063e-13
980, 1030, 4.010508022385404e-13
965, 968, 3.768939208099449e-13
708, 968, 3.1698346143489026e-13
552, 951, 3.1279774318635765e-13
911, 951, 3.1232970998050457e-13
562, 951, 2.977838489194856e-13
669, 951, 2.880329217306903e-13
717, 901, 2.837864783359148e-13
865, 951, 2.7038691663514874e-13
868, 1030, 2.5793282022321726e-13
821, 935, 2.556861443367054e-13
782, 853, 2.5228514566874267e-13
717, 968, 2.453932929734572e-13
782, 839, 2.2206845450271197e-13
641, 911, 2.2120148205743645e-13
592, 1030, 2.161634694003019e-13
641, 865, 2.10056027095029e-13
794, 853, 2.0465053755195254e-13
546, 1030, 2.0447619052615866e-13
821, 901, 1.9860412823606893e-13
592, 853, 1.93349174414145e-13
427, 671, 1.8678844907854962e-13
708, 935, 1.8632405548008302e-13
546, 853, 1.828939347144053e-13
794, 839, 1.7096049992385273e-13
641, 839, 1.6455055045590663e-13
860, 865, 1.618011168405709e-13
717, 935, 1.4424657291833414e-13
1027, 1030, 1.4099397028906642e-13
402, 583, 1.340360230346003e-13
704, 789, 1.3387760853690323e-13
592, 901, 1.2931377103384859e-13
872, 1030, 1.2697824333776136e-13
546, 901, 1.2232132082188282e-13
821, 865, 1.2206952099275152e-13
402, 443, 1.1443312134159625e-13
704, 865, 1.1227067778585943e-13
592, 968, 1.1182375065314044e-13
641, 1030, 1.1075631740253587e-13
704, 911, 1.0665614752200875e-13
546, 968, 1.0577747123034789e-13
641, 853, 9.907589595456218e-14
845, 853, 9.814063564134368e-14
552, 641, 9.534706613448377e-14
894, 911, 9.494133758998145e-14
704, 839, 8.613221445409765e-14
782, 789, 7.023109434473593e-14
402, 951, 6.971559600683169e-14
193, 493, 6.734643204779242e-14
552, 594, 6.636327314368462e-14
641, 901, 6.626299183509566e-14
592, 935, 6.572986369192233e-14
193, 443, 6.489488743835976e-14
562, 641, 6.359280103177246e-14
552, 627, 6.356085712084248e-14
193, 795, 6.295037387442713e-14
320, 671, 6.231596166696414e-14
546, 935, 6.217565620563657e-14
223, 272, 6.16744940802695e-14
327, 671, 6.087598734550789e-14
704, 853, 5.390011975797321e-14
402, 620, 5.2019147061688775e-14
402, 627, 5.0312488130201697e-14
552, 620, 4.8888586981406475e-14
402, 641, 4.513245038459518e-14
562, 627, 3.940015417184898e-14
562, 594, 3.768239463658639e-14
193, 504, 3.606381419980741e-14
261, 272, 3.114047666709812e-14
0, 724, 4.818670617343268e-18
