Gene = CAAP1
index = 270
Annotated 5SS: [  392  5492  6701  7995 31739]
Annotated 3SS: [ 5290  6615  7918 31664 50156]
SMsplice 5SS: [  392  5230  5492  6701  7995 23397 28597 31739]
SMsplice 3SS: [ 5081  5339  6615  7918 23300 28472 31664 50156]
length: 52120
length: 52120
Partition function (logZ) = -19.025687947386334
#Exons = 1106
3SS, 5SS, prob
0, 392, 0.985948141605614
6615, 6701, 0.8051675535602539
7918, 7995, 0.5727203708395118
5081, 5230, 0.4490336010295117
4379, 4530, 0.4003864939732219
5290, 5492, 0.3823903990576159
6233, 6479, 0.33459941945506216
5339, 5492, 0.2990798224990961
5081, 5218, 0.2893023844943272
7901, 7995, 0.24273135793669445
23870, 24055, 0.2230024714174967
24257, -1, 0.21596302550025784
7887, 7995, 0.17221540364121432
6233, 6516, 0.16468326352446455
23870, -1, 0.1296341223694992
24369, -1, 0.10639425958749654
5290, 5393, 0.09458286852003073
18406, -1, 0.09215100415675515
6615, 6768, 0.0684543488580492
4308, 4530, 0.06267477331647377
17394, -1, 0.0537316815167019
6615, 6922, 0.045120795887986266
10155, -1, 0.04299775472645203
2440, 2603, 0.04188923642888442
5595, 5849, 0.041354798467925974
10025, -1, 0.03534596136118286
8219, 8328, 0.03390763209872789
6393, 6516, 0.031361701783576355
6393, 6479, 0.02759254806707951
5324, 5492, 0.027233262782537494
10494, -1, 0.027142203851312843
4696, 4862, 0.024816701805204955
4230, 4530, 0.021985558393899065
10340, -1, 0.020482967367451553
4628, 4862, 0.020038895812264236
18002, -1, 0.019900841255597244
17890, -1, 0.018774606967828483
17975, -1, 0.018527945621174706
4454, 4530, 0.018432916919860647
19455, -1, 0.016945535014613634
6377, 6479, 0.015982625550727082
18604, -1, 0.015393806487502135
10751, -1, 0.01431201983723875
2436, 2603, 0.014193694043583059
8185, 8328, 0.013440320163175338
16404, 16503, 0.01318878530790281
6906, 6922, 0.012893755337451187
6377, 6516, 0.012722106767169759
13149, -1, 0.0122014967188496
6429, 6516, 0.011988273083718071
4448, 4530, 0.011890193506386862
6820, 6922, 0.011336142599337818
5339, 5393, 0.010392029959926708
14407, -1, 0.010230640431125228
0, 546, 0.010171548300497806
13554, -1, 0.010120261397323941
10315, -1, 0.00956813504019945
4379, 4592, 0.009289108022497772
17425, -1, 0.009096110002197493
4393, 4530, 0.00796891368010397
4349, 4530, 0.00787792123429918
11862, -1, 0.007798019097322849
5393, 5492, 0.007524861206520176
2440, 2559, 0.007171047408386676
5290, 5361, 0.0070761672841506565
16380, 16503, 0.007048885372743874
10767, -1, 0.00690082824049411
18002, 18230, 0.006741273309265123
7148, 7365, 0.006500345440421035
8219, -1, 0.006206680663878474
5135, 5230, 0.006158525505016753
9698, -1, 0.005867014332355647
17390, -1, 0.0054778523525370534
4723, 4862, 0.005454896608653534
15501, -1, 0.0051660931631660485
6429, 6479, 0.0049850513897642884
6559, 6701, 0.004629359677556273
5103, 5230, 0.004469832743962531
16404, -1, 0.004437269933949052
10623, -1, 0.004243381848126169
17975, 18230, 0.004134189164401086
4433, 4530, 0.004034303819860556
2372, 2603, 0.003883585534855355
16430, 16503, 0.0038261396624685823
13992, -1, 0.0035636083856907027
6316, 6479, 0.00348667861344628
6855, 6922, 0.003360883854482273
5619, 5849, 0.003268302026456721
5757, 5849, 0.003237571851734721
2460, 2603, 0.003216207955108056
12382, -1, 0.0032007249443477635
5450, 5492, 0.0031932785264168115
6233, 6483, 0.0030676525352168016
9135, -1, 0.0029845466070732665
6048, 6141, 0.002956841263445548
8185, -1, 0.002925950966622549
5135, 5218, 0.0027655412316128776
14948, -1, 0.002656976654597169
4837, 4862, 0.0026332317244662715
10340, 10439, 0.002600390197786793
2436, 2559, 0.002595019655576171
5103, 5218, 0.0025588941743523498
6233, 6701, 0.0025298835219729546
1862, 2121, 0.0025284463662112204
4415, 4530, 0.0024932416008458178
0, 506, 0.0024663473699521703
9672, -1, 0.002444566443541878
14017, -1, 0.0024439244414025956
3554, 3671, 0.002331506518532028
13956, -1, 0.002300068643638826
14989, -1, 0.002284531236239837
4696, 4866, 0.002280283561998978
10647, -1, 0.00227173400079038
10287, -1, 0.0022636338565040584
7035, 7365, 0.0022398724414056438
7839, 7995, 0.0022157091334887315
2409, 2603, 0.0021726762480496066
9206, -1, 0.002097566637132243
3392, 3671, 0.0020417999105711913
8219, 8436, 0.0020349223209871026
5324, 5393, 0.0019775842236463104
1025, 1183, 0.001951472084129332
10231, -1, 0.0019368083540174561
10155, 10284, 0.0018727444513721258
4628, 4866, 0.0018725892489099018
4454, 4592, 0.0018200535160415397
4153, 4530, 0.0017791037045991678
1025, 1158, 0.0017656433587059774
6867, 6922, 0.001714904200366581
5595, 5851, 0.00170938349109487
8670, -1, 0.0017024909603398245
4308, 4592, 0.0016434796894564355
8758, -1, 0.0016228524973221413
750, 957, 0.001621866967514739
4983, 5230, 0.0016190981714485594
9698, 9784, 0.001615714154814624
4713, 4862, 0.0015733605351711333
12573, -1, 0.001564664194420155
4737, 4862, 0.0015294708010610716
6316, 6516, 0.0015213372342393365
7148, 7307, 0.0014900655809393934
11325, -1, 0.0014870232094115442
8106, 8328, 0.0014465907034914964
10025, 10087, 0.0013904897861052236
4387, 4530, 0.0013792411999931952
17092, -1, 0.0013789484386076561
8225, 8328, 0.0013745964125478885
16970, -1, 0.0013730803710027962
10315, 10439, 0.0013399318904184613
14260, -1, 0.0013370313304558725
8670, 8771, 0.0013190930816475426
7918, -1, 0.0013172403188985015
6450, 6516, 0.0012821412755358262
9961, -1, 0.001237995161308566
16380, -1, 0.0012333521916188242
5346, 5492, 0.0012197736071370465
10874, -1, 0.001213882322190454
8106, -1, 0.0011804413323149045
12897, -1, 0.0011786273326070827
16430, -1, 0.0011710297925099577
13252, -1, 0.0011697597352258134
4379, 4862, 0.0011555534225871405
5595, 5834, 0.0011473816992601663
13419, -1, 0.0011397248266822194
16130, -1, 0.0011386703396177728
11397, -1, 0.0011370584582156438
2238, 2603, 0.0011239904139675996
4308, 4423, 0.0010958196252657633
4983, 5218, 0.0010602990498892071
7411, 7497, 0.0010357307647324793
11204, -1, 0.0010341897000229058
6338, 6479, 0.0010009793623322596
3885, 4086, 0.0009752620192833324
4448, 4592, 0.0009494280990590209
5360, 5492, 0.0009480852596488496
9672, 9784, 0.0009344711499005959
5341, 5492, 0.0009325208359968972
6651, 6701, 0.0008584729793381547
13208, -1, 0.0008340810731228169
12758, -1, 0.0008218487188909249
5693, 5849, 0.0008194554823673597
9698, 9980, 0.000796182888027358
2372, 2559, 0.000779897625272339
6628, 6701, 0.0007730610500290273
5411, 5492, 0.0007712855994349357
15514, -1, 0.0007700428423879471
7035, -1, 0.0007695274833278792
11050, -1, 0.0007500259963710743
4230, 4349, 0.0007362998803818245
10264, -1, 0.0006888092367898266
8393, -1, 0.0006848818292925395
4313, 4530, 0.0006829716418238777
3392, 3650, 0.000669612480976604
5783, 5849, 0.0006635001310923191
3172, 3310, 0.0006475944493446587
5290, 5849, 0.000637977852649686
3392, 3606, 0.0006310994197759814
4855, 4862, 0.0006261773706280598
6233, 6261, 0.0006174269546997625
5081, 5122, 0.0006168560102005977
6205, 6479, 0.0006156746283587014
4244, 4530, 0.0006125209800670189
6233, 6393, 0.0006076102863622058
2440, 2517, 0.0005955544682566502
4230, 4592, 0.0005746589419063492
8185, 8436, 0.0005716560962439587
11580, -1, 0.0005707181007721623
8640, -1, 0.0005658791310811481
3413, 3671, 0.0005646933906275041
8564, -1, 0.0005620325559672219
2510, 2603, 0.0005379159005249413
10155, 10341, 0.000537669842715357
6470, 6516, 0.0005323066872786038
7197, 7365, 0.0005312626306918504
15104, -1, 0.000525803363053045
4511, 4530, 0.0005226879726267259
7148, 7497, 0.0005128976516428988
4723, 4866, 0.0005083453121375599
3554, 3650, 0.0004925306493165244
2409, 2559, 0.0004892227916710471
12573, 12632, 0.0004889349785834235
10155, 10439, 0.00048795697451870526
5081, 5234, 0.0004809063198716471
6393, 6701, 0.0004803678280006612
2652, 2838, 0.0004793030074226938
4628, 4773, 0.000478521377131507
4379, 4423, 0.00046747532368386277
7035, 7307, 0.00046164601396353065
0, 396, 0.0004608095547025917
11768, -1, 0.00045459916745458874
2024, 2121, 0.00045435695277510106
5339, 5849, 0.0004497348706897491
8640, 8771, 0.000443143906237018
5339, 5361, 0.0004354916970385888
4230, 4423, 0.00043532185315224456
10601, -1, 0.0004330891527061253
5759, 5849, 0.0004330550787910354
5081, 5492, 0.0004306162843093858
6338, 6516, 0.00043047323546619885
11688, -1, 0.0004299351373106682
9032, -1, 0.0004296237506253565
6239, 6479, 0.00042901946050693466
5676, 5849, 0.0004168705373504301
6429, 6701, 0.00040805747412867
6450, 6479, 0.00040612927619216416
1625, 1781, 0.00040492671448695946
5081, 5252, 0.0004045933916193444
4322, 4530, 0.00039829249508665864
4651, 4862, 0.00039663025615535867
6615, -1, 0.00039327764998399277
9569, -1, 0.00039295246044442463
7228, 7365, 0.00039276584824466954
6458, 6516, 0.0003747128523300068
2460, 2559, 0.00036244868719882434
11383, -1, 0.0003617834373106468
2440, 2511, 0.00035733951691241947
10234, -1, 0.0003567279337297107
2943, 3081, 0.0003487504056128644
10944, -1, 0.00034816703406826544
10164, -1, 0.0003478255322726416
4379, 4478, 0.00034209853332976814
7148, -1, 0.0003396145163318131
10791, -1, 0.0003395119893666673
5174, 5230, 0.0003367634142126349
7901, -1, 0.00033614558012513016
11350, -1, 0.00033136305033856474
13842, -1, 0.00033020848478590323
4062, 4530, 0.0003298234397141615
12382, 12632, 0.0003269901319124621
4466, 4530, 0.00031400505617996385
6048, 6479, 0.0003078624703400697
13664, -1, 0.0003037939154774292
0, 957, 0.00030272041963759955
7181, 7365, 0.0002989765966973771
2652, 2757, 0.00029624449173454526
13615, -1, 0.0002959561611636711
4837, 4866, 0.00029477606599088193
8689, -1, 0.0002880687266524205
7918, 7991, 0.0002843409229333498
6393, 6483, 0.0002808049579732989
8758, 8854, 0.0002782402250860862
0, 242, 0.0002778085010684943
8192, 8328, 0.0002759768737725933
821, 957, 0.00027120712278300445
4936, 5230, 0.00027111173179035855
6651, 6768, 0.0002689139391089583
4511, 4592, 0.00026876613561177434
9327, -1, 0.0002605566614955554
6205, 6516, 0.00025945237025806105
10372, -1, 0.00025478872725508015
5993, 6141, 0.0002525336381256984
9420, -1, 0.0002397007164740028
2436, 2517, 0.00023924919794404822
1707, 1781, 0.00023822161683057622
8225, -1, 0.00023750037471909
10287, 10439, 0.00023497822905511727
4491, 4530, 0.0002336350482482969
9672, 9980, 0.00023338402945317848
1707, 1831, 0.00023321403661476814
4113, 4530, 0.0002320331282603671
3388, 3671, 0.00022608323782976494
2372, 2517, 0.00022371823009133658
2238, 2559, 0.0002221910572377795
0, 288, 0.00022145085802369207
8393, 8436, 0.00021617535364758326
6651, 6922, 0.00021561880221170683
6738, 6922, 0.00021490607387720365
8689, 8771, 0.00021257156802271358
676, 957, 0.00020899474958455027
5007, 5230, 0.00020362126156462518
1886, 2121, 0.00020071921558197415
10025, 10284, 0.0001981439595845285
2652, 2784, 0.0001965585822207309
4433, 4592, 0.00019643318833216695
4548, 4862, 0.00019494696023898
4349, 4592, 0.00019430377684355807
2027, 2121, 0.00019273989209937136
4454, 4862, 0.00019269603936213867
2600, 2603, 0.00019023409766002848
9961, 9980, 0.00018730351167413537
4308, 4862, 0.00018712785334704858
6239, 6516, 0.0001870105867780317
5833, 5849, 0.0001832704657562
7887, -1, 0.00018309136185084513
3413, 3650, 0.0001827116197062956
6233, -1, 0.0001825496262283865
4393, 4592, 0.00017924020419221581
2440, 2697, 0.00017849296237994024
4936, 5218, 0.00017689055406163782
4379, 4596, 0.00017682251895943143
9546, -1, 0.000173957124607798
6048, 6175, 0.00017289464170294159
3413, 3606, 0.00017183018227937488
7086, 7365, 0.00017159488905510868
5397, 5492, 0.00016981178387584907
2372, 2511, 0.00016897405594012237
9511, -1, 0.00016862852338412379
7035, 7497, 0.00016756793713842196
2943, 3212, 0.00016681549671454017
2440, 2838, 0.00016582605496739353
1219, 1298, 0.000163160611347304
2238, 2275, 0.0001626501299193828
6377, 6701, 0.0001593808457595815
6520, 6701, 0.0001564406177574338
8171, 8328, 0.0001487698671179689
5196, 5230, 0.0001487504134209031
4696, 4773, 0.00014708305604606736
4737, 4866, 0.00014708246340150628
9281, -1, 0.00014618291267432307
1532, 1658, 0.00014576732107008446
4713, 4866, 0.00014563559273282156
2694, 2838, 0.00014539482070735597
2436, 2511, 0.00014534091995002093
6822, 6922, 0.0001423508120339947
5081, 5393, 0.00014161707104701248
5757, 5851, 0.0001405846943102885
2440, 2757, 0.00014038665963427027
9448, -1, 0.00014001783243765595
7035, 7163, 0.00013958457944922352
2440, 2653, 0.00013817715295575385
6470, 6479, 0.0001360315038663006
4958, 5230, 0.0001345012652789209
6377, 6483, 0.0001340536370283921
5491, 5849, 0.00013219475662658411
6048, 6516, 0.00013078170023471926
7250, 7365, 0.0001306152044312846
8564, 8771, 0.00013035743609155008
6559, 6768, 0.00012831983652740432
8670, 8854, 0.00012687368369238106
6754, 6922, 0.0001256089533109732
5619, 5851, 0.0001253612140622618
7901, 7991, 0.00012535154345633608
5007, 5218, 0.0001252149759437086
8065, -1, 0.00012240690591296864
3172, 3305, 0.0001218714570953156
5174, 5218, 0.0001203055783861307
5601, 5849, 0.00011948849185956322
8416, -1, 0.00011917468781104225
9961, 10087, 0.00011822720674611391
1382, 1487, 0.00011786162364423227
4308, 4349, 0.00011747123008219052
3831, 4086, 0.0001165870267928404
5357, 5492, 0.00011627934005348883
11271, -1, 0.00011301593836953281
2344, 2603, 0.00010884790713095192
2600, 2838, 0.00010626284449026201
6458, 6479, 0.00010541632868157769
4548, 4592, 0.00010414211802789947
5081, 5225, 0.0001039850871905155
2440, 2608, 0.00010338456862511176
6628, 6768, 0.00010088017199612245
2600, 2757, 0.00010074380345921774
4098, 4530, 0.0001003819339483183
4308, 4478, 9.982712682215768e-05
3885, 4530, 9.956284381330355e-05
4379, 4866, 9.891452716841238e-05
8758, 8771, 9.866553301653959e-05
4448, 4862, 9.862751749700947e-05
3531, 3671, 9.757300013641197e-05
1625, 1831, 9.60948655884834e-05
10853, -1, 9.50885194633428e-05
4201, 4530, 9.42699706600011e-05
4511, 4862, 9.386010837506605e-05
8225, 8436, 9.354394056680532e-05
8675, 8771, 9.345138914607749e-05
8675, -1, 9.331404152746828e-05
6470, 6701, 9.324284436902679e-05
7887, 7991, 9.224570583677696e-05
6450, 6701, 8.905523255998607e-05
2409, 2517, 8.673885288555737e-05
834, 957, 8.624050772161841e-05
5324, 5361, 8.603426475594987e-05
2943, 3310, 8.597537412324568e-05
893, 957, 8.517318276742144e-05
5450, 5849, 8.434528123650383e-05
10814, -1, 8.397235540115698e-05
5619, 5834, 8.376705113682515e-05
6559, 6922, 8.279237193751155e-05
6906, -1, 8.250218715141137e-05
11088, -1, 8.166858094391326e-05
6096, 6479, 8.110619017495791e-05
3912, 4086, 8.088905959831545e-05
4491, 4592, 7.974475336470965e-05
4958, 5218, 7.832573635769167e-05
3554, 3606, 7.768751423542593e-05
3785, 4086, 7.589978379949791e-05
4415, 4592, 7.582684134578463e-05
3580, 3671, 7.559946289535846e-05
3388, 3650, 7.454464815037455e-05
8164, 8328, 7.425327972981694e-05
8312, 8436, 7.344121679579464e-05
5434, 5492, 7.270545215762218e-05
4941, 5230, 7.134329406702756e-05
4062, 4086, 7.116089897604969e-05
6233, 6768, 7.077316592574176e-05
3388, 3606, 7.010512248876622e-05
10231, 10439, 6.914030032614352e-05
2600, 2697, 6.846297110661508e-05
8106, 8436, 6.632228629045481e-05
6096, 6141, 6.542634864112199e-05
6261, 6479, 6.526069160785837e-05
1219, 1487, 6.491940941007596e-05
4230, 4862, 6.4684844835916e-05
2670, 2838, 6.361118446204663e-05
2440, 2784, 6.32047111294611e-05
7236, 7365, 6.281363156148415e-05
8327, 8436, 6.255775421886732e-05
771, 957, 6.221417639548257e-05
2436, 2697, 6.147901909685352e-05
7148, 7326, 6.121539369740159e-05
7918, 7987, 6.11638776826051e-05
10231, 10341, 6.0312263451625405e-05
4153, 4349, 5.927244830263548e-05
9420, 9542, 5.912111513522286e-05
1025, 1298, 5.910719199017358e-05
2409, 2511, 5.830079469712251e-05
3172, 3212, 5.8046746097818265e-05
1532, 1781, 5.780095286365685e-05
2238, 2517, 5.7448213294229294e-05
2436, 2838, 5.711318820464705e-05
2789, 2838, 5.704347430932786e-05
321, 392, 5.574810502924192e-05
6631, 6701, 5.460391087136756e-05
10025, 10341, 5.308339145575568e-05
9849, 9980, 5.299989413271485e-05
540, 546, 5.168034136293118e-05
270, 392, 5.1678055010136124e-05
5290, -1, 4.980496151236396e-05
7197, 7307, 4.975883446621522e-05
6003, 6141, 4.8620520926112934e-05
2436, 2757, 4.835391834792442e-05
4983, 5055, 4.812254077533083e-05
9682, -1, 4.761025097889142e-05
2436, 2653, 4.759027952551273e-05
4466, 4592, 4.743077563142237e-05
750, 842, 4.6544516924828504e-05
841, 957, 4.64352647789778e-05
10264, 10439, 4.550671979834556e-05
1625, 1717, 4.547539849042358e-05
2272, 2603, 4.48630315201645e-05
6690, 6922, 4.474418920899575e-05
2238, 2511, 4.41002419700489e-05
1140, 1183, 4.379989330794225e-05
4153, 4592, 4.272872554014573e-05
0, 173, 4.252378958319577e-05
2600, 2784, 4.0500812178820795e-05
8689, 8854, 4.027223421285367e-05
10025, 10439, 4.018559289421603e-05
7918, 8328, 3.9297668793908126e-05
4349, 4423, 3.901112366332632e-05
8065, 8328, 3.888424952659699e-05
7341, 7497, 3.727816232393217e-05
6628, 6922, 3.724446272469732e-05
6657, 6701, 3.703878580359742e-05
4454, 4596, 3.614750734857248e-05
2652, 2697, 3.556250239447306e-05
7361, 7497, 3.5457308536046195e-05
388, 392, 3.530135963146447e-05
6233, 6922, 3.524325325483939e-05
2436, 2608, 3.489497666801638e-05
10315, 10341, 3.470964898066821e-05
1625, 1658, 3.382307007208928e-05
1707, 2121, 3.350970261072898e-05
5757, 5834, 3.349038563596334e-05
3195, 3310, 3.29635761875736e-05
4153, 4423, 3.216006690305625e-05
7181, 7307, 3.0992198356053544e-05
9448, 9542, 3.012807342790036e-05
870, 957, 2.9580600874206966e-05
8252, 8328, 2.9254143766414634e-05
7795, 7995, 2.9167405283937755e-05
5595, 5670, 2.892947471260757e-05
4570, 4862, 2.8442210199972686e-05
5595, -1, 2.8332740800086624e-05
7901, 7987, 2.7992566781415962e-05
6048, 6087, 2.7834249258858835e-05
1025, 1220, 2.7288640273405435e-05
521, 546, 2.7096305559417794e-05
8640, 8854, 2.6725298665761328e-05
4941, 5218, 2.632610764265361e-05
1140, 1298, 2.623642375645087e-05
0, 354, 2.611873246297904e-05
1278, 1487, 2.582947413351582e-05
1025, 1060, 2.5684848140840223e-05
4983, 5122, 2.52842990351731e-05
1942, 2121, 2.5132779486792037e-05
4230, 4478, 2.505743298852062e-05
3531, 3650, 2.4946011481433132e-05
6886, 6922, 2.4853474293910892e-05
4855, 4866, 2.4546074802877517e-05
5290, 5442, 2.4531502074583378e-05
5196, 5218, 2.4425302294237393e-05
4387, 4592, 2.442529710601443e-05
5081, 5151, 2.427491507113197e-05
5255, 5492, 2.4062831827197934e-05
9682, 9784, 2.384848018704573e-05
4308, 4596, 2.359906369378236e-05
3885, 4051, 2.2829300207258413e-05
9569, 9784, 2.2777027097145866e-05
2694, 2784, 2.259287713329955e-05
5324, 5849, 2.2504807402175456e-05
5081, 5361, 2.1820349072562283e-05
2436, 2784, 2.1769842299261132e-05
4837, 5230, 2.1649700715742804e-05
5595, 6141, 2.158208140681118e-05
7887, 7987, 2.138455402416981e-05
7035, 7326, 2.095839624001147e-05
0, 522, 2.0726035132506185e-05
8192, -1, 2.044044151755922e-05
2670, 2784, 1.9508263098343727e-05
369, 392, 1.9424137235574798e-05
1862, 2275, 1.9332026981374628e-05
2939, 3081, 1.9271681967783408e-05
4169, 4530, 1.9176216915743272e-05
2344, 2559, 1.8778763527453457e-05
5290, 5434, 1.8668714540190605e-05
2670, 2757, 1.858234893580802e-05
4651, 4866, 1.851853386769725e-05
2372, 2697, 1.8197643008010104e-05
4936, 5055, 1.805155725982026e-05
1625, 1732, 1.775371875480711e-05
3172, 3269, 1.7375234909784755e-05
2378, 2603, 1.706715354191332e-05
1732, 1831, 1.607443981765493e-05
5453, 5492, 1.5944623960864827e-05
2460, 2517, 1.5860074829837267e-05
9327, 9542, 1.5747664517479763e-05
4004, 4086, 1.5582499199819493e-05
2627, 2838, 1.5491206400026327e-05
9206, 9344, 1.5475489084866638e-05
1532, 1831, 1.539131869329672e-05
1373, 1487, 1.5266994119228237e-05
5346, 5393, 1.5257451864879664e-05
9206, 9542, 1.524597059174508e-05
5339, -1, 1.5177989319128251e-05
5341, 5393, 1.4950182740513379e-05
2510, 2559, 1.479157446717121e-05
1862, 1937, 1.4699280559888496e-05
2694, 2757, 1.4592043712400182e-05
1025, 1212, 1.4482817276902786e-05
1532, 1717, 1.4069907605048678e-05
5199, 5230, 1.371268601871093e-05
1219, 1399, 1.3607648132372796e-05
2238, 2303, 1.3504190286167467e-05
4027, 4086, 1.3260888692044191e-05
7779, 7995, 1.30693697694587e-05
4855, 5230, 1.2960644451835466e-05
7463, 7497, 1.2901121462958664e-05
2943, 3305, 1.2664868721200772e-05
676, 842, 1.2608174302094485e-05
3885, 4010, 1.220479222943798e-05
5021, 5230, 1.2051489577015618e-05
5693, 5851, 1.2048386419276355e-05
0, 1183, 1.1715758801418677e-05
1862, 2150, 1.1261574592596e-05
7918, 8109, 1.1201157727950614e-05
5339, 5442, 1.1148452209111114e-05
5252, 5492, 1.0838507280967412e-05
5783, 5851, 1.051921986057879e-05
2372, 2653, 1.0476288484282879e-05
3334, 3671, 1.0357236938532484e-05
2963, 3081, 1.0220967893344813e-05
1532, 1622, 1.0148932269762768e-05
676, 756, 1.0065534478507142e-05
2460, 2697, 1.0038555371707979e-05
750, 1183, 9.824394444062383e-06
1079, 1183, 9.772794718458634e-06
3392, 3496, 9.69660234931638e-06
1140, 1158, 9.681670762932554e-06
8416, 8436, 9.413202935673592e-06
5290, 5851, 9.405140000605597e-06
750, 1158, 9.259797997978361e-06
3102, 3212, 9.149057054153465e-06
4628, 4710, 8.678126692239342e-06
388, 546, 8.270547501743722e-06
5693, 5834, 8.20513608468336e-06
10287, 10341, 8.201120482577494e-06
9427, 9542, 8.015394233879437e-06
2460, 2653, 7.769519758440754e-06
3172, 3356, 7.642740929203671e-06
2409, 2697, 7.589812423461901e-06
505, 546, 7.440517499729179e-06
3209, 3310, 7.340334212101776e-06
2372, 2608, 7.264523332307339e-06
2718, 2838, 7.228246009175302e-06
1868, 2121, 7.20773055746903e-06
2372, 2838, 7.065000320183388e-06
0, 1158, 6.945728615458496e-06
4062, 4155, 6.834322827953568e-06
10231, 10284, 6.742803843049196e-06
1625, 2121, 6.694699341624628e-06
3554, 3716, 6.598300808892519e-06
6690, 6701, 6.5260075526671496e-06
9135, 9344, 6.472957045126493e-06
2627, 2757, 6.434830534878223e-06
9135, 9542, 6.413496740095557e-06
2486, 2603, 6.253648603860628e-06
0, 509, 6.226975535329766e-06
8249, 8328, 6.118223909162316e-06
1025, 1131, 5.971718314742731e-06
1025, 1487, 5.9577514073970666e-06
8675, 8854, 5.784392409524363e-06
2004, 2121, 5.7599431991637884e-06
2372, 2757, 5.683513093981773e-06
10025, 10027, 5.570104420048989e-06
5759, 5851, 5.542788977407891e-06
0, 103, 5.491565550054989e-06
2943, 3102, 5.418589680700023e-06
2029, 2121, 5.339637041669648e-06
2460, 2838, 5.2371698787005045e-06
6458, 6701, 5.1766950664518044e-06
1278, 1399, 5.161558057110892e-06
0, 39, 5.144059886406638e-06
391, 546, 5.117758063529069e-06
0, 252, 5.116663452344669e-06
8758, 8870, 5.026926446232195e-06
472, 546, 4.686678052005317e-06
6615, 6907, 4.421352642331255e-06
2460, 2511, 4.315581568240393e-06
5339, 5434, 4.238105751832072e-06
2460, 2757, 4.213095857330227e-06
750, 1060, 4.016721572548627e-06
5135, 5252, 3.9495405882018085e-06
922, 957, 3.844743691015735e-06
1140, 1220, 3.714250857554731e-06
1862, 2228, 3.592051638732712e-06
1681, 1781, 3.5750721348731904e-06
1732, 1781, 3.558628571318851e-06
4628, 5230, 3.3731555417033386e-06
0, 135, 3.223907610855612e-06
0, 181, 3.2127958713832124e-06
0, 756, 3.190236189472323e-06
4696, 5230, 3.0405785022802005e-06
5135, 5234, 3.0286079362325233e-06
9511, 9542, 2.832072210136453e-06
9206, 9428, 2.7649057566586703e-06
7901, 8109, 2.6365217432689006e-06
1862, 2104, 2.6311423328961057e-06
5705, 5849, 2.081012830592685e-06
1862, 2024, 2.0605071675773413e-06
0, 1060, 1.976973940494831e-06
9327, 9428, 1.9090772860061427e-06
0, 1487, 1.884185070479016e-06
8252, 8436, 1.826396006782913e-06
0, 72, 1.8260233307673048e-06
8710, 8771, 1.68306166530698e-06
0, 842, 1.6629276630798403e-06
8564, 8854, 1.6397739560355988e-06
8670, 8870, 1.5896069276105797e-06
6690, 6768, 1.5330526778650607e-06
2238, 2283, 1.4493492882348275e-06
0, 445, 1.3670735142008873e-06
9961, 10027, 1.3579658610380802e-06
8312, 8328, 1.338870456940522e-06
7887, 8109, 1.3208129907608635e-06
9135, 9428, 1.276879532938055e-06
2024, 2150, 1.2127308504266096e-06
0, 1298, 1.1755996123226066e-06
1532, 1732, 1.1711664945309947e-06
6316, 6701, 1.1142206685706796e-06
2024, 2275, 1.0133628585260876e-06
7411, 7995, 9.905011294938535e-07
8106, 8109, 9.532129615799397e-07
2208, 2275, 9.334337491412338e-07
1625, 1771, 9.316463310085696e-07
5135, 5492, 8.949368337860561e-07
1219, 1318, 8.725949449945951e-07
7901, 8328, 8.422493762780718e-07
2049, 2121, 8.237974610427647e-07
2024, 2228, 8.083913859876738e-07
7839, 7991, 7.874771278926934e-07
6657, 6768, 7.776811888956341e-07
5431, 5492, 7.727591051744293e-07
2168, 2275, 7.62067644172781e-07
1862, 1969, 7.478691734509565e-07
9281, 9428, 6.660862418621274e-07
5255, 5393, 6.240386864034986e-07
1960, 2121, 6.237893186340057e-07
676, 798, 6.095929949937677e-07
8192, 8436, 6.089543289270437e-07
1711, 1831, 6.032605493827165e-07
750, 922, 5.995633352673595e-07
6820, 6907, 5.775293144545807e-07
6912, 6922, 5.745600756090003e-07
1862, 2177, 5.723304857142684e-07
750, 756, 5.534890684930466e-07
2027, 2150, 5.452135946333212e-07
6393, 6768, 5.286756234389982e-07
1790, 2121, 4.790406131305668e-07
1630, 1781, 4.743438224677806e-07
2027, 2275, 4.635066612121417e-07
1707, 1717, 4.557895776653738e-07
1707, 1732, 4.4324953659031136e-07
1025, 1399, 4.351169962697178e-07
5252, 5393, 4.234299135086647e-07
6429, 6768, 4.185876680261182e-07
8114, 8328, 4.10086126652913e-07
1681, 1831, 4.0469506049707826e-07
750, 798, 3.958372175962978e-07
1140, 1212, 3.839675453493851e-07
750, 815, 3.7569257117914906e-07
2027, 2228, 3.750594492014813e-07
7463, 7995, 3.6030182474911617e-07
893, 1060, 3.587065718139722e-07
1707, 1771, 3.541493984642306e-07
1278, 1298, 3.5116237088509945e-07
1711, 1781, 3.4263073891634684e-07
5360, 5393, 3.298583358567394e-07
1382, 1491, 3.191334400266559e-07
1886, 2150, 3.176912100133977e-07
1140, 1487, 3.072604204677327e-07
6166, 6479, 3.06664881645944e-07
988, 1158, 3.0387547609527373e-07
988, 1183, 3.017288704166396e-07
8065, 8109, 2.9960658676841603e-07
5081, 5255, 2.957782198028295e-07
490, 546, 2.92443578784737e-07
676, 815, 2.9207954132772206e-07
2104, 2275, 2.8162334240281695e-07
1382, 1658, 2.791241987972097e-07
0, 28, 2.7842937263166993e-07
1079, 1158, 2.7154167393480805e-07
1625, 1790, 2.6833406641245475e-07
1886, 2275, 2.6479119092484796e-07
714, 957, 2.6422084179138876e-07
1732, 2121, 2.627750351502036e-07
8689, 8870, 2.6159076165384983e-07
1790, 1831, 2.603588293997902e-07
5081, 5268, 2.549322912871216e-07
9206, 9421, 2.42361329137553e-07
7887, 8328, 2.406144629145593e-07
2104, 2121, 2.379654688827314e-07
1707, 1790, 2.2968290388870781e-07
6657, 6922, 2.2733402863947132e-07
1886, 2228, 2.1426005909261325e-07
2104, 2228, 2.1306370934891305e-07
1707, 1937, 2.088893789293904e-07
2272, 2275, 1.9472216991238045e-07
2024, 2177, 1.9399382194563618e-07
8171, 8436, 1.936589462075335e-07
1862, 2303, 1.9251799655946867e-07
2024, 2104, 1.9207441371662028e-07
0, 306, 1.9083689131816244e-07
893, 1183, 1.8179924340080798e-07
303, 392, 1.8144054596411713e-07
540, 957, 1.797687250024002e-07
0, 129, 1.7600105500837136e-07
0, 371, 1.75164638938606e-07
1630, 1831, 1.723641187982579e-07
0, 276, 1.7160124428990297e-07
821, 1060, 1.6870491386587017e-07
1140, 1399, 1.6758318430067492e-07
893, 1158, 1.6658318550753686e-07
8343, 8436, 1.6456591381490914e-07
1219, 1491, 1.6172097004423258e-07
1532, 2121, 1.5854369924555463e-07
1025, 1318, 1.5580874039311432e-07
1296, 1487, 1.550045365051944e-07
333, 392, 1.5317993416796573e-07
1750, 1831, 1.5072228237597107e-07
2208, 2303, 1.5063933400155245e-07
1886, 2104, 1.4892121638095874e-07
1382, 1399, 1.4355853123923754e-07
2943, 3269, 1.4189290273846794e-07
922, 1060, 1.4045602729419536e-07
369, 546, 1.3862932791503856e-07
676, 1060, 1.3765200418033883e-07
9327, 9421, 1.3701028834204481e-07
8164, 8436, 1.3647893458404188e-07
1532, 1771, 1.3257106726495078e-07
8249, 8436, 1.3228567085750962e-07
8710, 8854, 1.2909581587238512e-07
988, 1060, 1.2767437933901896e-07
540, 756, 1.2571815262639075e-07
9281, 9344, 1.2366386881354546e-07
9281, 9542, 1.2330395900266158e-07
1630, 1717, 1.2281883792739356e-07
771, 842, 1.2194906397189796e-07
956, 1060, 1.1804404215607771e-07
1886, 1937, 1.1775907159648106e-07
2168, 2228, 1.1594389463144925e-07
1862, 2283, 1.1433983871481006e-07
9135, 9421, 1.1130008347653464e-07
1219, 1658, 1.0880081061571583e-07
1382, 1622, 1.0865892587852341e-07
445, 546, 1.0743975283686448e-07
457, 546, 1.0641935777451063e-07
1886, 2024, 1.009769040040579e-07
1324, 1487, 9.90195198295473e-08
1923, 2121, 9.894342280771211e-08
3195, 3305, 9.696284917898336e-08
956, 1183, 9.029851807425226e-08
2027, 2177, 9.013739571025882e-08
821, 1183, 8.935906626604115e-08
1625, 1937, 8.529610423249502e-08
956, 1158, 8.514357676065774e-08
0, 798, 8.465036959000642e-08
0, 922, 8.451380126688626e-08
1630, 1732, 8.440180833442697e-08
821, 1158, 8.425477266187284e-08
2027, 2104, 7.935308810444766e-08
0, 2121, 7.86028179577414e-08
9281, 9421, 7.717553815825993e-08
590, 957, 7.695926556461152e-08
676, 1183, 7.510583039895738e-08
7918, 8436, 7.508218332840455e-08
3102, 3310, 7.403710612184782e-08
1079, 1220, 7.33575916799346e-08
676, 922, 7.309286215638973e-08
1382, 1781, 7.094423232258384e-08
676, 1158, 7.085067677244384e-08
1439, 1487, 6.992498531651665e-08
922, 1183, 6.957222052156404e-08
0, 198, 6.828137991381358e-08
1390, 1487, 6.702302335200554e-08
922, 1158, 6.537204062658123e-08
2939, 3212, 6.488048556292827e-08
1278, 1491, 6.434404217567023e-08
2272, 2559, 6.425741835847553e-08
979, 1183, 6.39700080313803e-08
8065, 8436, 6.367662802008708e-08
1140, 1318, 6.313102625519443e-08
979, 1158, 6.115763632336741e-08
590, 756, 6.052448393767139e-08
1296, 1399, 6.04523375453001e-08
1482, 1658, 5.859665302415902e-08
834, 1060, 5.779321218098536e-08
821, 922, 5.7752079017176646e-08
2409, 2838, 5.6205097778971025e-08
2963, 3212, 5.597477758448689e-08
0, 1220, 5.5243215080138256e-08
0, 1781, 5.31826843374486e-08
1093, 1183, 5.193500811092332e-08
773, 957, 5.130143493743292e-08
750, 1220, 4.725877410065135e-08
1079, 1298, 4.603332230912481e-08
2600, 2653, 4.552319528027142e-08
5676, 5851, 4.501961859846297e-08
870, 1060, 4.42190592106019e-08
2534, 2603, 4.264923171568812e-08
442, 546, 4.2473420069116605e-08
0, 815, 4.191222049606709e-08
979, 1060, 4.175691392974099e-08
346, 392, 4.133946964555004e-08
2627, 2784, 4.1266785136744505e-08
771, 1060, 4.097519676652846e-08
8348, 8436, 4.0963267530064937e-08
821, 842, 4.088086276927044e-08
276, 392, 4.07198716226725e-08
714, 842, 4.0717344900572315e-08
1373, 1491, 4.042046297531587e-08
318, 392, 3.988979063848513e-08
8393, 8771, 3.956541765010398e-08
1532, 1790, 3.933104202427665e-08
2409, 2653, 3.898488441666072e-08
3105, 3212, 3.8128391977505824e-08
5393, 5849, 3.747640069973958e-08
5339, 5851, 3.706457307779497e-08
321, 546, 3.5149006324097346e-08
2208, 2603, 3.4729561755479925e-08
2372, 2784, 3.418127313641656e-08
0, 1399, 3.117108810132095e-08
2460, 2608, 3.104949555008068e-08
0, 540, 2.9437942272955835e-08
2238, 2697, 2.885583258132484e-08
2053, 2121, 2.774037450601295e-08
2409, 2757, 2.6371904092605128e-08
2510, 2697, 2.6264600427514928e-08
2460, 2784, 2.5338022076838093e-08
771, 922, 2.4623704263015513e-08
2680, 2838, 2.362703148090908e-08
2627, 2697, 2.3452997053390122e-08
0, 747, 2.1732912605596944e-08
0, 1212, 2.099710948147692e-08
2409, 2608, 2.0807703708473416e-08
0, 1658, 2.0712817703678255e-08
2510, 2653, 2.0455895091079942e-08
2238, 2653, 2.0075129436044472e-08
2344, 2517, 1.9752161377616085e-08
2578, 2603, 1.8597906725799135e-08
2409, 2784, 1.6301213173506e-08
1219, 1622, 1.426712981216933e-08
6855, 6907, 1.4163715189392031e-08
0, 823, 1.4064445441515403e-08
2652, 2821, 1.361431626017031e-08
1862, 2603, 1.2919148557549697e-08
5595, 5788, 1.2835773709266627e-08
0, 590, 1.232505719672577e-08
0, 3, 1.1973856280205833e-08
1079, 1212, 1.1733537421266424e-08
841, 1060, 1.1594980335814213e-08
521, 957, 1.096610173389313e-08
8118, 8328, 1.081001775358165e-08
189, 392, 9.490913239533202e-09
5595, 5870, 8.881352124594839e-09
0, 323, 7.83835257996487e-09
7148, 7279, 6.6794315900596995e-09
1711, 2121, 6.32163463132113e-09
1025, 1134, 5.984135838049985e-09
2208, 2228, 5.692436180939797e-09
1025, 1096, 5.3892015706168366e-09
2378, 2559, 5.091140553025264e-09
2344, 2511, 5.0325783061758875e-09
0, 270, 4.7760937199743605e-09
1025, 1155, 4.660756916242483e-09
2238, 2838, 4.5372066259356625e-09
2440, 2821, 4.448964325884376e-09
1219, 1324, 4.433631953680662e-09
1382, 1503, 4.3655962948520145e-09
1630, 1658, 4.221328950777941e-09
1278, 1658, 4.095851077823973e-09
1382, 1717, 3.985033120569362e-09
1790, 1937, 3.630136231158816e-09
2694, 2821, 3.3486015921717053e-09
2510, 2838, 3.2920352739044066e-09
0, 278, 3.0807089700507376e-09
2600, 2821, 2.8508423712885043e-09
750, 1298, 2.814092499590888e-09
750, 823, 2.8083489137309746e-09
1382, 1532, 2.773540353360249e-09
1025, 1188, 2.7212734855903987e-09
1532, 1676, 2.71071619040553e-09
834, 1183, 2.5407818187572346e-09
1707, 2150, 2.488526467466881e-09
823, 957, 2.451112372468368e-09
834, 1158, 2.4211258358156845e-09
540, 842, 2.3231942354869878e-09
0, 659, 2.2785037132828488e-09
7035, 7279, 2.2044643294890225e-09
521, 756, 2.107597878906939e-09
388, 506, 1.9451387620447636e-09
2238, 2608, 1.9327832775324277e-09
1625, 1776, 1.9158955513218195e-09
1532, 1642, 1.876362137870755e-09
1219, 1503, 1.8282710554699174e-09
1532, 1582, 1.7865238136278284e-09
1025, 1261, 1.6785208622288427e-09
1815, 2121, 1.5846086344936434e-09
676, 823, 1.5723914682339232e-09
391, 506, 1.4956804529056974e-09
2272, 2517, 1.4756393437841967e-09
1625, 1676, 1.423618477002887e-09
2238, 2757, 1.4128156520305747e-09
1750, 1781, 1.4107394688869494e-09
2275, 2603, 1.383236440922538e-09
1625, 1736, 1.3571075418095187e-09
2510, 2757, 1.2859458646269405e-09
676, 747, 1.2726307585968863e-09
2472, 2603, 1.2672542449066183e-09
0, 1131, 1.2422026104733921e-09
0, 684, 1.0894576009629616e-09
1219, 1296, 1.0460970901873312e-09
1278, 1318, 1.0363797619274837e-09
1219, 1532, 9.880480601341707e-10
0, 567, 9.52061035533956e-10
1886, 1969, 9.320776620472785e-10
1707, 1776, 9.075024562485886e-10
1219, 1261, 8.429031924403517e-10
1482, 1622, 8.398529689911315e-10
1373, 1658, 8.29832566124622e-10
1280, 1487, 7.871966446508979e-10
1625, 1785, 7.707066310548563e-10
1219, 1781, 7.542245972719856e-10
1482, 1487, 7.411860512166344e-10
1630, 1771, 7.366039851016054e-10
1278, 1503, 7.274172404980123e-10
1025, 1324, 7.258740148213582e-10
1707, 1797, 6.891526463711761e-10
1373, 1399, 6.773505994139092e-10
1427, 1487, 6.540149850755003e-10
1681, 1771, 6.479827174089458e-10
1140, 1261, 6.399574456214652e-10
750, 1212, 6.261925505300882e-10
1625, 1797, 6.133762661097687e-10
1219, 1280, 5.76103817266177e-10
870, 1183, 5.683133253535641e-10
988, 1220, 5.623012024026617e-10
0, 1096, 5.609342672110696e-10
870, 1158, 5.558509451665518e-10
1707, 1785, 5.371951686949402e-10
771, 1183, 5.266587450908677e-10
1373, 1503, 5.202437043711727e-10
1732, 1771, 5.173234082070536e-10
1736, 1831, 5.161299475691704e-10
771, 1158, 5.15109796267516e-10
834, 922, 4.938414567772782e-10
369, 506, 4.755988070375749e-10
0, 933, 4.728520858255269e-10
1025, 1280, 4.510258519182721e-10
8640, 8870, 4.4128007289821003e-10
1681, 1732, 4.291862502193516e-10
1482, 1781, 4.1075201387870067e-10
1025, 1296, 4.097244815867795e-10
0, 827, 4.080538946929008e-10
1382, 1732, 3.974952708233586e-10
1278, 1532, 3.9311124663160054e-10
1382, 1582, 3.8123034512535325e-10
1657, 1781, 3.7098779221497095e-10
1681, 1717, 3.574595973802747e-10
2315, 2603, 3.015302130664201e-10
1373, 1532, 2.9841406510224776e-10
1140, 1324, 2.88334864178206e-10
1219, 1717, 2.851311416908463e-10
1025, 1491, 2.798113502140221e-10
1532, 1736, 2.638512060372335e-10
472, 506, 2.564023609808862e-10
0, 1134, 2.55373053720745e-10
1278, 1622, 2.4351501887414535e-10
1732, 1790, 2.4287731866869705e-10
1625, 1642, 2.367400057292529e-10
1536, 1658, 2.2019304084355896e-10
1025, 1503, 2.184342073237766e-10
1140, 1280, 1.9885059137964408e-10
0, 569, 1.9265871774605194e-10
1439, 1658, 1.9056354635335104e-10
0, 893, 1.8403943224409384e-10
994, 1158, 1.8339004971891655e-10
1140, 1296, 1.8261824774584515e-10
1093, 1158, 1.7815913331926162e-10
1278, 1324, 1.7771191042990696e-10
8219, 8771, 1.7197389924293525e-10
1280, 1399, 1.7051090497185612e-10
841, 1158, 1.6936647198569126e-10
1373, 1622, 1.65808666364649e-10
1025, 1658, 1.6578603986264745e-10
841, 1183, 1.6313757737484104e-10
994, 1183, 1.6102915485987746e-10
750, 1131, 1.5795469572020916e-10
1219, 1582, 1.532399335249917e-10
1064, 1183, 1.513508347977401e-10
988, 1298, 1.4977182842540326e-10
695, 957, 1.4855346958443952e-10
750, 1096, 1.4783864173834647e-10
1324, 1399, 1.441072446772598e-10
893, 1220, 1.3198540555406373e-10
0, 1532, 1.3054197080287813e-10
540, 798, 1.2303723531017666e-10
490, 506, 1.2096184490588077e-10
1025, 1532, 1.1804816362309393e-10
321, 506, 1.1671324936535964e-10
152, 392, 1.1405429265259885e-10
988, 1212, 1.125075855832483e-10
1140, 1491, 1.1114386528601294e-10
1399, 1487, 1.057296837914547e-10
590, 842, 1.0167039925857039e-10
893, 1298, 9.374029732617991e-11
1064, 1158, 9.234931544643645e-11
714, 756, 9.024461951735369e-11
798, 957, 8.88627796745067e-11
540, 747, 8.707354247639008e-11
988, 1131, 8.497517226537303e-11
1093, 1220, 8.261809649002059e-11
445, 506, 8.168231787360201e-11
841, 922, 8.13932480612775e-11
1140, 1188, 7.980846199817277e-11
714, 798, 6.911728042260998e-11
270, 546, 6.576484200028625e-11
893, 922, 6.564491258283418e-11
771, 815, 6.444264021007667e-11
457, 506, 6.393347940892981e-11
771, 798, 6.206745200414269e-11
0, 1717, 6.087399830156334e-11
834, 842, 6.064608763023955e-11
246, 392, 5.227829299749375e-11
294, 392, 5.0192663806376855e-11
0, 528, 1.0476513055154428e-12
