Gene = TMEM89
index = 1456
Annotated 5SS: [393]
Annotated 3SS: [827]
SMsplice 5SS: [189]
SMsplice 3SS: [422]
length: 1097
length: 1097
Partition function (logZ) = -8.084940055568545
#Exons = 614
3SS, 5SS, prob
0, 189, 0.6749025509003127
422, -1, 0.39081095193787296
523, -1, 0.2554556736733616
0, 393, 0.19794180233599354
615, -1, 0.1762626654253425
289, 393, 0.1257540100075286
0, 182, 0.07512441628405943
584, -1, 0.049285982369450296
285, 393, 0.04695278665623849
0, 388, 0.03392614461740055
753, -1, 0.02326728631082138
827, -1, 0.021203033299136035
289, 388, 0.020054844475328844
885, -1, 0.017524538371588065
1042, -1, 0.013804282766068723
0, 141, 0.012040043638614476
1075, -1, 0.01050469885946066
836, -1, 0.009873762091626524
289, -1, 0.009293195901712945
285, 388, 0.007586606128499009
634, -1, 0.0066249232574472116
945, -1, 0.004978214232455674
285, -1, 0.0033748808585822338
0, 64, 0.00301601801150679
530, -1, 0.0028352444383013004
422, 449, 0.002577484831165194
661, -1, 0.0017135469295230044
422, 440, 0.0015897545869124577
0, 167, 0.0010441550866373513
588, -1, 0.0008368263385819116
963, -1, 0.0007915891241439333
0, 449, 0.0006717744960370173
244, 393, 0.0006661757703682268
523, 679, 0.0006312634209409704
0, 440, 0.0005919937166561787
289, 440, 0.00035601619532233455
289, 449, 0.0003553384548807917
1004, -1, 0.0003092712170292362
615, 837, 0.0002802469948268192
1060, -1, 0.00027987372748669787
615, 679, 0.0002787160955895259
350, 393, 0.00024984801974534435
0, 241, 0.00019357175619820705
422, 679, 0.0001924938478582761
699, -1, 0.0001893061175731997
0, 217, 0.00018390270852260398
584, 679, 0.0001555217842449705
989, -1, 0.00015012711299903472
753, 837, 0.0001383766143774881
422, 483, 0.00013814363810323697
449, -1, 0.00013330027237796343
671, -1, 0.00013076944873559462
0, 146, 0.00012827735628675018
285, 440, 0.00012152077378286415
285, 449, 0.00012013600686859942
244, 388, 0.00011938288975137385
377, 393, 0.00010843062701553757
885, 1006, 0.00010339628585049078
377, -1, 0.0001020371045989821
523, 837, 9.910438541948491e-05
523, 658, 9.772276751573502e-05
350, -1, 8.524204405445469e-05
0, 215, 6.69136943321324e-05
244, -1, 5.971009545588581e-05
971, -1, 5.79616691731977e-05
188, 393, 5.1451197331888574e-05
584, 837, 4.840943968485152e-05
827, 1006, 4.6188899524121326e-05
0, 108, 4.179071882273477e-05
359, 393, 3.950272640039139e-05
422, 543, 3.888103118842534e-05
221, 393, 3.8366529692340376e-05
350, 388, 3.483466816853024e-05
422, 837, 3.389271075980553e-05
0, 837, 3.2404507859479124e-05
523, 640, 3.1710824547829645e-05
422, 658, 3.085647450158821e-05
206, 393, 2.8155706859696017e-05
836, 1006, 2.6619940926140365e-05
0, 679, 2.493437059389698e-05
523, 615, 2.3688910322534842e-05
615, 699, 2.3541265428851645e-05
523, 699, 2.1654868269926328e-05
359, -1, 1.8475027476020847e-05
0, 72, 1.6868545178304965e-05
615, 658, 1.6076653118331068e-05
422, 615, 1.56545965439861e-05
377, 388, 1.5075871111821093e-05
945, 1006, 1.443800871703371e-05
634, 837, 1.4205287991092745e-05
256, 393, 1.3986779026033889e-05
753, 1006, 1.3842243038074348e-05
827, 837, 1.3050441736549109e-05
1048, -1, 1.2463735794471962e-05
0, 229, 1.2240457428344563e-05
422, 640, 1.193065130688772e-05
584, 658, 1.1887265653041275e-05
188, -1, 1.159186965257243e-05
0, 312, 1.1250110837769658e-05
615, 1006, 1.110465581832464e-05
0, 1006, 1.0916425702957553e-05
188, 388, 9.271683802671003e-06
0, 483, 9.12799076085552e-06
584, 699, 9.034283522879101e-06
885, 1010, 8.110428126590137e-06
530, 679, 7.830084113333541e-06
227, 393, 7.218705167925532e-06
422, 699, 7.1932292223441905e-06
221, 388, 7.087100115000434e-06
661, 837, 5.8359082991744355e-06
634, 679, 5.636244669505755e-06
359, 388, 5.48500554003448e-06
221, -1, 5.105267405404383e-06
206, 388, 5.073755807078244e-06
206, -1, 4.942043849557741e-06
350, 449, 4.5319859912385224e-06
523, 1006, 3.926976117820359e-06
827, 933, 3.761928145605671e-06
848, -1, 3.6091573165556865e-06
350, 440, 3.44553196788891e-06
827, 1010, 3.414082828088686e-06
377, 449, 3.153263738247419e-06
289, 483, 3.0934885051913894e-06
0, 247, 3.017772669664593e-06
0, 658, 2.7368743795860468e-06
588, 679, 2.492781601608222e-06
256, 388, 2.4494689588924198e-06
615, 640, 2.44762422399278e-06
422, 545, 2.1900655653811855e-06
377, 440, 2.0950471845506615e-06
584, 640, 2.051710981522045e-06
523, 543, 1.9925952552473824e-06
836, 1010, 1.9517267636137318e-06
584, 1006, 1.9182023929779536e-06
836, 933, 1.6512689297579187e-06
753, 933, 1.5402472630489061e-06
1006, -1, 1.4011123258574692e-06
963, 1006, 1.3460137064116286e-06
422, 1006, 1.3429415143274332e-06
227, 388, 1.3249476352484546e-06
422, 570, 1.3155258827260235e-06
945, 1010, 1.2852004877726234e-06
699, 837, 1.2796655412459767e-06
615, 933, 1.2351117022253355e-06
530, 837, 1.222584950327823e-06
530, 658, 1.1473991644818349e-06
244, 449, 1.070935502908162e-06
285, 483, 1.059869767914663e-06
244, 440, 1.057351684192569e-06
753, 1010, 1.0355532767707718e-06
753, 906, 9.812851839372845e-07
885, 933, 9.699844694811756e-07
827, 906, 9.470034300743015e-07
256, -1, 8.875861531787783e-07
359, 449, 8.773945396648038e-07
588, 837, 8.749211617166195e-07
0, 1010, 8.644156227543168e-07
615, 1010, 8.360251411710331e-07
0, 231, 7.98178192091186e-07
584, 615, 7.59142442042435e-07
227, -1, 7.571057117603783e-07
392, -1, 7.549832337849524e-07
615, 906, 7.031444942561734e-07
289, 679, 6.578233844812464e-07
0, 543, 6.455267790807505e-07
359, 440, 6.338476368018798e-07
402, -1, 5.878109427526876e-07
634, 1006, 5.628731647220441e-07
671, 837, 5.550113063533321e-07
661, 679, 5.521877537366457e-07
634, 699, 5.509465825980644e-07
386, -1, 5.293051773133558e-07
386, 393, 4.5767101992066805e-07
0, 699, 4.4284149858381274e-07
523, 933, 4.367764914894574e-07
289, 312, 4.2703514001522144e-07
836, 906, 3.5877087976738786e-07
530, 640, 3.478757722074885e-07
0, 933, 3.354026662521309e-07
634, 658, 3.039961954247489e-07
523, 1010, 2.9564637007933294e-07
753, 901, 2.9121911312299066e-07
530, 699, 2.776511900845164e-07
523, 906, 2.486551042385701e-07
530, 615, 2.32159288010456e-07
827, 901, 2.3092241754280824e-07
285, 679, 2.2537892630582116e-07
661, 1006, 2.238774675146636e-07
584, 933, 2.133514543268789e-07
615, 901, 2.0787811267297108e-07
588, 658, 1.8159047200450467e-07
285, 312, 1.8036163817140826e-07
523, 570, 1.6723375958205447e-07
588, 699, 1.5250935515446662e-07
422, 933, 1.4936843324799486e-07
584, 1010, 1.4441374542863963e-07
1004, 1006, 1.3950781583462966e-07
289, 543, 1.384355326200281e-07
885, 906, 1.367738994742295e-07
172, 393, 1.2674021038315737e-07
963, 1010, 1.2255582939806506e-07
584, 906, 1.214601698331646e-07
289, 837, 1.1582421454209516e-07
989, 1006, 1.092868961055784e-07
289, 658, 1.0544811724482171e-07
422, 1010, 1.0110472040311433e-07
229, 393, 9.978435572129744e-08
449, 679, 9.788263650263154e-08
188, 449, 9.200914680876964e-08
377, 483, 9.151487005077861e-08
188, 440, 9.104007190292935e-08
523, 545, 8.748880860822879e-08
836, 901, 8.57194602891031e-08
422, 906, 8.503537690641583e-08
971, 1006, 7.649254235836465e-08
350, 483, 7.307620158717994e-08
523, 901, 7.257379976146302e-08
221, 449, 6.488409897626088e-08
221, 440, 6.420438851266423e-08
386, 388, 6.29265398763327e-08
634, 933, 6.260588267671835e-08
661, 699, 5.6689750871432704e-08
289, 615, 5.3497620639607064e-08
0, 48, 5.213683854524765e-08
206, 449, 5.033064031731328e-08
206, 440, 4.980338844200057e-08
236, 393, 4.932390365689384e-08
530, 1006, 4.844362388006516e-08
285, 543, 4.624091039669516e-08
699, 1006, 4.601844098743131e-08
634, 640, 4.522270369718766e-08
634, 1010, 4.2376479790439426e-08
289, 640, 4.077150752496739e-08
285, 837, 3.968289624470879e-08
285, 658, 3.6127909110254763e-08
584, 901, 3.577772712283002e-08
634, 906, 3.56413070017747e-08
588, 1006, 3.46660690260777e-08
885, 901, 3.144835467144958e-08
422, 901, 2.8849388128877612e-08
588, 640, 2.8527824443154237e-08
671, 679, 2.765935638898401e-08
289, 699, 2.4581969717253135e-08
377, 679, 2.4324870674073415e-08
256, 449, 2.236482096857491e-08
661, 933, 2.232614740395973e-08
256, 440, 2.219167284356161e-08
172, 388, 2.199591744683995e-08
671, 1006, 2.0197344351577604e-08
229, 388, 1.7864650752995448e-08
449, 483, 1.746224968369286e-08
449, 837, 1.7234340863213172e-08
285, 615, 1.694218196403655e-08
661, 1010, 1.6853778538224013e-08
359, 483, 1.657948552623389e-08
530, 543, 1.6378366661833373e-08
392, 449, 1.6213389007180152e-08
848, 1006, 1.4774817203723057e-08
449, 658, 1.4737719436516777e-08
386, 449, 1.3788093339176805e-08
350, 679, 1.3742960039347678e-08
244, 312, 1.3405800453873446e-08
285, 640, 1.3055805471080401e-08
1004, 1010, 1.2873509389824172e-08
661, 906, 1.2403310268715794e-08
227, 449, 1.1630696348233003e-08
227, 440, 1.1540651662960305e-08
449, 543, 1.0657927694687013e-08
392, 440, 1.0345965936371384e-08
989, 1010, 1.0135822841065448e-08
244, 483, 9.902771686831847e-09
588, 615, 9.881136727117952e-09
402, 449, 8.947179294908932e-09
386, 440, 8.933867604445642e-09
236, 388, 8.753541592350316e-09
449, 615, 8.007218075459202e-09
285, 699, 7.692786348636094e-09
289, 545, 7.615369077491649e-09
634, 901, 7.492671594964842e-09
377, 543, 5.6241789237483905e-09
402, 440, 5.6089430951418715e-09
188, 312, 5.541759833676039e-09
449, 640, 5.123210650042387e-09
971, 1010, 4.751470409677228e-09
289, 1006, 4.589338277983251e-09
0, 640, 4.297153105345576e-09
0, 615, 3.851527579386225e-09
377, 658, 3.5990113854792124e-09
377, 837, 3.2944799079745496e-09
359, 679, 3.107005283355621e-09
350, 543, 2.925643156870235e-09
449, 699, 2.872745320295322e-09
289, 570, 2.8512244835769553e-09
285, 545, 2.609125407513414e-09
671, 699, 2.459211960239947e-09
206, 312, 2.2762564524115324e-09
350, 658, 2.037348050344809e-09
221, 312, 1.9745910848953543e-09
661, 901, 1.972441383672977e-09
244, 679, 1.839161826979302e-09
377, 615, 1.7353356858156868e-09
377, 640, 1.3656504995406741e-09
530, 570, 1.0423863976669342e-09
350, 615, 9.823469289863466e-10
285, 570, 9.76866934081056e-10
350, 837, 8.764360541803386e-10
188, 483, 8.54863340688168e-10
350, 640, 7.730664247710212e-10
422, 497, 7.718572224468599e-10
377, 699, 7.65761568494057e-10
530, 545, 7.549238550223359e-10
359, 543, 7.261975133099486e-10
449, 545, 6.596835683861841e-10
392, 483, 6.10239231073146e-10
221, 483, 6.03077971223093e-10
422, 537, 5.997552098238222e-10
615, 815, 5.929899785665099e-10
0, 259, 5.396048710982597e-10
615, 821, 5.085027416448102e-10
359, 658, 4.904850657624998e-10
206, 483, 4.678079981357181e-10
386, 483, 4.672788269061574e-10
244, 543, 4.310090428125583e-10
350, 699, 4.288040364073506e-10
449, 570, 4.0720258653972427e-10
402, 483, 3.903519119603408e-10
453, 679, 3.453219830705504e-10
377, 545, 3.2577178978482537e-10
227, 312, 2.957022799888316e-10
244, 658, 2.911102345775926e-10
0, 545, 2.47426124347398e-10
359, 615, 2.3490844366276273e-10
392, 679, 2.1498102781087235e-10
172, 449, 2.1485183845058193e-10
359, 837, 2.1436841349405943e-10
172, 440, 2.143491149340253e-10
523, 815, 2.0918078000355895e-10
256, 483, 2.0442319725385414e-10
402, 679, 1.9398042161325849e-10
359, 640, 1.8665388505166426e-10
523, 821, 1.7937715061404052e-10
350, 545, 1.7097825364021909e-10
256, 312, 1.6652654756478783e-10
229, 449, 1.5654225468201497e-10
229, 440, 1.5617596750788205e-10
188, 679, 1.511459431615747e-10
244, 615, 1.3942168057440924e-10
386, 679, 1.3802393446927004e-10
753, 821, 1.3199968334616843e-10
244, 837, 1.2449293909874556e-10
0, 570, 1.1909963568710534e-10
753, 815, 1.174775478500666e-10
377, 570, 1.1306184020813194e-10
244, 640, 1.1078187707456053e-10
221, 679, 1.0662849258645401e-10
227, 483, 1.0630910648179519e-10
584, 815, 1.0235976444780856e-10
359, 699, 1.0037704131373408e-10
584, 821, 8.777585140549534e-11
206, 679, 8.271179511986448e-11
236, 449, 7.471727207721567e-11
236, 440, 7.47008389272065e-11
422, 815, 7.376869986541777e-11
350, 570, 6.400273562398978e-11
422, 821, 6.325936366503055e-11
244, 699, 5.95752886766249e-11
392, 543, 5.7222654411376174e-11
453, 483, 5.478516442171846e-11
172, 189, 5.008812868988147e-11
402, 543, 4.9374620996256366e-11
453, 658, 4.7991419605764246e-11
359, 545, 4.2965362354597594e-11
453, 543, 3.8320918002568405e-11
386, 543, 3.5332828636157306e-11
0, 497, 3.487876381533141e-11
188, 543, 3.4549414677996764e-11
392, 658, 3.03895850179001e-11
256, 679, 3.017485153360413e-11
634, 815, 3.004434077289964e-11
188, 241, 2.8432426208527913e-11
397, 449, 2.8429630478346424e-11
402, 658, 2.742094898732399e-11
634, 821, 2.5763716759673747e-11
244, 545, 2.549693329818317e-11
453, 615, 2.3457773680897743e-11
221, 543, 2.264778837443676e-11
188, 658, 2.1365841867762885e-11
386, 658, 1.951097634066337e-11
397, 440, 1.8192176865425356e-11
453, 640, 1.7654798554968574e-11
523, 537, 1.758695544833654e-11
206, 543, 1.756790505904148e-11
359, 570, 1.6058646484743178e-11
227, 679, 1.5692264880714438e-11
172, 312, 1.524683727833205e-11
0, 303, 1.3711291947690712e-11
392, 615, 1.3623472326038163e-11
661, 815, 1.3455134201873963e-11
221, 658, 1.3301507390453699e-11
402, 615, 1.2292651511473062e-11
0, 537, 1.2203796300997683e-11
422, 559, 1.1969099446100091e-11
661, 821, 1.1397005613739332e-11
206, 658, 1.0317988441715481e-11
392, 640, 9.737205792209286e-12
244, 570, 9.531047269920395e-12
289, 497, 9.36875542464657e-12
402, 640, 8.786018323347102e-12
188, 615, 8.041146408865688e-12
256, 543, 7.958891660943143e-12
188, 217, 7.829052489892232e-12
386, 615, 7.343058964939794e-12
206, 241, 6.2493723940889615e-12
221, 615, 5.672764325889501e-12
453, 699, 5.49113905372103e-12
0, 56, 5.115993193159394e-12
188, 640, 4.580318460237447e-12
386, 640, 4.182680766009365e-12
229, 312, 3.833075696487921e-12
227, 543, 3.75714894187072e-12
392, 699, 3.705282912263922e-12
221, 241, 3.6810713552633585e-12
392, 545, 3.559064366879912e-12
172, 182, 3.444151890205292e-12
256, 658, 3.3389411033421463e-12
221, 640, 3.2312640275951192e-12
285, 497, 3.2098585855113857e-12
402, 545, 3.188452728498779e-12
206, 615, 2.599151179911738e-12
530, 815, 2.5816048039152003e-12
206, 640, 2.5064937311379607e-12
453, 545, 2.421492308740726e-12
289, 537, 2.3237897678918355e-12
386, 545, 2.258901028720749e-12
188, 545, 2.21910687210198e-12
530, 821, 2.2137837521904547e-12
188, 215, 2.2099501777706277e-12
699, 815, 2.111967767804288e-12
699, 821, 2.0505651129470376e-12
172, 483, 1.770633285622839e-12
588, 815, 1.7669066152214386e-12
227, 658, 1.736397090510271e-12
206, 217, 1.6759566280816746e-12
221, 545, 1.5655069139789746e-12
588, 821, 1.4758598714169424e-12
236, 312, 1.4212163678585404e-12
229, 483, 1.290088336814025e-12
206, 545, 1.2143647926831893e-12
256, 615, 1.1775087912227708e-12
256, 640, 1.1355316434309577e-12
397, 483, 1.0543852063634754e-12
671, 815, 1.0436051192572782e-12
671, 821, 9.739998700368507e-13
188, 229, 9.281895570779057e-13
523, 559, 8.895380786330097e-13
453, 570, 8.533963024050671e-13
285, 537, 7.955377832459721e-13
392, 570, 6.459608928801913e-13
236, 483, 6.249259831823143e-13
402, 570, 6.1631670984038e-13
227, 615, 6.123566657633373e-13
188, 247, 5.935844328855773e-13
256, 545, 5.501466438208538e-13
227, 241, 4.92153049201469e-13
206, 215, 4.737467189820852e-13
0, 815, 4.720426805124535e-13
0, 821, 3.98069213775193e-13
244, 247, 3.893776091827947e-13
377, 497, 3.519873609999767e-13
227, 545, 2.8610059388673774e-13
350, 497, 2.3664130318222e-13
289, 815, 2.1720648300389548e-13
206, 229, 1.9918826368343362e-13
289, 821, 1.6980809521098915e-13
449, 537, 1.5717132272974304e-13
530, 537, 1.5200396564930308e-13
172, 241, 1.47162369592018e-13
206, 247, 1.332538973993373e-13
221, 229, 1.1778887305158662e-13
397, 543, 1.130009104623384e-13
449, 497, 1.1205273569416831e-13
377, 537, 1.008925116271791e-13
188, 231, 8.152960855842199e-14
221, 247, 7.881372823908833e-14
172, 543, 7.17808416019553e-14
359, 497, 5.75983507629168e-14
229, 543, 5.229992383764119e-14
350, 537, 5.137583748457797e-14
172, 217, 4.4056812761255535e-14
699, 906, 4.256736342588626e-14
530, 906, 4.2224668377946725e-14
289, 559, 3.730232248155382e-14
289, 303, 3.1579199429487345e-14
588, 906, 3.105167191388983e-14
244, 497, 3.103798256164962e-14
236, 543, 2.5334374702830448e-14
671, 906, 1.8402194764737064e-14
0, 559, 1.7776789752578783e-14
206, 231, 1.753817786806918e-14
699, 933, 1.6321890432469708e-14
530, 933, 1.6190488565545003e-14
227, 229, 1.584902703671179e-14
285, 303, 1.3323228020283018e-14
172, 215, 1.2472866264408123e-14
588, 933, 1.190628422242716e-14
285, 559, 1.1904326589121669e-14
359, 537, 1.1640540525080815e-14
227, 247, 1.052446736325716e-14
221, 231, 1.0353766454012421e-14
397, 545, 8.620493747677814e-15
188, 259, 8.215772531782017e-15
530, 559, 7.1546192897972e-15
671, 933, 7.055614012572124e-15
244, 537, 6.77313464615634e-15
244, 259, 5.823462214208202e-15
229, 241, 5.768311358729657e-15
172, 545, 5.465957033181024e-15
172, 229, 5.0683430540323415e-15
449, 559, 4.1806275433892296e-15
229, 545, 3.982526955039236e-15
172, 247, 2.962642461373614e-15
392, 497, 2.562195744140985e-15
188, 497, 2.4684994312223328e-15
206, 259, 1.9635261223882674e-15
236, 241, 1.9496065299312665e-15
236, 545, 1.929158261421226e-15
386, 497, 1.857033750825208e-15
402, 497, 1.792838627567486e-15
221, 497, 1.74144516215716e-15
227, 231, 1.3912166920726296e-15
206, 497, 1.3508402131148554e-15
422, 457, 1.2730915790351386e-15
221, 259, 1.1875418292613016e-15
244, 303, 1.0516521304615744e-15
392, 537, 9.434397668533266e-16
402, 537, 8.221334030687779e-16
256, 497, 6.119665645802695e-16
386, 537, 6.079586366673118e-16
188, 570, 5.943288795140956e-16
188, 537, 5.901481907757831e-16
188, 303, 5.816469425654415e-16
386, 570, 5.427325638788452e-16
453, 537, 4.938248738947488e-16
172, 231, 4.4198782203948396e-16
221, 570, 4.1927947759243184e-16
221, 537, 4.163301391863778e-16
453, 497, 3.4416615141250844e-16
206, 570, 3.2523537988646914e-16
206, 537, 3.200806352691077e-16
227, 497, 3.16861490294599e-16
0, 457, 2.4434338100339175e-16
377, 559, 2.428841351584578e-16
206, 303, 2.160133089686886e-16
221, 303, 1.7177879598064854e-16
227, 259, 1.5895888166091158e-16
256, 537, 1.4500801833293143e-16
256, 570, 1.3900146299582595e-16
350, 559, 1.374933316244581e-16
229, 247, 1.3198692813209537e-16
289, 457, 1.1220073585633641e-16
227, 537, 7.541058484926458e-17
227, 570, 7.228691033727621e-17
256, 259, 6.785079936768775e-17
236, 247, 4.444807338051623e-17
285, 457, 3.767253800610328e-17
172, 259, 3.739723318581481e-17
359, 559, 3.456817280525385e-17
227, 303, 2.4922813238707966e-17
244, 559, 2.0479233297741906e-17
229, 231, 1.7496506910998384e-17
256, 303, 1.2639811083767499e-17
172, 497, 5.95207080041184e-18
397, 497, 5.393659928212335e-18
229, 497, 4.336712172643368e-18
453, 559, 2.687013414950047e-18
392, 559, 2.6339702743400493e-18
402, 559, 2.456482431135115e-18
397, 537, 2.139188761183098e-18
236, 497, 2.1007275555724597e-18
229, 259, 1.993551875552522e-18
350, 457, 1.779338333991547e-18
172, 303, 1.7186639975899914e-18
188, 559, 1.7091214470297137e-18
386, 559, 1.6406492846481505e-18
377, 457, 1.41377456053506e-18
172, 537, 1.3781165090549627e-18
221, 559, 1.205728969520215e-18
229, 537, 1.0041034188850561e-18
397, 570, 9.67816158601141e-19
206, 559, 9.352847930783436e-19
236, 259, 6.69679937030327e-19
172, 570, 6.583110185983288e-19
236, 537, 4.863932944414586e-19
229, 570, 4.79649100871436e-19
256, 559, 4.2371758699863475e-19
359, 457, 3.6104064073099314e-19
244, 457, 3.484243747692906e-19
229, 303, 3.1985107902180534e-19
236, 570, 2.32344698724149e-19
449, 457, 1.586678292063415e-19
236, 303, 1.0010808120442744e-19
188, 457, 3.035959315017056e-20
221, 457, 2.1417694469649776e-20
206, 457, 1.427118284482352e-20
392, 457, 6.799046123984236e-21
256, 457, 6.4653581490641504e-21
386, 457, 5.6779463902722894e-21
402, 457, 3.841281643716516e-21
227, 457, 3.3622722721545213e-21
453, 457, 4.59329090547483e-22
172, 457, 6.423394641454553e-23
229, 457, 4.680121367064565e-23
236, 457, 1.882728446178884e-23
397, 457, 1.0865734205780585e-23
