Gene = ADGRD2
index = 30
Annotated 5SS: [   68   632  1586  2007  2479  3037  4643  5516  6146  6631 14323 15734
 16100 16582 17265 17457 18524 23397 23525 24325 24619]
Annotated 3SS: [  418   943  1907  2392  2751  4530  5380  6021  6524 14166 15629 15996
 16427 17130 17340 18402 23354 23479 24265 24587 26189]
SMsplice 5SS: [   64  1177  2007  2479  5516  6631 11874 14323 15734 16100 17265 17457
 18524]
SMsplice 3SS: [  943  1907  2392  5380  6524 11791 14195 15629 15996 17130 17332 18402
 22662]
length: 26499
length: 26499
Partition function (logZ) = 13.232953134927774
#Exons = 1655
3SS, 5SS, prob
6524, 6631, 0.9771511204431825
17130, 17265, 0.9266530071416277
15629, 15734, 0.9003482725866758
15996, 16100, 0.8894613008866711
2392, 2479, 0.8852164483217616
17332, 17457, 0.8133007255481095
18402, 18524, 0.7217940967755432
11791, 11874, 0.7021663246936921
1907, 2007, 0.6418765783580435
14195, 14323, 0.5254885145350213
0, 64, 0.4460087255978084
5380, 5516, 0.44161080624593974
943, 1177, 0.4000823977870015
23354, 23397, 0.3833638359396525
24265, 24325, 0.3695563259831909
6017, 6146, 0.34392441473863444
14206, 14323, 0.3166511550794644
24759, -1, 0.3106618371651633
0, 37, 0.2971986365695736
16427, 16582, 0.28607105700520824
24587, 24619, 0.2807187223833205
18443, 18524, 0.21098646416123654
13655, 13908, 0.2076448476876642
418, 632, 0.20069526594721454
1498, 1586, 0.1554553686830763
943, 1396, 0.12004980439929458
22895, 23048, 0.11424099924135046
0, 68, 0.1137031478233185
11771, 11874, 0.11235591859532627
5380, 5520, 0.11024329287808354
24907, -1, 0.10993607563157001
24587, -1, 0.10979130008288432
22662, 22766, 0.10821088206148943
22662, 22732, 0.10746924219671579
2797, 3007, 0.09879102922053619
2797, 3037, 0.0930997739926329
16427, 16530, 0.09278466369758352
16427, 16521, 0.08951104159469754
14227, 14323, 0.08853106424647256
6776, 6909, 0.08293330663401205
2412, 2479, 0.07812321973274318
1084, 1177, 0.07759913648373849
2751, 3007, 0.07757523540560966
24466, 24619, 0.07624299131725434
16847, 17037, 0.07602052441629012
1818, 2007, 0.07495834670747963
0, 632, 0.07331836986905296
2751, 3037, 0.07309754084353667
24265, -1, 0.06634801747871405
6701, 6909, 0.055032547884428774
24970, -1, 0.05300637104234205
26189, -1, 0.05204420013965189
23192, 23397, 0.050110372385385696
22895, 23105, 0.04863078276908871
24265, 24412, 0.044271484051871354
1412, 1586, 0.04391338406565545
1084, 1396, 0.043598546583202544
15492, 15562, 0.04271143733429435
23898, 23998, 0.0416012238853367
5263, 5516, 0.04158344212504168
15996, 16115, 0.04057718177523516
25913, -1, 0.039171155615492836
1866, 2007, 0.03896329861821903
9174, 9376, 0.03874249667144795
194, 455, 0.038572439744324546
418, 455, 0.037307599422387705
25941, -1, 0.03683554079867717
6021, 6146, 0.03627460386509681
15996, 16111, 0.035782412047004594
1907, 2078, 0.03571145650967872
24265, 24619, 0.03437734459884612
22662, -1, 0.033195513614934155
22862, 23048, 0.03186502704003136
2231, 2311, 0.031649293296183066
0, 455, 0.03131227897777515
1207, 1396, 0.029922222528716395
418, 589, 0.02847239479490368
943, 1239, 0.026978145131548063
5194, 5516, 0.02549922427798082
25017, -1, 0.02547826381896676
5607, 5739, 0.025121187426919597
25648, -1, 0.024917400720988043
16827, 17037, 0.024765343176623173
7118, 7188, 0.02449312571480239
4530, 4643, 0.02446109712040839
9238, 9376, 0.024042742576306838
18226, 18326, 0.02375420192996855
23354, 23480, 0.023561589101146946
24201, 24325, 0.022959647532045862
23354, 23525, 0.021854224888888468
9174, 9331, 0.020863027379401444
194, 303, 0.020740249674807868
5263, 5389, 0.020266259361641125
4919, 5104, 0.019956270883902946
22895, 23008, 0.019807190748942327
7118, 7220, 0.019596876609421818
25648, 25812, 0.019192677939652337
5935, 6146, 0.019058138705343345
20192, 20337, 0.01893442085763178
23604, 23737, 0.018906726953842025
2944, 3037, 0.01860326200296193
943, 1237, 0.017258387826134623
2584, 2729, 0.016673487617186237
17332, 17597, 0.016242384868470926
5607, 5783, 0.0159409480572225
6701, 6746, 0.015737314510436896
9677, 9934, 0.01552505583112486
22862, 23105, 0.015332480192114294
26370, -1, 0.014919074592719093
18152, 18326, 0.014201884912685897
4919, 4999, 0.014190065302278534
16427, 16524, 0.01375413682286511
23354, -1, 0.013701743726302978
24997, -1, 0.01341950247480599
1498, 1567, 0.01315658382250101
25750, -1, 0.012688249737727019
1876, 2007, 0.012674945333759437
1128, 1396, 0.012424622927330086
5194, 5389, 0.01224736163195409
22895, -1, 0.011827028910902026
2231, 2283, 0.01170522536465112
4606, 4643, 0.011292714033998143
1084, 1239, 0.011010086809618657
14480, 14578, 0.010985242171262621
6821, 6909, 0.010964073466489506
5380, 5494, 0.010948000655631061
4804, 4999, 0.010884046626062708
5607, 5896, 0.010883491622113764
19975, -1, 0.010561475296673613
6830, 6909, 0.010488257796200745
23604, 23720, 0.01030366875158437
23604, -1, 0.010290844641731937
5263, 5520, 0.010137094673374878
24759, 24827, 0.009978792401384256
18315, 18524, 0.00990615809481854
6524, 6746, 0.009698759414187536
194, 632, 0.009614222066416423
4569, 4643, 0.008973897469541199
17760, 17855, 0.00895629393703137
17130, 17457, 0.008603356797227298
1412, 1567, 0.008333456190858173
22862, 23008, 0.008299221387189549
1704, 2007, 0.008065996674494447
1365, 1586, 0.00791288507347749
16449, 16582, 0.007654784021455008
11767, 11874, 0.007572231995193969
754, 906, 0.007307144000720062
22662, 23048, 0.007238704095286247
23994, 24148, 0.007236658655634549
5607, 6146, 0.007176790523548434
25750, 25812, 0.007170809298207652
1084, 1237, 0.007057047059590977
24737, -1, 0.0068100092016455255
943, 1586, 0.006801557067263637
0, 732, 0.006560719917630441
5069, 5104, 0.006531467686778777
2776, 3007, 0.006488461432181291
2231, 2479, 0.006330823189979271
22862, -1, 0.006313976056269053
5194, 5520, 0.006245740749073354
16847, 17094, 0.006244678226490382
4394, 4643, 0.006213740813541938
23479, -1, 0.006209626734882184
2944, 3007, 0.006175742124053451
2776, 3037, 0.0061112849319883405
15909, 16100, 0.006010774461459086
246, 455, 0.0058392640595549385
0, 1396, 0.005692513369811648
0, 589, 0.005657424886384639
4854, 4999, 0.005619673515604166
9238, 9331, 0.005578679959514578
418, 583, 0.005547386408663803
1950, 2007, 0.005520029874222997
18298, 18524, 0.005429278183487474
20192, -1, 0.005424670608270781
17387, 17457, 0.005417793173670235
0, 303, 0.005405300430457124
2584, 2686, 0.005330186641970912
2304, 2479, 0.005299175330488905
11383, 11481, 0.005295473411216405
1921, 2007, 0.0052026284363592265
6724, 6909, 0.005173933756733473
4804, 5104, 0.005143868765537714
7791, 7849, 0.005143067903951739
18108, 18326, 0.005078128234917553
418, 732, 0.00497101719234157
4444, 4643, 0.004941399939173052
4872, 4999, 0.004935663055586261
358, 455, 0.004825894266449764
17332, 17761, 0.004621396704447077
9174, 9285, 0.004586822116895248
754, 833, 0.004575888515550215
5607, 5667, 0.004483391655444579
5877, 6146, 0.004479761452795497
1704, 1819, 0.004447315781557003
1365, 1396, 0.0044377707976073835
7118, 7253, 0.004416257811021913
943, 1248, 0.004408420759947528
18156, 18326, 0.004360110625279299
9677, 9892, 0.004232916015358466
24466, -1, 0.004212937471251646
2898, 3037, 0.004201119729990963
11791, 11881, 0.0041847030029365006
9538, 9615, 0.00414657009072664
1907, 2051, 0.004142003434125075
23479, 23525, 0.004136322353183383
11791, 12012, 0.004083433984490738
6701, 6822, 0.004033487494253358
17340, 17457, 0.003991353181161551
943, 1043, 0.003972525335467525
943, 1051, 0.003951636134747305
8445, 8577, 0.0039069019799898895
14195, 14334, 0.0038979118958870017
16869, 17037, 0.003719863617034229
6049, 6146, 0.0036547493774844687
22895, 23397, 0.003637028935166552
1128, 1177, 0.003548701071526139
23898, 24148, 0.0034863342986619942
2006, 2078, 0.0033596263347435975
5280, 5516, 0.0033434405454279936
2958, 3037, 0.0033249490307271728
6805, 6909, 0.003314012028950513
2244, 2311, 0.003245407409633115
2898, 3007, 0.003201519828369127
14480, 14846, 0.0030490898742509117
15996, 16081, 0.002961563816501387
18382, 18524, 0.0029584802517286252
22662, 23105, 0.0029505247949773317
0, 1586, 0.0029398362748511314
6876, 6909, 0.00291854396181493
4381, 4643, 0.0029175670375130172
5982, 6146, 0.0028907226577018982
2584, 3007, 0.002830463607289918
23035, 23105, 0.00274276743559174
9144, 9376, 0.0027361981050500373
543, 632, 0.00267134888148977
17332, 17519, 0.00267099263919058
19183, 19254, 0.0026678005670806083
18298, 18326, 0.002666069195637718
2584, 3037, 0.0026638487122056073
11383, 11510, 0.002657926343168017
21181, -1, 0.0026505800688044912
1918, 2007, 0.0026490959362082374
11383, 11538, 0.0025469474373832728
6493, 6631, 0.0025419615885811826
1818, 2078, 0.0025269013393848386
14206, 14334, 0.0025046358632362198
1084, 1586, 0.002473339109234886
22662, 22826, 0.0024057263626807626
23604, 23998, 0.002375687971589193
26256, -1, 0.0023428152932729734
14018, 14323, 0.0023073153770536356
4854, 5104, 0.0023016149662148464
1128, 1239, 0.0023001833830746466
6524, 6909, 0.002258951622447365
9334, 9376, 0.0022448952509724787
17740, 17855, 0.0022413850913940623
2370, 2479, 0.0022052059956690693
1464, 1586, 0.0021928626553691477
22662, 22788, 0.0021864908342570776
17560, 17761, 0.002180424553329188
18108, 18157, 0.0021495531498713916
17130, 17211, 0.0021126555277216578
754, 944, 0.0021097775085852154
16847, 17265, 0.002101807044162189
18226, 18524, 0.0020944081285872614
20028, -1, 0.002094056228637098
2929, 3037, 0.0020711462520153186
0, 906, 0.0020305364734129095
2231, 2321, 0.0020304972147620936
16827, 17094, 0.0020296388885531935
5380, 5389, 0.0020251965808651554
23898, -1, 0.0020245536455618675
358, 632, 0.002009329553275045
24970, 25125, 0.002007499611570412
1500, 1586, 0.0020066604389889623
19838, 19955, 0.001997202025523383
0, 833, 0.0019796564950227274
4872, 5104, 0.00197803678740703
20436, -1, 0.0019700465977127864
24265, 24341, 0.0019636914626925176
18315, 18326, 0.001954486440226721
5607, 5826, 0.0019534347186501884
2394, 2479, 0.0019279899457988437
18402, 18610, 0.0018797407533310227
17332, 17605, 0.0018391009040422952
4777, 4999, 0.0018262673005725951
0, 755, 0.0017543361568870175
15629, 15753, 0.001746952499961285
1084, 1248, 0.0017380958826190371
4223, 4643, 0.001734592459260813
18461, 18524, 0.0017053022640976688
1207, 1586, 0.001684919897000085
5291, 5516, 0.0016815760252175589
18443, 18610, 0.0016214177631159662
18152, 18252, 0.0015758890871820752
6017, 6171, 0.00157402167883208
15317, 15562, 0.0015571119266361043
1673, 2007, 0.0015251559822472515
1950, 2078, 0.001523419954862003
17332, 17601, 0.0015066975800384077
1292, 1396, 0.0014937579403656001
11537, 11874, 0.0014836145032453263
18402, -1, 0.001480944923080567
246, 632, 0.0014552929422675923
5069, 5161, 0.0014533773856826681
15859, 16100, 0.0014368117643275217
1128, 1237, 0.0014146334940758377
6568, 6631, 0.0014090194223190676
25017, 25125, 0.001405231682260582
832, 944, 0.0014000901592002598
1365, 1567, 0.0013955321448490504
832, 906, 0.0013826442497705815
18749, -1, 0.0013683022192803923
1257, 1396, 0.0013629358250771871
24907, 25125, 0.0013585930543796045
19183, -1, 0.0013272993677223824
15376, 15562, 0.0013192660932104519
16449, 16530, 0.0013139026673756908
16898, 17037, 0.0012968107607200785
194, 589, 0.0012866272915126086
17332, 17586, 0.001274963053769311
943, 1174, 0.0012421328789244586
5263, 5494, 0.0012140328785987134
5280, 5389, 0.0012104695323088828
5003, 5104, 0.001205701773355193
6618, 6631, 0.0012000616984983604
943, 1567, 0.0011847247384083068
20788, -1, 0.0011824415484450281
1866, 2078, 0.0011817816421210567
16449, 16521, 0.0011243268616175112
194, 439, 0.0010951889543884105
943, 1181, 0.001084284695763805
19975, 20337, 0.0010732702818478314
24587, 24827, 0.0010706944651171096
2244, 2479, 0.0010684190342476372
2244, 2283, 0.0010661063308604784
0, 944, 0.00106512201847686
5160, 5516, 0.0010606625007857195
0, 1177, 0.0010566113991449353
1673, 1819, 0.0010471786577064342
18363, 18524, 0.0010389710629344652
1498, 1563, 0.0010379381952688093
18108, 18252, 0.0010311938611564841
22662, 23008, 0.001028572277644434
5135, 5516, 0.0010240049720168438
16847, 17025, 0.0009780501233888695
2392, 2573, 0.0009698608453479004
15996, 16167, 0.0009416269144249525
15492, 15734, 0.0009263928339840956
9144, 9331, 0.0009012959955502023
17016, 17265, 0.0008996075467167281
6017, 6150, 0.0008886503952177456
4629, 4643, 0.0008876458063698183
17016, 17094, 0.0008872380660801405
9409, 9615, 0.0008838496378848641
23479, 23737, 0.0008832453141469055
2797, 2974, 0.0008764090065897023
0, 583, 0.000872705963418727
418, 755, 0.000871759386982634
2929, 3007, 0.0008556979375051515
24997, 25125, 0.0008453962072607793
2958, 3007, 0.0008451190982830964
17421, 17457, 0.0008405798825209846
15834, 16100, 0.0008106201662693054
14227, 14334, 0.0008066715908526463
16619, 17037, 0.0007962019362884475
1889, 2007, 0.0007941658497804203
1412, 1563, 0.0007869719161504454
0, 115, 0.000783268646309506
2231, 2308, 0.0007821082734727067
1907, 2128, 0.0007790231752199437
6618, 6746, 0.0007700692583056723
6745, 6909, 0.0007541757006189473
19183, 19303, 0.0007539300217148402
5194, 5494, 0.0007363607746280702
16165, 16337, 0.0007274369007308859
1056, 1177, 0.0007272683781226585
4204, 4643, 0.0007223421820099549
2304, 2311, 0.0007177073081150714
4804, 4951, 0.0007144315087495032
1981, 2007, 0.0007029383361672033
6064, 6146, 0.0007013478958925446
1128, 1586, 0.0007007012008399794
4728, 4999, 0.0006921077942412838
2617, 2729, 0.000681819468332765
2751, 2902, 0.0006702070019132065
2751, 2974, 0.0006646174215493895
1818, 1950, 0.0006639192979270867
418, 460, 0.0006585211482635985
0, 439, 0.0006364337491297341
5280, 5520, 0.0006341901605312671
16827, 17265, 0.0006052979538120235
13655, 13742, 0.0005993262651451461
18152, 18524, 0.0005961184656764523
2350, 2479, 0.0005890162293758634
6017, 6219, 0.0005710405100818122
1907, 2178, 0.0005687451727501856
17332, 17543, 0.0005675499671549303
22840, 23048, 0.000566636855746716
11771, 11881, 0.0005622737261884873
4777, 5104, 0.0005597602653593468
18152, 18157, 0.0005562006720323801
2797, 2902, 0.0005506965594918449
18443, -1, 0.0005471965416961255
14480, 14661, 0.0005453437052889918
1907, 2020, 0.000542218400820527
1981, 2078, 0.0005381939462965322
6540, 6631, 0.0005379933293081344
17740, 17761, 0.0005319692456463536
194, 460, 0.0005313836571715119
19067, 19254, 0.0005278634845179928
17332, -1, 0.0005236355093010839
1907, 1950, 0.0005196770686117325
17332, 17368, 0.0005160144984677504
18184, 18326, 0.0005152654122892717
18807, -1, 0.0005069875865290072
688, 833, 0.0005054938156777596
1704, 1848, 0.0005036193996938326
23354, 23516, 0.0005016419639285258
719, 833, 0.0005001523531481122
246, 303, 0.0004995194471918228
9837, 9934, 0.0004980936437506641
11959, 12012, 0.00048276602334282803
18641, 18715, 0.0004815835978293523
1907, 2283, 0.0004774925129803969
418, 556, 0.00046934284746382636
17433, 17457, 0.0004607276178266939
17387, 17597, 0.000458144562840177
1921, 2078, 0.000457471486526473
418, 439, 0.0004543979775459087
17433, 17597, 0.00044410388361163915
19511, -1, 0.00043762602648917363
19838, -1, 0.00043660164618759665
6426, 6631, 0.00043385466371820644
2231, 2255, 0.00043003469884277345
418, 833, 0.0004286561105729903
418, 678, 0.000427685390293233
2751, 2884, 0.00042642543460536263
1084, 1567, 0.0004218527285797251
1128, 1248, 0.00042149849354548613
17332, 17855, 0.0004172955829985298
0, 460, 0.0004168953451637054
194, 442, 0.00041140324046820515
22557, 22732, 0.0004096769768763933
480, 632, 0.00040176264386680477
19366, 19461, 0.00040073167716478354
19562, -1, 0.0004006895967096724
14953, 15029, 0.00039785658250559674
19183, 19383, 0.00039736986327570457
24759, 25125, 0.0003945363466178094
627, 732, 0.00039233804635941283
17421, 17597, 0.0003906605027392969
1876, 2078, 0.0003889528963174598
21181, 21450, 0.00038631325650821
17016, 17037, 0.00038114216638605153
0, 1567, 0.00037947764372814444
20510, -1, 0.00037885807068108597
6524, 6541, 0.00037054171638744747
1794, 2007, 0.00036790895446682314
17436, 17597, 0.0003634883249151191
18156, 18252, 0.0003621075929576697
1747, 2007, 0.0003559993566047024
19067, -1, 0.00034566674085920564
5160, 5389, 0.00034551326080139923
1188, 1396, 0.0003446898097421381
5135, 5389, 0.00033643943060060233
20436, 20628, 0.0003355190145076989
1907, 2311, 0.00033477036354387043
20028, 20337, 0.00033382680966518745
17560, 17597, 0.00033273609417470225
17947, 18157, 0.00033251692173472087
5024, 5104, 0.00032811811218190403
688, 732, 0.000327741837626705
16006, 16100, 0.00032404283263665475
13655, 13774, 0.00032301258476639033
17436, 17457, 0.00032092140715589895
8362, 8577, 0.00031508956468687365
17130, 17238, 0.0003125567985199696
5291, 5389, 0.00030989743241282094
17711, 17855, 0.00030900108755614554
0, 442, 0.0003072341435685848
2006, 2128, 0.00030326405693685104
21106, -1, 0.00029653642142648856
0, 678, 0.00029321685814172424
1711, 2007, 0.0002916901408407466
17711, 17761, 0.0002890168103891535
11791, 11890, 0.0002862871433495852
1207, 1567, 0.00028613341678474907
1464, 1567, 0.00027855773756191754
18641, -1, 0.0002784187127163231
1818, 2051, 0.00027571011779425864
18226, 18320, 0.0002752521686680475
719, 906, 0.00027510465485207933
15629, 15761, 0.0002709182951599671
11771, 12012, 0.0002704861709989224
1704, 2078, 0.00026882976338584233
358, 589, 0.00026834513491899955
15633, 15734, 0.0002633461555653371
21009, -1, 0.00026167734151003887
2900, 3037, 0.0002616314937329472
19366, -1, 0.00026086891066579357
16869, 17094, 0.0002575817088016321
18402, 18715, 0.0002491841296472169
2144, 2283, 0.0002467645932976713
19954, -1, 0.0002455400339731025
21343, 21450, 0.00024373686443227718
194, 583, 0.00023960095379406784
15629, 15726, 0.00023914199969831112
20460, -1, 0.000235893061929866
194, 732, 0.00023524172654101758
1207, 1239, 0.00023427904352443002
20510, 20628, 0.000233671567772759
1084, 1181, 0.0002332742512040115
418, 522, 0.00023254807990016955
2797, 3056, 0.00023226872287165977
6776, 6822, 0.00022764669484533244
2006, 2178, 0.00022604381586073617
2751, 2905, 0.00022552338642535402
14446, 14578, 0.00022543744666115686
2797, 2884, 0.00022320855787346348
16222, 16337, 0.00022280268524586623
4895, 4999, 0.00022226230939118236
1084, 1174, 0.00021709562464206888
23479, 23720, 0.00021365409278664973
799, 906, 0.00021265829812134923
1056, 1396, 0.00021034319966657528
23192, -1, 0.00020908751944794028
2412, 2573, 0.00020802023025033776
17130, 17247, 0.00020683311032107144
18343, 18524, 0.00020644864913551265
15629, 16100, 0.00020561662183693133
2802, 3007, 0.00020445115065382272
688, 906, 0.0002022759801540404
418, 442, 0.0002006969384907647
5891, 6146, 0.0002006923782708827
16847, 16911, 0.00020041143205247266
18325, 18524, 0.00019965993723431775
2797, 2905, 0.00019878458076998668
18443, 18715, 0.00019813730765747494
15831, 16100, 0.00019747986057919352
15996, 16152, 0.00019117410571048145
2802, 3037, 0.00019096110458625932
246, 589, 0.00018969537549134213
4919, 5161, 0.00018832076679301752
418, 906, 0.00018737271131816916
19183, 19461, 0.00018650128642072158
627, 632, 0.00018535351390411224
16978, 17094, 0.0001830695186987416
2144, 2311, 0.00018288315097459616
16575, 16582, 0.0001826737358630208
2751, 3056, 0.00018210491039916135
418, 638, 0.0001818636327271149
688, 755, 0.00018092111908113497
6447, 6631, 0.00017847182951432765
2900, 3007, 0.0001743942044009336
8719, 8878, 0.00017318374638482652
2244, 2321, 0.00017061098009465753
16345, 16582, 0.00017027330368637574
2584, 2654, 0.00016855260321892656
19338, 19461, 0.0001678946967528497
20322, -1, 0.000167479302129259
19754, 19955, 0.00016649552316344587
17130, 17256, 0.00016472466319189654
1918, 2078, 0.0001635641163382226
246, 439, 0.0001612921841194763
2006, 2283, 0.0001601547549641371
1498, 2007, 0.0001582726316313669
17995, 18157, 0.00015072821848166512
5607, 5743, 0.0001479374170233535
22557, -1, 0.000147578739138844
17025, 17265, 0.00014644921250774452
438, 632, 0.00014400968326231468
905, 1177, 0.000143725349775764
754, 1177, 0.00014337134246082594
1500, 1567, 0.00014247248920377467
15909, 16115, 0.0001406342379681951
454, 632, 0.00013188492665610545
17560, 17855, 0.00013174677659322185
543, 732, 0.00013119666798590103
17130, 17368, 0.00012787979022072692
1818, 1848, 0.00012380354832893634
1207, 1237, 0.00012021547303049543
4919, 5125, 0.00012017179919825396
0, 2007, 0.00011927440863526703
1711, 1819, 0.00011899244054089213
5069, 5125, 0.00011814687159031494
1704, 1755, 0.00011783084909745377
0, 92, 0.00011780749029170186
5291, 5520, 0.00011761572839233056
17130, 17597, 0.00011530109657642135
832, 1177, 0.00011166475103484184
16165, 16582, 0.00011140319608951106
15996, 16337, 0.00011097444672319915
1365, 1563, 0.00011032501646860259
21575, 21817, 0.00010931826066470938
1371, 1586, 0.00010839687976522462
18000, 18157, 0.0001081357391544483
15909, 16111, 0.00010807502501711968
5069, 5516, 0.00010792192793584543
1866, 2051, 0.00010764005013926708
447, 632, 0.00010664942894251455
16449, 16524, 0.00010650529913360521
6724, 6746, 0.00010551288031364785
1128, 1567, 0.0001025334419423533
16060, 16100, 0.00010237519294024372
1907, 2156, 0.00010063958764402624
799, 944, 0.0001001116739535638
627, 755, 9.892038088643481e-05
905, 944, 9.862991105960193e-05
1866, 1950, 9.762950710276542e-05
1292, 1586, 9.755776685106831e-05
17025, 17094, 9.592166514883241e-05
2584, 2688, 9.524698922200234e-05
20460, 20628, 9.522459234495345e-05
16010, 16100, 9.422730825855305e-05
19369, 19461, 9.254768984173927e-05
15956, 16100, 9.223766205332815e-05
1950, 2051, 9.146230871999819e-05
943, 1563, 9.064231361862664e-05
16165, 16428, 8.965703089495914e-05
16898, 17094, 8.792092856609825e-05
1673, 1755, 8.735275274930485e-05
16345, 16521, 8.64729688952397e-05
2006, 2051, 8.574404859405276e-05
19690, -1, 8.498859267847935e-05
719, 944, 8.431796677810766e-05
418, 492, 8.386053368255447e-05
2041, 2078, 8.22632688462641e-05
943, 969, 8.221530860388448e-05
21660, 21817, 8.145102099468409e-05
2617, 2686, 8.10875330215935e-05
16869, 17265, 7.99307871602555e-05
358, 439, 7.923366454766269e-05
246, 460, 7.81723845733155e-05
16619, 17094, 7.790142941424243e-05
0, 638, 7.635797372579345e-05
719, 732, 7.552616771729283e-05
19244, 19383, 7.539673643386506e-05
1673, 1848, 7.351947891283848e-05
358, 460, 7.348555083208787e-05
19228, 19383, 7.30366072954865e-05
9701, 9934, 7.260605695107259e-05
19908, 19955, 7.133701912517376e-05
2107, 2283, 6.980149128559377e-05
1498, 1819, 6.93604679545895e-05
2006, 2311, 6.684290107162909e-05
246, 442, 6.228001578147122e-05
21614, 21817, 6.215279335580412e-05
0, 556, 6.0932753368717025e-05
418, 944, 5.963848941265723e-05
688, 944, 5.9340225405552836e-05
16978, 17265, 5.8968498643398364e-05
16239, 16337, 5.803520697435717e-05
16827, 16911, 5.7829738144324335e-05
1371, 1396, 5.737131117771525e-05
1257, 1586, 5.7104957749536066e-05
194, 339, 5.58044559308207e-05
1207, 1248, 5.435519252489967e-05
1704, 1950, 5.392942797738816e-05
19975, 20078, 5.3036499803872367e-05
339, 455, 5.226443918714037e-05
1954, 2007, 5.095977178658411e-05
719, 755, 5.03903629796468e-05
358, 583, 5.008052367658102e-05
18630, 18715, 5.0027352283326704e-05
6905, 6909, 4.992139963590267e-05
943, 1056, 4.9200836485849774e-05
2558, 2686, 4.7935789285546807e-05
0, 131, 4.788165173024801e-05
367, 455, 4.773962090186096e-05
2436, 2479, 4.731045220276789e-05
2558, 2729, 4.625431645470654e-05
418, 507, 4.6000234420320646e-05
543, 589, 4.558676896810919e-05
627, 833, 4.4552059527704865e-05
694, 833, 4.4393549180727824e-05
6724, 6822, 4.434486696197557e-05
5135, 5161, 4.422588467488654e-05
358, 732, 4.3967831721378565e-05
1056, 1239, 4.358169658623416e-05
754, 1396, 4.252848074171416e-05
16219, 16337, 4.2194842958339195e-05
194, 755, 4.191435307979873e-05
9538, 9598, 4.13815606943572e-05
2584, 2645, 3.994727457553678e-05
16165, 16282, 3.692710352431976e-05
18108, 18524, 3.674007275959796e-05
15915, 16100, 3.637631678151892e-05
6524, 6822, 3.5895148369044584e-05
0, 7, 3.538811930229798e-05
17387, 17761, 3.463055036560737e-05
358, 442, 3.413591232192312e-05
318, 455, 3.367680460902044e-05
308, 455, 3.3098118800148186e-05
8778, 8878, 3.257686678012143e-05
905, 1396, 3.2382281164358224e-05
480, 589, 3.19792453357041e-05
2392, 2476, 3.1744686236897995e-05
246, 583, 3.163670452304157e-05
246, 732, 3.143142317259633e-05
2332, 2479, 3.0995901201831534e-05
6618, 6909, 3.0260598649119184e-05
0, 522, 3.0208444621953915e-05
7602, 7849, 2.995628244725415e-05
498, 632, 2.9224884890656745e-05
8802, 8878, 2.9088813690853117e-05
2392, 2553, 2.9082317095668286e-05
17130, -1, 2.8814190848139808e-05
1975, 2007, 2.8100250408003935e-05
2392, 2686, 2.806309340753893e-05
9409, 9598, 2.7998369397189637e-05
0, 164, 2.7788562382696404e-05
2392, 2729, 2.7287891837071385e-05
15996, 16146, 2.7184138434846475e-05
9264, 9376, 2.64134321782742e-05
832, 1396, 2.6017039302319833e-05
15859, 16115, 2.4403162600087976e-05
543, 755, 2.4082504734585908e-05
4854, 4951, 2.3199363857889296e-05
1498, 1755, 2.2899612647929267e-05
15859, 16111, 2.2853614041451772e-05
799, 833, 2.2604916248418092e-05
128, 455, 2.250300720997588e-05
367, 632, 2.2362115516557895e-05
16898, 17265, 2.22046262930937e-05
0, 218, 2.1508021390003363e-05
1084, 1563, 2.142077550629291e-05
1056, 1237, 2.1225857537653647e-05
2558, 2573, 2.1168927383366306e-05
9284, 9376, 2.116517865009418e-05
1818, 2020, 2.0900178775465907e-05
2847, 3007, 2.0805657635970584e-05
694, 732, 2.070873870330197e-05
194, 678, 2.0586209418626e-05
194, 556, 2.051956087828156e-05
418, 636, 2.0228627073005233e-05
0, 492, 1.9496231036373875e-05
2584, 2614, 1.9195991097996527e-05
194, 833, 1.9130612553460237e-05
7118, 7270, 1.851654652141419e-05
438, 589, 1.849826786869236e-05
522, 632, 1.8314887129974954e-05
880, 944, 1.77750583408128e-05
15909, 16081, 1.7677649177150377e-05
19975, 20021, 1.7388725813106303e-05
128, 303, 1.725890078505923e-05
454, 589, 1.5948074461094317e-05
144, 455, 1.5908786555447e-05
194, 522, 1.5724984637402687e-05
22862, 23397, 1.5388772658074348e-05
4826, 4999, 1.5055770997183893e-05
194, 492, 1.5010929336876516e-05
6776, 6892, 1.4728453732373066e-05
2847, 3037, 1.4679955248222313e-05
1207, 1563, 1.4496636018141248e-05
0, 339, 1.4453058080657834e-05
16165, 16167, 1.4316201757396698e-05
627, 906, 1.4311763986031987e-05
2617, 3007, 1.4305933203637754e-05
943, 967, 1.415439306737711e-05
7699, 7849, 1.4108292490447597e-05
519, 632, 1.391798287383579e-05
15959, 16100, 1.3759790624651817e-05
447, 589, 1.3527138354376944e-05
1464, 1563, 1.3496581935882202e-05
599, 632, 1.3479245707958827e-05
16619, 16769, 1.3462449836459971e-05
194, 399, 1.3423963217934787e-05
5194, 5351, 1.3195542279979516e-05
174, 455, 1.3148028740355385e-05
694, 755, 1.3095658890516963e-05
144, 303, 1.30907867911458e-05
9144, 9285, 1.2756596820201588e-05
543, 678, 1.2746778580126331e-05
694, 906, 1.2651780936433021e-05
15834, 16115, 1.243730123281285e-05
339, 632, 1.2417584240467813e-05
16165, 16521, 1.2221747998936686e-05
2617, 3037, 1.2210116253542617e-05
4777, 4951, 1.1987355073094275e-05
16345, 16530, 1.1936784484715434e-05
4294, 4643, 1.1705807675916401e-05
6701, 6892, 1.1701121084609528e-05
15834, 16111, 1.1647216649240349e-05
704, 833, 1.1551556462448699e-05
18156, 18524, 1.1367944183929597e-05
8543, 8577, 1.13202113605103e-05
194, 369, 1.1092757538816053e-05
543, 833, 1.10710023928835e-05
6426, 6541, 1.1058395037940005e-05
334, 455, 1.1033189758167952e-05
7152, 7220, 1.1003138694946356e-05
943, 1041, 1.0284013654739354e-05
174, 303, 1.0053204320355228e-05
2987, 3037, 9.903252069199593e-06
2274, 2479, 9.683971377813664e-06
16222, 16582, 9.671154295011029e-06
599, 732, 9.654889905175836e-06
16165, 16530, 9.646356740058335e-06
6524, 6672, 9.616963130866099e-06
4872, 4951, 9.517986043939859e-06
2721, 3007, 9.366286233850103e-06
194, 341, 9.071829821282493e-06
2392, 2541, 9.046001456140802e-06
5263, 5351, 8.839275676188021e-06
194, 638, 8.769288651681972e-06
358, 755, 8.760776952258314e-06
4919, 4951, 8.65819491393491e-06
6568, 6746, 8.58900852610695e-06
23035, 23397, 8.464587490772827e-06
468, 632, 8.364672236888601e-06
6776, 6960, 8.201981225461377e-06
0, 636, 8.186710779974541e-06
0, 2078, 7.917547549889624e-06
373, 455, 7.858672777883776e-06
438, 455, 7.834202654953745e-06
418, 468, 7.827130014901482e-06
6238, 6631, 7.788190282012597e-06
1907, 2479, 7.783384567464687e-06
880, 906, 7.731025220892768e-06
16619, 17265, 7.635765607423901e-06
19690, 19955, 7.537174215392908e-06
318, 632, 7.302535552708257e-06
0, 507, 7.265051346968375e-06
480, 732, 7.255908393843447e-06
308, 632, 6.9841099737828484e-06
980, 1177, 6.927148173885841e-06
2721, 3037, 6.8577714709874116e-06
246, 755, 6.3451706074933235e-06
194, 906, 6.052813864596181e-06
543, 583, 6.047569105082174e-06
17340, 17597, 6.040774813165729e-06
0, 224, 6.0214359260853705e-06
6701, 6960, 5.839698317379984e-06
17433, 17761, 5.419072717034385e-06
617, 732, 5.418866256492184e-06
0, 399, 5.34824050147262e-06
851, 944, 5.342448381779198e-06
128, 632, 5.33376625326789e-06
19319, 19461, 5.185524313305199e-06
373, 632, 5.074357564759152e-06
194, 218, 5.054412948119373e-06
480, 583, 4.977781126456772e-06
0, 119, 4.9635734090921265e-06
1818, 2128, 4.872723894168462e-06
16006, 16115, 4.870075400770958e-06
17421, 17761, 4.8468736502073e-06
0, 777, 4.799737771204899e-06
204, 455, 4.7899204683964705e-06
194, 507, 4.724725377223961e-06
16222, 16428, 4.464720261007342e-06
7750, 7849, 4.4375812946154e-06
369, 455, 4.368304943795592e-06
16520, 16582, 4.366873610116534e-06
627, 678, 4.322836556813084e-06
358, 678, 4.302854942249726e-06
627, 944, 4.29161361004996e-06
358, 556, 4.288924352338539e-06
16345, 16428, 4.255285492074565e-06
194, 468, 4.239681244936937e-06
16551, 16582, 4.105665174715329e-06
16006, 16111, 4.1051194760976136e-06
275, 455, 4.085907123273438e-06
2592, 2729, 4.077922530698188e-06
2776, 2974, 4.063995444183167e-06
17436, 17761, 4.05453765615291e-06
2412, 2553, 4.023253414451185e-06
246, 339, 4.010848477517038e-06
358, 833, 3.934199634938026e-06
2231, 2353, 3.858727231799711e-06
144, 632, 3.819816244147991e-06
694, 944, 3.7736566576989133e-06
16060, 16115, 3.766305050557066e-06
0, 468, 3.755305381136738e-06
153, 455, 3.7547463674050782e-06
16222, 16521, 3.7423454688970218e-06
358, 522, 3.6056207565953436e-06
6299, 6631, 3.6030804373554366e-06
2665, 2729, 3.441450144348263e-06
18807, 18950, 3.4324966780408496e-06
358, 492, 3.386325163283029e-06
447, 455, 3.377505967713143e-06
617, 632, 3.3386585041697854e-06
438, 583, 3.3089092425520195e-06
6524, 6589, 3.2918638421590403e-06
704, 732, 3.2585766535171546e-06
153, 303, 3.2330209071360444e-06
19228, 19254, 3.2098911036177297e-06
851, 906, 3.1702746760352e-06
174, 632, 3.165052508028753e-06
18749, 18950, 3.1325732321324838e-06
246, 678, 3.1164300775091236e-06
246, 556, 3.10634056716188e-06
19067, 19303, 3.051922906964391e-06
0, 369, 3.036999063604648e-06
19228, 19303, 3.03342859177671e-06
943, 1333, 3.0151226408356112e-06
543, 906, 3.0009498357718715e-06
704, 906, 2.979969586266904e-06
6830, 6960, 2.919871331276227e-06
17586, 17761, 2.9188527813435204e-06
438, 732, 2.9028873416850645e-06
246, 833, 2.816828918524474e-06
367, 589, 2.806212048105676e-06
543, 638, 2.7938962670124037e-06
6196, 6631, 2.7869863285665894e-06
334, 632, 2.7679853011277376e-06
454, 583, 2.7620395976702736e-06
1673, 2078, 2.75049562053492e-06
754, 1239, 2.7386877893800215e-06
6447, 6541, 2.724689265911631e-06
6876, 6960, 2.721956263678797e-06
1030, 1177, 2.6492968078602494e-06
905, 1239, 2.6415624497104644e-06
454, 732, 2.613633056171937e-06
0, 341, 2.5759066025525054e-06
1371, 1567, 2.568323770332021e-06
6685, 6909, 2.5235947330268333e-06
369, 632, 2.517533397105563e-06
1128, 1181, 2.5054942912040847e-06
6685, 6746, 2.4878592911835543e-06
880, 1177, 2.4627955532985247e-06
2144, 2479, 2.3853799648148616e-06
246, 522, 2.3805167170444827e-06
1292, 1567, 2.3740020669314264e-06
2829, 3007, 2.3421884721247746e-06
6821, 6960, 2.328868274078368e-06
2776, 2902, 2.304272384383759e-06
204, 303, 2.298753597209072e-06
447, 583, 2.296758216328258e-06
246, 399, 2.289592446620472e-06
246, 492, 2.272419913200635e-06
2645, 2729, 2.2412933395163688e-06
1921, 2051, 2.211468793647306e-06
704, 755, 2.1975696856232417e-06
447, 732, 2.1534874102465256e-06
754, 920, 2.1381389841379053e-06
1876, 2051, 2.123491837470239e-06
2776, 2884, 2.0664633966727384e-06
1128, 1174, 2.0633511120733024e-06
18749, 19068, 2.011583638033759e-06
599, 755, 1.98623188969438e-06
18807, 19068, 1.968613037799669e-06
194, 224, 1.907189196632895e-06
418, 777, 1.9005521551908582e-06
1056, 1248, 1.8361069880688206e-06
358, 638, 1.8321001692925657e-06
194, 944, 1.8284847030671155e-06
832, 1239, 1.7573587669018496e-06
663, 732, 1.6931878065353635e-06
2944, 3056, 1.666063605632054e-06
980, 1396, 1.6577405003824908e-06
1188, 1239, 1.6402679114763952e-06
1146, 1396, 1.6274491137608364e-06
498, 589, 1.6112276293894334e-06
246, 369, 1.5882324329880866e-06
1975, 2078, 1.5787367769958594e-06
339, 589, 1.5209180714966905e-06
1188, 1586, 1.5205880841412797e-06
7152, 7188, 1.4843821767300709e-06
505, 632, 1.4783201330538243e-06
480, 755, 1.4586155747396025e-06
2541, 2573, 1.3985466405362164e-06
754, 777, 1.3856206035725608e-06
754, 1237, 1.3571082655221968e-06
246, 638, 1.3269357552657093e-06
19183, 19380, 1.3038564313864187e-06
6745, 6822, 1.2533077500430378e-06
754, 969, 1.230691158619441e-06
905, 1237, 1.2036080472016886e-06
2584, 2884, 1.1754775213882654e-06
204, 632, 1.1479973339501298e-06
285, 455, 1.131685907910528e-06
358, 507, 1.114134593123656e-06
1084, 1333, 1.0870679751114586e-06
926, 1177, 1.0794658057728455e-06
799, 1177, 1.074852952440506e-06
358, 906, 1.0718544007042535e-06
488, 632, 1.0219939733197826e-06
418, 1177, 9.897656352255325e-07
617, 755, 9.829034559547456e-07
194, 636, 9.76819358004349e-07
275, 632, 9.766361632915143e-07
719, 1177, 9.712304660379055e-07
688, 777, 9.647937778221654e-07
0, 704, 9.261912790188994e-07
418, 704, 9.205533415121086e-07
468, 589, 9.04633851271754e-07
153, 632, 9.036082645261194e-07
318, 589, 9.030636304397958e-07
704, 944, 8.943161735737801e-07
2584, 2627, 8.68866487923986e-07
308, 589, 8.636857508261612e-07
339, 439, 8.395055259542308e-07
810, 906, 8.352063211321797e-07
688, 1177, 8.314814499265604e-07
2006, 2479, 8.214620777205102e-07
308, 439, 7.974338909266901e-07
18523, 18610, 7.939393133987752e-07
1889, 2078, 7.569644569153816e-07
318, 439, 7.562947701453203e-07
0, 920, 7.542578515149903e-07
16222, 16530, 7.465673104796236e-07
1207, 1333, 7.45555380617939e-07
19690, 19791, 7.41864047959721e-07
6493, 6746, 7.322808730782867e-07
832, 920, 7.172133047964081e-07
832, 969, 7.17038470759371e-07
358, 468, 7.165686770143403e-07
543, 944, 7.061126380635675e-07
905, 1043, 7.059982957531086e-07
246, 341, 6.897121235643908e-07
11614, 11874, 6.881253393000248e-07
246, 906, 6.779535263478782e-07
1876, 1950, 6.502345767923397e-07
754, 1043, 6.388613738470171e-07
18269, 18524, 6.367359986463711e-07
7023, 7188, 6.120592844012454e-07
480, 678, 6.020097265814051e-07
926, 944, 5.961802833441197e-07
663, 755, 5.955154764336895e-07
0, 98, 5.872017963213225e-07
246, 507, 5.81683593817091e-07
11669, 11874, 5.722510666062119e-07
7152, 7253, 5.710109228254098e-07
418, 462, 5.558237690246378e-07
18663, 18715, 5.539425308437412e-07
246, 468, 5.519584976495356e-07
128, 589, 5.500406766430236e-07
905, 1051, 5.366153963962328e-07
18461, 18610, 5.237804447296428e-07
373, 589, 5.233584737937569e-07
498, 732, 5.197507659608685e-07
19661, 19791, 5.135215338385584e-07
438, 755, 5.061702557418807e-07
339, 460, 5.059701024885748e-07
367, 460, 5.001407443788271e-07
636, 732, 4.87441379559351e-07
17439, 17597, 4.841631033928301e-07
507, 632, 4.806479134919552e-07
128, 439, 4.7649264818348266e-07
367, 439, 4.6669927220098564e-07
454, 755, 4.5580581289728673e-07
18315, 18610, 4.483988020995383e-07
257, 455, 4.4628262771806524e-07
367, 732, 4.3822974287721447e-07
832, 1237, 4.3091735125215464e-07
891, 944, 4.284807248884832e-07
6540, 6746, 4.280307024388307e-07
367, 583, 4.1671243535754766e-07
194, 462, 4.1597089549927357e-07
162, 455, 3.961601767947675e-07
144, 589, 3.9593132091232833e-07
522, 732, 3.8891173177635883e-07
522, 589, 3.8671475769286797e-07
943, 1064, 3.8192463102820364e-07
19562, 19791, 3.8049555761314643e-07
447, 755, 3.755582594670468e-07
318, 460, 3.575991595744253e-07
659, 732, 3.480534417788954e-07
308, 460, 3.453217420400938e-07
339, 442, 3.4300345849492483e-07
144, 439, 3.429924173405626e-07
832, 1043, 3.4152988948605676e-07
19838, 19900, 3.3775637554195075e-07
174, 589, 3.2806379683329894e-07
519, 589, 3.259834155401066e-07
0, 462, 3.135444967973332e-07
308, 442, 3.088324886810802e-07
603, 632, 3.029329393456904e-07
318, 442, 2.9729718323813335e-07
1128, 1333, 2.926078979219433e-07
480, 638, 2.8985914727989066e-07
519, 732, 2.879155803206374e-07
334, 589, 2.8695656487669996e-07
754, 1051, 2.8468466442930426e-07
174, 439, 2.8419951787219646e-07
369, 589, 2.7028359589608153e-07
162, 303, 2.474811863196466e-07
19228, 19380, 2.4669889744722914e-07
367, 442, 2.462554254135647e-07
19244, 19380, 2.432104335184157e-07
128, 460, 2.3771923321040154e-07
339, 583, 2.3438109273076132e-07
832, 1051, 2.2723381871168273e-07
128, 442, 2.2210723216931462e-07
2829, 3037, 2.2195191017560096e-07
438, 556, 2.173933947611988e-07
2107, 2479, 1.9546958523252517e-07
17414, 17457, 1.9223496677072236e-07
2412, 2476, 1.9195885113072772e-07
1257, 1567, 1.8703144317856118e-07
19754, 19900, 1.8406957065609513e-07
18523, 18715, 1.746965177191652e-07
1500, 1563, 1.6978448255318058e-07
19244, 19461, 1.6395006445793786e-07
19228, 19461, 1.562685201038386e-07
19338, 19383, 1.5484932676919653e-07
19129, 19254, 1.5476059389852919e-07
19366, 19383, 1.4645165537980662e-07
19083, 19254, 1.2839902777136646e-07
19244, 19254, 1.2116556362021416e-07
18298, 18610, 9.806939382008046e-08
17439, 17457, 9.153002011580752e-08
1188, 1237, 8.44852724444083e-08
3660, 3877, 6.468095538048996e-08
1128, 1563, 5.704808901539585e-08
16847, 17457, 5.609289294738629e-08
2244, 2353, 5.139493893132939e-08
106, 303, 5.0847024914414736e-08
275, 303, 4.995909973418061e-08
15996, 16521, 4.6264956893737745e-08
1056, 1586, 4.595897556770342e-08
16239, 16521, 3.901677990800912e-08
18184, 18524, 3.832624563172103e-08
111, 303, 3.695121534349329e-08
2392, 2452, 3.446909151379167e-08
18684, 18715, 3.3105831704554615e-08
128, 218, 3.1077590392298674e-08
16239, 16428, 3.077073712057063e-08
2810, 3007, 2.6622438994841612e-08
15996, 16428, 2.534582409810968e-08
16345, 16524, 2.1608964670405945e-08
156, 303, 2.121222760239168e-08
128, 339, 1.9467547208778984e-08
257, 303, 1.817143774648099e-08
17387, 17519, 1.752882259944019e-08
8499, 8577, 1.72971940137135e-08
15859, 16081, 1.6304473083263527e-08
16077, 16100, 1.625395118807682e-08
115, 303, 1.534950768148405e-08
144, 339, 1.4013271982864744e-08
174, 339, 1.2687944422775951e-08
144, 218, 1.2434423086979749e-08
978, 1177, 1.1757637331674735e-08
1412, 2007, 1.1525173732893234e-08
164, 303, 1.1247831258330079e-08
128, 224, 1.0322456607661797e-08
285, 632, 8.617820476739346e-09
438, 678, 8.211524861313565e-09
285, 303, 7.968631810715903e-09
543, 636, 7.574929664257295e-09
454, 678, 7.393753621451376e-09
334, 439, 7.1115232195353356e-09
627, 638, 7.052672349728351e-09
599, 678, 6.955012937805737e-09
498, 583, 6.889564157499494e-09
144, 460, 6.780030668690528e-09
128, 164, 6.757341241202827e-09
358, 636, 6.719993750573807e-09
144, 442, 6.34332556648703e-09
447, 678, 6.0918006026039656e-09
174, 460, 5.617854359991062e-09
480, 556, 5.591961253392044e-09
174, 442, 5.256005604088869e-09
334, 460, 4.98387594423192e-09
246, 636, 4.867091948494053e-09
204, 339, 4.847931742352675e-09
454, 556, 4.829385480954891e-09
318, 583, 4.82587259009259e-09
447, 556, 4.6359113497330796e-09
308, 583, 4.615441537974083e-09
257, 632, 4.549549784198008e-09
438, 638, 4.470872484437731e-09
468, 583, 4.443683376199209e-09
144, 224, 4.373005029839749e-09
629, 632, 4.368543922542911e-09
204, 589, 4.2998771533909055e-09
204, 439, 4.285633077779025e-09
438, 460, 4.271068739510134e-09
292, 455, 4.238545547319055e-09
358, 399, 4.153405299371712e-09
162, 632, 4.040168181772431e-09
454, 638, 4.026047086253781e-09
275, 439, 3.99977036284857e-09
373, 460, 3.949710891399643e-09
106, 455, 3.644804319982529e-09
810, 944, 3.6357291018805702e-09
275, 589, 3.616989191876155e-09
334, 442, 3.544670961158721e-09
128, 583, 3.54093267952483e-09
153, 339, 3.510868060510013e-09
373, 439, 3.376500183323757e-09
373, 583, 3.3697986530653246e-09
128, 341, 3.351295401146269e-09
153, 589, 3.346365682855807e-09
153, 439, 3.3417253111888262e-09
447, 638, 3.31717113751847e-09
358, 944, 3.154758338770929e-09
128, 131, 3.0977882575996145e-09
543, 556, 3.057036853333914e-09
0, 174, 2.9726186792182063e-09
603, 732, 2.951706124924194e-09
15629, 16115, 2.8862936386233974e-09
629, 732, 2.8045717257786335e-09
16060, 16111, 2.7324985108370472e-09
268, 455, 2.691509613709956e-09
111, 455, 2.6470514301660013e-09
339, 732, 2.6248416472093287e-09
144, 583, 2.5460615772096417e-09
174, 218, 2.5181849392594465e-09
15629, 16111, 2.5128498042737296e-09
144, 341, 2.4123539266419906e-09
16010, 16115, 2.360347311810781e-09
282, 455, 2.328055008884274e-09
369, 460, 2.3013240586608396e-09
438, 522, 2.2509654796060497e-09
488, 589, 2.2401491508176293e-09
6618, 6822, 2.235206570920781e-09
617, 678, 2.1937180377997646e-09
174, 341, 2.16577345803065e-09
204, 460, 2.1404770660574872e-09
144, 164, 2.1101360869298597e-09
174, 583, 2.108867637065639e-09
153, 218, 2.1036263263323644e-09
369, 439, 2.076097787149207e-09
505, 589, 2.074080042178203e-09
601, 632, 2.0493367298297795e-09
204, 442, 2.004224086646788e-09
447, 460, 1.9635917077778916e-09
16427, 16494, 1.9436496203780653e-09
15831, 16115, 1.8984232459138394e-09
522, 583, 1.8961570970441864e-09
275, 442, 1.8475238015670463e-09
334, 583, 1.844634079693799e-09
275, 460, 1.8210470218717755e-09
373, 442, 1.8190118728359269e-09
369, 583, 1.7374542231578842e-09
153, 460, 1.6847803576908782e-09
468, 732, 1.6645433755750944e-09
454, 460, 1.6616034216989858e-09
15831, 16111, 1.6507028057602626e-09
519, 583, 1.609377344044903e-09
268, 303, 1.5531037939383987e-09
498, 678, 1.5340013369744716e-09
318, 732, 1.5339128299792348e-09
308, 732, 1.467031479807018e-09
153, 442, 1.4243825636771963e-09
270, 455, 1.4223611592462435e-09
438, 442, 1.408785328912095e-09
259, 303, 1.3874696610381093e-09
259, 455, 1.3674965534088686e-09
16165, 16404, 1.2530625111976513e-09
367, 678, 1.251054787453877e-09
522, 678, 1.2499282780401246e-09
480, 636, 1.2364192597530181e-09
367, 556, 1.2321125264437393e-09
156, 455, 1.2182705481444767e-09
636, 755, 1.2092487789512957e-09
128, 732, 1.1343611039879835e-09
659, 755, 1.133899483057822e-09
373, 732, 1.0788966836237415e-09
447, 522, 1.0300696094750454e-09
367, 522, 1.0214184792425239e-09
369, 442, 9.935105027866114e-10
115, 455, 9.90893654718378e-10
285, 439, 9.836410303284279e-10
498, 638, 9.507636764576619e-10
174, 224, 9.49766299832575e-10
454, 522, 9.30021614766126e-10
519, 678, 9.184149477787638e-10
367, 492, 8.731372749671281e-10
308, 339, 8.506198714986442e-10
204, 341, 8.4311480418932e-10
292, 632, 8.350298531365491e-10
285, 589, 8.292819397736413e-10
270, 303, 8.187858662917281e-10
144, 732, 8.150556610677025e-10
106, 632, 7.990384185159149e-10
153, 224, 7.633751996958161e-10
246, 462, 7.515500158357946e-10
498, 755, 7.489199036661068e-10
358, 462, 7.404139522762378e-10
367, 638, 7.218405916404082e-10
480, 522, 7.077547203225153e-10
339, 678, 7.036512453789502e-10
204, 583, 6.818139357165286e-10
339, 556, 6.800827422680948e-10
174, 732, 6.753248041596263e-10
507, 589, 6.6975789370441e-10
275, 339, 6.648034371656597e-10
164, 455, 6.565969255744205e-10
627, 636, 6.400427954544317e-10
358, 369, 6.374572181821913e-10
367, 755, 6.305781216031585e-10
292, 303, 6.293074616914308e-10
282, 303, 6.148820098636846e-10
153, 341, 6.052025723203181e-10
16222, 16404, 6.015297885982866e-10
275, 583, 5.800651134312096e-10
522, 755, 5.539566766684027e-10
339, 492, 5.503951221531411e-10
629, 755, 5.471127737358183e-10
153, 583, 5.366601099023915e-10
318, 339, 5.268808947734401e-10
438, 492, 5.152480356168175e-10
339, 522, 5.049034992183472e-10
162, 339, 5.013873219355888e-10
86, 303, 4.4160815878473097e-10
153, 164, 3.3154791130722144e-10
106, 218, 3.0720778796275196e-10
16010, 16111, 2.5660644106683393e-10
285, 442, 2.4714746265719884e-10
257, 439, 2.4544408517569583e-10
285, 460, 2.333896527623681e-10
162, 439, 2.1787887419802296e-10
204, 218, 2.0365516192435894e-10
257, 339, 2.031616838699168e-10
111, 218, 2.0281987239953116e-10
162, 218, 1.9227879983973966e-10
599, 833, 1.6460320816878292e-10
308, 341, 1.6270019347938148e-10
480, 833, 1.5760799526066263e-10
663, 833, 1.564841706155609e-10
275, 341, 1.2537628063892757e-10
257, 589, 1.2112831623909473e-10
257, 460, 1.1986618909464703e-10
106, 164, 1.1727348092813513e-10
106, 115, 1.1725412309807918e-10
617, 833, 1.1406510721655091e-10
285, 339, 1.1272178503424529e-10
106, 339, 1.1205741834402913e-10
257, 442, 1.1129499310513487e-10
162, 589, 1.0753112815352084e-10
318, 556, 1.0498240731632495e-10
318, 341, 1.0088956067688693e-10
128, 399, 1.0048876845035613e-10
308, 556, 1.0040467385712394e-10
162, 460, 9.967924586274997e-11
162, 442, 9.879573094729779e-11
106, 224, 9.43117337920764e-11
334, 339, 8.91212601891187e-11
367, 468, 8.660706583003612e-11
318, 522, 8.573274026330405e-11
162, 341, 8.53747873689955e-11
128, 369, 8.259376441027702e-11
308, 522, 8.199438397502419e-11
438, 507, 8.17335784502201e-11
111, 339, 8.145495995425507e-11
488, 583, 8.027642022645803e-11
128, 556, 7.793540841652777e-11
115, 218, 7.786578525932036e-11
204, 224, 7.770585044540073e-11
367, 507, 7.64130875836789e-11
339, 468, 7.55517572974753e-11
373, 556, 7.415377505000464e-11
144, 399, 7.167451162406553e-11
318, 492, 7.166708038962239e-11
162, 224, 7.123224324591292e-11
505, 583, 6.974035365823759e-11
373, 522, 6.831936163142037e-11
111, 164, 6.697785055059117e-11
111, 115, 6.598005474143011e-11
308, 492, 6.557612197442252e-11
308, 399, 6.438054136171712e-11
128, 522, 6.364504315030152e-11
111, 224, 6.342621494576532e-11
174, 399, 5.938866463936746e-11
144, 369, 5.893420818518056e-11
447, 492, 5.639516532067789e-11
144, 556, 5.6100034766780517e-11
339, 341, 5.602603628080767e-11
106, 131, 5.5841062541318176e-11
292, 439, 5.5108532035426843e-11
128, 492, 5.090098685594479e-11
318, 468, 4.976050336467866e-11
174, 369, 4.883219775607344e-11
454, 492, 4.7839423523022317e-11
318, 399, 4.77216721166792e-11
308, 468, 4.6888849547069295e-11
268, 632, 4.6432785214268846e-11
111, 632, 4.572548416775713e-11
373, 492, 4.5297016907682726e-11
156, 339, 4.1497448387933696e-11
468, 556, 4.100074668267569e-11
106, 439, 3.9971370357491106e-11
498, 556, 3.965893558803803e-11
144, 522, 3.8758208243814765e-11
282, 632, 3.821885290505431e-11
174, 556, 3.817632045232132e-11
257, 341, 3.7672804868991724e-11
339, 507, 3.5051196439011256e-11
115, 339, 3.416791786606049e-11
522, 638, 3.415817104614828e-11
447, 507, 3.3874755910580484e-11
334, 556, 3.334090501706184e-11
285, 583, 3.2685651925353144e-11
98, 303, 3.224271181987421e-11
174, 522, 3.209119959105179e-11
369, 556, 3.140394984838158e-11
268, 439, 3.139480051298417e-11
111, 131, 3.125231584985836e-11
599, 638, 3.040055225233397e-11
144, 492, 3.026687551293168e-11
369, 522, 2.978860548017985e-11
454, 507, 2.939281949366811e-11
162, 164, 2.911875207921823e-11
111, 439, 2.9055339841850016e-11
128, 468, 2.7705125115516662e-11
339, 399, 2.7654028972312112e-11
334, 522, 2.7484510161188118e-11
480, 492, 2.742057022249679e-11
282, 439, 2.7225410209365736e-11
270, 632, 2.7161655022236223e-11
438, 636, 2.714645977820281e-11
519, 638, 2.637698074614839e-11
259, 632, 2.6111285941048017e-11
174, 492, 2.507878015195918e-11
115, 224, 2.4727181602602423e-11
334, 492, 2.4512847964478422e-11
454, 636, 2.444516673911677e-11
334, 732, 2.4338009800330593e-11
339, 638, 2.4089301400711587e-11
164, 339, 2.3441428962112762e-11
156, 632, 2.3298091097361552e-11
115, 164, 2.3057259526488518e-11
369, 732, 2.2898190573915857e-11
292, 442, 2.2782320081254335e-11
292, 460, 2.1716445468178963e-11
156, 218, 2.1681039036608612e-11
285, 341, 2.1336791068876954e-11
480, 507, 2.0786746386890825e-11
447, 636, 2.0141552277594752e-11
369, 492, 2.0077668980422188e-11
144, 468, 1.9942905462068358e-11
507, 583, 1.9886230098929797e-11
268, 339, 1.9675346834070884e-11
204, 399, 1.9667938461358022e-11
318, 507, 1.963725254216577e-11
106, 442, 1.9292924917972034e-11
106, 341, 1.9254570954535488e-11
106, 460, 1.9238396853683658e-11
438, 468, 1.9094486249861168e-11
308, 507, 1.878097469195261e-11
270, 439, 1.854743166743247e-11
204, 369, 1.7871003544518217e-11
334, 341, 1.696311190068242e-11
259, 439, 1.672406936349062e-11
275, 399, 1.6627057215811563e-11
174, 468, 1.6524458940627215e-11
259, 339, 1.5902485680500647e-11
334, 468, 1.560017057141697e-11
153, 399, 1.5480734141665877e-11
373, 468, 1.4926646611824056e-11
268, 442, 1.4904586677357982e-11
156, 439, 1.479930435072832e-11
268, 460, 1.421933732334669e-11
111, 442, 1.4024099875022718e-11
308, 369, 1.4014437393217495e-11
111, 341, 1.3996220233723406e-11
111, 460, 1.3984463219470225e-11
282, 442, 1.3047168489774293e-11
153, 369, 1.2872673498930323e-11
115, 439, 1.2185361634850565e-11
86, 455, 1.2176626361714606e-11
367, 399, 1.2078430638675583e-11
282, 460, 1.1937673406677555e-11
115, 131, 1.0641233085125594e-11
270, 339, 1.0561563807007704e-11
2584, 2902, 9.906815278493932e-12
2776, 2905, 9.42801529231919e-12
2584, 2974, 9.41691512297259e-12
318, 369, 9.06181155787072e-12
292, 339, 9.034025147986115e-12
447, 468, 8.848576142847722e-12
270, 442, 8.816848660635387e-12
369, 468, 8.597005716678404e-12
282, 339, 8.582455681141806e-12
2776, 3056, 8.529636795974597e-12
2958, 3056, 8.486407841783258e-12
270, 460, 8.317713309212551e-12
90, 303, 8.279172257499559e-12
334, 399, 8.197589744445016e-12
164, 439, 8.07439893056864e-12
164, 218, 8.047451668657004e-12
259, 442, 8.019540432221533e-12
259, 460, 7.996874571783918e-12
156, 224, 7.888387511252331e-12
367, 462, 7.810253646612197e-12
275, 369, 7.64853449327717e-12
339, 462, 7.628994262467339e-12
373, 507, 7.511283644926179e-12
454, 468, 7.456285374571725e-12
128, 507, 7.314329463287093e-12
156, 442, 7.144615115243892e-12
156, 341, 7.130412035083813e-12
156, 460, 7.124422081684046e-12
204, 522, 6.86929542732183e-12
204, 468, 6.3564620558803964e-12
2898, 3056, 5.8920895816469055e-12
115, 341, 5.870995500454753e-12
275, 522, 5.844163230162679e-12
2810, 3037, 5.5164107758899276e-12
275, 468, 5.407867470321748e-12
153, 522, 5.4068572799260075e-12
318, 462, 5.296649645806339e-12
115, 442, 5.267623378002858e-12
144, 507, 5.265054043125747e-12
115, 460, 5.1768005903997005e-12
339, 369, 5.089356105186332e-12
204, 556, 5.054434185894649e-12
153, 468, 5.003203531575259e-12
308, 462, 4.894320826191558e-12
468, 522, 4.6027087222275115e-12
174, 507, 4.362562391989165e-12
204, 492, 4.3575535085899214e-12
275, 556, 4.300140928718108e-12
334, 507, 4.011315069350827e-12
164, 341, 3.993451870066845e-12
153, 556, 3.964731495956142e-12
369, 507, 3.958750633545196e-12
275, 492, 3.7072621790359335e-12
268, 341, 3.690698701933092e-12
164, 442, 3.4855923593429243e-12
285, 399, 3.445572762996127e-12
153, 492, 3.429852473206583e-12
164, 460, 3.424649516087643e-12
86, 218, 3.4149898326140365e-12
128, 462, 3.375570522890199e-12
156, 164, 3.3601767996576463e-12
498, 522, 3.297145739347585e-12
522, 556, 3.057306602509383e-12
164, 224, 2.9927731120452576e-12
259, 341, 2.9552134551029603e-12
86, 115, 2.923242393475955e-12
519, 556, 2.641953702702598e-12
86, 164, 2.4696489234730556e-12
144, 462, 2.429827822031413e-12
257, 399, 2.366106798568695e-12
174, 462, 2.013327002643663e-12
270, 341, 1.984778899290984e-12
162, 399, 1.8749425757533676e-12
373, 399, 1.8555982528687335e-12
367, 369, 1.8549736570481845e-12
334, 462, 1.8193407767968312e-12
292, 341, 1.7220060542209952e-12
438, 462, 1.698761615568336e-12
204, 507, 1.6781464622064887e-12
282, 341, 1.627570699334002e-12
162, 369, 1.5687851114300744e-12
373, 462, 1.5121632546093874e-12
257, 369, 1.4823143772051763e-12
275, 507, 1.4277114206302144e-12
86, 131, 1.3832640355075449e-12
334, 369, 1.3614076424354075e-12
153, 507, 1.3208775939195213e-12
285, 369, 1.3145696549732343e-12
285, 468, 1.2520339747001157e-12
369, 399, 1.1812173529535237e-12
285, 556, 1.1651829445929004e-12
86, 224, 9.853684839012843e-13
86, 339, 9.821352100383874e-13
115, 632, 9.515797692048923e-13
369, 462, 8.85150820772215e-13
98, 455, 7.893340814191422e-13
447, 462, 7.879594281411263e-13
204, 462, 7.744663074516433e-13
257, 468, 6.681852715110285e-13
454, 462, 6.659284584993483e-13
275, 462, 6.588902937056618e-13
516, 632, 6.24360400443766e-13
153, 462, 6.095863595918901e-13
162, 468, 5.931430558137547e-13
106, 119, 5.446169407237034e-13
106, 399, 4.3015781134830883e-13
106, 369, 3.599177802751763e-13
292, 399, 3.429520221193362e-13
268, 399, 3.3642421336718376e-13
111, 399, 3.126833351613942e-13
86, 439, 3.1183820769675665e-13
111, 119, 3.0583122722921365e-13
128, 174, 3.0211557675387306e-13
111, 369, 2.616255917045307e-13
282, 399, 2.379466083629536e-13
98, 218, 2.2175448531382675e-13
86, 341, 1.6937731467161817e-13
86, 92, 1.2320602389799783e-13
98, 115, 1.1399944429862714e-13
98, 164, 1.0895834347929776e-13
115, 119, 1.0455025068735388e-13
144, 174, 9.535612537341446e-14
98, 339, 7.164958853318777e-14
268, 369, 6.890453365464576e-14
98, 224, 6.624492798942077e-14
90, 218, 6.222325703155315e-14
285, 522, 6.154931341250678e-14
98, 131, 5.4468702608389145e-14
285, 492, 5.444037079750221e-14
156, 369, 5.1961476429515975e-14
259, 399, 4.837069907561217e-14
270, 399, 4.7227829076897534e-14
259, 369, 4.7162456364087906e-14
292, 369, 4.479418954422609e-14
90, 115, 4.462457172976684e-14
115, 369, 4.278372593528365e-14
90, 164, 3.958974756507931e-14
156, 399, 3.88263449775304e-14
270, 369, 3.8307800614132974e-14
282, 369, 3.7605509033404123e-14
115, 399, 3.1968600908419397e-14
468, 492, 3.1226555534420344e-14
468, 638, 2.8621071118071486e-14
164, 369, 2.8349793262374146e-14
257, 492, 2.6705415381317138e-14
74, 303, 2.465195718633004e-14
90, 131, 2.1229203411712363e-14
164, 399, 2.1183357222330424e-14
90, 339, 1.8465493604868985e-14
90, 224, 1.816791986612966e-14
257, 583, 1.7734181455522188e-14
162, 583, 1.5742659674085738e-14
153, 174, 1.4942464311266917e-14
292, 589, 1.4907779033323456e-14
106, 589, 1.4250205003884935e-14
86, 119, 1.3604921582014762e-14
98, 341, 1.2355471704651378e-14
268, 589, 1.0528339896206732e-14
111, 589, 1.0358527753760501e-14
106, 174, 4.965146835870676e-15
90, 341, 3.184245564929694e-15
111, 174, 2.8841237451412003e-15
90, 92, 1.8912409116894768e-15
162, 174, 1.3022446439633744e-15
86, 369, 1.2342993904293151e-15
115, 174, 1.0043888612721088e-15
90, 455, 9.760977104349689e-16
86, 98, 9.023945928587367e-16
86, 399, 8.614677685114432e-16
86, 442, 6.13045113184429e-16
98, 119, 5.306179960466944e-16
86, 460, 3.262267379046542e-16
74, 115, 3.0539868560149296e-16
74, 164, 2.122372135085301e-16
90, 119, 2.077928347905857e-16
74, 218, 2.0136038488792723e-16
156, 174, 1.511268870571734e-16
74, 131, 1.4022739782778964e-16
86, 174, 9.500448547282383e-17
74, 224, 5.659633892302598e-17
74, 339, 5.502368993132587e-17
164, 174, 5.443821951499357e-17
98, 369, 4.0361861971987387e-17
90, 98, 1.3815278542575572e-17
74, 92, 1.2850619815556363e-17
90, 369, 1.040198430635597e-17
74, 341, 9.484135685520364e-18
98, 174, 4.463198037863229e-18
90, 174, 1.5577323947591753e-18
74, 119, 1.4145043599597435e-18
74, 98, 9.456539331672171e-20
74, 369, 1.713883330794157e-20
98, 439, 1.0911851429954966e-20
74, 174, 7.576273054034256e-21
98, 399, 1.2170865268873628e-22
