Gene = AT2G20515
index = 196
Annotated 5SS: [402]
Annotated 3SS: [488]
SMsplice 5SS: [402]
SMsplice 3SS: [488]
length: 1108
Partition function (logZ) = -3.6779111539286595
#Exons = 1862
3SS, 5SS, prob
488, -1, 0.9847592088651684
0, 402, 0.957310583853215
0, 13, 0.03987694278992231
103, 402, 0.036957796785136575
485, -1, 0.004216213384656477
488, 802, 0.003741464295851773
663, -1, 0.002714401456833271
884, -1, 0.002638469738010114
899, -1, 0.002366235750119228
488, 568, 0.0018823027702684226
0, 138, 0.0011079288424188868
500, -1, 0.001099518307963014
488, 642, 0.0010735079588547497
0, 362, 0.0010473332098199935
488, 809, 0.0008587849831705362
488, 526, 0.0007973495415687022
910, -1, 0.0005285624414835078
144, 402, 0.0004909605467604645
488, 582, 0.00047436119550866424
150, 402, 0.0003994983976387882
729, -1, 0.0003654734683793777
1065, -1, 0.0003552358594839595
137, 402, 0.00030243713718751115
0, 119, 0.0002799991725473501
111, 402, 0.0002626415717484201
488, 647, 0.00024831485601160234
340, 402, 0.00022261282769238448
724, -1, 0.0002065061913243091
103, -1, 0.00016716018258935219
488, 793, 0.00016634382551525148
0, 105, 0.0001486784548323244
488, 830, 0.00013528612917685368
620, -1, 0.0001238313465729477
210, 402, 0.00012164631480400529
103, 138, 0.00011993641124453926
849, -1, 0.00010959890736420098
0, 17, 0.00010901859270963039
604, -1, 0.0001018047532554667
293, 402, 7.951551083131387e-05
186, 402, 5.9633356355445115e-05
158, 402, 5.8916795721986786e-05
497, -1, 5.61852765041986e-05
103, 362, 4.986379487382831e-05
80, 402, 4.887730045762907e-05
0, 31, 4.778941735705227e-05
663, 802, 3.705895918424427e-05
217, 402, 3.648650459574991e-05
506, -1, 3.289432542462302e-05
504, -1, 3.166698925038324e-05
488, 562, 2.4520232579992377e-05
963, -1, 2.439956527963274e-05
945, -1, 2.2361041797327645e-05
0, 219, 2.182073744478037e-05
197, 402, 1.7452901995627334e-05
488, 850, 1.7425188421044904e-05
119, 402, 1.6719950392616233e-05
863, -1, 1.589501557589175e-05
485, 802, 1.5879663692410425e-05
701, -1, 1.5262835566450422e-05
0, 802, 1.4925154962243272e-05
0, 251, 1.4803304725157986e-05
103, 119, 1.3253297615213312e-05
673, -1, 1.2758836703479044e-05
488, 960, 1.1807057777596468e-05
488, 751, 1.1763587260566316e-05
488, 544, 1.00549399634844e-05
1018, -1, 8.989757985590689e-06
488, 839, 8.684491912027757e-06
485, 568, 8.367105824641938e-06
663, 809, 8.045889799539343e-06
729, 802, 7.684922612671357e-06
448, -1, 6.307236901422205e-06
103, 219, 6.092208725987543e-06
377, 402, 5.755408912622276e-06
724, 802, 4.669469753093277e-06
488, 759, 4.492605176201567e-06
485, 642, 4.448998773808488e-06
500, 802, 4.326204221470037e-06
103, 105, 4.043130480730472e-06
485, 526, 4.026207100100022e-06
488, 965, 3.7127719408759012e-06
745, -1, 3.6809889547869202e-06
485, 809, 3.6448875730179496e-06
0, 809, 3.5429653844140657e-06
0, 86, 3.421850800430406e-06
928, -1, 3.3542125176546044e-06
0, 526, 3.1372168643932956e-06
0, 307, 2.4709350502668194e-06
103, 251, 2.4293191735265434e-06
729, 809, 2.0513102684047066e-06
485, 582, 2.0236754901950577e-06
884, 960, 1.934732373838029e-06
144, -1, 1.8117530013970084e-06
571, -1, 1.782550780459446e-06
663, 793, 1.7654651466472603e-06
500, 568, 1.6172933099326925e-06
634, -1, 1.5425707644169309e-06
899, 960, 1.4829602203315792e-06
0, 568, 1.471071865391422e-06
356, 402, 1.4587095225740642e-06
160, 402, 1.4547626286524769e-06
150, -1, 1.4309834233591833e-06
500, 642, 1.366050427454808e-06
0, 642, 1.2804024152094245e-06
724, 809, 1.1942173534889236e-06
137, -1, 1.1555156205296382e-06
111, -1, 1.1416854157356275e-06
663, 830, 1.073225574967036e-06
485, 647, 1.0292842794019513e-06
488, 701, 1.0180103763262197e-06
488, 875, 9.943801717973152e-07
500, 809, 9.930013828133109e-07
620, 802, 9.470525301955713e-07
488, 842, 9.388071261623901e-07
631, -1, 8.316825101985275e-07
759, -1, 8.157311462247123e-07
0, 293, 7.733370550874442e-07
0, 301, 7.687011507577192e-07
488, 724, 7.599864895622436e-07
485, 793, 7.060027298455988e-07
695, -1, 6.763521926718661e-07
884, 965, 6.692072235177969e-07
144, 362, 6.624084259441593e-07
511, -1, 6.584981685763458e-07
604, 802, 6.394463318126993e-07
0, 793, 6.354857024306425e-07
0, 830, 6.17378369696279e-07
485, 830, 5.74186485210694e-07
899, 965, 5.637499295272318e-07
0, 284, 5.637376205607221e-07
80, 138, 5.4211425269505e-07
150, 362, 5.390068641833959e-07
111, 138, 5.277934566783864e-07
500, 582, 4.956493020469917e-07
500, 526, 4.5047234179132656e-07
488, 604, 4.4797152417974455e-07
137, 362, 4.080509305958151e-07
729, 830, 3.702611858580616e-07
111, 362, 3.5435839249676475e-07
701, 802, 3.4260205655628275e-07
0, 582, 3.3597544593595115e-07
219, 402, 3.305488529802352e-07
500, 647, 3.159004440107491e-07
0, 647, 3.156372805988497e-07
210, -1, 2.804780097253364e-07
340, -1, 2.731523373730255e-07
830, -1, 2.671319835747684e-07
729, 793, 2.5678272117593306e-07
910, 960, 2.507218495196542e-07
80, -1, 2.4780487174060016e-07
0, 123, 2.352038064466199e-07
210, 362, 2.2418586473853393e-07
497, 802, 2.191390489173512e-07
620, 809, 2.059850086844185e-07
158, -1, 2.0282192534047504e-07
673, 802, 2.0077150671623576e-07
724, 830, 1.9786454452105003e-07
500, 793, 1.9234110050373206e-07
488, 963, 1.841843635792441e-07
186, -1, 1.7865361500460618e-07
163, 402, 1.7693428703964818e-07
383, 402, 1.7475053183885997e-07
103, 307, 1.7369296003606177e-07
724, 793, 1.652217226215753e-07
500, 830, 1.5642950910961392e-07
663, 751, 1.4171842115782002e-07
604, 809, 1.3957634098578168e-07
226, 402, 1.3682217241067505e-07
506, 802, 1.3172733926849042e-07
0, 489, 1.2778827838685684e-07
177, 402, 1.26304827908169e-07
504, 802, 1.2606811061202134e-07
103, 802, 1.1896453313974675e-07
663, 850, 1.183439710451762e-07
485, 562, 1.1144037285180661e-07
778, -1, 1.1072534135522363e-07
0, 113, 1.0882278898703171e-07
186, 362, 1.0496959425374107e-07
232, 402, 1.0359955237612116e-07
910, 965, 1.0103387248683969e-07
0, 960, 1.006189304557528e-07
497, 568, 8.976774421497002e-08
0, 850, 8.753965532004124e-08
158, 362, 8.396839526230059e-08
217, -1, 7.702565347808489e-08
701, 809, 7.687134278987948e-08
103, 526, 7.471539168997433e-08
485, 850, 7.395664104288385e-08
293, 362, 7.381322859697154e-08
577, -1, 7.16125145408226e-08
521, -1, 7.072379506129033e-08
119, -1, 6.985125123431388e-08
80, 119, 6.914168265785941e-08
144, 219, 6.817351751611243e-08
497, 642, 6.756098728242107e-08
217, 362, 6.741035724739779e-08
663, 960, 6.6924733412408e-08
103, 293, 6.629686488070968e-08
80, 362, 6.594569741738169e-08
293, -1, 6.537557466952539e-08
663, 839, 6.422208296711219e-08
111, 119, 5.9190559438113577e-08
488, 870, 5.8849190708541036e-08
103, 301, 5.874332946137539e-08
663, 759, 5.614972638192305e-08
103, 284, 5.5212580343448115e-08
562, -1, 5.451129794796949e-08
497, 809, 5.029937734409172e-08
485, 960, 5.011195935050513e-08
745, 802, 5.010090635782135e-08
485, 751, 4.992746014474246e-08
485, 544, 4.8809062653552904e-08
137, 219, 4.7993746805895486e-08
488, 884, 4.755733783762258e-08
197, -1, 4.7199683515971987e-08
849, 960, 4.712843292509183e-08
150, 219, 4.709655265648355e-08
111, 219, 4.521159601318926e-08
620, 793, 4.515666801532026e-08
377, -1, 4.505132435894626e-08
673, 809, 4.3703605378026684e-08
506, 642, 4.360430164698722e-08
729, 850, 4.3227802230032276e-08
144, 251, 4.2889820592425806e-08
0, 839, 4.138287875099741e-08
504, 642, 4.108510509976616e-08
453, -1, 4.101810712074848e-08
504, 568, 4.09888109361588e-08
506, 568, 3.964982996844907e-08
485, 839, 3.685904768765502e-08
0, 751, 3.672886727921668e-08
604, 642, 3.64002144697098e-08
150, 251, 3.554686119571465e-08
340, 362, 3.4051720856864256e-08
0, 965, 3.24092203876913e-08
884, 963, 3.2075085158957285e-08
197, 362, 3.1915425749942184e-08
103, 568, 3.114342135201082e-08
604, 793, 3.041399097178881e-08
506, 809, 3.0235611485645935e-08
504, 809, 2.893663862309776e-08
620, 830, 2.7869513546804327e-08
497, 526, 2.7334649126036534e-08
103, 809, 2.7306141796830673e-08
497, 582, 2.6112609227455916e-08
899, 963, 2.6016616220818724e-08
137, 251, 2.5493765594542813e-08
448, 526, 2.4744870403447463e-08
729, 839, 2.3013658853311758e-08
724, 850, 2.2635254156693544e-08
119, 362, 2.255870883010267e-08
103, 642, 2.201297933120433e-08
0, 562, 2.139184432156588e-08
448, 802, 2.1271625250067062e-08
663, 965, 2.1044724015466867e-08
485, 489, 2.1000115013317942e-08
604, 830, 2.0962337851352515e-08
119, 138, 2.0788963961579575e-08
80, 105, 2.036924671257762e-08
500, 850, 2.0148508109676522e-08
500, 562, 1.923282556757881e-08
485, 759, 1.9067684109657373e-08
111, 251, 1.840028038153327e-08
620, 642, 1.8344253078623828e-08
549, -1, 1.6231655080330886e-08
0, 544, 1.5946821051663338e-08
485, 965, 1.5757886518680567e-08
497, 647, 1.5622344712877625e-08
745, 809, 1.536886112840537e-08
701, 793, 1.507912645935384e-08
729, 960, 1.467538628266996e-08
0, 759, 1.4576648921881309e-08
849, 965, 1.4401293817377811e-08
695, 802, 1.4252868264512774e-08
634, 802, 1.4132474599123666e-08
500, 960, 1.3652340143192342e-08
500, 751, 1.3602075776245463e-08
587, -1, 1.3577205452824694e-08
506, 582, 1.3510391081443573e-08
504, 582, 1.3482262127644186e-08
103, 123, 1.31978998149241e-08
534, -1, 1.2137575902346246e-08
724, 839, 1.2134775483275148e-08
604, 647, 1.1676849237357974e-08
448, 568, 1.118873013590598e-08
536, -1, 1.104892794194608e-08
701, 830, 1.0612417096540104e-08
504, 526, 1.0321053608472224e-08
506, 647, 1.0090016734249542e-08
500, 839, 1.0041759749730101e-08
497, 793, 9.742823887722655e-09
506, 526, 9.567492862867615e-09
673, 793, 9.507771237636661e-09
504, 647, 9.504283770729666e-09
863, 960, 9.379195382938654e-09
571, 802, 8.841988278748503e-09
724, 960, 7.955650803559383e-09
497, 830, 7.923762285369179e-09
631, 802, 7.326227741885112e-09
103, 582, 6.868835089256316e-09
80, 219, 6.830641667924364e-09
663, 842, 6.782439433689425e-09
500, 544, 6.265600453002071e-09
759, 802, 6.195976920521314e-09
620, 647, 5.963524521633844e-09
506, 793, 5.856538458260952e-09
673, 830, 5.827116020075347e-09
663, 875, 5.636343038347287e-09
0, 875, 5.633020328536033e-09
504, 793, 5.604931688893568e-09
103, 647, 5.2977118350121735e-09
103, 793, 5.289109818592088e-09
158, 251, 5.210905359788949e-09
158, 219, 5.203406780525726e-09
500, 759, 5.194738193875094e-09
488, 899, 5.107558723975672e-09
160, -1, 4.958575989866131e-09
448, 809, 4.882514140958822e-09
506, 830, 4.7630768135776725e-09
663, 724, 4.757204842010219e-09
729, 965, 4.614728193775636e-09
504, 830, 4.558447000616633e-09
910, 963, 4.5509023146420894e-09
0, 842, 4.538496894843064e-09
448, 642, 4.4722071730971675e-09
620, 751, 4.444037490069532e-09
485, 701, 4.320677984116466e-09
103, 830, 4.301591549504254e-09
500, 965, 4.293027642086853e-09
485, 875, 4.2203857799872126e-09
826, -1, 4.0940475446996256e-09
103, 113, 4.0254837846993706e-09
745, 830, 4.023130950208375e-09
485, 842, 3.984520566459982e-09
356, -1, 3.61797569686149e-09
620, 850, 3.541998500803962e-09
103, 489, 3.43812546311568e-09
485, 724, 3.2255632850497485e-09
695, 809, 3.1567220350239687e-09
144, 307, 3.1545330343829314e-09
186, 251, 3.1048566166768646e-09
634, 809, 3.071434793206602e-09
953, -1, 3.0423706546884923e-09
604, 751, 2.9888121252500087e-09
119, 219, 2.9486572343234203e-09
863, 965, 2.93654274161798e-09
945, 960, 2.8814624969792254e-09
604, 850, 2.7000010202665686e-09
150, 307, 2.6912458256150982e-09
80, 251, 2.67920330081381e-09
511, 802, 2.676305574279605e-09
571, 642, 2.560135657876568e-09
724, 965, 2.5016831145612526e-09
0, 701, 2.4997520573472043e-09
729, 842, 2.448152300820456e-09
620, 960, 2.400007387962848e-09
448, 582, 2.231293868818474e-09
160, 362, 2.10303905469796e-09
0, 724, 2.0841990514128514e-09
759, 809, 2.078428499431598e-09
729, 875, 2.0428900144789394e-09
571, 809, 2.029517363984476e-09
663, 701, 1.9579957142371357e-09
383, -1, 1.9159896026112235e-09
729, 751, 1.9059602906602375e-09
485, 604, 1.865557803550933e-09
137, 307, 1.8395995188933135e-09
604, 960, 1.8294819703272484e-09
620, 839, 1.7652869277152961e-09
210, 251, 1.720477467843953e-09
620, 759, 1.5957902030281217e-09
0, 963, 1.5923925884052453e-09
631, 809, 1.5923657541378943e-09
144, 802, 1.580367265260869e-09
385, 402, 1.5755646470836616e-09
745, 793, 1.4264258939988457e-09
724, 751, 1.3957045346211162e-09
604, 839, 1.3456461104691843e-09
111, 307, 1.3080608256213282e-09
724, 842, 1.287627538517489e-09
150, 802, 1.2859570780552827e-09
500, 701, 1.2703232186268168e-09
119, 251, 1.2462750327208077e-09
945, 965, 1.2189426095906862e-09
144, 293, 1.213632836052844e-09
186, 219, 1.203946608477486e-09
729, 759, 1.1777580568490663e-09
701, 850, 1.1693526949892518e-09
500, 875, 1.1497882531567097e-09
497, 562, 1.0917228459043772e-09
500, 842, 1.0855298971723117e-09
144, 301, 1.0712299174976356e-09
604, 759, 1.0708642861809733e-09
724, 875, 1.0640777923276068e-09
663, 963, 1.0439933185271685e-09
448, 647, 1.0372153036462992e-09
150, 293, 1.0360300403002913e-09
210, 307, 1.035667263466571e-09
497, 850, 1.0206002024466983e-09
144, 284, 1.0132927533511762e-09
144, 526, 9.925458968453645e-10
137, 802, 9.735237476088857e-10
448, 793, 9.45726923799881e-10
511, 642, 9.203734145242933e-10
150, 301, 9.142782246678791e-10
500, 724, 8.787620298955274e-10
0, 453, 8.727191910542013e-10
150, 284, 8.639966905612971e-10
724, 759, 8.607884039599697e-10
111, 802, 8.454246379401564e-10
928, 960, 8.386942739491705e-10
150, 526, 8.076422799939078e-10
485, 963, 7.817222134878583e-10
759, 830, 7.75079738473122e-10
448, 830, 7.691522927461364e-10
620, 965, 7.546909870155034e-10
849, 963, 7.230272271520142e-10
137, 293, 7.070517940457732e-10
571, 647, 6.994347048667162e-10
497, 960, 6.915440606404798e-10
497, 751, 6.889979752031543e-10
488, 873, 6.853910133521188e-10
219, -1, 6.803390178556085e-10
963, 965, 6.791753612708734e-10
634, 793, 6.743378521904233e-10
511, 568, 6.510922218427926e-10
695, 793, 6.471587872093224e-10
673, 850, 6.417029118702757e-10
701, 839, 6.360680020939113e-10
137, 301, 6.244705597842831e-10
340, 802, 6.232252278667546e-10
673, 751, 6.198297905583804e-10
511, 809, 6.142971991247287e-10
506, 850, 6.134960874813826e-10
137, 526, 6.11419270957386e-10
219, 362, 6.11020794599119e-10
163, -1, 5.941695898230395e-10
137, 284, 5.903560723199298e-10
504, 850, 5.87139260886489e-10
604, 965, 5.752872098803355e-10
103, 850, 5.540556427813764e-10
500, 604, 5.493074686053595e-10
745, 850, 5.470236135801681e-10
197, 251, 5.429698162263233e-10
111, 526, 5.3096693023502e-10
186, 307, 5.295484931563574e-10
210, 219, 5.117180138812958e-10
497, 839, 5.086541384457962e-10
0, 468, 5.0690084864783e-10
111, 293, 5.010014985853438e-10
701, 960, 4.910016878424319e-10
504, 562, 4.737262993945321e-10
340, 526, 4.726021110876521e-10
103, 562, 4.599779231333095e-10
506, 562, 4.521234822175105e-10
111, 301, 4.432133560070917e-10
695, 830, 4.297709863055436e-10
158, 307, 4.230040481581432e-10
111, 284, 4.1755559385189763e-10
506, 960, 4.1569615066393206e-10
506, 751, 4.141656655136765e-10
144, 568, 4.137203108688578e-10
634, 830, 4.119264326842256e-10
0, 472, 4.106399977048458e-10
620, 701, 4.0432691039235723e-10
504, 960, 3.9783714294931787e-10
504, 751, 3.9637241002232186e-10
177, -1, 3.9567786709001226e-10
571, 793, 3.9311083553002285e-10
103, 960, 3.754201577770246e-10
497, 544, 3.742066996187104e-10
103, 751, 3.740379583612574e-10
577, 802, 3.6362021260377e-10
144, 809, 3.627445213910155e-10
103, 544, 3.6015854280270896e-10
0, 604, 3.559553156914533e-10
928, 965, 3.549025844206838e-10
631, 793, 3.495017878520084e-10
673, 839, 3.484796072668535e-10
604, 701, 3.4815499965817865e-10
663, 870, 3.450494556771876e-10
210, 802, 3.3948378140855265e-10
778, 802, 3.382363200741043e-10
620, 724, 3.3767390992025827e-10
150, 568, 3.3664741974342073e-10
673, 960, 3.358786650094604e-10
210, 301, 3.296623807955541e-10
0, 870, 3.2545957644110155e-10
210, 293, 3.2516719660995444e-10
217, 251, 3.2469247009341287e-10
701, 751, 3.233630044845627e-10
571, 830, 3.197139605969899e-10
849, 875, 3.102438451013099e-10
506, 839, 3.057586340563243e-10
521, 802, 2.9621001845980944e-10
150, 809, 2.9516802521947456e-10
504, 839, 2.926227274675805e-10
144, 642, 2.9242826435534017e-10
217, 307, 2.877142930242597e-10
0, 884, 2.8130959357246306e-10
103, 839, 2.7613427368951675e-10
745, 839, 2.7478458482174197e-10
663, 884, 2.6956437552342035e-10
673, 759, 2.666384632187012e-10
497, 759, 2.631336684317742e-10
562, 802, 2.614437726354548e-10
163, 362, 2.613898204271966e-10
226, -1, 2.576114309806434e-10
137, 568, 2.548562959714798e-10
226, 362, 2.531237054977494e-10
485, 870, 2.497699518496698e-10
448, 489, 2.481801978251364e-10
511, 582, 2.417981681036555e-10
150, 642, 2.379511425207209e-10
604, 724, 2.3660484095629564e-10
729, 963, 2.2892889436705674e-10
137, 809, 2.2345464478529338e-10
111, 568, 2.2132155715529572e-10
80, 86, 2.1925765933396476e-10
80, 307, 2.1746325009143643e-10
497, 965, 2.1745852629748246e-10
631, 830, 2.138307656584702e-10
210, 526, 2.1321198033482807e-10
511, 647, 2.1320560609805938e-10
500, 963, 2.1296987175014228e-10
210, 284, 2.1280293806559326e-10
177, 362, 2.073475865965204e-10
0, 475, 2.0406957015951395e-10
620, 875, 2.021265419134036e-10
485, 884, 2.0184464457006632e-10
186, 293, 1.9748391089382352e-10
111, 809, 1.9405182732075414e-10
186, 802, 1.9195555513295008e-10
232, 362, 1.9144107714725297e-10
620, 842, 1.9083027127530327e-10
158, 802, 1.8964899714949503e-10
356, 362, 1.8851092247317823e-10
701, 759, 1.8156925764008808e-10
232, -1, 1.8068379261290008e-10
137, 642, 1.8013905126981984e-10
186, 301, 1.782046347062767e-10
197, 219, 1.7346049655238355e-10
448, 562, 1.7156941629666366e-10
745, 960, 1.701326529978005e-10
759, 793, 1.6319568034666238e-10
340, 568, 1.6315254098343213e-10
158, 293, 1.627064393275538e-10
506, 759, 1.5817307862620014e-10
197, 307, 1.5783335710061148e-10
80, 802, 1.5733257217355206e-10
186, 284, 1.5673563995743552e-10
111, 642, 1.5643582662747226e-10
701, 965, 1.54397253226213e-10
604, 875, 1.5407738576548492e-10
504, 759, 1.5137769640551344e-10
863, 963, 1.4617877972885679e-10
453, 526, 1.4580836609573818e-10
504, 544, 1.4546719050959005e-10
604, 842, 1.4546644416255782e-10
511, 526, 1.4449214011610618e-10
158, 301, 1.4373379011479525e-10
340, 809, 1.4304999981381872e-10
103, 759, 1.4284799616037921e-10
448, 544, 1.419977029042913e-10
453, 802, 1.4048819416603493e-10
759, 850, 1.3838984720937192e-10
506, 544, 1.353214698280399e-10
158, 284, 1.3521333074608187e-10
506, 965, 1.307171552123425e-10
160, 251, 1.2751364050831018e-10
729, 870, 1.2581530877587325e-10
504, 965, 1.251013257666257e-10
724, 963, 1.2410428641186638e-10
186, 526, 1.2055722920357594e-10
377, 526, 1.2027707108281807e-10
293, 802, 1.194647950142858e-10
158, 526, 1.1910860095580196e-10
511, 793, 1.189873462021394e-10
377, 802, 1.186761720411686e-10
778, 809, 1.1829039358679505e-10
160, 219, 1.1811980666274769e-10
103, 965, 1.1805222385533951e-10
340, 642, 1.1532045474091296e-10
521, 642, 1.093953556098523e-10
634, 642, 1.0791177313909956e-10
673, 965, 1.0561825871236093e-10
448, 850, 9.906871980984407e-11
80, 526, 9.881234722057385e-11
217, 219, 9.827615018320373e-11
511, 830, 9.677147582035028e-11
217, 802, 9.652591170035511e-11
562, 642, 9.296911188688709e-11
144, 582, 9.124805384462225e-11
729, 884, 9.093166118976763e-11
210, 568, 8.887259225538133e-11
119, 307, 8.845270864390398e-11
217, 301, 8.812074060051136e-11
577, 642, 8.669269029460195e-11
577, 809, 8.346239693042529e-11
217, 293, 8.159675343998962e-11
210, 809, 7.792231876349932e-11
453, 568, 7.626792898313576e-11
293, 526, 7.50295799687604e-11
80, 293, 7.487230341426057e-11
549, 802, 7.436361520394076e-11
150, 582, 7.42492478043654e-11
587, 802, 7.180015952431674e-11
830, 960, 7.135270041987186e-11
80, 301, 7.043420974836553e-11
144, 647, 7.037669248029965e-11
144, 793, 7.02624202278326e-11
80, 123, 6.826578785560354e-11
500, 870, 6.804651792498917e-11
631, 642, 6.802582536427058e-11
521, 809, 6.798961465434471e-11
701, 842, 6.715259718346276e-11
448, 960, 6.712754378797168e-11
448, 751, 6.688039762417745e-11
634, 751, 6.5546379257559e-11
724, 870, 6.554192544380986e-11
497, 701, 6.298365391649263e-11
210, 642, 6.281745715462133e-11
80, 284, 6.146264063957102e-11
759, 839, 6.110614200806136e-11
778, 830, 6.089475535382207e-11
217, 526, 6.062286893903158e-11
562, 809, 6.000965614765157e-11
111, 123, 5.850026429564521e-11
497, 875, 5.824124136411911e-11
150, 647, 5.7266059487901614e-11
150, 793, 5.717307527143782e-11
144, 830, 5.714387552274609e-11
137, 582, 5.62098122971251e-11
197, 293, 5.6201142009588546e-11
500, 884, 5.498990220035227e-11
497, 842, 5.498630602252562e-11
701, 875, 5.479654359903288e-11
119, 802, 5.3820337401099325e-11
945, 963, 5.3675983937563765e-11
197, 802, 5.3559702924413086e-11
745, 965, 5.349882690297075e-11
534, 802, 5.2931321937562616e-11
197, 301, 5.241117636634574e-11
402, -1, 5.191689045479807e-11
186, 568, 5.025155461537539e-11
158, 568, 4.964772669073482e-11
448, 839, 4.937458781705086e-11
217, 284, 4.93206541244889e-11
111, 582, 4.881356035402314e-11
536, 802, 4.849256550908109e-11
634, 850, 4.739778703410968e-11
724, 884, 4.7382146336017425e-11
695, 850, 4.723450867518931e-11
759, 960, 4.6653013199284744e-11
150, 830, 4.6498413888530914e-11
144, 489, 4.567328423325314e-11
497, 724, 4.4512710357106876e-11
186, 809, 4.405990145813024e-11
521, 568, 4.3738524724193334e-11
158, 809, 4.3530473084004074e-11
137, 647, 4.335282241905333e-11
137, 793, 4.328242944527134e-11
197, 284, 4.173222799102898e-11
80, 568, 4.118769231700985e-11
571, 850, 4.1179949771186356e-11
884, 899, 4.050252652598677e-11
506, 701, 4.0420508427201883e-11
504, 701, 3.8114330854805954e-11
111, 647, 3.7648330908550905e-11
111, 793, 3.7587200448694044e-11
620, 963, 3.743894894595866e-11
150, 489, 3.716470495741868e-11
673, 842, 3.6797540194942165e-11
80, 809, 3.6112826332739704e-11
377, 568, 3.610677301041253e-11
340, 582, 3.598409711449298e-11
186, 642, 3.551910435934558e-11
137, 830, 3.520126053902839e-11
571, 751, 3.5159395352598794e-11
158, 642, 3.5092303094498215e-11
506, 875, 3.500956948792296e-11
571, 582, 3.475096820438406e-11
634, 647, 3.46503721989599e-11
631, 751, 3.411855202184637e-11
119, 293, 3.3939729793562816e-11
119, 526, 3.380173471606047e-11
197, 526, 3.363804385375419e-11
504, 875, 3.350549933819573e-11
506, 842, 3.305298541877884e-11
0, 899, 3.246962584600249e-11
103, 701, 3.236891216236927e-11
453, 809, 3.2246506159714893e-11
634, 960, 3.211606075754498e-11
504, 842, 3.163297342049065e-11
103, 875, 3.1617560277789044e-11
293, 568, 3.127438363071638e-11
453, 642, 3.067477837387096e-11
111, 830, 3.056937544599201e-11
673, 875, 3.03088273222211e-11
549, 642, 3.0117348189606995e-11
119, 301, 3.000357415755547e-11
745, 842, 2.985769996222649e-11
103, 842, 2.985054584003463e-11
80, 642, 2.911253100378446e-11
340, 489, 2.9065378487561246e-11
663, 899, 2.8950650740346676e-11
604, 963, 2.853902968305954e-11
119, 284, 2.8296724611739736e-11
137, 489, 2.8135249197927932e-11
571, 960, 2.7902943398861694e-11
340, 647, 2.7753378073357695e-11
340, 793, 2.77083142757533e-11
497, 604, 2.751921225053019e-11
293, 809, 2.7420967798507017e-11
377, 809, 2.723995375877728e-11
103, 453, 2.6885865065398422e-11
745, 875, 2.6829090067635205e-11
506, 724, 2.6757170517711396e-11
863, 875, 2.5814732177687563e-11
695, 839, 2.5701484968729374e-11
504, 724, 2.560763734562451e-11
448, 759, 2.5542142366726804e-11
849, 884, 2.5448596945320984e-11
521, 647, 2.542988747687662e-11
217, 568, 2.5269271942923168e-11
631, 850, 2.51534167971938e-11
634, 839, 2.477798121704286e-11
577, 647, 2.4608530716015904e-11
111, 489, 2.4433130598957437e-11
103, 724, 2.416472022024324e-11
0, 477, 2.407880283507479e-11
562, 647, 2.402780179013408e-11
634, 759, 2.372677852346206e-11
340, 830, 2.253495477076611e-11
217, 809, 2.2155764935941636e-11
293, 642, 2.210554687225026e-11
377, 642, 2.19596215216506e-11
631, 647, 2.1930380035099282e-11
485, 899, 2.1677693120283037e-11
830, 965, 2.1602854285765034e-11
448, 965, 2.1108498470194987e-11
534, 642, 2.1082047658739196e-11
80, 113, 2.0916552438481467e-11
695, 960, 2.0805294684543356e-11
571, 839, 2.0523562333114304e-11
210, 582, 1.960128828676429e-11
536, 642, 1.9476780379760425e-11
385, -1, 1.930909387617867e-11
521, 582, 1.8887146428009915e-11
695, 751, 1.8400669383013973e-11
111, 113, 1.824500729719136e-11
217, 642, 1.7860977915910127e-11
778, 850, 1.7244066519722608e-11
549, 809, 1.7068813432810703e-11
631, 960, 1.7043594493919558e-11
506, 604, 1.689412280034937e-11
587, 809, 1.6480418871589067e-11
577, 793, 1.6166391662815548e-11
504, 604, 1.6148591650145144e-11
928, 963, 1.56448786312548e-11
453, 582, 1.5301188252838555e-11
163, 251, 1.5196120150977425e-11
210, 647, 1.5117843941354424e-11
210, 793, 1.5093296750818193e-11
673, 724, 1.5043669958777215e-11
103, 468, 1.4728575630792052e-11
759, 965, 1.4159455634049745e-11
119, 568, 1.4089488696777098e-11
197, 568, 1.4021257862661526e-11
849, 870, 1.3596425306047546e-11
293, 307, 1.3385084748024616e-11
521, 793, 1.3169364647199039e-11
577, 830, 1.3147999596887623e-11
631, 839, 1.2878707460611114e-11
571, 759, 1.2624205973973512e-11
163, 219, 1.2560915720053406e-11
511, 850, 1.2464405702286161e-11
119, 809, 1.2353478182454067e-11
631, 759, 1.2323106089441053e-11
197, 809, 1.2293654285451277e-11
210, 830, 1.2275259917889599e-11
534, 809, 1.214942087506824e-11
620, 870, 1.1962208971665119e-11
103, 472, 1.1752918199028925e-11
562, 793, 1.1623672941510802e-11
587, 642, 1.1254189364245615e-11
536, 809, 1.113058518312859e-11
186, 582, 1.1083228067024352e-11
158, 582, 1.095005084189668e-11
497, 963, 1.078775128362264e-11
521, 830, 1.0710541021402112e-11
160, 307, 1.0613122859638579e-11
634, 965, 1.0099011242100621e-11
119, 642, 9.958816661913284e-12
197, 642, 9.910589335693679e-12
695, 759, 9.8319960406856e-12
210, 489, 9.811225264965836e-12
620, 884, 9.666926707067771e-12
562, 830, 9.453442075194716e-12
604, 870, 9.118574279691738e-12
80, 582, 9.084148560135748e-12
778, 960, 9.04244450953416e-12
521, 526, 9.00050891693486e-12
778, 793, 8.794380004019546e-12
356, 802, 8.788996436959257e-12
571, 965, 8.77418127958306e-12
729, 899, 8.679020764273647e-12
745, 751, 8.673915195277814e-12
177, 251, 8.650926076331734e-12
186, 647, 8.548137746479354e-12
186, 793, 8.534257938829146e-12
511, 960, 8.445702550484679e-12
158, 647, 8.445422431211925e-12
158, 793, 8.431709404778911e-12
511, 751, 8.414607669484825e-12
701, 963, 7.659387723433579e-12
356, 526, 7.546426858145924e-12
759, 875, 7.504381552320194e-12
604, 884, 7.368922365721152e-12
144, 850, 7.36027266173679e-12
549, 647, 7.311446495883844e-12
377, 489, 7.235984751270015e-12
511, 562, 7.200495399702358e-12
377, 582, 7.187370562732266e-12
453, 647, 7.108379019531243e-12
80, 647, 7.0063119455748105e-12
80, 793, 6.994935635900529e-12
186, 830, 6.940845074139314e-12
759, 842, 6.918356107506435e-12
103, 604, 6.9104327856134475e-12
293, 582, 6.897719465355361e-12
158, 830, 6.857443155363938e-12
695, 965, 6.5423000193153964e-12
830, 850, 6.5038177208850175e-12
506, 963, 6.4846579388861075e-12
849, 899, 6.3533795689570356e-12
453, 793, 6.246042140029977e-12
511, 839, 6.212101005404541e-12
504, 963, 6.206066097291628e-12
144, 562, 6.110510698248548e-12
150, 850, 5.989110843937182e-12
500, 899, 5.90580060795133e-12
778, 839, 5.898315844369286e-12
103, 963, 5.856372022349557e-12
448, 701, 5.787770111798267e-12
103, 475, 5.775734908938533e-12
80, 830, 5.688926313261024e-12
448, 875, 5.653423552383349e-12
217, 582, 5.573262482617539e-12
186, 489, 5.547596955756944e-12
383, 526, 5.489702609149227e-12
158, 489, 5.4809364517750006e-12
673, 701, 5.4157715849356785e-12
631, 965, 5.35941981488066e-12
448, 842, 5.337469982530627e-12
293, 647, 5.319989426353107e-12
293, 793, 5.311351237296157e-12
377, 647, 5.2848705791826014e-12
377, 793, 5.276289413404649e-12
745, 759, 5.2475693939780505e-12
673, 963, 5.239543950737455e-12
383, 802, 5.1631283546552896e-12
453, 830, 5.079857104300456e-12
144, 960, 4.987215201130041e-12
150, 562, 4.97216985929417e-12
144, 751, 4.968853571381322e-12
534, 647, 4.945358371730603e-12
144, 544, 4.784474467535993e-12
160, 802, 4.6827779792434515e-12
536, 647, 4.5804180956779345e-12
80, 489, 4.5469780638903046e-12
137, 850, 4.534009519549523e-12
724, 899, 4.5250529779050366e-12
571, 701, 4.504722431897609e-12
634, 724, 4.457965955158942e-12
701, 724, 4.374625977856343e-12
448, 724, 4.320807716648746e-12
293, 830, 4.319680320966315e-12
177, 219, 4.317341445428533e-12
217, 647, 4.298478305291338e-12
217, 793, 4.291498767310583e-12
377, 830, 4.29116481447566e-12
160, 293, 4.07955879592732e-12
150, 960, 4.0581356173683055e-12
150, 751, 4.043194617096385e-12
111, 850, 3.937411250518739e-12
663, 873, 3.937210136282535e-12
150, 544, 3.893163912938354e-12
293, 489, 3.864826176986124e-12
0, 873, 3.845513563330982e-12
634, 701, 3.825803063463836e-12
137, 562, 3.7641423013030884e-12
534, 568, 3.712975989916467e-12
144, 839, 3.66826612468501e-12
160, 301, 3.6059002678589287e-12
562, 568, 3.502325661597896e-12
217, 830, 3.49024230264235e-12
497, 870, 3.446820458964086e-12
587, 647, 3.387524588408873e-12
160, 284, 3.386177234339023e-12
701, 870, 3.371968216026089e-12
587, 793, 3.3250438884393718e-12
549, 793, 3.3061729991336224e-12
111, 562, 3.2688454185638356e-12
511, 759, 3.213603906212971e-12
119, 582, 3.1075061810398836e-12
197, 582, 3.092457534256817e-12
137, 960, 3.0721798277280084e-12
293, 301, 3.0647162110158333e-12
137, 751, 3.0608688603357363e-12
536, 568, 3.0187743951005557e-12
150, 839, 2.9848965433047254e-12
137, 544, 2.9472892892436693e-12
160, 526, 2.941007556473715e-12
485, 873, 2.908962355166427e-12
340, 850, 2.9025579734563583e-12
571, 724, 2.8072034167588924e-12
217, 489, 2.7896397868229055e-12
497, 884, 2.7854521542093917e-12
778, 965, 2.7359273279770478e-12
695, 842, 2.712569993260746e-12
634, 875, 2.7047867991412124e-12
549, 830, 2.688884580214291e-12
111, 960, 2.6679333965127486e-12
111, 751, 2.658110759380544e-12
511, 965, 2.655781655436848e-12
745, 963, 2.653986709195829e-12
634, 842, 2.623404860603572e-12
587, 830, 2.5961935991464624e-12
219, 251, 2.5705096890651993e-12
111, 544, 2.5594763213365255e-12
219, 307, 2.5296104195327695e-12
701, 884, 2.4437741915214264e-12
340, 562, 2.4097084937212837e-12
631, 724, 2.401155521071179e-12
119, 647, 2.3967196851789426e-12
119, 793, 2.3928280763620867e-12
197, 647, 2.385113147370469e-12
197, 793, 2.381240384355727e-12
119, 123, 2.3625458252522993e-12
534, 793, 2.3533028473465727e-12
571, 875, 2.3499617070781667e-12
356, 568, 2.3008489343291017e-12
137, 839, 2.2596925812308356e-12
631, 701, 2.233256208942355e-12
571, 842, 2.2186291112644996e-12
695, 875, 2.216041700671178e-12
536, 793, 2.155957726169641e-12
549, 568, 2.120929964329698e-12
863, 884, 2.1014038005645973e-12
506, 870, 2.071928714844336e-12
511, 544, 2.0454188228944745e-12
356, 809, 2.017354051879745e-12
340, 544, 1.993052418657364e-12
504, 870, 1.982915162894344e-12
340, 960, 1.966731656917579e-12
111, 839, 1.9623556046119673e-12
340, 751, 1.959490662285714e-12
119, 830, 1.946068315033687e-12
197, 830, 1.9366441359709575e-12
534, 830, 1.9139227561482077e-12
144, 759, 1.8976437017138925e-12
448, 604, 1.8857779055870514e-12
103, 870, 1.8711835646956796e-12
673, 870, 1.860174474817663e-12
534, 582, 1.8187577993339972e-12
536, 830, 1.7534235162559673e-12
562, 582, 1.745715794202733e-12
830, 839, 1.700517495492144e-12
577, 850, 1.6934949039460567e-12
506, 884, 1.674371604451349e-12
745, 870, 1.6464419442713929e-12
383, 568, 1.6446046648667606e-12
356, 642, 1.6262998038376935e-12
830, 875, 1.6229440811446341e-12
504, 884, 1.6024377764539803e-12
210, 850, 1.5810838722934024e-12
144, 965, 1.568247823517874e-12
119, 489, 1.5554305772362542e-12
197, 489, 1.5478981303194277e-12
150, 759, 1.5441273705724296e-12
577, 751, 1.5149754757858748e-12
103, 884, 1.512144990798053e-12
536, 582, 1.4958281687853253e-12
340, 839, 1.446597915361986e-12
631, 875, 1.4353967550718281e-12
729, 873, 1.4307635819659395e-12
521, 850, 1.3795442040128547e-12
631, 842, 1.3642254099018601e-12
673, 884, 1.3619103430487251e-12
778, 875, 1.3497987835729438e-12
163, 307, 1.3221242833772962e-12
210, 562, 1.3126184803862104e-12
150, 965, 1.2760953944871213e-12
160, 568, 1.2258924896059766e-12
453, 489, 1.2249299469895744e-12
562, 850, 1.2176267470285896e-12
745, 884, 1.197485250175112e-12
383, 809, 1.1851020740933015e-12
137, 759, 1.1689695482359658e-12
453, 562, 1.1638115315928885e-12
577, 960, 1.1474878603210643e-12
863, 870, 1.1467405352488337e-12
830, 963, 1.0882309153651626e-12
549, 582, 1.083917963276168e-12
160, 809, 1.0748463943795104e-12
210, 960, 1.0713197573719435e-12
210, 751, 1.0673754365568132e-12
177, 307, 1.0522189436577818e-12
448, 963, 1.0471570618283436e-12
620, 899, 1.0382077315870488e-12
210, 544, 1.027768367515305e-12
577, 582, 1.0157535571011596e-12
111, 759, 1.01515310695585e-12
826, 960, 9.894353533463321e-13
562, 751, 9.699665492919116e-13
137, 965, 9.660580371984443e-13
383, 642, 9.553758145872894e-13
521, 960, 9.34759368447129e-13
521, 751, 9.313178274798007e-13
453, 544, 9.225744060584413e-13
226, 307, 9.116952380089414e-13
186, 850, 8.939980318311327e-13
158, 850, 8.832556581806998e-13
160, 642, 8.66492660872426e-13
219, 802, 8.610826610824282e-13
511, 701, 8.527451021526678e-13
577, 839, 8.440162849899221e-13
111, 965, 8.389412875994861e-13
562, 960, 8.250464216702774e-13
500, 873, 7.925082964466795e-13
604, 899, 7.914068664618066e-13
210, 839, 7.879920589315658e-13
219, 301, 7.64912476617643e-13
340, 759, 7.4834467557472e-13
724, 873, 7.452451720478495e-13
186, 562, 7.42198664203864e-13
158, 562, 7.332803275970181e-13
80, 850, 7.327477955439517e-13
778, 842, 7.170843210674615e-13
759, 963, 7.12347047506565e-13
511, 875, 7.112897481568533e-13
219, 293, 6.945617973286293e-13
521, 839, 6.875472558773082e-13
103, 477, 6.764799715255332e-13
511, 842, 6.715378114679626e-13
226, 251, 6.615531027451128e-13
453, 850, 6.54298173308688e-13
340, 965, 6.184458692911035e-13
80, 562, 6.083284478122607e-13
562, 839, 6.068496581458721e-13
186, 960, 6.057602454467297e-13
186, 751, 6.035299937140906e-13
158, 960, 5.984813671187379e-13
158, 751, 5.962779143236688e-13
232, 307, 5.85394320438277e-13
186, 544, 5.811348239256887e-13
158, 544, 5.741518472326644e-13
163, 802, 5.695389521312293e-13
377, 562, 5.583194944196456e-13
293, 850, 5.563855213354451e-13
863, 899, 5.545880189333658e-13
377, 850, 5.527126534919697e-13
577, 759, 5.437086442188508e-13
511, 724, 5.436256817010649e-13
219, 526, 5.408009143754167e-13
163, 293, 5.074970066921239e-13
356, 582, 5.074635736570211e-13
377, 544, 5.028431362540421e-13
634, 963, 5.00994940714597e-13
80, 960, 4.964993978455425e-13
80, 751, 4.946714161471317e-13
80, 544, 4.763156584060653e-13
356, 489, 4.649974620369946e-13
521, 562, 4.623612865922194e-13
293, 562, 4.619121922133506e-13
759, 870, 4.570261174697098e-13
217, 850, 4.4955185079720637e-13
163, 301, 4.490619648989343e-13
186, 839, 4.4555722952352597e-13
453, 960, 4.4334305887340756e-13
453, 751, 4.4171078499502386e-13
158, 839, 4.402033673540648e-13
571, 963, 4.352723573233194e-13
144, 701, 4.300001676417455e-13
163, 284, 4.2039384018611726e-13
144, 875, 4.2001894137418366e-13
219, 284, 4.10310923550467e-13
210, 759, 4.0763895442849187e-13
177, 802, 4.06566305149291e-13
177, 293, 3.9879985801173607e-13
144, 842, 3.9654529169919976e-13
356, 647, 3.913903515030295e-13
356, 793, 3.9075484199719933e-13
293, 960, 3.7699885007222124e-13
293, 751, 3.7561083832186844e-13
377, 960, 3.745101674944779e-13
217, 562, 3.732186998987565e-13
377, 751, 3.7313131842634605e-13
80, 839, 3.6519216608712347e-13
293, 544, 3.6167305795271626e-13
577, 965, 3.608317000345075e-13
163, 526, 3.5769758236427913e-13
144, 453, 3.5716141547552267e-13
177, 301, 3.5588313894979653e-13
521, 759, 3.5567749868700797e-13
150, 701, 3.4989446522899474e-13
562, 759, 3.488248416337993e-13
549, 850, 3.463349919002095e-13
150, 875, 3.4177266414605235e-13
511, 604, 3.402658426713116e-13
759, 884, 3.3807952321191046e-13
226, 802, 3.375770412130826e-13
210, 965, 3.3688036510025844e-13
448, 870, 3.3457968111835907e-13
587, 850, 3.3439616402579505e-13
232, 251, 3.336142109069364e-13
383, 582, 3.2641937027676405e-13
453, 839, 3.260938738137976e-13
177, 284, 3.250535832532212e-13
695, 963, 3.245524865493901e-13
383, 489, 3.238902111814262e-13
587, 751, 3.2346254379764823e-13
150, 842, 3.226719736857543e-13
144, 724, 3.210127573518018e-13
356, 830, 3.1779784952743676e-13
448, 472, 3.089049922685696e-13
217, 960, 3.046098870286861e-13
448, 468, 3.0456049672571606e-13
217, 751, 3.0348839261991233e-13
826, 965, 2.992679070047275e-13
497, 899, 2.991517418200394e-13
340, 453, 2.955056143881895e-13
521, 965, 2.939384578287258e-13
217, 544, 2.9222685772964917e-13
953, 960, 2.9086990784040285e-13
150, 453, 2.906250087147772e-13
826, 830, 2.8555163379776123e-13
293, 839, 2.7729545547819484e-13
377, 839, 2.7546494493737016e-13
448, 884, 2.703812701070953e-13
160, 582, 2.7037663116989765e-13
695, 724, 2.659740173240382e-13
631, 963, 2.6587179160940075e-13
137, 701, 2.6488486814230544e-13
226, 301, 2.6239730732560736e-13
150, 724, 2.612105657569734e-13
562, 965, 2.5943882565814403e-13
137, 875, 2.587363221585179e-13
177, 526, 2.553429995937672e-13
119, 850, 2.5065841765165415e-13
549, 751, 2.5051550806252954e-13
197, 850, 2.4944456005309035e-13
534, 850, 2.4651799007132814e-13
137, 842, 2.442762938448612e-13
232, 802, 2.439269607568877e-13
549, 960, 2.346716236841677e-13
701, 899, 2.342775723011984e-13
448, 453, 2.325851237881384e-13
186, 759, 2.304927836801945e-13
111, 701, 2.3003054039006727e-13
383, 647, 2.299237047230987e-13
383, 793, 2.295503723213006e-13
158, 759, 2.2772315833667095e-13
587, 960, 2.2658204513248055e-13
536, 850, 2.2584529055975726e-13
219, 568, 2.254206310505926e-13
111, 875, 2.246910381180673e-13
217, 839, 2.240509151436398e-13
226, 293, 2.2195517600712421e-13
137, 453, 2.200153896743931e-13
830, 842, 2.1855606405332473e-13
111, 842, 2.1213370273543937e-13
226, 526, 2.120144566965171e-13
160, 647, 2.085328094570066e-13
160, 793, 2.081942099433025e-13
119, 562, 2.0809703839219643e-13
197, 562, 2.0708929177966628e-13
137, 724, 1.9774741570327435e-13
219, 809, 1.9764584134238364e-13
144, 468, 1.9565964894326985e-13
577, 701, 1.9345040442126485e-13
111, 453, 1.9106511948331555e-13
186, 965, 1.9048349593581458e-13
849, 873, 1.8959052438877558e-13
80, 759, 1.8891884894256236e-13
158, 965, 1.8819462636929885e-13
383, 830, 1.866915181628245e-13
402, 526, 1.842757369686734e-13
448, 475, 1.8184866112563375e-13
506, 899, 1.7982401211547964e-13
549, 839, 1.7260894765287159e-13
504, 899, 1.720984692772456e-13
111, 724, 1.717272308304355e-13
119, 960, 1.6984254908140204e-13
340, 701, 1.69572578698682e-13
160, 830, 1.6932271873042952e-13
119, 751, 1.692172329729043e-13
197, 960, 1.6902005658067656e-13
453, 759, 1.6869277330945464e-13
197, 751, 1.6839776867572855e-13
534, 960, 1.6703705473129092e-13
587, 839, 1.666587879410131e-13
534, 751, 1.6642206772359217e-13
340, 875, 1.656364354035575e-13
119, 544, 1.6293809406842318e-13
103, 899, 1.6240121274317213e-13
197, 544, 1.6214903760890463e-13
232, 301, 1.60972335441813e-13
634, 870, 1.600741031278839e-13
219, 642, 1.593331585523869e-13
150, 468, 1.592097710318473e-13
340, 842, 1.5637949178726373e-13
144, 472, 1.5612995489349267e-13
80, 965, 1.561260279830672e-13
232, 526, 1.5319774672075546e-13
536, 960, 1.530295300116602e-13
536, 751, 1.5246611506817475e-13
402, 802, 1.5005986717967578e-13
163, 568, 1.490981479477561e-13
340, 468, 1.4661915069106535e-13
673, 899, 1.4529614726892515e-13
293, 759, 1.434486912116466e-13
377, 759, 1.4250174334018726e-13
453, 965, 1.3941082530235275e-13
620, 873, 1.3931866233513796e-13
571, 870, 1.3907492182557207e-13
778, 963, 1.378272615752903e-13
695, 870, 1.3634805697230506e-13
160, 489, 1.353342696654125e-13
511, 963, 1.3174885551862546e-13
163, 809, 1.30727293044937e-13
571, 604, 1.296605952561196e-13
634, 884, 1.2935943740008603e-13
232, 293, 1.2819272369520522e-13
150, 472, 1.270441529669352e-13
340, 724, 1.2659288334201718e-13
119, 839, 1.2492496196760939e-13
197, 839, 1.243199908050394e-13
562, 701, 1.2430699057136469e-13
521, 544, 1.241279886830733e-13
830, 884, 1.2395058092094736e-13
534, 839, 1.2286142561065176e-13
953, 965, 1.2185570777543487e-13
226, 284, 1.2133071660738339e-13
577, 724, 1.2111130275314553e-13
137, 468, 1.2052851187325046e-13
293, 965, 1.1854864934654063e-13
826, 850, 1.1814864621178809e-13
377, 965, 1.1776607412598697e-13
587, 759, 1.1604140910674267e-13
217, 759, 1.1590457004317595e-13
745, 899, 1.1411998257735608e-13
340, 472, 1.1357244912645785e-13
536, 839, 1.1255841554441956e-13
571, 884, 1.1238953267440305e-13
177, 568, 1.0643395484871816e-13
604, 873, 1.0620008177916122e-13
163, 642, 1.0538644460406608e-13
111, 468, 1.0466901681873075e-13
521, 701, 1.019303774538202e-13
695, 884, 9.88849050895963e-14
577, 875, 9.664043296599132e-14
137, 472, 9.617778230608348e-14
217, 965, 9.578567859805226e-14
177, 809, 9.331989026661395e-14
210, 701, 9.236972071376992e-14
144, 604, 9.180065247127218e-14
695, 701, 9.179389436328985e-14
577, 842, 9.123947733179884e-14
549, 759, 9.049453862823794e-14
210, 875, 9.022562135731627e-14
226, 568, 8.837343160851348e-14
210, 842, 8.518317107990704e-14
631, 870, 8.494933806751412e-14
111, 472, 8.352242765902648e-14
778, 870, 7.889532819408983e-14
521, 875, 7.872462377115823e-14
144, 963, 7.779813355329061e-14
226, 809, 7.74846612804407e-14
562, 724, 7.729755923203741e-14
144, 475, 7.672692139419936e-14
210, 453, 7.672299380286552e-14
177, 642, 7.523028448741369e-14
150, 604, 7.469890158477749e-14
521, 842, 7.432493114502787e-14
549, 965, 7.379333921678615e-14
830, 870, 7.239112232316687e-14
587, 965, 7.124954203835569e-14
562, 875, 6.948469449162487e-14
210, 724, 6.895778414404611e-14
631, 884, 6.864944650756064e-14
232, 284, 6.60235581067595e-14
562, 842, 6.560139491724537e-14
119, 759, 6.462537318909453e-14
197, 759, 6.431241342081489e-14
521, 724, 6.400885085279952e-14
232, 568, 6.385701618349854e-14
534, 759, 6.355787790987019e-14
778, 884, 6.348641607179312e-14
150, 963, 6.330494354160768e-14
226, 642, 6.246463744100528e-14
150, 475, 6.243328991503398e-14
536, 759, 5.822799139228302e-14
385, 526, 5.6634813117121875e-14
137, 604, 5.655021917454206e-14
232, 809, 5.5988991027042e-14
402, 568, 5.5412226192656397e-14
340, 475, 5.454895204655712e-14
119, 965, 5.3407602679203344e-14
197, 965, 5.314896694320578e-14
534, 965, 5.2525404853158735e-14
385, 802, 5.2425883596470277e-14
186, 701, 5.222894873952457e-14
158, 701, 5.160136024072245e-14
186, 875, 5.101660280499831e-14
158, 875, 5.0403581981468645e-14
219, 582, 4.971763130651185e-14
111, 604, 4.9109175496231635e-14
186, 842, 4.816543171748902e-14
536, 965, 4.812068813881762e-14
137, 963, 4.7924512357748724e-14
377, 453, 4.764270982488411e-14
158, 842, 4.758667086330281e-14
137, 475, 4.726463379753879e-14
232, 642, 4.513579807149139e-14
186, 453, 4.338176276282018e-14
158, 453, 4.286048297402932e-14
80, 701, 4.280842428039472e-14
511, 870, 4.2095394925920566e-14
210, 468, 4.203027926003425e-14
80, 875, 4.181474892616464e-14
111, 963, 4.161846447816287e-14
111, 475, 4.1045414674066994e-14
356, 850, 4.0933149920930114e-14
587, 701, 4.075263790446341e-14
497, 873, 4.0143623706100256e-14
293, 453, 3.992175474668607e-14
80, 842, 3.947784296585519e-14
186, 724, 3.8991051888215853e-14
158, 724, 3.852253133951962e-14
701, 873, 3.8362830160357577e-14
219, 647, 3.8345611789872885e-14
219, 793, 3.8283349139028927e-14
534, 562, 3.827362774696707e-14
453, 701, 3.8225258375690974e-14
453, 875, 3.733796813327959e-14
340, 604, 3.6202016969315913e-14
80, 453, 3.5557003370754426e-14
356, 562, 3.539693553513702e-14
453, 842, 3.525125656577553e-14
521, 604, 3.4631605862293595e-14
402, 809, 3.4443509364328425e-14
511, 884, 3.401822342494175e-14
210, 472, 3.3538778386200166e-14
163, 582, 3.2884331454500006e-14
293, 701, 3.2505027794884083e-14
759, 899, 3.2421759400577094e-14
377, 701, 3.229045234897307e-14
80, 724, 3.1958244089766304e-14
549, 701, 3.187810280771753e-14
377, 468, 3.187073874872818e-14
293, 875, 3.175051637449685e-14
356, 544, 3.1638289326091e-14
377, 875, 3.154092168496284e-14
219, 830, 3.113554771812304e-14
536, 562, 3.108588142400142e-14
340, 963, 3.0680058096087105e-14
826, 839, 3.0627710007937967e-14
293, 842, 2.9976071403190636e-14
377, 842, 2.977819035756936e-14
448, 899, 2.9038383511925765e-14
826, 875, 2.877891703225632e-14
453, 724, 2.853672280865042e-14
402, 642, 2.7766802991519893e-14
356, 960, 2.7735715359711298e-14
356, 751, 2.7633599666742094e-14
217, 701, 2.6263615505901824e-14
587, 724, 2.5888283388681468e-14
377, 472, 2.5808209386338563e-14
217, 875, 2.5653980652952054e-14
383, 562, 2.5444679821472873e-14
163, 647, 2.5362628403389075e-14
163, 793, 2.5321446520950493e-14
219, 489, 2.488565410866819e-14
144, 870, 2.4857469490217486e-14
830, 899, 2.429970657019799e-14
293, 724, 2.4266336121353077e-14
217, 842, 2.4220253515204393e-14
506, 873, 2.413085557104204e-14
377, 724, 2.4106146752289207e-14
383, 850, 2.404632980773267e-14
448, 477, 2.402366536876585e-14
186, 468, 2.3765334397649472e-14
158, 468, 2.3479767659315634e-14
177, 582, 2.3474533369019193e-14
504, 873, 2.3094153318410694e-14
383, 544, 2.2931371845639136e-14
549, 562, 2.1983400286056497e-14
217, 453, 2.1814759145414926e-14
160, 850, 2.1809185433817046e-14
103, 873, 2.1792863829280633e-14
673, 873, 2.1194173584211143e-14
163, 830, 2.059373393852849e-14
356, 839, 2.0400560431978386e-14
150, 870, 2.0226715356706443e-14
534, 701, 2.0156546324674786e-14
144, 884, 2.008787308884935e-14
549, 724, 1.9860996602714856e-14
549, 875, 1.9763840735818045e-14
210, 604, 1.971999377725369e-14
217, 724, 1.960686591778572e-14
226, 582, 1.9491195945668357e-14
80, 468, 1.9478786048974158e-14
293, 468, 1.9447306652381214e-14
587, 875, 1.9082543442155438e-14
186, 472, 1.8963954027177246e-14
745, 873, 1.8766652897728773e-14
536, 701, 1.875773606546529e-14
158, 472, 1.873608117645946e-14
549, 842, 1.8659296564198264e-14
160, 562, 1.8106022295372287e-14
177, 647, 1.8105153440785954e-14
177, 793, 1.8075755687182813e-14
587, 842, 1.8016075015271418e-14
577, 963, 1.7900252988443304e-14
385, 568, 1.6958866345986195e-14
210, 963, 1.671206759704615e-14
210, 475, 1.648195706359424e-14
163, 489, 1.645991727011943e-14
150, 884, 1.6345657841386622e-14
383, 960, 1.6293448226714532e-14
383, 751, 1.623345998646353e-14
863, 873, 1.584994516008497e-14
80, 472, 1.554342964239965e-14
137, 870, 1.5312476654086694e-14
826, 963, 1.508070198795948e-14
293, 472, 1.5042940453452412e-14
226, 647, 1.5032933255511933e-14
226, 793, 1.5008523936407103e-14
160, 960, 1.4777591282077676e-14
160, 751, 1.4723184032990463e-14
177, 830, 1.4700870388731473e-14
119, 701, 1.4643908801279622e-14
521, 963, 1.4581791892630044e-14
197, 701, 1.4572993090019482e-14
119, 875, 1.430399226592412e-14
197, 875, 1.4234722660440754e-14
160, 544, 1.4176851274587508e-14
232, 582, 1.4083979679005495e-14
534, 875, 1.4067715963530365e-14
634, 899, 1.3892933310886453e-14
119, 842, 1.3504583309972163e-14
197, 842, 1.3439184983357606e-14
111, 870, 1.329761607053193e-14
534, 842, 1.3281511810035046e-14
453, 604, 1.2960282625894658e-14
536, 875, 1.2888014373216262e-14
562, 963, 1.2870323238954074e-14
377, 475, 1.2721117420829165e-14
534, 724, 1.2590701928409743e-14
137, 884, 1.2374352418467922e-14
226, 830, 1.2206314852537229e-14
536, 842, 1.2167740346018234e-14
119, 453, 1.2163342224361927e-14
197, 453, 1.2104439094272303e-14
571, 899, 1.2070400997941743e-14
385, 809, 1.2033406709777442e-14
383, 839, 1.1984384425765971e-14
217, 468, 1.1950529735949119e-14
177, 489, 1.174993865219177e-14
536, 724, 1.1712157844903745e-14
186, 604, 1.115034814630971e-14
158, 604, 1.1016364399304518e-14
402, 582, 1.0957801591048036e-14
119, 724, 1.0932278395350948e-14
197, 724, 1.0879336908988205e-14
160, 839, 1.086942017104122e-14
232, 647, 1.0862521062158208e-14
232, 793, 1.0844883337145973e-14
111, 884, 1.0746098838186799e-14
356, 759, 1.0553485952031887e-14
534, 544, 1.029647112994187e-14
340, 870, 9.802659437314041e-15
226, 489, 9.756119664627902e-15
385, 642, 9.700789483816831e-15
217, 472, 9.536129082844598e-15
695, 899, 9.506989883714267e-15
186, 963, 9.449565454055511e-15
158, 963, 9.336018489378523e-15
186, 475, 9.31945321420879e-15
158, 475, 9.207469691784584e-15
80, 604, 9.139162204888827e-15
402, 489, 9.137072979014837e-15
144, 477, 8.986601085112579e-15
232, 830, 8.820058595577484e-15
356, 965, 8.721595818989903e-15
536, 544, 8.412725082508747e-15
340, 884, 7.92174677263395e-15
80, 963, 7.745149327817993e-15
80, 475, 7.63850540520701e-15
631, 899, 7.372807128165321e-15
150, 477, 7.312466872155952e-15
293, 475, 7.222561741177888e-15
232, 489, 7.0495926204621445e-15
293, 604, 6.939492085624745e-15
453, 963, 6.915936271677746e-15
377, 604, 6.893682415254205e-15
402, 647, 6.682444871063213e-15
402, 793, 6.671594431798626e-15
119, 468, 6.66330450736661e-15
197, 468, 6.631036280017262e-15
562, 604, 6.4910484299216195e-15
340, 477, 6.2906575200378164e-15
778, 899, 6.269512593503334e-15
383, 759, 6.19968422449874e-15
293, 963, 5.8809988549742115e-15
377, 963, 5.842176616160223e-15
577, 870, 5.719353051350739e-15
160, 759, 5.622898128916258e-15
217, 604, 5.6070141854110955e-15
137, 477, 5.535845849857443e-15
402, 830, 5.425955446919377e-15
953, 963, 5.384861669467658e-15
210, 870, 5.339713068147952e-15
119, 472, 5.3170975098621505e-15
197, 472, 5.291348527341962e-15
759, 873, 5.2347930065647934e-15
383, 965, 5.123533613178856e-15
111, 477, 4.807423018496803e-15
217, 963, 4.751766209595464e-15
217, 475, 4.6863385507507524e-15
534, 604, 4.6726938139136335e-15
521, 870, 4.6590635344158546e-15
160, 965, 4.64686692479281e-15
577, 884, 4.6219362067837165e-15
356, 453, 4.384093265861666e-15
210, 884, 4.315140705937106e-15
562, 870, 4.112228052648495e-15
536, 604, 4.022498215179411e-15
219, 850, 4.010335641072922e-15
826, 842, 3.9486243620252756e-15
448, 873, 3.896704507364798e-15
521, 884, 3.76509270298267e-15
577, 604, 3.719250637561485e-15
549, 963, 3.660763288580706e-15
549, 604, 3.659112191249918e-15
511, 899, 3.653486122824168e-15
587, 963, 3.534569794381501e-15
385, 582, 3.363440892455435e-15
219, 562, 3.3293873698098955e-15
562, 884, 3.323182806943351e-15
385, 489, 3.3118504661778935e-15
119, 604, 3.1263252525224582e-15
197, 604, 3.111185471066445e-15
186, 870, 3.019253473595226e-15
158, 870, 2.982973808759394e-15
219, 960, 2.7173459177357253e-15
219, 751, 2.707341356547097e-15
163, 850, 2.6525239235917476e-15
119, 963, 2.6494612290787608e-15
197, 963, 2.636630745765443e-15
119, 475, 2.6129804685000074e-15
219, 544, 2.6068801201768755e-15
534, 963, 2.6056968805735077e-15
197, 475, 2.6003266497042813e-15
80, 870, 2.4746713618976153e-15
186, 884, 2.439925778628332e-15
158, 884, 2.41060737583536e-15
356, 701, 2.391387131567403e-15
536, 963, 2.3871863020362254e-15
356, 875, 2.3358779065723942e-15
385, 647, 2.334622064743764e-15
385, 793, 2.3308312852598865e-15
356, 468, 2.2956857069196516e-15
453, 870, 2.209727496248483e-15
356, 842, 2.2053324138309912e-15
163, 562, 2.202129806512216e-15
144, 899, 2.157395600892989e-15
826, 884, 2.1319426889459812e-15
80, 884, 1.9998368809814975e-15
219, 839, 1.9987001918069323e-15
210, 477, 1.9304407180824765e-15
385, 830, 1.895646810877324e-15
177, 850, 1.8935085070113217e-15
293, 870, 1.8790521434474973e-15
377, 870, 1.8666479561902338e-15
634, 873, 1.8643136878062246e-15
163, 960, 1.797312170494552e-15
163, 751, 1.790694934364455e-15
356, 472, 1.7897342860041655e-15
453, 884, 1.785729859712763e-15
356, 724, 1.785268552824479e-15
383, 453, 1.773316572684805e-15
150, 899, 1.7554895017872416e-15
163, 544, 1.7242476699169532e-15
571, 873, 1.619745326218438e-15
226, 850, 1.5722035771606008e-15
177, 562, 1.5719939356957323e-15
695, 873, 1.5513488630326082e-15
293, 884, 1.518503764019854e-15
217, 870, 1.5182482944627004e-15
453, 472, 1.5121158124432505e-15
377, 884, 1.5084796648454567e-15
453, 468, 1.4951990990483001e-15
377, 477, 1.4881360374363583e-15
383, 701, 1.4048291855065447e-15
383, 875, 1.3722200866666162e-15
137, 899, 1.3289795964671393e-15
163, 839, 1.3219841303449985e-15
383, 468, 1.3192316994912317e-15
226, 562, 1.3052460444851986e-15
826, 870, 1.2985993501456878e-15
383, 842, 1.2955306557423756e-15
177, 960, 1.2830142093414766e-15
177, 751, 1.2782904845924553e-15
160, 701, 1.2741312480750287e-15
160, 875, 1.2445559287179452e-15
177, 544, 1.230856997045024e-15
217, 884, 1.2269301615166975e-15
160, 842, 1.1750012801202693e-15
549, 870, 1.1696593170126795e-15
111, 899, 1.1541085637948617e-15
232, 850, 1.1360453865279926e-15
587, 870, 1.1293389289949901e-15
383, 472, 1.0925681171406396e-15
186, 477, 1.091536149836927e-15
158, 477, 1.078420137544947e-15
226, 960, 1.0653025967432251e-15
226, 751, 1.0613804295491339e-15
160, 453, 1.058303122437881e-15
383, 724, 1.0487625921659312e-15
219, 759, 1.0339546536914615e-15
226, 544, 1.0219958170569536e-15
830, 873, 1.0005214991012212e-15
631, 873, 9.893681153585516e-16
160, 724, 9.511912225890783e-16
549, 884, 9.452276679485731e-16
177, 839, 9.437005165829701e-16
232, 562, 9.431467837004167e-16
778, 873, 9.27869996218894e-16
587, 884, 9.126438670226075e-16
80, 477, 8.946560049033968e-16
453, 475, 8.891106130891691e-16
356, 475, 8.629958411885386e-16
402, 562, 8.579208273159806e-16
219, 965, 8.544792332740392e-16
340, 899, 8.507790527686773e-16
119, 870, 8.465357542572159e-16
197, 870, 8.424362555554105e-16
293, 477, 8.329625261911092e-16
534, 870, 8.325525016001005e-16
226, 839, 7.835662329723983e-16
402, 544, 7.752453450094282e-16
232, 960, 7.697680617621431e-16
232, 751, 7.669339758900845e-16
536, 870, 7.627356590718662e-16
232, 544, 7.384753793241438e-16
402, 850, 6.988764968148779e-16
119, 884, 6.841043414891775e-16
163, 759, 6.838802784327236e-16
197, 884, 6.80791445553318e-16
534, 884, 6.728041644998736e-16
536, 884, 6.163836236751855e-16
160, 468, 5.797580825915196e-16
232, 839, 5.661905474194676e-16
163, 965, 5.651713001920592e-16
217, 477, 5.488849850890232e-16
383, 475, 5.464253900091862e-16
356, 604, 5.105367753535243e-16
577, 899, 4.963862921683898e-16
511, 873, 4.902668165587392e-16
177, 759, 4.881890464671782e-16
402, 960, 4.735486915786645e-16
402, 751, 4.718052084137969e-16
210, 899, 4.634370963539475e-16
160, 472, 4.62627852871173e-16
356, 963, 4.32663681178617e-16
226, 759, 4.053494147738363e-16
521, 899, 4.0436309003156673e-16
587, 604, 4.0347353348248384e-16
177, 965, 4.0344844972528226e-16
826, 899, 3.8933068221346287e-16
562, 899, 3.5690289046292677e-16
402, 839, 3.483111423211332e-16
226, 965, 3.3498824721899943e-16
119, 477, 3.0604398934446853e-16
197, 477, 3.0456191734608526e-16
383, 604, 2.9991671060843205e-16
232, 759, 2.928980313206576e-16
144, 873, 2.89504171563686e-16
160, 604, 2.720140332707364e-16
385, 562, 2.6241039773175135e-16
186, 899, 2.6204293097809624e-16
158, 899, 2.588941957719845e-16
383, 963, 2.5416987438166806e-16
385, 850, 2.441640030672248e-16
232, 965, 2.42056345833747e-16
385, 544, 2.365441684101605e-16
150, 873, 2.3557178557947387e-16
219, 701, 2.3429091247199913e-16
160, 963, 2.305232426903346e-16
219, 875, 2.288525178252196e-16
160, 475, 2.2734913954357967e-16
219, 842, 2.160626093199233e-16
80, 899, 2.1477830283226656e-16
219, 453, 1.9460381699494628e-16
453, 899, 1.9178365607387614e-16
402, 759, 1.8018606693079783e-16
137, 873, 1.7833777770799408e-16
219, 724, 1.7490777328665517e-16
385, 960, 1.6544202689609161e-16
385, 751, 1.6483291236619223e-16
293, 899, 1.630841317020436e-16
377, 899, 1.6200756439369365e-16
163, 701, 1.5496514656959055e-16
111, 873, 1.5487156992333177e-16
163, 875, 1.5136807310801546e-16
402, 965, 1.489090955468904e-16
163, 842, 1.4290854719118428e-16
356, 870, 1.382414174120988e-16
217, 899, 1.3176973596713703e-16
163, 453, 1.2871523144214122e-16
385, 839, 1.216882284776174e-16
453, 477, 1.174284459565621e-16
163, 724, 1.1568783627818505e-16
340, 873, 1.1416732506248886e-16
356, 884, 1.1171595924877842e-16
177, 701, 1.1062212133508274e-16
177, 875, 1.080543446076954e-16
219, 468, 1.0660758096043899e-16
177, 842, 1.0201549830499642e-16
549, 899, 1.0151547670850888e-16
356, 477, 9.975037723607311e-17
587, 899, 9.8016044565189e-17
177, 453, 9.188357682655806e-17
226, 701, 9.185091814064401e-17
226, 875, 8.971886130477632e-17
219, 472, 8.506933798845624e-17
226, 842, 8.470473238807448e-17
177, 724, 8.258394964968145e-17
383, 870, 8.121043024055288e-17
226, 453, 7.629207243279672e-17
160, 870, 7.365503785557824e-17
119, 899, 7.347137700206773e-17
197, 899, 7.31155789000667e-17
534, 899, 7.225776160245781e-17
163, 468, 7.05125915241733e-17
226, 724, 6.857047674964774e-17
577, 873, 6.661082567809856e-17
232, 701, 6.636978398846363e-17
536, 899, 6.619831339523316e-17
383, 884, 6.562795206507589e-17
232, 875, 6.482919893485505e-17
383, 477, 6.446920647796581e-17
385, 759, 6.295096715838784e-17
210, 873, 6.218932336577276e-17
232, 842, 6.120608160703216e-17
160, 884, 5.952227170104899e-17
163, 472, 5.62667253751669e-17
232, 453, 5.512724826161913e-17
521, 873, 5.42620933045681e-17
385, 965, 5.2023842592433597e-17
177, 468, 5.0335527877782535e-17
219, 604, 5.001872150649642e-17
232, 724, 4.9547765248154595e-17
562, 873, 4.7893337498873954e-17
219, 963, 4.238927579675981e-17
219, 475, 4.180561259592637e-17
226, 468, 4.1794212539676e-17
402, 701, 4.08296030055442e-17
177, 472, 4.0166093211058065e-17
402, 875, 3.988186033779579e-17
402, 842, 3.765297795717467e-17
186, 873, 3.516393637566189e-17
158, 873, 3.4741402846372466e-17
226, 472, 3.335040491931311e-17
163, 604, 3.308347911447105e-17
402, 724, 3.048097286629245e-17
232, 468, 3.01997292392747e-17
80, 873, 2.882142459434542e-17
163, 963, 2.8037196438887704e-17
163, 475, 2.765114880046211e-17
160, 477, 2.662815068031925e-17
453, 873, 2.5735738242972537e-17
402, 468, 2.4803286833475697e-17
232, 472, 2.4098389163985402e-17
177, 604, 2.3616695249239117e-17
402, 453, 2.359816660643405e-17
402, 472, 2.2529917822088702e-17
293, 873, 2.1884505755013386e-17
377, 873, 2.1740039563181258e-17
177, 963, 2.001439817285219e-17
177, 475, 1.973881743973644e-17
226, 604, 1.960923471644244e-17
826, 873, 1.7832375390792518e-17
217, 873, 1.7682379732554045e-17
385, 453, 1.6919410416962373e-17
226, 963, 1.66182028153342e-17
226, 475, 1.6389384717714355e-17
385, 701, 1.4264493596384137e-17
232, 604, 1.4169272323620488e-17
385, 875, 1.3933384101803016e-17
549, 873, 1.3622515023774397e-17
219, 870, 1.354389985601136e-17
385, 842, 1.3154687369406426e-17
587, 873, 1.315292094321919e-17
385, 468, 1.3063939120906695e-17
402, 475, 1.2039386184667448e-17
232, 963, 1.2008007687428382e-17
356, 899, 1.1998060619301713e-17
232, 475, 1.1842667938854223e-17
219, 884, 1.0945126234298055e-17
385, 472, 1.0912199254736856e-17
385, 724, 1.064902938693151e-17
119, 873, 9.859234960812326e-18
197, 873, 9.811489876544468e-18
534, 873, 9.696378078784956e-18
402, 604, 9.33959938735619e-18
163, 870, 8.958232328202266e-18
536, 873, 8.883251579111216e-18
402, 963, 7.387129463167226e-18
163, 884, 7.23934647411208e-18
383, 899, 7.048304937738895e-18
177, 870, 6.394848683689167e-18
160, 899, 6.392567623014317e-18
385, 475, 5.488906079396623e-18
226, 870, 5.309722105112653e-18
177, 884, 5.16781922757256e-18
219, 477, 4.89646080791079e-18
226, 884, 4.2909043427182926e-18
232, 870, 3.836707528774913e-18
163, 477, 3.2386265381113988e-18
232, 884, 3.100528553294403e-18
385, 604, 3.045323973946328e-18
385, 963, 2.5808152214632e-18
402, 870, 2.360279570527023e-18
177, 477, 2.3118988094338644e-18
226, 477, 1.919598229829076e-18
402, 884, 1.9073943341501494e-18
356, 873, 1.6100378616346759e-18
402, 477, 1.4815743969211284e-18
232, 477, 1.38706637274229e-18
219, 899, 1.175483690316641e-18
383, 873, 9.458226766957876e-19
160, 873, 8.578282968128656e-19
385, 870, 8.246025026226014e-19
163, 899, 7.77490686421099e-19
385, 884, 6.663795937856523e-19
385, 477, 6.49847420046894e-19
177, 899, 5.550129881079286e-19
226, 899, 4.60834161580377e-19
232, 899, 3.3299028880431302e-19
402, 899, 2.0485016643936847e-19
219, 873, 1.5773993041002122e-19
163, 873, 1.0433264857759771e-19
177, 873, 7.44780304839612e-20
385, 899, 7.15677761303677e-20
226, 873, 6.18400316202329e-20
232, 873, 4.46844693940894e-20
402, 873, 2.7489152988522394e-20
385, 873, 9.603787886978872e-21
