Gene = AT2G07652
index = 88
Annotated 5SS: [292]
Annotated 3SS: [521]
SMsplice 5SS: [451]
SMsplice 3SS: [591]
length: 1013
Partition function (logZ) = -8.692000737936526
#Exons = 1102
3SS, 5SS, prob
591, -1, 0.785138177057509
0, 451, 0.5356854019775179
0, 292, 0.3883304069907398
357, 451, 0.22322240155616116
357, -1, 0.06710907293097024
538, -1, 0.05697116297519501
0, 98, 0.05132359417943325
521, -1, 0.03767327936676647
162, 292, 0.023669751191241237
535, -1, 0.019855908710202538
362, 451, 0.019000592816199452
162, -1, 0.01083413228827555
162, 451, 0.007345897373292161
186, 292, 0.006401556373059283
0, 53, 0.0061535691489418825
597, -1, 0.005867636777546355
362, -1, 0.005767344745046592
379, 451, 0.005381391392163675
0, 477, 0.004987654226167711
0, 259, 0.00475876218862322
0, 18, 0.0038364239245969765
0, 488, 0.0035737946392551943
186, -1, 0.0022437863164886376
379, -1, 0.0020669639342020306
357, 477, 0.0017204092853963246
186, 451, 0.0017138134829488534
188, 292, 0.0012160750779487972
547, -1, 0.0011181929280660024
357, 488, 0.0010958396524952674
941, -1, 0.0009110029072978977
312, 451, 0.0006874998924733207
0, 35, 0.0006225193473880308
836, -1, 0.0006214521367382699
687, -1, 0.0005866339034351089
610, -1, 0.000490252374332283
162, 259, 0.00043804137361366975
188, -1, 0.00041908807616137123
0, 201, 0.000341438570909743
188, 451, 0.00032329449479919734
312, -1, 0.00030138223145639013
708, -1, 0.00028900520310081525
417, -1, 0.0002280977153381559
679, -1, 0.00020840152819445704
648, -1, 0.00018337726984708912
0, 411, 0.00018173163583464676
969, -1, 0.00016166853249284668
738, -1, 0.0001611800916195386
362, 477, 0.0001549450557089535
417, 451, 0.00011052948012891849
651, -1, 0.00010959029501166057
702, -1, 0.00010158017418364398
362, 488, 9.919225903447113e-05
852, -1, 9.909060226689493e-05
243, 292, 8.611923495746407e-05
243, 451, 8.194084122999677e-05
243, -1, 7.942306850211578e-05
186, 259, 7.651558179473189e-05
0, 101, 7.253958293938531e-05
754, -1, 6.748245611889453e-05
237, 292, 6.273348961937004e-05
379, 477, 6.219444624788659e-05
162, 477, 6.187418821525329e-05
591, 696, 5.641866626380043e-05
591, 762, 5.571688038931013e-05
282, 451, 4.814942303672382e-05
237, -1, 4.3878283993119774e-05
237, 451, 4.3035873672248476e-05
162, 488, 4.260779021069172e-05
379, 488, 4.1560662345746746e-05
0, 371, 3.980974123661669e-05
342, 451, 3.774225514567092e-05
734, -1, 3.598268497780831e-05
591, 772, 3.4693825129844606e-05
357, 411, 3.315783199244169e-05
760, -1, 3.127765684438609e-05
442, -1, 3.068165498064524e-05
282, -1, 2.990268138103139e-05
0, 762, 2.224370654512877e-05
591, 842, 2.109641902482356e-05
961, -1, 2.0998806867681784e-05
0, 842, 1.6778968393069575e-05
329, 451, 1.6100521981817265e-05
0, 772, 1.5708366055350697e-05
783, -1, 1.5584331341544044e-05
186, 477, 1.4435379725743855e-05
459, -1, 1.4146035990478696e-05
188, 259, 1.3667413096280847e-05
612, -1, 1.2436703601093591e-05
342, -1, 1.2190754371989507e-05
732, -1, 1.1295546354739016e-05
0, 899, 1.108024383611984e-05
591, 899, 1.0594111863021322e-05
0, 696, 1.0213473933811657e-05
186, 488, 9.940488088933694e-06
162, 201, 8.896084994172796e-06
882, -1, 8.851323636539252e-06
591, 632, 8.243480439599734e-06
462, -1, 7.817217262535324e-06
603, -1, 7.668204404794255e-06
742, -1, 7.066127242990845e-06
291, 451, 6.466255694109994e-06
765, -1, 6.293867278787758e-06
286, 451, 6.098399293288449e-06
0, 632, 5.9217241868649806e-06
329, -1, 5.866068846675112e-06
751, -1, 5.431460703654515e-06
101, 292, 4.775471856098312e-06
101, -1, 4.766852566490765e-06
312, 477, 4.711132304191428e-06
591, 827, 4.2495781676516555e-06
0, 332, 4.014559673130986e-06
282, 292, 3.863938368129425e-06
591, 722, 3.822764692432661e-06
417, 488, 3.7438067280527654e-06
417, 477, 3.6810220711192065e-06
442, 451, 3.636036811435387e-06
291, -1, 3.61705631551436e-06
286, -1, 3.6153845745396924e-06
996, -1, 3.5875798890185415e-06
793, -1, 3.543638986931928e-06
0, 827, 3.144889765000873e-06
312, 488, 2.9771803798201614e-06
162, 411, 2.967053414696943e-06
188, 477, 2.723096090736139e-06
101, 451, 2.3878037302797695e-06
256, 451, 2.3411521249985202e-06
538, 632, 2.338547083948284e-06
362, 411, 2.2480555383690895e-06
538, 762, 2.1422160340442345e-06
538, 696, 2.0288894451635243e-06
256, -1, 1.9642704479424927e-06
188, 488, 1.8751778456309183e-06
591, 821, 1.8719527380375307e-06
591, 744, 1.4859501458525623e-06
465, -1, 1.4534104505961534e-06
538, 772, 1.441858083289298e-06
521, 632, 1.3709911183876311e-06
0, 821, 1.3459710579792127e-06
772, -1, 1.3388711606257822e-06
357, 762, 1.3129503779270145e-06
521, 762, 1.3001534702282534e-06
1006, -1, 1.2881299254193423e-06
905, -1, 1.2772834270512952e-06
538, 842, 1.1002833014403338e-06
521, 696, 1.0778134981474669e-06
256, 292, 1.077762136533077e-06
98, -1, 9.604860291845024e-07
98, 292, 9.268144475280147e-07
0, 722, 9.191613821687391e-07
357, 371, 8.933982770628188e-07
357, 772, 8.837055111560767e-07
521, 772, 8.750923159818554e-07
357, 696, 8.277916393288097e-07
162, 371, 8.126151142569645e-07
535, 632, 8.064538233849815e-07
591, 751, 7.46437136827209e-07
535, 762, 7.349615697576044e-07
186, 411, 6.9221987298989e-07
535, 696, 6.797954497529931e-07
357, 842, 6.743565324388027e-07
243, 477, 6.718258598845321e-07
521, 842, 6.677837948496593e-07
357, 632, 6.52723427540862e-07
591, 708, 5.628028141087645e-07
538, 899, 5.525356868745071e-07
186, 201, 4.960260636594176e-07
535, 772, 4.946794643588728e-07
98, 451, 4.7401440677982855e-07
0, 744, 4.722021250836081e-07
243, 488, 4.626325794609965e-07
597, 762, 4.557414280557009e-07
597, 696, 4.460998974609742e-07
836, 899, 3.897486890456142e-07
286, 292, 3.7773909733167047e-07
535, 842, 3.7749037891290783e-07
237, 477, 3.62489374992616e-07
312, 411, 3.507373715012511e-07
357, 899, 3.38645555523402e-07
521, 899, 3.3534488552894753e-07
282, 477, 3.319474346232273e-07
379, 411, 3.212196845973641e-07
109, 292, 2.934722414947389e-07
597, 772, 2.837000257668013e-07
247, 451, 2.691504142513479e-07
342, 477, 2.6749816072102894e-07
109, -1, 2.6479682141391355e-07
0, 751, 2.593096462519594e-07
259, 451, 2.566097336174744e-07
247, -1, 2.497574178672825e-07
237, 488, 2.4961735561780844e-07
186, 371, 2.2607819751622362e-07
247, 292, 2.2173220891804954e-07
538, 827, 2.2163666215250646e-07
282, 488, 2.1112538457612936e-07
259, -1, 2.0805336975062663e-07
243, 259, 1.9649095792413284e-07
535, 899, 1.8956654665950339e-07
442, 488, 1.857111250587925e-07
342, 488, 1.6888587744205966e-07
597, 842, 1.6465127765219312e-07
237, 259, 1.5156297805114948e-07
442, 477, 1.4354285961705458e-07
109, 451, 1.380140985655507e-07
162, 332, 1.375113246988489e-07
357, 827, 1.3583967943057954e-07
521, 827, 1.3451569349118134e-07
538, 722, 1.3153895353091108e-07
188, 411, 1.3058064740112011e-07
687, 762, 1.2743275526275278e-07
0, 708, 1.1478858858718784e-07
362, 762, 1.1457035521881998e-07
329, 477, 1.1127616444803817e-07
0, 571, 1.1069612246527834e-07
687, 772, 1.0194918726556375e-07
538, 821, 9.763165664867803e-08
101, 259, 9.690748210790191e-08
259, 292, 9.664812578237558e-08
162, 762, 9.487621653995216e-08
188, 201, 8.322200768816664e-08
597, 899, 8.26838930239397e-08
362, 772, 7.711369448846611e-08
535, 827, 7.604015026622601e-08
362, 696, 7.223455186083392e-08
521, 722, 7.026422707829316e-08
329, 488, 7.02057306172607e-08
357, 722, 6.574933225263806e-08
162, 772, 6.385819056343134e-08
114, 292, 6.171275552111658e-08
357, 821, 5.983781208682482e-08
162, 696, 5.981775103101988e-08
521, 821, 5.925459205730639e-08
362, 842, 5.8845535036617834e-08
362, 371, 5.83486176898413e-08
687, 842, 5.7989664699569154e-08
362, 632, 5.695779232043365e-08
114, -1, 5.225245183855609e-08
538, 744, 5.1647253153506084e-08
795, -1, 5.131850098240323e-08
738, 842, 4.943908673658328e-08
162, 842, 4.8730247138366177e-08
679, 762, 4.761469614153465e-08
162, 632, 4.716699906803961e-08
610, 762, 4.650521691507971e-08
597, 632, 4.5317805129069435e-08
547, 632, 4.530271492315648e-08
708, 842, 4.4996098210623854e-08
547, 696, 4.492394572082315e-08
243, 411, 4.4737178810650244e-08
291, 477, 4.447463786276291e-08
547, 762, 4.415485157176126e-08
535, 722, 4.409926575354073e-08
188, 371, 4.331076936957447e-08
312, 371, 4.330562212197174e-08
379, 762, 4.319440187158099e-08
286, 477, 4.199157681599971e-08
852, 899, 4.0884690681038874e-08
708, 772, 4.031007402985679e-08
708, 762, 3.8941519435572606e-08
610, 696, 3.88272685597475e-08
186, 332, 3.878754883562299e-08
679, 772, 3.4850582181874046e-08
459, 488, 3.369700279609089e-08
535, 821, 3.349592874304202e-08
836, 842, 3.321507491784845e-08
597, 827, 3.316669402344536e-08
648, 762, 3.151657935426898e-08
597, 722, 3.1169283821566717e-08
357, 744, 3.038962789890771e-08
116, 292, 3.010808073191438e-08
521, 744, 3.00934299086712e-08
547, 772, 2.97192386964779e-08
362, 899, 2.955080575920085e-08
379, 772, 2.907279027960959e-08
610, 772, 2.8917634564021482e-08
291, 488, 2.8184239061246887e-08
114, 451, 2.791866973314796e-08
379, 696, 2.723329482684443e-08
754, 842, 2.711609004591825e-08
286, 488, 2.6658843070706774e-08
282, 411, 2.6625002533516704e-08
538, 751, 2.6328483648849347e-08
459, 477, 2.5291963391464258e-08
116, -1, 2.485122116561291e-08
162, 899, 2.4471152601257338e-08
237, 411, 2.303406272520524e-08
547, 842, 2.267877986622433e-08
379, 842, 2.2185474452490323e-08
186, 762, 2.2134823133864904e-08
379, 632, 2.1473772744336616e-08
0, 938, 2.0562363554079425e-08
101, 477, 2.0112371562060284e-08
648, 772, 1.988335356668495e-08
651, 762, 1.9689086945272562e-08
538, 708, 1.958994421167477e-08
687, 899, 1.893026408642275e-08
98, 259, 1.878748859247737e-08
101, 201, 1.7728226111611286e-08
679, 842, 1.754716467117349e-08
256, 477, 1.748553960074797e-08
535, 744, 1.7357468761619162e-08
738, 899, 1.6662739530468403e-08
702, 762, 1.6457879893903448e-08
243, 371, 1.6431977694909553e-08
591, 938, 1.6301077387903545e-08
357, 751, 1.6136557661620273e-08
521, 751, 1.597927979153226e-08
702, 772, 1.588962911826577e-08
462, 488, 1.5709600891081772e-08
610, 842, 1.5160780438007836e-08
186, 772, 1.4898251693826622e-08
597, 821, 1.4610034511531504e-08
708, 899, 1.4454946312044728e-08
357, 571, 1.4211243709971438e-08
186, 696, 1.3955608556330166e-08
101, 488, 1.3849776988985081e-08
702, 842, 1.3832820583071459e-08
116, 451, 1.3410554232524572e-08
760, 842, 1.3189675343070783e-08
687, 827, 1.316496654302661e-08
651, 772, 1.246991559696405e-08
597, 744, 1.2166714338040007e-08
256, 488, 1.2040888527499885e-08
362, 827, 1.1853608930555608e-08
462, 477, 1.1828592367058593e-08
547, 899, 1.1388735241602306e-08
186, 842, 1.136887031348948e-08
379, 899, 1.114100918299569e-08
186, 632, 1.100416121343324e-08
754, 899, 1.0674712988570563e-08
342, 411, 1.0488453295883478e-08
521, 708, 1.042026445475482e-08
734, 842, 1.0123722669003861e-08
708, 827, 1.0090230527016406e-08
162, 827, 9.816025843049558e-09
738, 827, 9.758749422425814e-09
521, 571, 9.30224236560664e-09
535, 751, 9.03290021378686e-09
648, 842, 8.816993769903151e-09
357, 708, 8.782309545620827e-09
237, 371, 8.476498418136455e-09
282, 371, 8.115067686255157e-09
738, 772, 7.941970565117322e-09
610, 899, 7.613377592754993e-09
188, 332, 7.43470996823214e-09
535, 708, 6.565523689965638e-09
329, 411, 6.5090940023351325e-09
738, 762, 6.47298325758291e-09
597, 751, 6.109262310698467e-09
679, 899, 6.101729354942117e-09
687, 821, 6.076835941706962e-09
109, 259, 5.969189407206864e-09
538, 571, 5.853523604312858e-09
760, 899, 5.833036193565294e-09
362, 722, 5.737402173171597e-09
186, 899, 5.7091719554664084e-09
648, 696, 5.66876723189132e-09
651, 842, 5.540947415924985e-09
783, 899, 5.475336275856568e-09
783, 842, 5.370526651309883e-09
417, 762, 5.327580796524357e-09
362, 821, 5.2215525442238946e-09
312, 762, 5.081342681126627e-09
162, 722, 4.751168047955948e-09
708, 821, 4.610889139466097e-09
547, 827, 4.568322598972015e-09
597, 708, 4.548240387671211e-09
379, 827, 4.468953131873285e-09
702, 899, 4.452020875347145e-09
162, 821, 4.323990694751265e-09
0, 909, 4.251621863093505e-09
754, 827, 4.246905734209142e-09
188, 762, 4.1755223270967755e-09
738, 821, 4.039438274849111e-09
98, 477, 3.99260364410622e-09
679, 827, 3.9813793553498075e-09
648, 899, 3.896874557869237e-09
591, 909, 3.874407198095675e-09
417, 772, 3.585826692438462e-09
291, 411, 3.5489634027464207e-09
98, 201, 3.4986251580194305e-09
312, 772, 3.420091579145562e-09
286, 411, 3.364043828068096e-09
417, 696, 3.3589440357788884e-09
734, 899, 3.3577780193770327e-09
312, 696, 3.203695325212858e-09
702, 827, 3.120512630235382e-09
610, 722, 3.1185537460851544e-09
610, 827, 3.0539269000160405e-09
732, 842, 3.039777110976835e-09
651, 696, 2.9595729073957983e-09
547, 722, 2.9073528215642466e-09
188, 772, 2.8104124530864697e-09
687, 696, 2.8074226132398593e-09
98, 488, 2.749385864598465e-09
417, 842, 2.7363478259582665e-09
765, 842, 2.6812729127905522e-09
362, 744, 2.65185228770247e-09
417, 632, 2.648566812935207e-09
188, 696, 2.6325918559532984e-09
312, 842, 2.6098752003012296e-09
312, 632, 2.5261513817234266e-09
465, 488, 2.4648466234778086e-09
256, 259, 2.42822844091995e-09
535, 571, 2.4000241498366503e-09
651, 899, 2.3942170031202526e-09
742, 842, 2.3508957144056147e-09
243, 332, 2.3392872572215577e-09
186, 827, 2.2900997092548967e-09
162, 744, 2.1960105770772717e-09
379, 722, 2.1630696238440845e-09
247, 477, 2.1461606600500825e-09
188, 842, 2.1446284680366722e-09
751, 842, 2.1029387349560143e-09
734, 772, 2.091385418603463e-09
188, 632, 2.075829590314868e-09
734, 827, 2.073640676161121e-09
547, 821, 2.012360676756347e-09
648, 827, 1.9923346081717347e-09
379, 821, 1.9685881095333677e-09
610, 632, 1.912878592316173e-09
259, 477, 1.8739000636624035e-09
465, 477, 1.865270852806772e-09
760, 827, 1.8499462548447258e-09
679, 821, 1.8398467897970117e-09
754, 772, 1.7162297339369674e-09
734, 762, 1.712488480592079e-09
793, 899, 1.6180556369277212e-09
687, 744, 1.5786820336752161e-09
754, 821, 1.564089001543767e-09
247, 488, 1.4778886931612454e-09
679, 696, 1.4428809380219085e-09
702, 821, 1.4318407837263648e-09
754, 762, 1.4234085345206616e-09
362, 751, 1.4081043536616941e-09
417, 899, 1.3741277574277758e-09
610, 821, 1.3542472036874668e-09
765, 899, 1.3477383091329136e-09
312, 899, 1.3106162608915874e-09
237, 332, 1.2971221114473763e-09
259, 488, 1.2904046597034246e-09
256, 411, 1.2898660921073784e-09
648, 722, 1.2824070263931438e-09
362, 571, 1.2653210287903794e-09
114, 259, 1.2567413486772548e-09
651, 827, 1.2529674513310034e-09
610, 744, 1.2412174870057379e-09
612, 762, 1.2172335467942624e-09
162, 751, 1.166057426580372e-09
109, 477, 1.1624870151400336e-09
882, 899, 1.1409237998547924e-09
547, 744, 1.135606723430895e-09
687, 751, 1.1202977028411946e-09
186, 722, 1.1084576119926645e-09
836, 938, 1.1022028758189982e-09
188, 899, 1.0769805941124915e-09
687, 722, 1.0451214701265596e-09
243, 762, 1.0301597095350803e-09
162, 571, 1.0269306884682787e-09
109, 201, 1.0129234951185402e-09
186, 821, 1.00879622682354e-09
732, 899, 1.002067391759764e-09
379, 744, 9.997802066714448e-10
612, 696, 9.775978589426742e-10
101, 411, 9.644487053836394e-10
286, 371, 9.598015700456807e-10
793, 842, 9.313731722448035e-10
648, 821, 9.195832777051379e-10
291, 371, 9.111378972079332e-10
0, 917, 9.075317481408989e-10
734, 821, 8.792775139057604e-10
538, 938, 8.501823567446374e-10
742, 899, 8.106010724158718e-10
109, 488, 8.005115588979855e-10
591, 917, 7.958308563959666e-10
751, 899, 7.919475645274421e-10
442, 762, 7.740433908151133e-10
648, 744, 7.710825196929968e-10
362, 708, 7.663597506800362e-10
612, 772, 7.567295907669976e-10
651, 722, 7.273797387303555e-10
732, 772, 7.121146548514417e-10
679, 744, 7.055147299089178e-10
243, 772, 6.933680266914854e-10
603, 762, 6.526732101698489e-10
760, 821, 6.513574193851258e-10
243, 696, 6.494972003990944e-10
162, 708, 6.346258900407009e-10
732, 827, 6.321957210085307e-10
760, 772, 6.283121570191931e-10
610, 751, 6.240049338283594e-10
312, 332, 6.229880856049517e-10
116, 259, 6.133753795757279e-10
603, 696, 6.043286070312473e-10
732, 762, 5.854867336426868e-10
651, 821, 5.783667822786162e-10
547, 751, 5.732426447300088e-10
237, 762, 5.558314610219461e-10
417, 827, 5.51198948343347e-10
772, 842, 5.502168601953502e-10
379, 571, 5.39265450022001e-10
679, 722, 5.358283677547774e-10
379, 751, 5.308722768033717e-10
760, 762, 5.303455954713886e-10
243, 842, 5.291098134851626e-10
312, 827, 5.257228090912152e-10
357, 938, 5.210712779921732e-10
442, 772, 5.209842061337042e-10
521, 938, 5.159925627862923e-10
186, 744, 5.123339388563498e-10
243, 632, 5.12136168911336e-10
783, 827, 5.097420589281426e-10
247, 259, 4.965455810795692e-10
442, 696, 4.880204600010309e-10
651, 744, 4.702604193147493e-10
679, 751, 4.678407751741145e-10
256, 371, 4.667271186080331e-10
282, 762, 4.513380076401362e-10
442, 632, 4.5062899307070606e-10
742, 827, 4.4319381350566445e-10
610, 708, 4.359259415131593e-10
547, 708, 4.332910877229664e-10
188, 827, 4.3200537042656426e-10
648, 751, 4.070641194827294e-10
603, 772, 4.0613128737501107e-10
442, 842, 3.975635528673923e-10
612, 842, 3.9053463168843103e-10
342, 371, 3.7931586662866137e-10
459, 762, 3.777969632040298e-10
329, 371, 3.763416555151016e-10
237, 772, 3.741126348998464e-10
237, 696, 3.5044175625002815e-10
772, 899, 3.4799828986607157e-10
751, 827, 3.4690036694340334e-10
765, 827, 3.4214714466569915e-10
708, 744, 3.3673430451113464e-10
282, 332, 3.16288037331629e-10
282, 772, 3.0378138538299246e-10
742, 772, 2.946589728045807e-10
535, 938, 2.916845684856622e-10
379, 708, 2.8892684312495263e-10
237, 842, 2.854857144463893e-10
282, 696, 2.845605100671927e-10
237, 632, 2.763274396905312e-10
186, 751, 2.720436779898077e-10
732, 821, 2.7098288789589564e-10
708, 751, 2.680602777233229e-10
417, 722, 2.66792169591745e-10
243, 899, 2.657061629885349e-10
101, 371, 2.588773020925581e-10
312, 722, 2.544611691710697e-10
459, 772, 2.542832266125368e-10
651, 751, 2.5157685912397163e-10
459, 632, 2.5083241798191896e-10
417, 821, 2.428048949444155e-10
742, 762, 2.400380534364834e-10
186, 571, 2.3958511404606363e-10
459, 696, 2.3819420197576766e-10
114, 477, 2.3515779461728425e-10
852, 938, 2.32691605165464e-10
282, 842, 2.318158697441323e-10
312, 821, 2.3158257434076656e-10
342, 762, 2.2751865129877995e-10
603, 842, 2.2492968354265925e-10
282, 632, 2.2437930349771977e-10
462, 762, 2.1099149875997316e-10
188, 722, 2.0909990920300886e-10
538, 909, 2.020696279320589e-10
442, 899, 1.996468095737671e-10
114, 201, 1.9804233166370602e-10
836, 909, 1.969937234487105e-10
612, 899, 1.9611705520367071e-10
708, 722, 1.9574923405904426e-10
459, 842, 1.9404377679103739e-10
98, 411, 1.9145735269390514e-10
188, 821, 1.9029974367169086e-10
742, 821, 1.7858299442376556e-10
114, 488, 1.61934310064891e-10
783, 821, 1.592702393043646e-10
751, 772, 1.5597727480194856e-10
702, 744, 1.5367865235859562e-10
342, 772, 1.5313563210285028e-10
186, 708, 1.4805957008527118e-10
247, 411, 1.4746144858589516e-10
342, 696, 1.4344642455860306e-10
462, 632, 1.434020470903328e-10
237, 899, 1.4336402735368624e-10
462, 772, 1.4201172671556488e-10
259, 411, 1.4157404775222243e-10
462, 696, 1.330263516270289e-10
751, 821, 1.30735713700871e-10
751, 762, 1.2848469474740585e-10
597, 938, 1.272250620291261e-10
357, 909, 1.2384717047425953e-10
417, 744, 1.2331250344995111e-10
521, 909, 1.226400716867067e-10
702, 751, 1.197890221121799e-10
312, 744, 1.1761306131773667e-10
342, 842, 1.1685794934401335e-10
282, 899, 1.1641232821566378e-10
765, 821, 1.1636089304680381e-10
342, 632, 1.131091901124904e-10
116, 477, 1.1295654084018503e-10
603, 899, 1.1295425190223077e-10
462, 842, 1.083692863567993e-10
648, 708, 1.070695571256829e-10
243, 827, 1.0658176200572536e-10
329, 762, 1.0489399813186719e-10
765, 772, 1.0481224032198252e-10
459, 899, 9.74440958547749e-11
188, 744, 9.664688927878606e-11
116, 201, 9.318298721203667e-11
702, 722, 8.996225991333177e-11
417, 571, 8.94161902063805e-11
612, 722, 8.118106280410265e-11
793, 827, 8.01225231464202e-11
442, 827, 8.008361004449779e-11
612, 827, 7.866773230955564e-11
116, 488, 7.778410891308587e-11
329, 772, 7.060084356172e-11
547, 571, 7.02519282176055e-11
535, 909, 6.932699997810487e-11
329, 696, 6.613378245598684e-11
417, 751, 6.547758100027297e-11
98, 101, 6.386375106837846e-11
0, 935, 6.358798609296798e-11
312, 751, 6.245124000947594e-11
772, 827, 6.177768364031554e-11
687, 708, 6.027290198717362e-11
342, 899, 5.868323841961188e-11
651, 708, 5.770120230160925e-11
237, 827, 5.75070990891999e-11
291, 762, 5.648097756280253e-11
109, 411, 5.5744748614928956e-11
286, 762, 5.54030529995478e-11
312, 571, 5.499994548871252e-11
462, 899, 5.442043698642947e-11
247, 371, 5.4013702257896815e-11
329, 842, 5.3875572179301255e-11
738, 744, 5.215727775733007e-11
329, 632, 5.2147264009472445e-11
243, 722, 5.1587869697287165e-11
98, 371, 5.1390978757616686e-11
188, 751, 5.131843360673119e-11
591, 935, 5.114200235991334e-11
259, 371, 5.0887019370745934e-11
256, 332, 5.0492270582888874e-11
836, 917, 4.784399232764534e-11
243, 821, 4.6949606135080057e-11
282, 827, 4.669606049352209e-11
362, 938, 4.546959459971769e-11
603, 827, 4.530893472086201e-11
188, 571, 4.519543647985337e-11
603, 722, 4.435353273804177e-11
612, 632, 4.371483447102996e-11
603, 632, 4.324018687721901e-11
538, 917, 4.1506541988624097e-11
738, 751, 4.137956395964724e-11
465, 762, 3.965194434108408e-11
459, 827, 3.9087401347573755e-11
442, 722, 3.876219310056078e-11
291, 772, 3.8015565543715905e-11
162, 938, 3.7653571859730215e-11
286, 772, 3.729004849968108e-11
417, 708, 3.563612492214266e-11
291, 696, 3.56102422404e-11
612, 821, 3.53582189120313e-11
442, 821, 3.527708567308722e-11
286, 696, 3.493063015734632e-11
312, 708, 3.3989041081269034e-11
101, 332, 3.269510449270023e-11
612, 744, 3.246348372548481e-11
679, 708, 3.142805169179497e-11
286, 332, 3.1379517455379967e-11
101, 762, 3.083976977306976e-11
597, 909, 3.023859615988288e-11
687, 938, 2.9127849869448546e-11
291, 842, 2.9009714927796282e-11
286, 842, 2.8456072168003257e-11
291, 632, 2.807909414204846e-11
188, 708, 2.793001944910782e-11
237, 722, 2.7834675263890678e-11
465, 632, 2.758913962383809e-11
286, 632, 2.7543212034555004e-11
329, 899, 2.7055010505820692e-11
256, 762, 2.681185627368757e-11
465, 772, 2.668847378496864e-11
357, 917, 2.5439091634248344e-11
237, 821, 2.533206058334783e-11
521, 917, 2.5191144938732216e-11
465, 696, 2.4999838958502454e-11
852, 909, 2.463450534803009e-11
793, 821, 2.4632613698732352e-11
795, 899, 2.4618381444005667e-11
291, 332, 2.4173305696041208e-11
243, 744, 2.3844138191000113e-11
342, 827, 2.3539397357652532e-11
282, 722, 2.2601899600675134e-11
462, 827, 2.182947507839896e-11
101, 772, 2.0757276870033644e-11
282, 821, 2.0569763597199346e-11
465, 842, 2.0366000223502694e-11
772, 821, 2.015672447603496e-11
603, 821, 1.995873026972742e-11
101, 696, 1.9443921115495078e-11
708, 938, 1.913779545543592e-11
738, 938, 1.899741948446692e-11
459, 722, 1.891914460389464e-11
256, 772, 1.8046215265798335e-11
442, 744, 1.7916054574446066e-11
547, 938, 1.7523758189840105e-11
603, 744, 1.743523180547209e-11
459, 821, 1.72181249735185e-11
379, 938, 1.7142584033425768e-11
256, 696, 1.690439397510718e-11
612, 751, 1.633005053441622e-11
882, 938, 1.6108984189893105e-11
101, 842, 1.5839898106594145e-11
442, 571, 1.5804065634108622e-11
101, 632, 1.5331760110105263e-11
109, 371, 1.4963004301530247e-11
291, 899, 1.456797784959648e-11
286, 899, 1.4289951833783101e-11
535, 917, 1.4240259978624977e-11
256, 842, 1.3771084367650395e-11
734, 744, 1.3618735142265931e-11
256, 632, 1.3329313140779678e-11
237, 744, 1.2865308208854441e-11
243, 751, 1.2660974727648693e-11
795, 842, 1.2650232596328824e-11
754, 938, 1.2087629808989418e-11
610, 938, 1.1714644788301884e-11
342, 722, 1.1393575606059324e-11
114, 411, 1.1276523500954985e-11
612, 708, 1.1214583615807241e-11
243, 571, 1.1150345769739555e-11
734, 751, 1.088741395611136e-11
329, 827, 1.0852479514817291e-11
362, 909, 1.0807121542921216e-11
462, 722, 1.0565936373280613e-11
282, 744, 1.0446696493186427e-11
342, 821, 1.0369179621364972e-11
465, 899, 1.0227313190747104e-11
462, 821, 9.615953403090888e-12
442, 751, 9.513227627235133e-12
679, 938, 9.388683421602854e-12
162, 909, 8.949425021171227e-12
186, 938, 8.784658409333123e-12
603, 751, 8.755227783607189e-12
459, 744, 8.744511084444009e-12
459, 571, 8.627245064078467e-12
101, 899, 7.954414075804102e-12
247, 332, 7.200233620361882e-12
852, 917, 7.015756517972912e-12
687, 909, 6.923048612908612e-12
256, 899, 6.915505806664393e-12
243, 708, 6.890726110188752e-12
237, 751, 6.831336942896827e-12
760, 938, 6.5974887417534985e-12
98, 332, 6.490462496637386e-12
603, 708, 6.381878756124567e-12
783, 938, 6.287691534574589e-12
597, 917, 6.211223200793046e-12
702, 938, 6.1650484066115676e-12
98, 762, 6.122151074994492e-12
237, 571, 6.0162641993553105e-12
648, 938, 5.9960905227465084e-12
291, 827, 5.843600805515969e-12
286, 827, 5.732077225048287e-12
738, 909, 5.634631520296073e-12
282, 751, 5.547080763756548e-12
116, 411, 5.416605855842238e-12
702, 708, 5.317132756723674e-12
342, 744, 5.266160297655644e-12
329, 722, 5.25283396114996e-12
442, 708, 5.177567084152309e-12
259, 332, 5.034031308274785e-12
708, 909, 4.908824234934268e-12
462, 571, 4.892964607936477e-12
282, 571, 4.885237500197047e-12
462, 744, 4.883621837462033e-12
329, 332, 4.814609984952528e-12
329, 821, 4.780551843216195e-12
459, 751, 4.643239061899808e-12
732, 744, 4.634569623420134e-12
547, 909, 4.16501150523873e-12
98, 772, 4.120626899582219e-12
465, 827, 4.102445529279118e-12
379, 909, 4.074414800481297e-12
98, 696, 3.8599063298872134e-12
734, 938, 3.838897856128891e-12
237, 708, 3.717950067234532e-12
732, 751, 3.716949656480458e-12
651, 938, 3.6839630500340305e-12
754, 909, 3.604389850864091e-12
836, 935, 3.4730446381553356e-12
247, 762, 3.2908650502866597e-12
101, 827, 3.1907256436461603e-12
98, 842, 3.144454382593008e-12
98, 632, 3.043581464139279e-12
114, 371, 3.0268442112215165e-12
282, 708, 3.0189945937315357e-12
259, 762, 2.8733879723117892e-12
291, 722, 2.828428722183524e-12
342, 751, 2.79627310940224e-12
610, 909, 2.784313147584392e-12
286, 722, 2.7744489058521642e-12
256, 827, 2.7739920886476396e-12
538, 935, 2.6673100838878258e-12
462, 751, 2.5931494008383865e-12
291, 821, 2.5741247945861258e-12
459, 708, 2.52707941749626e-12
286, 821, 2.52499830165526e-12
342, 571, 2.462639149604412e-12
329, 744, 2.427882748386189e-12
679, 909, 2.231483340867574e-12
362, 917, 2.2198598012376275e-12
247, 772, 2.21497752717881e-12
417, 938, 2.114359674913617e-12
186, 909, 2.087919894128493e-12
247, 696, 2.0748313268988706e-12
312, 938, 2.016635029993508e-12
465, 722, 1.985672045779297e-12
760, 909, 1.9699512097133905e-12
742, 744, 1.9687724611801195e-12
259, 772, 1.9339868661530244e-12
793, 938, 1.9110824072918032e-12
109, 332, 1.889763935303766e-12
783, 909, 1.8728556841842414e-12
162, 917, 1.8382756934663104e-12
259, 696, 1.8116195250144228e-12
465, 821, 1.8071403415148143e-12
109, 762, 1.7825263321372921e-12
247, 842, 1.6902514987194152e-12
188, 938, 1.6571416497098614e-12
247, 632, 1.6360288639308587e-12
357, 935, 1.6347771312670287e-12
521, 935, 1.6188434810632018e-12
98, 899, 1.5790690087336551e-12
742, 751, 1.5477060818784321e-12
101, 722, 1.544379973145592e-12
765, 938, 1.52444278202122e-12
342, 708, 1.5218695669693683e-12
702, 909, 1.515728215004302e-12
259, 842, 1.47582725283106e-12
116, 371, 1.4539252348328958e-12
259, 632, 1.4284832675117834e-12
648, 909, 1.425138702733937e-12
687, 917, 1.4220435346057598e-12
462, 708, 1.4113196391551307e-12
101, 821, 1.4055248237145953e-12
256, 722, 1.3426719517244764e-12
291, 744, 1.3073120815199083e-12
329, 751, 1.289178995389913e-12
286, 744, 1.2823623751706676e-12
256, 821, 1.2219523634525809e-12
109, 772, 1.1997622834593665e-12
732, 938, 1.1475266938660415e-12
734, 909, 1.135727929223673e-12
329, 571, 1.1353621555133215e-12
109, 696, 1.1238508472471108e-12
738, 917, 1.0874926019924157e-12
795, 827, 1.0743027793611492e-12
905, 938, 1.020714651172711e-12
708, 917, 9.533251811318422e-13
465, 571, 9.315988579100244e-13
742, 938, 9.221149688776153e-13
465, 744, 9.177862730016408e-13
109, 842, 9.155397618445066e-13
535, 935, 9.151133102965021e-13
751, 938, 8.975786713481939e-13
109, 632, 8.861695893119001e-13
651, 909, 8.75596908040073e-13
547, 917, 8.555230525956042e-13
247, 899, 8.488034596299305e-13
379, 917, 8.369138436386372e-13
882, 909, 7.594778904226822e-13
259, 899, 7.411247846656031e-13
101, 744, 7.138191539053417e-13
852, 935, 7.042769327189916e-13
329, 708, 7.016347125976718e-13
754, 917, 6.950360889552286e-13
291, 751, 6.941683147735056e-13
286, 751, 6.809202955320724e-13
98, 827, 6.334062988472313e-13
256, 744, 6.205888273727656e-13
291, 571, 6.113444579601896e-13
286, 571, 5.996771101861188e-13
610, 917, 5.719177679118937e-13
793, 909, 5.619200586799593e-13
417, 909, 5.025367433644272e-13
465, 751, 4.873344012174251e-13
312, 909, 4.793097468475723e-13
109, 899, 4.597619454093926e-13
679, 917, 4.58362584879784e-13
765, 909, 4.556563076479598e-13
186, 917, 4.288736295573603e-13
243, 938, 4.088400029489362e-13
597, 935, 3.9914812178990823e-13
772, 938, 3.9460887000347314e-13
188, 909, 3.938660852358419e-13
114, 332, 3.8227757694117734e-13
760, 917, 3.7966792075323333e-13
101, 751, 3.790301077485926e-13
291, 708, 3.778005907420245e-13
286, 708, 3.7059036609037325e-13
783, 917, 3.625237549298007e-13
114, 762, 3.605846393580132e-13
247, 827, 3.40477493281995e-13
732, 909, 3.3896952495885695e-13
101, 571, 3.338065867321495e-13
795, 821, 3.299420122900268e-13
256, 751, 3.2952583132542437e-13
442, 938, 3.071949904993611e-13
98, 722, 3.065822988422432e-13
612, 938, 3.0176378494941164e-13
702, 917, 3.0098229929250507e-13
259, 827, 2.9728473185314177e-13
648, 917, 2.9273364834683516e-13
256, 571, 2.9020885345544995e-13
98, 821, 2.7901749506411113e-13
742, 909, 2.7401920325137503e-13
751, 909, 2.6746082398065436e-13
465, 708, 2.652313866110806e-13
882, 917, 2.5192721742418364e-13
114, 772, 2.4269815401707154e-13
114, 696, 2.2734214083721468e-13
237, 938, 2.2059311198055266e-13
734, 917, 2.192379754365334e-13
101, 708, 2.0628685517453255e-13
114, 842, 1.8520319666009744e-13
109, 827, 1.8442266334269258e-13
116, 332, 1.836245862159028e-13
651, 917, 1.7985384642215609e-13
256, 708, 1.793441894277795e-13
114, 632, 1.7926194750174325e-13
282, 938, 1.791227424899368e-13
603, 938, 1.7380182740735049e-13
116, 762, 1.7320452255590724e-13
247, 722, 1.64798444196739e-13
247, 821, 1.4998142183641556e-13
459, 938, 1.4993647113236753e-13
259, 722, 1.4389221684108681e-13
362, 935, 1.4265352276952264e-13
98, 744, 1.4170367459258375e-13
259, 821, 1.3095487265193015e-13
162, 935, 1.1813201146682907e-13
772, 909, 1.1802585394079242e-13
116, 772, 1.1657850419410203e-13
793, 917, 1.0949140067750711e-13
116, 696, 1.0920234159351338e-13
417, 917, 1.0322462931586684e-13
312, 917, 9.845363866248371e-14
243, 909, 9.717226736622052e-14
114, 899, 9.30045701356948e-14
687, 935, 9.138393317903994e-14
342, 938, 9.029544177175392e-14
109, 722, 8.926454345198833e-14
116, 842, 8.896116958961942e-14
765, 917, 8.77996230894234e-14
116, 632, 8.610732860046759e-14
462, 938, 8.373630241679566e-14
109, 821, 8.123877146876988e-14
188, 917, 8.09029015000371e-14
247, 744, 7.617055908969826e-14
98, 751, 7.524309029163448e-14
442, 909, 7.301348580142735e-14
612, 909, 7.172260781978685e-14
259, 744, 6.650760969780173e-14
98, 571, 6.626555155372848e-14
732, 917, 6.544254007602777e-14
738, 935, 6.092438248820073e-14
708, 935, 6.004174798113236e-14
547, 935, 5.4977966264020836e-14
379, 935, 5.378209379847813e-14
742, 917, 5.287860685669965e-14
237, 909, 5.24301259708141e-14
751, 917, 5.158762317095804e-14
116, 899, 4.467414972127104e-14
905, 909, 4.3974319273626477e-14
882, 935, 4.378964566360458e-14
282, 909, 4.257353218632301e-14
329, 938, 4.162933388737614e-14
603, 909, 4.130886782053536e-14
109, 744, 4.125846099316001e-14
98, 708, 4.095099611498426e-14
247, 751, 4.0445727830479856e-14
754, 935, 3.8813243277367954e-14
114, 827, 3.730659028814148e-14
610, 935, 3.6752809470952895e-14
459, 909, 3.5636598071940303e-14
247, 571, 3.56199945043551e-14
259, 751, 3.5314808144251315e-14
259, 571, 3.1101264323710197e-14
679, 935, 2.945548065800869e-14
795, 938, 2.933822469420863e-14
186, 935, 2.756044955866093e-14
772, 917, 2.275589796504468e-14
291, 938, 2.2415634022181498e-14
247, 708, 2.2012557390108122e-14
286, 938, 2.1987837557671454e-14
109, 751, 2.1907788310556173e-14
342, 909, 2.1461238495519004e-14
760, 935, 2.118739040819896e-14
783, 935, 2.0203391633620652e-14
243, 917, 1.9959876389349893e-14
462, 909, 1.990227548188309e-14
702, 935, 1.9341845490156122e-14
109, 571, 1.9293886921637022e-14
259, 708, 1.9220058154329104e-14
648, 935, 1.881176736772692e-14
114, 722, 1.80571936738234e-14
116, 827, 1.7919981756712606e-14
114, 821, 1.6433672021456815e-14
465, 938, 1.5736687128499782e-14
442, 917, 1.4997490445084047e-14
612, 917, 1.4732334905899462e-14
905, 917, 1.4238483593386944e-14
734, 935, 1.2304589092181643e-14
101, 938, 1.223939496785085e-14
109, 708, 1.192329754820328e-14
651, 935, 1.1557840166962355e-14
237, 917, 1.0769521611670136e-14
256, 938, 1.0640834907965812e-14
329, 909, 9.894376121719733e-15
282, 917, 8.74490698765371e-15
116, 722, 8.67365735418598e-15
795, 909, 8.592097122683104e-15
603, 917, 8.485135912023626e-15
114, 744, 8.346113608233368e-15
116, 821, 7.893809124494375e-15
459, 917, 7.320011272065259e-15
417, 935, 6.633462617899064e-15
312, 935, 6.326867298939631e-15
793, 935, 6.140791234320388e-15
291, 909, 5.327702687299919e-15
286, 909, 5.226024886380642e-15
188, 935, 5.1990147732850274e-15
765, 935, 4.8959586241415515e-15
114, 751, 4.431694390523716e-15
342, 917, 4.4082913689614025e-15
462, 917, 4.088069253216462e-15
116, 744, 4.0090022283953834e-15
114, 571, 3.902932109345682e-15
465, 909, 3.740264059483786e-15
732, 935, 3.6769975722094385e-15
742, 935, 2.9585546996835424e-15
101, 909, 2.9090347119612256e-15
751, 935, 2.8817634719301733e-15
905, 935, 2.6755028095238547e-15
256, 909, 2.5290921808495798e-15
98, 938, 2.429701181658696e-15
114, 708, 2.4119463869137512e-15
116, 751, 2.1287360226740873e-15
329, 917, 2.0323753854066564e-15
116, 571, 1.8747484467749444e-15
795, 917, 1.6772460943494224e-15
247, 938, 1.3060472705450361e-15
243, 935, 1.2826695989528416e-15
772, 935, 1.267493850092991e-15
116, 708, 1.1585630023498059e-15
259, 938, 1.1403629322715004e-15
291, 917, 1.094348109393616e-15
286, 917, 1.0734627642957002e-15
442, 935, 9.637747588837435e-16
612, 935, 9.467352270514e-16
465, 917, 7.682768995135791e-16
109, 938, 7.074321235262308e-16
237, 935, 6.920753263745396e-16
101, 917, 5.97536466286662e-16
98, 909, 5.774864767175219e-16
282, 935, 5.619687276579886e-16
603, 935, 5.452752143867454e-16
256, 917, 5.194935620548995e-16
459, 935, 4.704015064782691e-16
247, 909, 3.1041868127120607e-16
342, 935, 2.8328739176511127e-16
259, 909, 2.710391618969207e-16
462, 935, 2.6270914945708195e-16
109, 909, 1.681410403945488e-16
114, 938, 1.4310540749550843e-16
329, 935, 1.3060532388427822e-16
98, 917, 1.1861983881020192e-16
795, 935, 9.426136940356744e-17
291, 935, 7.032543805429943e-17
286, 935, 6.898329561322652e-17
116, 938, 6.87397661324623e-17
247, 917, 6.376220988821067e-17
259, 917, 5.567337590000652e-17
465, 935, 4.9371318908048164e-17
101, 935, 3.839912856276834e-17
109, 917, 3.4537368255528755e-17
114, 909, 3.4013004643389356e-17
256, 935, 3.3383904083448287e-17
116, 909, 1.6337928982329367e-17
98, 935, 7.622795758179945e-18
114, 917, 6.986513608392309e-18
247, 935, 4.0975127596129614e-18
259, 935, 3.5777048587392606e-18
116, 917, 3.3559270745043125e-18
109, 935, 2.219454240350076e-18
114, 935, 4.489701455734854e-19
116, 935, 2.1565993450070818e-19
