Gene = AT4G38090
index = 1086
Annotated 5SS: [460 654 778]
Annotated 3SS: [547 723 860]
SMsplice 5SS: [460 654 778]
SMsplice 3SS: [547 723 860]
length: 1098
Partition function (logZ) = -1.3954532621682054
#Introns = 2063
5SS, 3SS, prob
460, 547, 0.8133605993565325
778, 860, 0.7391092300689882
654, 723, 0.6376745618773788
642, 723, 0.11955523952609261
647, 723, 0.11176762447613736
654, 760, 0.06555021380389638
446, 547, 0.05072118655231054
299, 547, 0.03350832748815164
460, 530, 0.031172289740481796
299, 366, 0.021172377725296083
939, 1019, 0.016687428952595583
375, 547, 0.014048554878286624
299, 395, 0.01380480650030696
446, 530, 0.01239100995273679
637, 723, 0.012230542423201101
440, 547, 0.008801518905601926
654, 860, 0.005598116365862654
460, 723, 0.005242490784073264
299, 530, 0.005088606275248579
598, 723, 0.004672451466895683
761, 860, 0.004406840346938996
299, 392, 0.00329135570793263
440, 530, 0.0030411157623848615
647, 760, 0.0029639795555789984
375, 530, 0.002464610742734779
206, 298, 0.002436595826475972
907, 1019, 0.0024177793702810785
1021, 1094, 0.002346497659141858
299, 723, 0.0018342567446777394
642, 760, 0.0017639570800772224
580, 723, 0.0017404926862374065
778, 882, 0.001598870917065102
375, 459, 0.001265019376761656
916, 1019, 0.0012527111842568698
907, 991, 0.0012355055849394242
449, 547, 0.0010049889187305494
742, 860, 0.0008628689700186916
939, 1044, 0.0008370563721898331
375, 723, 0.0007612942710538003
939, 1083, 0.000726368841559328
299, 505, 0.0006098477865610441
460, 579, 0.0006048199497156392
601, 723, 0.0006027865200675571
409, 547, 0.0005746800795887952
299, 379, 0.0005688254360970605
927, 1019, 0.0005546795130821601
446, 723, 0.0005467317801131134
1021, 1083, 0.0005153345529164604
452, 547, 0.00051198021942476
660, 723, 0.0005059251086384705
585, 723, 0.000490628000883944
375, 505, 0.00042193688706874564
299, 459, 0.00039206644477944445
654, 777, 0.00038470099407107196
647, 860, 0.00035753269121680106
939, 1050, 0.00033329235931304384
939, 1094, 0.00030336087424516505
286, 366, 0.0002828780640100274
660, 760, 0.0002768053201374406
642, 860, 0.0002587461729355278
460, 760, 0.0002525729137999194
916, 991, 0.00021571799652209345
654, 741, 0.00021451229387459695
907, 1083, 0.0001903871788249679
160, 298, 0.0001859590660208671
449, 530, 0.00018494474541419053
778, 1019, 0.00015787987163776816
778, 938, 0.00013894125856196227
637, 760, 0.00013463365249335248
180, 298, 0.00013389176130561002
440, 723, 0.00013304144914101922
598, 760, 0.0001238523095867211
136, 298, 0.00012256094936711288
409, 530, 0.0001213525073560881
548, 723, 0.00010962480993913077
907, 1044, 0.00010768199569609495
206, 547, 0.00010599749981404524
724, 860, 0.000100006956273563
299, 579, 9.825435999938521e-05
474, 547, 9.685365250788937e-05
907, 1094, 9.485571454522632e-05
675, 760, 8.90722061817108e-05
299, 760, 8.837088890415816e-05
460, 860, 8.245901870535777e-05
299, 434, 8.122636897126475e-05
763, 860, 7.887281451157243e-05
286, 547, 7.88047986340614e-05
603, 723, 7.669951428159647e-05
345, 547, 6.664649520891528e-05
452, 530, 6.629166827134289e-05
580, 760, 6.22807585143657e-05
798, 860, 6.115476909009386e-05
916, 1083, 6.0767430938766174e-05
206, 366, 5.828950583380307e-05
988, 1083, 5.7147819741249924e-05
907, 1050, 5.410321269801459e-05
238, 547, 5.374186288799914e-05
238, 366, 4.881921725437976e-05
409, 505, 4.754057104593486e-05
446, 579, 4.6110455077447355e-05
654, 816, 4.5522437999911726e-05
238, 340, 4.4730093346257766e-05
160, 547, 4.329397092357354e-05
299, 512, 4.154744789299225e-05
136, 547, 4.100471126294241e-05
916, 1044, 4.090055427877462e-05
778, 912, 4.078938175956537e-05
375, 579, 4.077972268093332e-05
598, 860, 3.978447959393663e-05
460, 589, 3.9451187516311634e-05
944, 1019, 3.698003566597363e-05
375, 760, 3.667766338920416e-05
778, 1083, 3.4880845867565686e-05
440, 505, 3.4274823206225244e-05
654, 784, 3.2961299473836e-05
778, 966, 3.000100223973708e-05
916, 1094, 2.986527249060784e-05
299, 860, 2.885098275791201e-05
206, 340, 2.8473664414607974e-05
778, 991, 2.794356522431277e-05
446, 760, 2.6340463809627215e-05
375, 512, 2.5520210884938604e-05
637, 860, 2.275975217612013e-05
160, 366, 2.2655496123098034e-05
654, 882, 2.1600312508123088e-05
409, 723, 2.1538731573913684e-05
136, 366, 2.145753917297788e-05
647, 777, 2.120768496755327e-05
778, 890, 2.083457128139593e-05
180, 547, 2.0455582238005598e-05
580, 860, 1.9991664352898004e-05
916, 1050, 1.9800933456599984e-05
927, 1083, 1.7934201287561666e-05
660, 860, 1.7091056908600017e-05
299, 438, 1.702302447592036e-05
778, 1094, 1.6870979691956154e-05
585, 760, 1.6333066998021884e-05
206, 530, 1.609688048157977e-05
286, 395, 1.5967219413890416e-05
601, 760, 1.574095716031095e-05
988, 1094, 1.5191899435628479e-05
939, 1027, 1.471864436684958e-05
212, 298, 1.4300367959416929e-05
642, 777, 1.4023588295515289e-05
927, 1044, 1.393008186142295e-05
778, 1044, 1.3443934584347623e-05
299, 400, 1.343595023421562e-05
742, 816, 1.210463572933366e-05
446, 512, 1.205268081481171e-05
375, 860, 1.1974380332306904e-05
286, 530, 1.1967371185290547e-05
654, 827, 1.1830741040784258e-05
647, 741, 1.171466279588312e-05
303, 547, 1.1431708248780645e-05
180, 366, 1.112593146237635e-05
954, 1019, 1.0722881515206513e-05
345, 530, 1.051068073414898e-05
440, 579, 1.0276149305608483e-05
954, 1044, 9.709379244194779e-06
1002, 1083, 9.581664456705217e-06
104, 298, 9.489216156840243e-06
449, 723, 9.172930580397848e-06
654, 1019, 9.119700437083987e-06
136, 221, 8.989121413226359e-06
440, 512, 8.920353070296115e-06
446, 860, 8.599531776025854e-06
684, 760, 8.237390559975893e-06
238, 530, 8.161290080267934e-06
299, 589, 8.115118529074257e-06
363, 547, 7.858165783129944e-06
375, 464, 7.816182824972198e-06
927, 991, 7.653129264633185e-06
160, 340, 7.642699292261733e-06
654, 938, 7.637240040335517e-06
927, 1094, 7.53802087981608e-06
736, 860, 7.322266500811878e-06
778, 1050, 7.300121391920214e-06
136, 340, 7.116996955169808e-06
939, 1057, 6.9917190356808265e-06
206, 395, 6.808680055863035e-06
742, 827, 6.764995419410034e-06
642, 741, 6.633186110555966e-06
160, 530, 6.574663334063002e-06
460, 591, 6.560081920208758e-06
440, 760, 6.409675829625909e-06
927, 1050, 6.336823310247402e-06
136, 530, 6.227014198818026e-06
761, 882, 6.077773687458565e-06
206, 278, 6.077382884030997e-06
206, 723, 5.802337613586887e-06
303, 395, 5.5451984543487594e-06
654, 736, 5.509357539016518e-06
798, 882, 5.308922371538971e-06
585, 860, 5.283715489446327e-06
548, 760, 5.233331496075829e-06
954, 1083, 5.200348912740118e-06
134, 298, 5.058103852933654e-06
1002, 1094, 4.984371672248665e-06
601, 860, 4.791835013585371e-06
778, 894, 4.687224758014606e-06
375, 474, 4.59268988864953e-06
286, 723, 4.313800307061261e-06
136, 223, 4.274868479045791e-06
954, 1050, 4.2478662908481645e-06
724, 816, 4.167708834750444e-06
452, 723, 4.029360207035534e-06
286, 392, 3.918511971873385e-06
944, 1044, 3.842188177334811e-06
238, 395, 3.7350400929292413e-06
180, 340, 3.7309846599465783e-06
345, 723, 3.6482508233009062e-06
675, 860, 3.6190568057792162e-06
375, 589, 3.3681180472868824e-06
446, 589, 3.31232390887038e-06
104, 547, 3.1343706974186633e-06
180, 530, 3.1064040476799248e-06
238, 723, 2.94184705305613e-06
460, 777, 2.934148311127467e-06
647, 816, 2.8651565512292763e-06
303, 366, 2.831154475880415e-06
160, 395, 2.6867177867780857e-06
944, 1083, 2.6745184768218588e-06
136, 395, 2.544651939789169e-06
180, 278, 2.3761973747436524e-06
160, 723, 2.369926048935936e-06
375, 438, 2.3189090010034304e-06
136, 723, 2.2446112305727628e-06
299, 464, 2.230842437071498e-06
409, 512, 2.2088065306499467e-06
742, 882, 2.1297822969078402e-06
954, 1094, 2.10540587801073e-06
440, 860, 2.0926059377415718e-06
642, 816, 2.0911761270200093e-06
654, 1083, 2.014841170089988e-06
603, 760, 1.9810043513808154e-06
299, 474, 1.965457154434094e-06
206, 505, 1.9291425591282376e-06
345, 459, 1.9242035678260325e-06
647, 784, 1.8689256551706456e-06
160, 278, 1.8663926445566004e-06
303, 530, 1.7360300167809148e-06
134, 547, 1.725366996481419e-06
548, 860, 1.7085576328588582e-06
654, 966, 1.6707312179862015e-06
104, 366, 1.6401988930300556e-06
654, 991, 1.6141192752837796e-06
761, 827, 1.5784982683618797e-06
474, 723, 1.5509938576910367e-06
654, 912, 1.5223559618570892e-06
944, 1050, 1.4839542860358772e-06
286, 379, 1.4727044622183335e-06
286, 505, 1.4342384601070981e-06
598, 777, 1.4339687230459466e-06
206, 392, 1.433042056616476e-06
299, 591, 1.4043640064876963e-06
687, 760, 1.4015588009315652e-06
907, 1057, 1.3875241724617296e-06
647, 882, 1.379538644328107e-06
660, 777, 1.3792646031369541e-06
907, 1027, 1.2753760990549366e-06
345, 505, 1.2746607480469053e-06
778, 944, 1.2721990656898719e-06
180, 395, 1.269423327667708e-06
642, 784, 1.2680565321723207e-06
761, 1019, 1.2634997414948033e-06
303, 392, 1.2463214375832266e-06
206, 459, 1.1801954850617665e-06
409, 579, 1.1600372541007388e-06
637, 777, 1.153052665382151e-06
363, 530, 1.144970700561489e-06
944, 1094, 1.1281379261376327e-06
180, 723, 1.1197452245158771e-06
136, 278, 1.1019953640939869e-06
761, 938, 1.0672722028571312e-06
706, 860, 1.062809295063301e-06
409, 760, 1.0376938019051507e-06
299, 777, 1.0266076854003947e-06
642, 882, 9.983712074600629e-07
238, 505, 9.780958521281662e-07
654, 1094, 9.74527527003394e-07
778, 968, 9.05356701609785e-07
134, 366, 9.028750300754246e-07
345, 434, 8.890256328622367e-07
286, 459, 8.867445404602263e-07
238, 392, 8.308076693188903e-07
449, 579, 8.190933855985093e-07
160, 505, 7.879453950220386e-07
654, 1044, 7.765692664502657e-07
647, 827, 7.604218395414636e-07
92, 298, 7.545959792927016e-07
440, 589, 7.487390291234803e-07
136, 505, 7.462811270160322e-07
505, 723, 7.391520348431003e-07
580, 777, 7.315352218335158e-07
907, 996, 6.908897869256108e-07
460, 816, 6.597508186014212e-07
742, 1019, 6.315649733326318e-07
724, 827, 6.309284104762461e-07
299, 409, 6.257902148265184e-07
303, 723, 6.257754274942095e-07
988, 1050, 6.24387224315042e-07
238, 459, 5.983716979220772e-07
675, 777, 5.946424855876345e-07
916, 1027, 5.857722034892581e-07
375, 591, 5.828705690822374e-07
647, 1019, 5.824443129201055e-07
603, 860, 5.77495886539005e-07
212, 547, 5.752968470360461e-07
160, 392, 5.631347879051923e-07
642, 827, 5.619062464879369e-07
363, 459, 5.606302680677366e-07
446, 591, 5.584360518987517e-07
684, 860, 5.515968171938632e-07
660, 741, 5.513571925385891e-07
742, 938, 5.444498606406203e-07
104, 340, 5.440181389610753e-07
136, 392, 5.333578530122224e-07
916, 1057, 5.022344733779397e-07
647, 938, 4.877645991321024e-07
160, 459, 4.82042964258922e-07
104, 530, 4.7598849585911435e-07
136, 459, 4.5655392989159626e-07
449, 760, 4.419337868583436e-07
637, 741, 4.390683603322623e-07
375, 777, 4.2608568935775416e-07
654, 890, 4.2532186418443257e-07
654, 1050, 4.21680861265249e-07
642, 1019, 4.2151456529258944e-07
363, 723, 4.151859462050706e-07
136, 200, 4.016701135847747e-07
647, 736, 3.8671256084961795e-07
134, 221, 3.849569591584597e-07
452, 579, 3.824347532241582e-07
180, 505, 3.722892930145838e-07
460, 741, 3.720451087001798e-07
10, 298, 3.648812682440009e-07
212, 366, 3.5780054218430325e-07
642, 938, 3.5299491884039643e-07
409, 860, 3.3878222068386314e-07
474, 579, 3.357127897964805e-07
104, 200, 3.3451520133046357e-07
798, 938, 3.27134866504896e-07
598, 816, 3.183137926188513e-07
460, 882, 3.181678365977353e-07
460, 647, 3.121864038302118e-07
206, 579, 3.1080979823438076e-07
446, 777, 3.05998082844925e-07
136, 232, 3.05371269035493e-07
134, 340, 2.994639221275573e-07
460, 784, 2.912506880121293e-07
724, 882, 2.8176870390919534e-07
206, 760, 2.7954523494190123e-07
761, 1083, 2.791485658026486e-07
798, 1019, 2.7436786965952933e-07
927, 1027, 2.725048532820505e-07
180, 392, 2.6607053405684113e-07
206, 379, 2.6509953109868855e-07
761, 912, 2.6204188367260195e-07
134, 530, 2.6201586243021596e-07
92, 547, 2.565889469518637e-07
160, 223, 2.515184631502328e-07
598, 741, 2.458073451029314e-07
642, 736, 2.424761655008017e-07
136, 217, 2.3559918678058147e-07
761, 966, 2.3147344329961783e-07
286, 579, 2.3107435181323112e-07
299, 816, 2.3083538696963868e-07
180, 459, 2.2775618145669763e-07
140, 298, 2.2386722667738564e-07
761, 991, 2.2363007437938863e-07
736, 816, 2.1287964018384244e-07
303, 505, 2.0805580268354597e-07
286, 760, 2.0783042984367488e-07
778, 1057, 2.0387139169066686e-07
345, 579, 1.9542332380717893e-07
104, 395, 1.945113678294045e-07
452, 760, 1.9412666424368704e-07
585, 777, 1.9362991408956156e-07
363, 505, 1.915313433019027e-07
104, 221, 1.8982415176951425e-07
238, 379, 1.8694673749147892e-07
637, 816, 1.844554118137984e-07
916, 996, 1.8309515631697682e-07
134, 223, 1.7752178454984302e-07
345, 438, 1.7731549510226572e-07
345, 760, 1.7576556233793246e-07
212, 340, 1.7333527550735577e-07
460, 827, 1.724331081269365e-07
601, 777, 1.7195991101530401e-07
104, 723, 1.7157647137396985e-07
80, 298, 1.695576788671458e-07
206, 434, 1.6869359422209246e-07
299, 440, 1.6725331106036262e-07
286, 434, 1.6136172163161474e-07
580, 816, 1.5995238761157293e-07
238, 579, 1.5758388254687368e-07
505, 579, 1.5450980608550367e-07
660, 816, 1.538909994194783e-07
598, 882, 1.5350827600555812e-07
927, 1057, 1.5275446806987352e-07
684, 777, 1.4696750780731937e-07
598, 784, 1.4605648952138467e-07
303, 459, 1.4559969397172533e-07
449, 860, 1.442808171661255e-07
160, 232, 1.437638664188841e-07
238, 760, 1.4173241551543227e-07
742, 1083, 1.3953343299336015e-07
303, 379, 1.391033813152893e-07
687, 860, 1.352810433658302e-07
761, 1094, 1.3501707506108289e-07
460, 1019, 1.3433117494921676e-07
92, 366, 1.3427158028908174e-07
10, 95, 1.3219283777247776e-07
206, 512, 1.314277951314847e-07
299, 741, 1.3017214108051148e-07
647, 1083, 1.286810667798029e-07
160, 579, 1.269481864301296e-07
440, 591, 1.2655125254671712e-07
10, 547, 1.2407235520780894e-07
136, 579, 1.2023553439140092e-07
798, 912, 1.187638487284884e-07
742, 966, 1.157028484008894e-07
160, 760, 1.1417838434519889e-07
654, 894, 1.1315051088516583e-07
778, 1027, 1.128040866919842e-07
460, 938, 1.124948604469195e-07
660, 784, 1.1211478039754776e-07
742, 991, 1.1178231171990662e-07
299, 882, 1.1132141652817161e-07
724, 1019, 1.0856326953891271e-07
136, 760, 1.0814096241735311e-07
761, 1044, 1.0759071245617133e-07
160, 379, 1.0714039095278001e-07
134, 395, 1.0707204950891794e-07
647, 966, 1.067039321135089e-07
742, 912, 1.0600193221524862e-07
299, 647, 1.0514351022634553e-07
637, 784, 1.0463602638412024e-07
763, 882, 1.037490513247634e-07
647, 991, 1.0308831948479742e-07
299, 784, 1.0190357234413679e-07
136, 379, 1.0147511771033672e-07
761, 890, 1.0023051344951352e-07
798, 890, 1.0001881825918813e-07
449, 512, 9.833284674966044e-08
710, 860, 9.822974491672646e-08
286, 512, 9.771118138093058e-08
647, 912, 9.722770811835997e-08
409, 589, 9.691950691724179e-08
375, 816, 9.580646666088585e-08
134, 723, 9.444715053174374e-08
642, 1083, 9.312640319747733e-08
580, 741, 9.307944998657805e-08
206, 860, 9.126483679611118e-08
724, 938, 9.091567806995141e-08
10, 73, 8.907336151879249e-08
180, 271, 8.851601592703993e-08
238, 434, 8.804398144505523e-08
580, 647, 8.797140709348058e-08
637, 882, 8.781842453463812e-08
212, 530, 8.73651228039802e-08
76, 298, 8.66862755999895e-08
988, 1057, 8.604034447825035e-08
598, 827, 8.319479881403725e-08
104, 223, 8.286731272180205e-08
345, 512, 8.214514880887775e-08
954, 1057, 8.090352182737235e-08
706, 777, 8.062207943428993e-08
642, 966, 7.72215653275771e-08
580, 882, 7.713776730569223e-08
474, 760, 7.4723839117259e-08
642, 991, 7.460494885171735e-08
440, 777, 7.446142671208912e-08
654, 944, 7.406337550511169e-08
136, 234, 7.368407394242686e-08
580, 784, 7.061187591977483e-08
642, 912, 7.036362826934684e-08
140, 547, 6.946780847151372e-08
160, 271, 6.896851834889425e-08
160, 434, 6.890177198572617e-08
446, 816, 6.880445848009299e-08
286, 860, 6.785166724408923e-08
742, 1094, 6.748877946703857e-08
238, 512, 6.663529383258524e-08
736, 827, 6.528208168012744e-08
136, 434, 6.525844604938787e-08
10, 366, 6.492637894907506e-08
660, 882, 6.487816451480903e-08
598, 1019, 6.481153878016498e-08
452, 860, 6.337771535850267e-08
647, 1094, 6.223976541807488e-08
104, 278, 6.13246935836955e-08
548, 777, 6.079579373639861e-08
798, 1083, 6.061686821334483e-08
299, 827, 6.033135862602939e-08
180, 579, 5.998061651751218e-08
136, 229, 5.960939664393825e-08
761, 1050, 5.8422276354102495e-08
449, 589, 5.778040277569813e-08
80, 547, 5.765552356759557e-08
345, 860, 5.7383254500768036e-08
104, 505, 5.7045193698744475e-08
598, 938, 5.427604584848657e-08
113, 298, 5.422627586964813e-08
375, 741, 5.4026954265233905e-08
180, 760, 5.394712660797086e-08
86, 298, 5.392179868897138e-08
742, 1044, 5.3779611670383605e-08
160, 512, 5.368080521667106e-08
180, 379, 5.1741421295346755e-08
136, 512, 5.084231987307296e-08
654, 968, 5.063266182278398e-08
160, 234, 5.062176894339814e-08
798, 966, 5.0138935324743114e-08
798, 991, 4.9989589231192764e-08
647, 1044, 4.9596843224504015e-08
637, 827, 4.9157840108914485e-08
944, 1027, 4.7559898487897943e-08
299, 1019, 4.7000151992569105e-08
238, 860, 4.627224561142247e-08
375, 882, 4.620310482400892e-08
134, 278, 4.516474864345205e-08
642, 1094, 4.504287720242769e-08
92, 340, 4.453494971532711e-08
206, 271, 4.415836285698606e-08
375, 647, 4.3639011935521994e-08
375, 784, 4.229430043019287e-08
585, 816, 4.2274764775884116e-08
580, 827, 4.1805309778403835e-08
160, 238, 4.100229097615258e-08
104, 392, 4.076949146159386e-08
675, 784, 4.01882196395247e-08
299, 938, 3.936000367291425e-08
687, 777, 3.924646748950839e-08
675, 816, 3.919305463770908e-08
92, 530, 3.896583994173868e-08
446, 741, 3.880004618796559e-08
601, 816, 3.8339251696800855e-08
375, 440, 3.826614582532331e-08
742, 890, 3.789658336513794e-08
206, 438, 3.734460424516086e-08
160, 860, 3.727651310198135e-08
637, 1019, 3.7077136004925125e-08
212, 395, 3.6851615481140646e-08
140, 366, 3.6352120905812956e-08
10, 98, 3.612386649434496e-08
642, 1044, 3.5893202745597536e-08
505, 760, 3.5610893918712696e-08
548, 647, 3.537873533543218e-08
136, 860, 3.5305439164596423e-08
660, 827, 3.495231458594217e-08
104, 459, 3.4898654704997674e-08
286, 438, 3.4042178606271156e-08
954, 1027, 3.379838475875589e-08
136, 271, 3.357882455718346e-08
303, 579, 3.3520478695357204e-08
446, 882, 3.3181263418962426e-08
460, 654, 3.2750807399779905e-08
580, 1019, 3.256773854308148e-08
180, 434, 3.255478379856594e-08
446, 647, 3.162310849879194e-08
212, 723, 3.149193651162786e-08
136, 238, 3.1401789319595697e-08
134, 505, 3.140148502433402e-08
637, 938, 3.105003170129595e-08
601, 741, 3.078201240071757e-08
363, 434, 3.05841093022983e-08
446, 784, 3.0374112931166494e-08
80, 366, 3.017081738625229e-08
303, 760, 3.014863156016839e-08
580, 654, 3.009954468011571e-08
303, 434, 2.9734875453967663e-08
460, 1083, 2.967816581054111e-08
76, 547, 2.9476356595789128e-08
944, 1057, 2.9340937281908206e-08
798, 1094, 2.9318840388795102e-08
742, 1050, 2.92025888061981e-08
660, 1019, 2.73917067200028e-08
580, 938, 2.7273663048512487e-08
585, 741, 2.727017116887527e-08
647, 890, 2.716386384222191e-08
134, 200, 2.699536179947746e-08
647, 1050, 2.6931325344029518e-08
505, 589, 2.6715430807984228e-08
452, 589, 2.6382643317297186e-08
206, 589, 2.5670701561594186e-08
180, 512, 2.536316494623225e-08
375, 827, 2.504007021926371e-08
761, 894, 2.468223520874401e-08
460, 966, 2.460950215248343e-08
474, 860, 2.4395547229531033e-08
724, 1083, 2.398518970394154e-08
460, 991, 2.3775620729311807e-08
798, 1044, 2.3363229609233773e-08
660, 938, 2.2939025330751138e-08
798, 894, 2.2599151854700714e-08
134, 392, 2.2442251354983654e-08
460, 912, 2.2423967372397276e-08
363, 579, 2.2239977878497824e-08
706, 816, 2.2235402635374362e-08
10, 340, 2.1534661433715516e-08
603, 777, 2.0757148718548438e-08
585, 882, 2.0387197821041466e-08
763, 1019, 2.0337986141595674e-08
363, 760, 2.0002843785700407e-08
724, 966, 1.988881595361997e-08
736, 882, 1.971666113778376e-08
642, 890, 1.9658470355245622e-08
375, 1019, 1.9507054590052552e-08
642, 1050, 1.9490182397401313e-08
238, 438, 1.924568772442482e-08
724, 991, 1.921489276533924e-08
134, 459, 1.9210550653498927e-08
286, 589, 1.9085114940498475e-08
585, 784, 1.907519230952315e-08
10, 530, 1.8841745101081926e-08
724, 912, 1.8797562513040038e-08
706, 784, 1.8731192536933652e-08
601, 882, 1.84892787173889e-08
86, 547, 1.8335291895302826e-08
446, 827, 1.798279940578701e-08
113, 547, 1.7755209699189877e-08
409, 474, 1.772028908239214e-08
180, 860, 1.761244725390816e-08
601, 784, 1.7470308018701564e-08
763, 938, 1.718871940168625e-08
474, 589, 1.7076958326819263e-08
409, 591, 1.6941925974973753e-08
440, 816, 1.6742843925518298e-08
637, 736, 1.6687714576171903e-08
375, 938, 1.6336069305341796e-08
345, 589, 1.6140590972765436e-08
286, 400, 1.6134711799987148e-08
92, 395, 1.5923281532275987e-08
763, 827, 1.590761217670002e-08
76, 366, 1.5424814779818237e-08
675, 741, 1.5302786371105615e-08
160, 438, 1.5253154208153513e-08
778, 996, 1.523019768144056e-08
160, 229, 1.4932375856192912e-08
136, 438, 1.4446611636954587e-08
460, 1094, 1.4354575418990284e-08
598, 1083, 1.4318996279763157e-08
303, 512, 1.4174336303775439e-08
92, 200, 1.4172616004856805e-08
92, 723, 1.4045762407050458e-08
446, 1019, 1.4009203912726449e-08
548, 816, 1.3670091090146529e-08
675, 882, 1.3446401718985817e-08
140, 221, 1.326345365200517e-08
238, 589, 1.3015319474348033e-08
10, 101, 1.2729074697849478e-08
798, 1050, 1.2686346484702638e-08
927, 996, 1.2264990795743035e-08
140, 340, 1.2255614688893506e-08
409, 777, 1.2054924934426678e-08
363, 512, 1.1962876906237418e-08
598, 966, 1.1873488813890078e-08
654, 1057, 1.1776333490921942e-08
363, 438, 1.1770670702661896e-08
446, 938, 1.173192626157244e-08
505, 860, 1.162610560087131e-08
134, 232, 1.1607895745985302e-08
724, 1094, 1.160102739306511e-08
598, 991, 1.1471161221532063e-08
92, 221, 1.1465776362608706e-08
460, 1044, 1.1438693925463075e-08
299, 654, 1.1131175275899023e-08
585, 827, 1.1048973157916965e-08
212, 278, 1.0844941898571494e-08
598, 912, 1.0819021210159913e-08
134, 217, 1.0815225355795422e-08
660, 736, 1.0668901718671843e-08
460, 736, 1.0640858931382933e-08
761, 944, 1.0591756642803946e-08
140, 530, 1.0549447036439059e-08
160, 589, 1.0485026618034739e-08
212, 505, 1.0470337825859471e-08
299, 1083, 1.0383876300370553e-08
684, 784, 1.0382799626266502e-08
601, 827, 1.0020383676604692e-08
80, 340, 1.0007000977230019e-08
136, 589, 9.930608809613214e-09
303, 860, 9.842807513913466e-09
449, 591, 9.744589642588451e-09
345, 464, 9.624752380757229e-09
742, 894, 9.607854659067703e-09
86, 366, 9.594757089461692e-09
440, 741, 9.441584629518778e-09
113, 366, 9.29120327666141e-09
724, 1044, 9.244481128618359e-09
104, 579, 9.190717948682858e-09
675, 827, 8.935171772353278e-09
80, 530, 8.7556222891921e-09
206, 400, 8.61573309311648e-09
299, 966, 8.610438657038811e-09
585, 1019, 8.607520692561748e-09
299, 991, 8.318677986832044e-09
104, 760, 8.266217547980439e-09
637, 1083, 8.191556357265147e-09
440, 882, 8.074312725474511e-09
548, 741, 7.935573821244927e-09
10, 152, 7.878698089656995e-09
299, 912, 7.845757882915192e-09
80, 152, 7.810796448567429e-09
601, 1019, 7.80621498586786e-09
104, 379, 7.756685163049376e-09
10, 395, 7.699626448512306e-09
440, 647, 7.626219725714693e-09
212, 392, 7.61085168627281e-09
598, 736, 7.498348094889146e-09
440, 784, 7.391222072181917e-09
647, 894, 7.226539075897774e-09
585, 938, 7.208318094960205e-09
180, 438, 7.206826808394608e-09
580, 1083, 7.195282442227756e-09
206, 464, 7.107406338983984e-09
684, 816, 7.016682532033681e-09
761, 968, 7.014962340664029e-09
585, 647, 6.991929097024303e-09
598, 1094, 6.92573501119457e-09
637, 966, 6.7925398453938735e-09
10, 723, 6.791761076360723e-09
140, 223, 6.7612811127597055e-09
104, 217, 6.7066563792966476e-09
76, 152, 6.633123760538316e-09
548, 882, 6.592463678129234e-09
345, 474, 6.588644881188816e-09
637, 991, 6.5623778226869064e-09
601, 938, 6.537269295722618e-09
363, 860, 6.5304503363810015e-09
654, 1027, 6.515963485643305e-09
212, 459, 6.405459964936329e-09
736, 1019, 6.31874096002294e-09
460, 890, 6.264897201574589e-09
460, 1050, 6.211266032052989e-09
637, 912, 6.18930407145394e-09
206, 474, 6.160652949883007e-09
303, 438, 6.134577966012126e-09
104, 232, 6.103708306570403e-09
660, 1083, 6.051727115297536e-09
548, 784, 6.034738151039679e-09
580, 966, 5.966417193034131e-09
580, 991, 5.7642479484336094e-09
303, 400, 5.702461358776881e-09
675, 1019, 5.677100995077105e-09
598, 1044, 5.518892805224523e-09
580, 912, 5.436548193365455e-09
286, 464, 5.3373232066576175e-09
736, 938, 5.2915928321682454e-09
642, 894, 5.229841565239573e-09
92, 278, 5.165667515534455e-09
92, 223, 5.147853006034565e-09
449, 777, 5.133960149692793e-09
742, 944, 5.129097616584352e-09
76, 340, 5.1160740724766534e-09
134, 579, 5.059185065661274e-09
724, 890, 5.0237200389449885e-09
299, 1094, 5.0224173706244525e-09
724, 1050, 5.019797888841364e-09
660, 966, 5.018166972342339e-09
104, 434, 4.988308776146253e-09
180, 589, 4.953976724184136e-09
660, 991, 4.848128741146858e-09
505, 591, 4.7833484439450015e-09
675, 938, 4.754255178857047e-09
286, 474, 4.750800246892769e-09
647, 944, 4.730176408339558e-09
92, 505, 4.669889937358236e-09
603, 816, 4.620518044781279e-09
375, 654, 4.619909395032076e-09
660, 912, 4.572510722070432e-09
134, 760, 4.55027829183281e-09
854, 938, 4.500232216532442e-09
763, 1083, 4.493328709370318e-09
76, 530, 4.4763073656193126e-09
452, 591, 4.44843645340047e-09
206, 591, 4.4424501213666035e-09
10, 104, 4.3779961651636856e-09
440, 827, 4.3759257822239475e-09
763, 912, 4.31869316069529e-09
238, 400, 4.3126847055587884e-09
140, 395, 4.311002032093197e-09
375, 1083, 4.309748655274688e-09
134, 379, 4.269797632246968e-09
299, 1044, 4.002200928388257e-09
637, 1094, 3.962047866432079e-09
104, 512, 3.886350438540128e-09
603, 741, 3.805570087869019e-09
140, 723, 3.802690428876559e-09
706, 827, 3.7977371184439125e-09
763, 966, 3.725923739727509e-09
299, 736, 3.723052279528961e-09
585, 654, 3.652392915145182e-09
238, 464, 3.6035308156236283e-09
763, 991, 3.5996725635979913e-09
80, 395, 3.5779605651907746e-09
375, 966, 3.57369688833581e-09
548, 827, 3.5728281475257247e-09
742, 968, 3.5064546181619562e-09
580, 1094, 3.480175464253591e-09
706, 882, 3.4797822409157715e-09
375, 991, 3.452603847576005e-09
852, 938, 3.4243860571108846e-09
642, 944, 3.42322554841739e-09
160, 400, 3.418382034597739e-09
440, 1019, 3.408992960818102e-09
710, 777, 3.3561596159089873e-09
92, 392, 3.3375123403586474e-09
446, 654, 3.317838296629829e-09
286, 591, 3.3027796681084464e-09
10, 221, 3.259514270173016e-09
375, 912, 3.2563219656515095e-09
206, 777, 3.2474867025459123e-09
136, 400, 3.237627903491461e-09
647, 968, 3.2337362537444296e-09
86, 340, 3.182371307390514e-09
637, 1044, 3.157226984379764e-09
80, 723, 3.1560821115044614e-09
238, 474, 3.1235167500553683e-09
446, 1083, 3.0950929801124345e-09
113, 340, 3.081689139504719e-09
598, 890, 3.022661181122708e-09
598, 1050, 2.9967854406284384e-09
687, 784, 2.987007081194311e-09
580, 736, 2.9510629779974098e-09
798, 944, 2.935482793612937e-09
660, 1094, 2.9270667818976926e-09
160, 464, 2.9029726542778505e-09
92, 459, 2.8569081085931315e-09
440, 938, 2.8548413094483994e-09
345, 591, 2.793214285704064e-09
86, 530, 2.7844147527190975e-09
548, 1019, 2.7833529660409334e-09
134, 234, 2.778473103482937e-09
580, 1044, 2.773238551510106e-09
303, 589, 2.768555591485545e-09
136, 464, 2.7494718768812637e-09
134, 434, 2.7458983513690498e-09
474, 591, 2.7374922116888256e-09
409, 816, 2.7105809762597107e-09
104, 860, 2.6987224289277417e-09
113, 530, 2.6963229222825063e-09
363, 464, 2.5826957855294224e-09
446, 966, 2.566489379514137e-09
548, 654, 2.5199598520221973e-09
160, 474, 2.516277555134567e-09
446, 991, 2.4795250921797775e-09
113, 200, 2.424159497702164e-09
286, 777, 2.4143733211621636e-09
10, 278, 2.403173646360145e-09
710, 816, 2.389204561580706e-09
136, 474, 2.3832240934391794e-09
642, 968, 2.340252795042654e-09
446, 912, 2.3385631188813582e-09
660, 1044, 2.3324842456310726e-09
548, 938, 2.3309027380104806e-09
134, 229, 2.3102010836971466e-09
10, 505, 2.2581028916961907e-09
452, 777, 2.2551762002739458e-09
238, 591, 2.252369591057325e-09
603, 882, 2.2282658676881375e-09
299, 890, 2.1919790458405717e-09
763, 1094, 2.1733090330690657e-09
299, 1050, 2.1732144283196697e-09
684, 882, 2.165300986687438e-09
134, 512, 2.139306875520643e-09
80, 221, 2.129110241192446e-09
603, 784, 2.0848207452305002e-09
375, 1094, 2.084516021103277e-09
10, 200, 2.060157162540176e-09
345, 777, 2.0418746417787114e-09
140, 278, 1.9652016378795023e-09
80, 200, 1.936277870803899e-09
585, 1083, 1.9016838528218373e-09
363, 589, 1.8368656268192973e-09
76, 395, 1.8292304878922243e-09
687, 816, 1.8217083510731517e-09
160, 591, 1.8144890843773141e-09
763, 1044, 1.7318392295903808e-09
637, 890, 1.7291923910251737e-09
601, 1083, 1.7246491202872369e-09
136, 591, 1.71854416232678e-09
637, 1050, 1.714389496855536e-09
212, 579, 1.6869067408744321e-09
763, 890, 1.6806397634175598e-09
104, 271, 1.6751502859483217e-09
460, 894, 1.6666820558602153e-09
375, 1044, 1.6610829684715133e-09
238, 777, 1.6465103932168088e-09
345, 440, 1.6460551533046195e-09
761, 1057, 1.6315661270003475e-09
180, 400, 1.6151208433403616e-09
10, 392, 1.6138380921026564e-09
76, 723, 1.6135453467043466e-09
113, 221, 1.6026296959104362e-09
585, 966, 1.5768997709669682e-09
684, 827, 1.5661975063230816e-09
104, 234, 1.5655368551724338e-09
375, 736, 1.5452244509735508e-09
798, 968, 1.531593603645179e-09
827, 938, 1.5311696797980395e-09
409, 741, 1.528544361780369e-09
585, 991, 1.5234672627810957e-09
10, 223, 1.523039607783564e-09
580, 890, 1.5188844595254904e-09
212, 760, 1.5172196754466947e-09
580, 1050, 1.5058819237596844e-09
446, 1094, 1.4970179051978717e-09
134, 860, 1.4855570897758906e-09
706, 1019, 1.4567705412288896e-09
585, 912, 1.4368575517947118e-09
601, 966, 1.4301003811668362e-09
212, 379, 1.4152423104327934e-09
736, 1083, 1.3960172833767924e-09
601, 991, 1.381642101363507e-09
10, 459, 1.381444219855398e-09
134, 271, 1.3728382448820363e-09
180, 464, 1.3715996615114948e-09
724, 894, 1.354312749083034e-09
160, 777, 1.326414256198184e-09
409, 882, 1.3071900190555825e-09
363, 474, 1.3061692516137841e-09
601, 912, 1.3030952063896868e-09
660, 890, 1.2774862338647111e-09
660, 1050, 1.266550207531719e-09
140, 505, 1.2643062906848772e-09
136, 777, 1.2562773159909488e-09
675, 1083, 1.2542579540362228e-09
409, 647, 1.2346460494559505e-09
706, 938, 1.2199640091042214e-09
603, 827, 1.2076230375995387e-09
409, 784, 1.1966011287742993e-09
446, 1044, 1.1929248423358014e-09
180, 474, 1.1888935425573667e-09
134, 238, 1.1781083510433989e-09
736, 966, 1.1575947974508225e-09
449, 816, 1.1543841865734996e-09
80, 278, 1.1458055235371489e-09
86, 395, 1.1378433026584585e-09
736, 991, 1.1183702413759674e-09
104, 229, 1.1146173448685842e-09
446, 736, 1.1097197849468292e-09
104, 438, 1.104288624336208e-09
113, 395, 1.101844822481137e-09
460, 944, 1.0909371772619176e-09
710, 784, 1.0766817286122783e-09
736, 912, 1.0637697744173944e-09
80, 505, 1.0493240357385517e-09
10, 126, 1.0490710482310921e-09
675, 966, 1.0400462082687284e-09
76, 221, 1.0330735106459577e-09
675, 991, 1.0048047309344226e-09
86, 723, 1.0036798415703169e-09
113, 723, 9.71925953493871e-10
80, 223, 9.691719343330847e-10
675, 912, 9.476811881645436e-10
601, 736, 9.418499051680576e-10
603, 1019, 9.407788521509973e-10
763, 1050, 9.403970636705427e-10
585, 1094, 9.197962051519875e-10
212, 434, 9.155771885318434e-10
286, 409, 9.145668259216215e-10
375, 890, 9.097641836184667e-10
140, 392, 9.035840038536144e-10
761, 1027, 9.027619093958282e-10
375, 1050, 9.019760722438575e-10
76, 200, 8.945610598371639e-10
684, 1019, 8.910025511308574e-10
724, 944, 8.816695519106387e-10
654, 996, 8.797501480808341e-10
474, 777, 8.680694340825068e-10
827, 912, 8.595589325114588e-10
180, 591, 8.573117663649994e-10
585, 736, 8.471062061673599e-10
601, 1094, 8.341689990715412e-10
86, 152, 8.166885880874922e-10
742, 1057, 8.155443041644952e-10
440, 654, 8.073611797504757e-10
598, 894, 8.04133729481828e-10
303, 464, 7.909956143885275e-10
603, 938, 7.878497729521754e-10
104, 238, 7.746965976815555e-10
140, 459, 7.734672427089894e-10
86, 200, 7.643385382363784e-10
104, 589, 7.590886096181195e-10
440, 1083, 7.531584412655868e-10
92, 579, 7.523796218890997e-10
647, 1057, 7.521144489512662e-10
80, 392, 7.499388562235615e-10
684, 938, 7.461648994375845e-10
460, 968, 7.458079352917535e-10
86, 221, 7.336805517500022e-10
585, 1044, 7.329556575123048e-10
206, 816, 7.302057644041208e-10
212, 512, 7.133186752960021e-10
409, 827, 7.084400494674865e-10
113, 223, 6.773493218042497e-10
92, 760, 6.766972578125813e-10
736, 1094, 6.752181219140081e-10
303, 474, 6.700148006462387e-10
601, 1044, 6.647221240598999e-10
446, 890, 6.533570663869142e-10
854, 1019, 6.531095235802253e-10
449, 741, 6.509775783013813e-10
446, 1050, 6.477639493000567e-10
80, 459, 6.419471093442941e-10
206, 409, 6.369728407120505e-10
827, 1019, 6.355116541958695e-10
92, 379, 6.349854149233513e-10
180, 777, 6.267056433151388e-10
440, 966, 6.245282946327959e-10
548, 1083, 6.149340305156459e-10
871, 1019, 6.10038092198995e-10
140, 232, 6.091249700254134e-10
134, 438, 6.078742213193488e-10
675, 1094, 6.066527328884528e-10
871, 966, 6.041747150796029e-10
440, 991, 6.0336644666397e-10
724, 968, 6.027442842954942e-10
299, 894, 5.831431905388434e-10
76, 278, 5.709313992070993e-10
440, 912, 5.69064827691829e-10
449, 882, 5.567070307291565e-10
409, 1019, 5.518985608958167e-10
642, 1057, 5.443047308858462e-10
286, 816, 5.428780709568459e-10
449, 647, 5.394985959460064e-10
736, 1044, 5.380593437324836e-10
76, 505, 5.364663704024692e-10
687, 882, 5.317844878596035e-10
598, 944, 5.263507685208918e-10
548, 966, 5.0991090366626e-10
449, 784, 5.096093541537145e-10
452, 816, 5.070821875563143e-10
212, 860, 4.953359555288773e-10
548, 991, 4.926328121630137e-10
675, 1044, 4.834218169473966e-10
852, 1019, 4.809070906721176e-10
871, 938, 4.794448555179132e-10
303, 591, 4.791131280107233e-10
76, 223, 4.709717796891812e-10
548, 912, 4.646264437124317e-10
409, 938, 4.6218423692267783e-10
637, 894, 4.600257333076951e-10
345, 816, 4.591207817567145e-10
742, 1027, 4.512488467617438e-10
134, 589, 4.178530751064929e-10
647, 1027, 4.161524714096321e-10
505, 777, 4.1369299137160026e-10
763, 894, 4.1241638865562895e-10
206, 741, 4.117758937641479e-10
92, 232, 4.0981432256925774e-10
92, 434, 4.083578553730789e-10
580, 894, 4.0407645842613665e-10
585, 890, 4.0143497828937884e-10
687, 827, 3.985378937928633e-10
585, 1050, 3.979984610282292e-10
76, 392, 3.834058522626612e-10
299, 944, 3.81700027302214e-10
710, 827, 3.7655960035725927e-10
206, 440, 3.7639012972323306e-10
92, 217, 3.747265043955465e-10
238, 816, 3.702221103278608e-10
86, 278, 3.657523147305002e-10
440, 1094, 3.642836190286434e-10
601, 890, 3.6406392215613123e-10
10, 579, 3.638095592467349e-10
601, 1050, 3.609473229051562e-10
598, 968, 3.5983426735446845e-10
798, 1057, 3.5429316506557636e-10
206, 882, 3.521450550438981e-10
736, 890, 3.5024386115376336e-10
303, 777, 3.5023769985544943e-10
113, 278, 3.4145742024232195e-10
854, 966, 3.409824891266208e-10
660, 894, 3.3985607649805117e-10
86, 505, 3.3370024756547043e-10
86, 223, 3.3309757397922895e-10
206, 647, 3.3260237204038055e-10
286, 440, 3.325815192013995e-10
76, 459, 3.281951275402766e-10
10, 760, 3.272137149197768e-10
238, 409, 3.2567179795164854e-10
869, 938, 3.234836410129688e-10
113, 505, 3.231428169253395e-10
206, 784, 3.223534178009195e-10
706, 1083, 3.2184842935265865e-10
92, 512, 3.1814825455462964e-10
363, 591, 3.1787927210395917e-10
10, 379, 3.0704415325780957e-10
286, 741, 3.061385074871784e-10
710, 882, 3.0446162286790315e-10
449, 827, 3.0171096064029076e-10
642, 1027, 3.0116926921686826e-10
637, 944, 3.011127246483247e-10
160, 816, 2.982476679902674e-10
140, 217, 2.9815836442797616e-10
548, 1094, 2.974279803910684e-10
736, 1050, 2.921688216095005e-10
440, 1044, 2.9028575896546823e-10
452, 741, 2.859525782616556e-10
136, 816, 2.8247719601363385e-10
869, 1019, 2.711151786569191e-10
440, 736, 2.700386802084947e-10
706, 966, 2.668806982712674e-10
675, 890, 2.6476693999409116e-10
580, 944, 2.6449077639219147e-10
303, 409, 2.6261528783053953e-10
675, 1050, 2.625003807536658e-10
286, 882, 2.618054218391827e-10
299, 968, 2.609452819066629e-10
160, 409, 2.601673029389647e-10
345, 741, 2.5890629664892104e-10
706, 991, 2.5783757114449515e-10
869, 966, 2.4953005072870164e-10
104, 400, 2.4748195310473445e-10
286, 647, 2.472762376455625e-10
136, 409, 2.4641041026019467e-10
452, 882, 2.4454269406448254e-10
345, 409, 2.440370765697668e-10
706, 912, 2.431794041698476e-10
375, 894, 2.420291332984865e-10
286, 784, 2.396565600449846e-10
86, 392, 2.384914225324409e-10
452, 647, 2.378080658166028e-10
548, 1044, 2.370106766140342e-10
449, 1019, 2.350429582701245e-10
363, 777, 2.3237373093004165e-10
113, 392, 2.3094615797234072e-10
852, 966, 2.298209223637154e-10
548, 736, 2.2869208842033292e-10
452, 784, 2.238542671573333e-10
660, 944, 2.2245492322093495e-10
345, 882, 2.2141308771432476e-10
92, 860, 2.2092547850968237e-10
687, 1019, 2.1806605302675468e-10
104, 464, 2.101676568092717e-10
345, 647, 2.0912552120145294e-10
238, 741, 2.0877476980191872e-10
603, 1083, 2.078489284095299e-10
637, 968, 2.0585260466022687e-10
86, 459, 2.041484822763603e-10
140, 579, 2.0369608314058358e-10
212, 438, 2.0268622480474028e-10
345, 784, 2.0268143638044287e-10
113, 459, 1.9768974136248723e-10
10, 434, 1.9745948329275734e-10
684, 1083, 1.9685170966511333e-10
449, 938, 1.9683535709134294e-10
798, 1027, 1.9603396325009818e-10
474, 816, 1.9518765209204428e-10
206, 827, 1.908472804858695e-10
238, 440, 1.9083381003767758e-10
140, 760, 1.8320615933523264e-10
687, 938, 1.8261814662701564e-10
104, 474, 1.8217193912078035e-10
580, 968, 1.8081638792424575e-10
238, 882, 1.785412985971998e-10
871, 991, 1.75311871033448e-10
446, 894, 1.73815860592709e-10
460, 1057, 1.7346279358000195e-10
603, 966, 1.7235090213253509e-10
854, 991, 1.7230104646051645e-10
140, 379, 1.7191327105128611e-10
80, 579, 1.6905966346922756e-10
763, 944, 1.6881922519185397e-10
238, 647, 1.6863294988820975e-10
160, 741, 1.6818711387465483e-10
603, 991, 1.6651087275426148e-10
238, 784, 1.6343662078187445e-10
684, 966, 1.6323187233501547e-10
827, 966, 1.630092081406572e-10
136, 741, 1.5929386691629916e-10
440, 890, 1.5898759516166532e-10
375, 944, 1.5842168490829673e-10
684, 991, 1.577008369988961e-10
440, 1050, 1.5762656873240372e-10
603, 912, 1.5704466437705574e-10
706, 1094, 1.5566991511939584e-10
10, 512, 1.5383906328300136e-10
160, 440, 1.53734034866344e-10
660, 968, 1.5207901100161968e-10
80, 760, 1.520538400403499e-10
140, 234, 1.5115395920551973e-10
684, 912, 1.4873548260732726e-10
206, 1019, 1.4867643286147343e-10
363, 440, 1.462165092474046e-10
136, 440, 1.456050248222702e-10
854, 1083, 1.4532677554687e-10
160, 882, 1.4383129602770668e-10
80, 379, 1.426811910259752e-10
286, 827, 1.4188713446007447e-10
180, 816, 1.4091638095840283e-10
724, 1057, 1.4018851559600864e-10
92, 271, 1.3973669091856824e-10
212, 589, 1.3932662275522433e-10
10, 232, 1.3918309804424317e-10
827, 1083, 1.3633100432678377e-10
134, 400, 1.362305978879035e-10
136, 882, 1.3622591410250087e-10
160, 647, 1.358492176654132e-10
452, 827, 1.3253148796616424e-10
160, 784, 1.3166310075115873e-10
104, 591, 1.3136428226687708e-10
409, 654, 1.3070765423948074e-10
548, 890, 1.2980918401507592e-10
548, 1050, 1.2869794178246175e-10
136, 647, 1.286659049016403e-10
710, 1019, 1.2725259057070691e-10
136, 784, 1.2470113771304173e-10
206, 938, 1.2450821317404652e-10
706, 1044, 1.2404828847099715e-10
852, 991, 1.2346815526898467e-10
180, 409, 1.2292412886548945e-10
409, 1083, 1.2193250752892784e-10
761, 996, 1.2188603039636331e-10
345, 827, 1.1999624884407568e-10
603, 736, 1.1733316927187802e-10
134, 464, 1.1569031674689482e-10
446, 944, 1.137722600730181e-10
763, 968, 1.129166886092525e-10
140, 229, 1.1208859616286037e-10
140, 434, 1.1055708214203323e-10
286, 1019, 1.105348368955251e-10
474, 741, 1.1006975541683843e-10
827, 991, 1.0887274042104873e-10
375, 968, 1.0830334889075889e-10
852, 1083, 1.0688294696542081e-10
10, 860, 1.0682745601372594e-10
585, 894, 1.0679576270483431e-10
92, 234, 1.0667266843523577e-10
710, 938, 1.0656694116739803e-10
871, 1083, 1.0475440932918723e-10
452, 1019, 1.0324647447146335e-10
409, 966, 1.0110794331585889e-10
603, 1094, 1.0053125040332511e-10
134, 474, 1.0027960371849832e-10
10, 217, 9.808890576247117e-11
409, 991, 9.768194813953321e-11
601, 894, 9.685375301788019e-11
238, 827, 9.676160662668831e-11
104, 777, 9.60289363293825e-11
460, 1027, 9.59787042339009e-11
684, 1094, 9.521217486228233e-11
474, 882, 9.413013405328612e-11
345, 1019, 9.348110274076349e-11
505, 816, 9.301993654240579e-11
286, 938, 9.256675567518834e-11
409, 912, 9.212869110301031e-11
80, 434, 9.175798971142817e-11
92, 438, 9.040036505021647e-11
80, 159, 9.014214806544023e-11
474, 647, 8.985038812423543e-11
452, 938, 8.646315899265055e-11
76, 579, 8.643166548545272e-11
474, 784, 8.616668045034129e-11
140, 512, 8.613411557861636e-11
736, 894, 8.590864642780748e-11
598, 1057, 8.369159710898231e-11
603, 1044, 8.011008126275955e-11
180, 741, 7.946522958841249e-11
80, 232, 7.930212694716909e-11
303, 816, 7.875185051430515e-11
345, 938, 7.828520528627739e-11
160, 827, 7.795029719279744e-11
446, 968, 7.777923068998344e-11
76, 760, 7.773744705541945e-11
724, 1027, 7.756771234733598e-11
684, 1044, 7.587148309426805e-11
92, 159, 7.555969852743173e-11
869, 991, 7.550157479667596e-11
238, 1019, 7.538053712149327e-11
136, 827, 7.382851147781422e-11
92, 229, 7.310199829877235e-11
76, 379, 7.294568509576991e-11
180, 440, 7.263642317634193e-11
134, 591, 7.231167561845823e-11
80, 512, 7.148789691204033e-11
675, 894, 7.043727832633213e-11
706, 890, 7.039052464292308e-11
854, 1094, 7.029087219552098e-11
585, 944, 6.99038352870567e-11
180, 882, 6.795756641236348e-11
80, 217, 6.745796781042708e-11
706, 1050, 6.735881959382202e-11
10, 271, 6.670608295166182e-11
140, 238, 6.653355195436048e-11
827, 1094, 6.593984601502662e-11
180, 647, 6.418618538893338e-11
601, 944, 6.339623058461185e-11
238, 938, 6.31269919815858e-11
180, 784, 6.220832433875159e-11
92, 589, 6.214126081049543e-11
140, 271, 6.104161744398317e-11
742, 996, 6.092517869914922e-11
160, 1019, 6.072589610714886e-11
299, 1057, 6.069162773569007e-11
303, 440, 6.007602742033518e-11
113, 217, 6.00174923949023e-11
140, 860, 5.981243155601402e-11
409, 1094, 5.897565862135996e-11
505, 647, 5.878844960593052e-11
854, 1044, 5.7853253806376597e-11
136, 1019, 5.751488678302901e-11
76, 159, 5.699865019127709e-11
647, 996, 5.618665591872697e-11
80, 157, 5.583680439021752e-11
449, 654, 5.5665870320679254e-11
92, 238, 5.398310678477029e-11
86, 579, 5.3763422576429865e-11
134, 777, 5.286074094119828e-11
827, 1044, 5.254531701858682e-11
505, 741, 5.2455580844244205e-11
363, 816, 5.2249832982591016e-11
113, 579, 5.2062484057601386e-11
449, 1083, 5.1928704493040775e-11
852, 1094, 5.169656821157501e-11
736, 944, 5.131608079347685e-11
474, 827, 5.101443237247946e-11
160, 938, 5.085454817670145e-11
871, 1094, 5.066704859009559e-11
80, 860, 4.96419439894536e-11
86, 760, 4.83553243198443e-11
687, 1083, 4.817794887765196e-11
136, 938, 4.816550711123636e-11
637, 1057, 4.787796720896245e-11
585, 968, 4.778903510765402e-11
869, 1083, 4.763202454127054e-11
212, 400, 4.7115971907357124e-11
409, 1044, 4.69957827613538e-11
76, 434, 4.69112247688778e-11
113, 760, 4.682548433227393e-11
598, 1027, 4.6307400451734905e-11
675, 944, 4.6105161642050995e-11
86, 379, 4.5374686128096626e-11
505, 882, 4.485928798526551e-11
303, 741, 4.440955578811585e-11
854, 944, 4.401650784688811e-11
113, 379, 4.393914598358084e-11
603, 890, 4.387576301904247e-11
409, 736, 4.3717884051455544e-11
10, 438, 4.371266313950079e-11
603, 1050, 4.350016092875211e-11
601, 968, 4.3340178355877716e-11
449, 966, 4.30599240247948e-11
113, 232, 4.2897699669049605e-11
852, 1044, 4.2426473118458605e-11
440, 894, 4.2296268148456744e-11
580, 1057, 4.205495046404316e-11
449, 991, 4.160085872128015e-11
684, 890, 4.1554310764316774e-11
684, 1050, 4.119858165763725e-11
505, 784, 4.106417112789906e-11
871, 1044, 4.0803670061911564e-11
642, 996, 4.066224584817134e-11
687, 966, 3.994975107881153e-11
474, 1019, 3.974195393449511e-11
449, 912, 3.9235833598221126e-11
687, 991, 3.859607252495304e-11
212, 464, 3.857514058911508e-11
10, 159, 3.849154421482071e-11
76, 157, 3.821466584630224e-11
303, 882, 3.797843852520034e-11
76, 232, 3.782476838214603e-11
10, 234, 3.717528941019083e-11
180, 827, 3.6830040781406597e-11
76, 512, 3.6548150311943875e-11
687, 912, 3.640187067483018e-11
303, 647, 3.587078267589686e-11
92, 157, 3.546712396188668e-11
660, 1057, 3.537110406703445e-11
206, 654, 3.521144854676501e-11
736, 968, 3.508170870104949e-11
303, 784, 3.4765444767680484e-11
548, 894, 3.4533788939012e-11
299, 1027, 3.3581286613093e-11
212, 474, 3.343667750624987e-11
474, 938, 3.328166796307018e-11
206, 1083, 3.284750414973059e-11
76, 217, 3.275654087199334e-11
10, 140, 3.206337242793362e-11
80, 271, 3.1960187904806185e-11
675, 968, 3.151931763555164e-11
854, 1050, 3.1309252469065395e-11
852, 944, 3.07101852870519e-11
10, 589, 3.004810875889891e-11
363, 741, 2.9464601245638334e-11
86, 434, 2.918037025737465e-11
10, 157, 2.8808525968470196e-11
180, 1019, 2.869183711489971e-11
827, 1050, 2.8532360850610968e-11
113, 434, 2.8257177250197966e-11
710, 1083, 2.8114274175045873e-11
440, 944, 2.7685287197008456e-11
206, 966, 2.7237556702017926e-11
798, 996, 2.7156380904263022e-11
86, 232, 2.7097090409762582e-11
637, 1027, 2.6491359669876787e-11
206, 991, 2.6314624884638508e-11
763, 1057, 2.62625849379062e-11
286, 654, 2.617826946116106e-11
409, 890, 2.5739280185827114e-11
409, 1050, 2.5518936953592896e-11
76, 860, 2.5379418182297554e-11
363, 882, 2.5197719887494716e-11
375, 1057, 2.5189597165269574e-11
449, 1094, 2.5116596147294817e-11
206, 912, 2.4818628146373678e-11
140, 438, 2.4474613266336322e-11
452, 654, 2.445214654076416e-11
286, 1083, 2.44207736474179e-11
505, 827, 2.431178002898011e-11
212, 591, 2.4111205947505376e-11
180, 938, 2.402781196119651e-11
10, 229, 2.3884648852158395e-11
363, 647, 2.379934428880479e-11
86, 217, 2.369107204152664e-11
710, 966, 2.3312703865970008e-11
687, 1094, 2.3302450869483226e-11
580, 1027, 2.3269426076077445e-11
363, 784, 2.306598093649667e-11
869, 1094, 2.3038401126326167e-11
852, 1050, 2.2951515007205578e-11
452, 1083, 2.2810535155940362e-11
86, 512, 2.2734187043273348e-11
548, 944, 2.2604307817929922e-11
710, 991, 2.2522763843726528e-11
871, 1050, 2.22073881557237e-11
345, 654, 2.2139386692968107e-11
113, 512, 2.2014934946158764e-11
104, 816, 2.159235411259395e-11
710, 912, 2.1242335891793344e-11
345, 1083, 2.0653044003682922e-11
303, 827, 2.058265934965556e-11
80, 234, 2.0531614281087446e-11
80, 438, 2.031295751274033e-11
92, 400, 2.0259611854153436e-11
286, 966, 2.025000754689442e-11
449, 1044, 2.0014597951694732e-11
10, 238, 1.981397440595867e-11
660, 1027, 1.957118679811123e-11
286, 991, 1.9563845551100596e-11
505, 1019, 1.8939692103651483e-11
440, 968, 1.892676069045802e-11
452, 966, 1.8914777874178208e-11
104, 409, 1.8835434896878884e-11
706, 894, 1.874779003194107e-11
449, 736, 1.8618604078411712e-11
687, 1044, 1.856896462827662e-11
869, 1044, 1.852755582761047e-11
286, 912, 1.8451633263801424e-11
452, 991, 1.8273859508785625e-11
446, 1057, 1.8090183812150076e-11
238, 654, 1.785257994960127e-11
212, 777, 1.762559366064023e-11
452, 912, 1.7234983433580385e-11
92, 464, 1.720495210998606e-11
345, 966, 1.712575952667012e-11
140, 589, 1.6823862662220186e-11
238, 1083, 1.66540349284153e-11
871, 968, 1.6631074079054092e-11
345, 991, 1.6545461207813145e-11
76, 271, 1.6316700991050433e-11
303, 1019, 1.6034582013005e-11
206, 1094, 1.5887503919646955e-11
505, 938, 1.5860934894028603e-11
86, 860, 1.5786857476539623e-11
345, 912, 1.5604845253434667e-11
548, 968, 1.545320160845714e-11
113, 860, 1.528740129078567e-11
86, 159, 1.52856064175178e-11
92, 474, 1.4913139043086348e-11
763, 1027, 1.4531351768011592e-11
160, 654, 1.4381881008843986e-11
80, 229, 1.4118661212004334e-11
80, 589, 1.3963138201162462e-11
375, 1027, 1.3937656866926155e-11
238, 966, 1.3809731741332906e-11
363, 827, 1.365606657283209e-11
136, 654, 1.3621408838350206e-11
827, 890, 1.3620021861627643e-11
710, 1094, 1.3598160734465798e-11
303, 938, 1.3428067360831174e-11
160, 1083, 1.3416343706834883e-11
238, 991, 1.3341795466688726e-11
871, 944, 1.3162800417028914e-11
460, 996, 1.2958525542450007e-11
136, 1083, 1.2706926349498068e-11
206, 1044, 1.2660234752468887e-11
238, 912, 1.2583309165315985e-11
104, 741, 1.2176308852397186e-11
134, 816, 1.1885873994703588e-11
706, 944, 1.1830799088650682e-11
286, 1094, 1.1811708289177393e-11
206, 736, 1.177719877086049e-11
603, 894, 1.1672489517087956e-11
827, 944, 1.1552622123857278e-11
104, 440, 1.1129943588025977e-11
160, 966, 1.1124998136324915e-11
585, 1057, 1.1114952174682385e-11
684, 894, 1.105490191876086e-11
452, 1094, 1.103287680693453e-11
449, 890, 1.0961863261249616e-11
449, 1050, 1.0868023326144387e-11
710, 1044, 1.0835931683846814e-11
113, 234, 1.0804260415779953e-11
92, 591, 1.0753872501968174e-11
160, 991, 1.0748032799065375e-11
363, 1019, 1.063853390940932e-11
136, 966, 1.0536740489479716e-11
724, 996, 1.047277299423405e-11
113, 271, 1.0460359180820148e-11
104, 882, 1.0413011096552533e-11
76, 438, 1.0384989019459143e-11
134, 409, 1.0368281506145156e-11
86, 271, 1.023730569579385e-11
869, 1050, 1.0189037061087722e-11
136, 991, 1.0179707986322362e-11
687, 890, 1.0170099426899332e-11
160, 912, 1.013700292192844e-11
80, 238, 1.0089458774577084e-11
687, 1050, 1.0083037451440436e-11
601, 1057, 1.008022046443515e-11
446, 1027, 1.000948022229606e-11
345, 1094, 9.9893531047425e-12
104, 647, 9.835129419507067e-12
10, 400, 9.796438187231916e-12
76, 234, 9.67795307893402e-12
136, 912, 9.600987597535253e-12
474, 654, 9.572983356598619e-12
104, 784, 9.532065461359904e-12
854, 968, 9.470021243295477e-12
286, 1044, 9.412365877294553e-12
827, 894, 9.244449685494905e-12
363, 938, 8.909178289784645e-12
452, 1044, 8.791740419219004e-12
474, 1083, 8.78030210744991e-12
286, 736, 8.755864800954484e-12
10, 464, 8.319372112018514e-12
86, 157, 8.28717525795496e-12
113, 229, 8.17867043630735e-12
452, 736, 8.17852721402016e-12
736, 1057, 8.159434764479091e-12
706, 968, 8.088003622081838e-12
238, 1094, 8.055133930329546e-12
345, 1044, 7.96019034651192e-12
92, 777, 7.861215544784243e-12
869, 944, 7.712504408291983e-12
603, 944, 7.640301112391203e-12
345, 736, 7.404976747881712e-12
675, 1057, 7.330880552590794e-12
474, 966, 7.280735103110618e-12
684, 944, 7.2360552822630374e-12
10, 474, 7.21117689050095e-12
76, 589, 7.1386471815005e-12
86, 234, 7.068252337401999e-12
474, 991, 7.034030813365172e-12
206, 890, 6.933927053984796e-12
206, 1050, 6.874568599198123e-12
76, 229, 6.8559846561368924e-12
409, 894, 6.847549933571832e-12
869, 968, 6.8011099325770595e-12
180, 654, 6.795166704226544e-12
134, 741, 6.7026537257359044e-12
474, 912, 6.6341434047557156e-12
160, 1094, 6.4891448756059655e-12
86, 438, 6.45981481403642e-12
852, 968, 6.4270463315052125e-12
238, 1044, 6.418874043167879e-12
180, 1083, 6.338968594795236e-12
113, 438, 6.2554426346783595e-12
598, 996, 6.252174754265116e-12
585, 1027, 6.1500145669899535e-12
136, 1094, 6.1460177085013475e-12
134, 440, 6.12666439081214e-12
710, 890, 6.036151026127213e-12
238, 736, 5.9711653827558704e-12
710, 1050, 5.883963224481404e-12
134, 882, 5.732016859008648e-12
505, 654, 5.705890538521424e-12
104, 827, 5.643398426249372e-12
601, 1027, 5.577487129090441e-12
140, 400, 5.485001800391523e-12
134, 647, 5.4139121835576386e-12
180, 966, 5.256351159771822e-12
134, 784, 5.247085537417525e-12
113, 238, 5.237861146386533e-12
603, 968, 5.223212955251335e-12
10, 591, 5.199983494121407e-12
160, 1044, 5.170988336711462e-12
286, 890, 5.155090697338665e-12
286, 1050, 5.110960117986331e-12
180, 991, 5.078242169242812e-12
684, 968, 4.946854468069809e-12
136, 1044, 4.897561465664584e-12
86, 229, 4.833429631876226e-12
827, 968, 4.815750133260182e-12
452, 890, 4.815178228235123e-12
160, 736, 4.810318187139163e-12
180, 912, 4.7895421115900745e-12
76, 238, 4.784231531210123e-12
452, 1050, 4.773957497626776e-12
140, 464, 4.657996114549276e-12
136, 736, 4.5559625079140405e-12
80, 400, 4.552333771986727e-12
299, 996, 4.533963693275144e-12
736, 1027, 4.514697127915024e-12
409, 944, 4.482106691810101e-12
86, 589, 4.440480267126731e-12
440, 1057, 4.402056652162999e-12
104, 1019, 4.396396663838932e-12
345, 890, 4.359743739173865e-12
345, 1050, 4.322421793095052e-12
113, 589, 4.299994718281393e-12
474, 1094, 4.246809240419549e-12
505, 1083, 4.184399659016315e-12
675, 1027, 4.0562497686667434e-12
140, 474, 4.037520318240853e-12
212, 816, 3.963160213082418e-12
80, 464, 3.86595188000341e-12
10, 777, 3.801253089910343e-12
303, 654, 3.797514163161729e-12
104, 938, 3.681736792333074e-12
548, 1057, 3.594163314592967e-12
86, 238, 3.5901851159322326e-12
637, 996, 3.5767201034484604e-12
212, 409, 3.555164308227374e-12
303, 1083, 3.5425654831395826e-12
238, 890, 3.5155749679414632e-12
238, 1050, 3.4854795982961166e-12
505, 966, 3.4697559503100397e-12
474, 1044, 3.3841440546351305e-12
505, 991, 3.3521848994218556e-12
80, 474, 3.3509815983102227e-12
505, 912, 3.1616118740574343e-12
474, 736, 3.1481041212834943e-12
580, 996, 3.141712055521739e-12
134, 827, 3.1065034524042672e-12
180, 1094, 3.0659981938735492e-12
409, 968, 3.064145953817549e-12
303, 966, 2.937539113406825e-12
449, 894, 2.9162395181402484e-12
140, 591, 2.911458050583707e-12
303, 991, 2.8380019800941528e-12
160, 890, 2.8321161988541538e-12
160, 1050, 2.8078716344058335e-12
76, 140, 2.784374025756639e-12
687, 894, 2.7056026101860317e-12
136, 890, 2.68236210538691e-12
303, 912, 2.676660455218828e-12
136, 1050, 2.659399523214586e-12
660, 996, 2.6423957902299805e-12
363, 654, 2.519553248316144e-12
180, 1044, 2.443194165767195e-12
440, 1027, 2.435702116396309e-12
134, 1019, 2.4200703871675736e-12
80, 591, 2.4163946142093928e-12
363, 1083, 2.350401338065229e-12
76, 400, 2.32737828577368e-12
180, 736, 2.272784343152538e-12
212, 741, 2.234895858709439e-12
140, 777, 2.128312315498159e-12
212, 440, 2.0428411544153436e-12
134, 938, 2.0266738571970373e-12
505, 1094, 2.0238878936114286e-12
548, 1027, 1.9886866262219842e-12
76, 464, 1.976465898597576e-12
763, 996, 1.9619445225391274e-12
363, 966, 1.9489818595114036e-12
212, 882, 1.911252059921186e-12
449, 944, 1.9088428395525992e-12
363, 991, 1.882941524494676e-12
375, 996, 1.881787048008225e-12
706, 1057, 1.881138073735641e-12
474, 890, 1.853473373425426e-12
206, 894, 1.8446674264049394e-12
474, 1050, 1.837606561649328e-12
212, 647, 1.8051849929217548e-12
363, 912, 1.7758955608400062e-12
687, 944, 1.7709691323372477e-12
92, 816, 1.7676145991681944e-12
80, 777, 1.766414740371823e-12
212, 784, 1.7495592369395615e-12
303, 1094, 1.7134489957724216e-12
76, 474, 1.713187608502343e-12
710, 894, 1.6357935610724002e-12
505, 1044, 1.6127703870533443e-12
92, 409, 1.5419249578713727e-12
505, 736, 1.500281613370627e-12
86, 400, 1.4477081006187196e-12
113, 400, 1.40190628305657e-12
286, 894, 1.3714346596823377e-12
303, 1044, 1.3653917338163572e-12
446, 996, 1.3514258830914396e-12
180, 890, 1.338121326766649e-12
180, 1050, 1.3266662287167956e-12
449, 968, 1.3049606949286138e-12
452, 894, 1.2810060389739887e-12
303, 736, 1.270157320432724e-12
76, 591, 1.2353804963903304e-12
86, 464, 1.2294287136245163e-12
603, 1057, 1.2148343666076964e-12
687, 968, 1.2107047587917762e-12
206, 944, 1.207438616185593e-12
113, 464, 1.19053270301089e-12
345, 894, 1.159844515310434e-12
684, 1057, 1.1505578780539814e-12
363, 1094, 1.1368294620205162e-12
86, 474, 1.0656607023743809e-12
104, 654, 1.0412107147080288e-12
706, 1027, 1.0408525717587518e-12
212, 827, 1.0358153628296843e-12
710, 944, 1.0334502174119585e-12
113, 474, 1.0319458968466341e-12
92, 741, 9.967890105565043e-13
104, 1083, 9.71308329638656e-13
238, 894, 9.352660588950684e-13
92, 440, 9.111304247570866e-13
363, 1044, 9.059023957126723e-13
76, 777, 9.030786221586182e-13
286, 944, 8.976811451064727e-13
505, 890, 8.83303701495259e-13
505, 1050, 8.757421072615906e-13
10, 816, 8.547215654602932e-13
92, 882, 8.524401896887694e-13
854, 1057, 8.494052034503e-13
363, 736, 8.427168050123466e-13
452, 944, 8.384905251124642e-13
585, 996, 8.303417043280951e-13
206, 968, 8.254529409191686e-13
212, 1019, 8.069349107651167e-13
104, 966, 8.054208801703495e-13
92, 647, 8.051330696030728e-13
827, 1057, 7.968267652744215e-13
92, 784, 7.803233488051802e-13
104, 991, 7.781295718924687e-13
86, 591, 7.684484997143999e-13
345, 944, 7.591834910242797e-13
160, 894, 7.534420912054068e-13
601, 996, 7.53042146191799e-13
303, 890, 7.478160450816422e-13
10, 409, 7.455904213703047e-13
113, 591, 7.441367355025506e-13
303, 1050, 7.414143041121844e-13
104, 912, 7.33892600755628e-13
136, 894, 7.136022578701147e-13
409, 1057, 7.126705039389633e-13
710, 968, 7.065075688494752e-13
212, 938, 6.757629434164222e-13
603, 1027, 6.721800448350482e-13
684, 1027, 6.366152187604262e-13
871, 1057, 6.363850529391273e-13
852, 1057, 6.247089083955461e-13
286, 968, 6.13690444634521e-13
238, 944, 6.121842559547172e-13
736, 996, 6.095499883592759e-13
452, 968, 5.73225388528204e-13
134, 654, 5.73151926483859e-13
86, 777, 5.617454819382797e-13
675, 996, 5.476529054375292e-13
113, 777, 5.439732776734125e-13
134, 1083, 5.346729845152622e-13
345, 968, 5.190079536655723e-13
363, 890, 4.961567658669787e-13
160, 944, 4.931702392306073e-13
474, 894, 4.930888270164169e-13
363, 1050, 4.919093749261024e-13
10, 741, 4.819925474350553e-13
140, 816, 4.78556515723584e-13
854, 1027, 4.74975267032543e-13
104, 1094, 4.697971822753054e-13
136, 944, 4.670928268239821e-13
92, 827, 4.619854507361466e-13
827, 1027, 4.4814745866007034e-13
134, 966, 4.4335745164647936e-13
10, 440, 4.4057274892012493e-13
134, 991, 4.283344926096814e-13
238, 968, 4.1851344464915055e-13
140, 409, 4.174542548434463e-13
10, 882, 4.1219336711459563e-13
134, 912, 4.039835088263468e-13
80, 816, 3.971829121691924e-13
409, 1027, 3.943277408491371e-13
10, 647, 3.893182359881089e-13
871, 1027, 3.8752626319377136e-13
10, 784, 3.7732161443441364e-13
104, 1044, 3.743660831641796e-13
92, 1019, 3.5990216195108857e-13
180, 894, 3.559871346851955e-13
852, 1027, 3.4883973842484e-13
104, 736, 3.4825450401962313e-13
80, 409, 3.4647046103936186e-13
160, 968, 3.3715074115547693e-13
440, 996, 3.28855326200296e-13
474, 944, 3.2275437969303724e-13
136, 968, 3.1932318746118443e-13
449, 1057, 3.0351262965024253e-13
92, 938, 3.013979703411232e-13
869, 1057, 2.8876948916603333e-13
687, 1057, 2.8159023218017676e-13
140, 741, 2.6986644941038295e-13
548, 996, 2.6850171241136586e-13
134, 1094, 2.5860774987634075e-13
140, 440, 2.4667560544401766e-13
505, 894, 2.3498971839267275e-13
180, 944, 2.3301360837810387e-13
140, 882, 2.307860589249363e-13
80, 741, 2.2397844089847799e-13
10, 827, 2.2339084993917573e-13
474, 968, 2.206476986414437e-13
140, 647, 2.1797832890970386e-13
140, 784, 2.1126144981926175e-13
134, 1044, 2.0607609847343377e-13
104, 890, 2.0503783404491862e-13
80, 440, 2.0473096094661658e-13
104, 1050, 2.032825907452767e-13
76, 816, 2.0305955836351365e-13
303, 894, 1.9894525693233557e-13
206, 1057, 1.9198692629175957e-13
134, 736, 1.9170254115325608e-13
80, 882, 1.9154326805739838e-13
212, 654, 1.911086144867892e-13
80, 647, 1.8091336053637166e-13
212, 1083, 1.78278408486003e-13
76, 409, 1.7713284395952565e-13
80, 784, 1.7533861751193143e-13
10, 1019, 1.74028965035782e-13
869, 1027, 1.6879797998232299e-13
449, 1027, 1.6793658346692582e-13
710, 1057, 1.6432216765044737e-13
180, 968, 1.5929734707137231e-13
687, 1027, 1.5580670097482166e-13
505, 944, 1.5381399179735102e-13
212, 966, 1.478306612809383e-13
10, 938, 1.457395436526417e-13
212, 991, 1.4282148874857516e-13
286, 1057, 1.4273441442804425e-13
706, 996, 1.405302847618206e-13
212, 912, 1.3470203113674692e-13
452, 1057, 1.333229006288152e-13
363, 894, 1.319950754110209e-13
303, 944, 1.3022086381999903e-13
86, 816, 1.2630992105917795e-13
140, 827, 1.2507599095601378e-13
113, 816, 1.223137950734426e-13
345, 1057, 1.2071280724286208e-13
76, 741, 1.1450886203387174e-13
134, 890, 1.1286651964379434e-13
134, 1050, 1.1190031648776962e-13
86, 409, 1.1018262680086517e-13
113, 409, 1.0669672755840404e-13
206, 1027, 1.0622829273664376e-13
505, 968, 1.0515334707841157e-13
76, 440, 1.0466859786618562e-13
80, 827, 1.0380810771167417e-13
76, 882, 9.792639669923922e-14
140, 1019, 9.743839222970165e-14
238, 1057, 9.733941920480112e-14
76, 647, 9.249186197850784e-14
710, 1027, 9.092110418896167e-14
603, 996, 9.075411415112169e-14
76, 784, 8.964177749136178e-14
303, 968, 8.902414877936194e-14
854, 996, 8.804405832429462e-14
363, 944, 8.639820322962142e-14
212, 1094, 8.622874056728095e-14
684, 996, 8.595234368777348e-14
92, 654, 8.523661896850775e-14
871, 996, 8.44933342730975e-14
140, 938, 8.159921433127006e-14
80, 1019, 8.086999781908896e-14
92, 1083, 7.951420094400749e-14
286, 1027, 7.897638371695011e-14
160, 1057, 7.841577791139871e-14
136, 1057, 7.426937892558002e-14
452, 1027, 7.376889869559904e-14
86, 741, 7.122838954560388e-14
113, 741, 6.89749037069744e-14
212, 1044, 6.871287670566773e-14
80, 938, 6.772410888567253e-14
345, 1027, 6.679160749399004e-14
92, 966, 6.593415886198509e-14
86, 440, 6.51074120341839e-14
212, 736, 6.392023709690428e-14
92, 991, 6.370001085335042e-14
852, 996, 6.307175803698633e-14
113, 440, 6.304757842086185e-14
86, 882, 6.091353461208533e-14
92, 912, 6.007864027019342e-14
827, 996, 5.962164982921643e-14
363, 968, 5.906523941674286e-14
113, 882, 5.898638465818507e-14
86, 647, 5.753306999815124e-14
86, 784, 5.5760220941033946e-14
113, 647, 5.5712869382626927e-14
104, 894, 5.45472443967989e-14
113, 784, 5.399610877942146e-14
238, 1027, 5.385887736120455e-14
409, 996, 5.323999883804746e-14
76, 827, 5.30718413623625e-14
474, 1057, 5.1319065394994356e-14
160, 1027, 4.3388236751521456e-14
76, 1019, 4.1344744546833124e-14
10, 654, 4.121575847675659e-14
136, 1027, 4.109399258721241e-14
92, 1094, 3.845900051970528e-14
10, 1083, 3.844871067435615e-14
212, 890, 3.763358927081807e-14
212, 1050, 3.731142382405175e-14
180, 1057, 3.70499716151103e-14
869, 996, 3.6850817354501425e-14
104, 944, 3.5704240422116027e-14
76, 938, 3.462391563066306e-14
86, 827, 3.30124823818674e-14
113, 827, 3.196805105300922e-14
10, 966, 3.188214642849369e-14
10, 991, 3.0801834869453254e-14
92, 1044, 3.0646725715213006e-14
134, 894, 3.002644687456758e-14
10, 912, 2.905073848486547e-14
92, 736, 2.850915385701838e-14
474, 1027, 2.8395353824592244e-14
86, 1019, 2.5717831073844776e-14
113, 1019, 2.490418403654838e-14
505, 1057, 2.4456957985266463e-14
104, 968, 2.4408835252284674e-14
140, 654, 2.3076602447628043e-14
449, 996, 2.2673889210511758e-14
86, 938, 2.1537247915410138e-14
140, 1083, 2.1527339145204822e-14
687, 996, 2.1036178081199445e-14
113, 938, 2.0855863940705155e-14
303, 1057, 2.070556883698062e-14
180, 1027, 2.0500121058416092e-14
134, 944, 1.9653998842412097e-14
80, 654, 1.9152664026026458e-14
10, 1094, 1.8596665328352423e-14
80, 1083, 1.7866836981663864e-14
140, 966, 1.7850735871385697e-14
140, 991, 1.7245872069555934e-14
92, 890, 1.6785009496867875e-14
92, 1050, 1.664132003784175e-14
140, 912, 1.6265437483173055e-14
10, 1044, 1.4819077298787687e-14
80, 966, 1.4815402203937973e-14
206, 996, 1.4342369546935862e-14
80, 991, 1.431338925795755e-14
10, 736, 1.3785464674305096e-14
363, 1057, 1.3737613865280075e-14
505, 1027, 1.3532280257242715e-14
80, 912, 1.3499667468751297e-14
134, 968, 1.3436253344739244e-14
710, 996, 1.227567573853811e-14
303, 1027, 1.1456598999615946e-14
286, 996, 1.0662964183725069e-14
140, 1094, 1.0412227470616322e-14
212, 894, 1.0011852695607076e-14
452, 996, 9.959877720954631e-15
76, 654, 9.791789574655628e-15
76, 1083, 9.134411163449192e-15
345, 996, 9.01784159976662e-15
80, 1094, 8.641735496369637e-15
140, 1044, 8.297165164572767e-15
10, 890, 8.116310874655563e-15
10, 1050, 8.046830525592624e-15
140, 736, 7.71844798207847e-15
363, 1027, 7.601159596493731e-15
76, 966, 7.574366711999747e-15
76, 991, 7.31771285308422e-15
238, 996, 7.271734324230756e-15
76, 912, 6.9016980093323236e-15
80, 1044, 6.886317737897623e-15
212, 944, 6.553320881150567e-15
80, 736, 6.406005448098604e-15
86, 654, 6.090824673166756e-15
113, 654, 5.898126407291061e-15
160, 996, 5.8580450598317595e-15
86, 1083, 5.681913042043992e-15
104, 1057, 5.677098017519756e-15
136, 996, 5.548288621243432e-15
113, 1083, 5.5021517044894975e-15
86, 966, 4.711512568904804e-15
113, 966, 4.562452244499265e-15
86, 991, 4.551865178156915e-15
140, 890, 4.544302623992967e-15
140, 1050, 4.505400746349441e-15
212, 968, 4.480110145244232e-15
92, 894, 4.465400346687527e-15
76, 1094, 4.418082801708292e-15
113, 991, 4.407855692841202e-15
86, 912, 4.2930898587519555e-15
113, 912, 4.157267369118559e-15
474, 996, 3.8337870964183775e-15
80, 890, 3.771590795805116e-15
80, 1050, 3.739303781536921e-15
76, 1044, 3.5206263808566454e-15
76, 736, 3.2750669711869504e-15
104, 1027, 3.1411952977633213e-15
134, 1057, 3.125053958450255e-15
92, 944, 2.9228557614999905e-15
180, 996, 2.7678154698922236e-15
86, 1094, 2.748197102436709e-15
113, 1094, 2.6612511067233197e-15
86, 1044, 2.1899488200835438e-15
10, 894, 2.159222930453139e-15
113, 1044, 2.1206643860978226e-15
86, 736, 2.0372025524333787e-15
92, 968, 1.9981801574597575e-15
113, 736, 1.972750623481789e-15
76, 890, 1.928223843119002e-15
76, 1050, 1.9117171237781207e-15
505, 996, 1.8270552906582482e-15
134, 1027, 1.7291237123697302e-15
303, 996, 1.546808033627237e-15
10, 944, 1.4133328912646047e-15
140, 894, 1.2089436420287917e-15
86, 890, 1.1994205216027312e-15
86, 1050, 1.1891527832421453e-15
113, 890, 1.1614738941802085e-15
113, 1050, 1.1515310010553206e-15
212, 1057, 1.0420007411642323e-15
363, 996, 1.0262674576576778e-15
80, 894, 1.0033752349258073e-15
10, 968, 9.66210435837879e-16
140, 944, 7.913216319011278e-16
80, 944, 6.567655436594437e-16
212, 1027, 5.765494656442386e-16
140, 968, 5.409788617903077e-16
76, 894, 5.129750697586127e-16
92, 1057, 4.64744199930649e-16
80, 968, 4.489909816042647e-16
104, 996, 4.2410719987103373e-16
76, 944, 3.357710444175634e-16
86, 894, 3.1908786313099274e-16
113, 894, 3.0899273132426136e-16
92, 1027, 2.5714762911962554e-16
134, 996, 2.334569316355167e-16
76, 968, 2.295464070592374e-16
10, 1057, 2.2472482988669773e-16
86, 944, 2.088609591005628e-16
113, 944, 2.0225312735569026e-16
86, 968, 1.4278563781354075e-16
113, 968, 1.3826826187923743e-16
140, 1057, 1.2582288306863696e-16
10, 1027, 1.2434250329170148e-16
80, 1057, 1.0442799851792375e-16
212, 996, 7.784259056914717e-17
140, 1027, 6.961906372349402e-17
80, 1027, 5.778105942279438e-17
76, 1057, 5.3388760216356836e-17
92, 996, 3.4718682094378153e-17
86, 1057, 3.3209616640174415e-17
113, 1057, 3.2158948482683185e-17
76, 1027, 2.954053673681352e-17
86, 1027, 1.837521411621028e-17
113, 1027, 1.7793868882142443e-17
10, 996, 1.6788052284920898e-17
140, 996, 9.399589447506807e-18
80, 996, 7.801286132967315e-18
76, 996, 3.988403499476192e-18
86, 996, 2.480922027167703e-18
113, 996, 2.4024319378840514e-18
