Gene = AT4G35375
index = 1054
Annotated 5SS: [115 441 628]
Annotated 3SS: [313 522 703]
SMsplice 5SS: [441 628]
SMsplice 3SS: [522 703]
length: 846
Partition function (logZ) = -1.358837117456567
#Introns = 1154
5SS, 3SS, prob
441, 522, 0.9397250944722062
628, 703, 0.7552025862683359
115, 204, 0.3342842537473202
628, 710, 0.1977658851418635
248, 348, 0.11757159679791397
115, 240, 0.07514710939411337
115, 348, 0.07485977280889573
248, 342, 0.02142005120764476
115, 245, 0.019019036467735666
441, 553, 0.01687566104539661
441, 524, 0.013421383856396822
628, 746, 0.012965945538673359
115, 313, 0.011391556941093412
441, 531, 0.010332232405915484
628, 729, 0.010138532292613045
115, 342, 0.010093815785519733
248, 355, 0.003633911027358283
105, 204, 0.003615689410532901
115, 522, 0.0035779926543323803
115, 355, 0.003433900633822328
115, 361, 0.0027957790917724525
248, 313, 0.002513961851399281
248, 361, 0.0022111704372655646
248, 340, 0.0021817060642478447
441, 561, 0.0017924468303058385
115, 320, 0.0014587212023637196
441, 703, 0.0014386637014775288
248, 320, 0.001261803358115282
105, 348, 0.0011944470128769306
441, 535, 0.0011495959143136367
248, 522, 0.0010455576350487284
105, 240, 0.0009886450084942262
115, 340, 0.0009551605428353411
628, 748, 0.0007238870731061237
248, 322, 0.0006944642483233221
628, 759, 0.0006931533981147851
115, 322, 0.0006089908892068145
441, 566, 0.00045139387264407594
265, 348, 0.00034662138228115836
242, 348, 0.00026283884090315033
105, 245, 0.00025918568096848477
115, 367, 0.0002515060739104468
263, 348, 0.00022319782175041767
441, 710, 0.0002176007468938379
105, 313, 0.00017715018269366014
115, 553, 0.00016503418455138133
115, 373, 0.00016297794882447813
105, 342, 0.00016105483173616244
248, 367, 0.0001582900938325944
211, 348, 0.00014014261785698362
628, 781, 0.00010946969729335982
168, 240, 9.699504986445076e-05
248, 373, 8.79769668233817e-05
424, 522, 8.659394419218641e-05
115, 397, 7.558408664078706e-05
211, 313, 6.734750910375727e-05
155, 240, 6.20002156176287e-05
168, 348, 6.13285756840923e-05
105, 522, 5.708970890110764e-05
105, 355, 5.4790606499113866e-05
628, 801, 5.4431116849753575e-05
168, 245, 4.989206573437402e-05
242, 342, 4.982625120657902e-05
441, 746, 4.88841697090603e-05
248, 553, 4.822613358157789e-05
115, 524, 4.684053640275876e-05
105, 361, 4.460887148771248e-05
115, 703, 3.981008197373086e-05
115, 376, 3.761301010875657e-05
115, 242, 3.55605008786836e-05
115, 531, 3.4699298186195524e-05
265, 342, 3.200158816974023e-05
115, 386, 2.860590526616118e-05
248, 397, 2.8096205125428755e-05
441, 588, 2.6360669003420683e-05
242, 313, 2.5836773427628394e-05
115, 561, 2.3743014762806106e-05
105, 320, 2.3275053041258316e-05
263, 342, 2.312046852646988e-05
115, 402, 2.2638342183163402e-05
211, 342, 2.0868039359709594e-05
248, 376, 1.9080008471321857e-05
155, 245, 1.7169951280070335e-05
441, 729, 1.675259719981545e-05
265, 355, 1.6523140912219865e-05
105, 340, 1.5240343570372206e-05
204, 348, 1.4938902083329774e-05
155, 348, 1.4074943727281176e-05
248, 524, 1.3687697319999262e-05
115, 383, 1.3231923900463188e-05
115, 440, 1.3160733646818981e-05
248, 386, 1.2208930511298475e-05
168, 313, 1.1930559988886058e-05
248, 703, 1.163326456502094e-05
115, 477, 1.132450172765542e-05
265, 361, 1.0838855273328488e-05
115, 256, 1.0566537134108278e-05
628, 786, 1.0527911123422668e-05
248, 531, 1.0139796152314569e-05
105, 322, 9.716932354834835e-06
263, 355, 9.590359234339254e-06
441, 576, 8.610775073677349e-06
242, 355, 8.536031664562044e-06
168, 342, 8.212744668292021e-06
242, 320, 7.945365609900454e-06
248, 402, 7.862415623376305e-06
248, 561, 6.938161355437069e-06
628, 790, 6.883514033225607e-06
115, 566, 6.761730250611528e-06
642, 710, 6.694548703935723e-06
211, 320, 6.024604566804655e-06
115, 710, 6.021354095812681e-06
263, 361, 5.990998511862582e-06
248, 383, 5.8894243281022395e-06
211, 355, 5.8704306189718674e-06
242, 361, 5.530406296464222e-06
204, 313, 5.35263232014963e-06
242, 340, 5.261315838228559e-06
211, 522, 4.525991100297919e-06
211, 361, 4.447256093210915e-06
115, 535, 4.380487044178062e-06
642, 746, 4.3454637434675525e-06
115, 410, 4.235303904261564e-06
323, 522, 4.127894200069868e-06
105, 367, 4.012978765907232e-06
248, 440, 3.960753014905224e-06
242, 322, 3.836795985151527e-06
441, 759, 3.5588267941551783e-06
248, 477, 3.3092352020722557e-06
242, 522, 3.2862220445363894e-06
115, 252, 3.209441037442931e-06
441, 620, 2.984627516953983e-06
642, 729, 2.9579830806110685e-06
441, 748, 2.907743762778946e-06
168, 522, 2.882023310851292e-06
168, 355, 2.8734241042640694e-06
105, 553, 2.633251229110762e-06
105, 373, 2.6004423582096943e-06
103, 204, 2.5843525500495013e-06
265, 340, 2.457014358785052e-06
168, 361, 2.318206735909949e-06
211, 322, 2.2825384841570353e-06
155, 313, 2.222084118541994e-06
204, 342, 2.1768623019013415e-06
265, 522, 2.0894744566259766e-06
211, 340, 2.0551252094531528e-06
248, 566, 1.9759064292953446e-06
155, 342, 1.915209260201552e-06
263, 340, 1.8528093289722162e-06
248, 710, 1.7595544084155184e-06
168, 320, 1.4406642606344484e-06
628, 821, 1.4187518506499304e-06
115, 746, 1.3527016781870612e-06
248, 535, 1.2800617879208597e-06
263, 522, 1.2784250269019665e-06
248, 410, 1.2578675906650913e-06
105, 397, 1.2060040141931975e-06
424, 553, 1.1327892282162414e-06
424, 524, 1.0159089248316888e-06
103, 348, 9.552034484426401e-07
628, 816, 9.231059234832907e-07
209, 348, 9.222975134974172e-07
95, 204, 7.983866347590801e-07
168, 340, 7.771786872916525e-07
103, 240, 7.682021577544988e-07
441, 781, 7.60275916062254e-07
105, 524, 7.473778865273251e-07
265, 367, 7.043202346370933e-07
155, 522, 6.535011270978385e-07
155, 355, 6.375042708350221e-07
105, 703, 6.352014134119559e-07
204, 355, 6.299554405076033e-07
105, 376, 6.001453902939878e-07
441, 594, 5.885383142042464e-07
168, 322, 5.830042015423198e-07
115, 588, 5.604092583375788e-07
105, 531, 5.536548070114084e-07
402, 522, 5.319000292794059e-07
204, 522, 5.283255768509687e-07
204, 320, 5.154037270645291e-07
155, 361, 5.106340241860489e-07
424, 531, 5.070914183374203e-07
653, 746, 5.025164379551524e-07
105, 242, 4.7391905600132853e-07
115, 729, 4.635706503977326e-07
204, 361, 4.623309484032703e-07
95, 348, 4.589843102418834e-07
105, 386, 4.564298930352395e-07
441, 801, 4.519487919385515e-07
242, 367, 4.2671463865432605e-07
209, 313, 4.056030367819636e-07
248, 746, 3.9528520715636055e-07
355, 522, 3.905946269976842e-07
263, 367, 3.8423017965840274e-07
105, 561, 3.7883862047677176e-07
211, 367, 3.639265425499056e-07
105, 402, 3.612126938481995e-07
323, 397, 3.329272500197441e-07
95, 240, 3.3274349545804696e-07
265, 373, 3.2700620140182094e-07
77, 348, 3.129551256201196e-07
77, 204, 2.954234995779406e-07
155, 320, 2.6453297381364787e-07
242, 373, 2.4464611827619586e-07
441, 599, 2.3676815464742044e-07
628, 812, 2.3455552779950114e-07
642, 748, 2.311002536850954e-07
204, 340, 2.1165304041823102e-07
105, 383, 2.1112583413618065e-07
105, 440, 2.0998993721022693e-07
211, 373, 2.0952937352511503e-07
211, 553, 2.0876042034911587e-07
168, 367, 2.070652521027958e-07
103, 245, 2.0199385858157482e-07
204, 322, 2.0014210045876325e-07
323, 553, 1.8627832388193703e-07
155, 340, 1.811718423860989e-07
263, 373, 1.8097366850327262e-07
105, 477, 1.806914014479929e-07
77, 240, 1.7084797752773e-07
642, 759, 1.7056535067545458e-07
376, 522, 1.691211097583631e-07
323, 402, 1.6380926692452065e-07
248, 588, 1.6376226432364892e-07
424, 703, 1.6064995525964034e-07
115, 576, 1.564352830279002e-07
535, 703, 1.5217708917421674e-07
242, 553, 1.5157632442820985e-07
105, 256, 1.4901555860528162e-07
651, 746, 1.4362804925684198e-07
424, 561, 1.4179824955985465e-07
103, 313, 1.4166761989186943e-07
209, 342, 1.3578742666862733e-07
248, 729, 1.354641777480933e-07
168, 553, 1.3293273992290086e-07
168, 373, 1.3127647064846132e-07
103, 342, 1.287961115095376e-07
628, 818, 1.19763913015068e-07
653, 729, 1.1213154125051532e-07
155, 322, 1.1056831625126998e-07
477, 553, 1.0813902686928473e-07
105, 566, 1.0788876584411409e-07
211, 397, 9.937634033897908e-08
115, 759, 9.847832141738393e-08
265, 553, 9.637658497500526e-08
105, 710, 9.607547743403052e-08
95, 245, 8.796689766072751e-08
115, 620, 8.153457786352158e-08
242, 397, 8.101116552207434e-08
441, 786, 8.061973163778763e-08
115, 748, 8.046183234897075e-08
265, 397, 7.077465266879757e-08
105, 535, 6.989414298947487e-08
561, 703, 6.838570490054314e-08
95, 313, 6.80726340610399e-08
105, 410, 6.757763091247416e-08
265, 376, 6.508318148582335e-08
168, 242, 6.308511899258722e-08
95, 342, 6.18877522892359e-08
168, 397, 6.088193036516931e-08
211, 524, 5.925105816954902e-08
263, 553, 5.8967094739385785e-08
441, 790, 5.683264949511793e-08
242, 376, 5.346631705995908e-08
323, 524, 5.334800234439219e-08
424, 535, 5.237728700022931e-08
168, 256, 5.127340091914032e-08
211, 703, 5.0357866581158904e-08
115, 452, 4.967638182425409e-08
77, 245, 4.7577795087377214e-08
211, 376, 4.724033450534079e-08
77, 313, 4.641483220338858e-08
155, 367, 4.5936232589358824e-08
248, 576, 4.5713370697612324e-08
103, 522, 4.565483962455462e-08
105, 252, 4.503863579375097e-08
323, 703, 4.493466225695984e-08
211, 531, 4.389296735619164e-08
103, 355, 4.381623940283563e-08
242, 524, 4.3020882985400247e-08
77, 342, 4.219771538991744e-08
651, 729, 4.196747435090688e-08
263, 397, 4.1797557846270005e-08
323, 410, 4.05999797310271e-08
323, 531, 3.9165989298366616e-08
209, 355, 3.865288225501933e-08
424, 566, 3.786005680317703e-08
168, 524, 3.772940048998463e-08
204, 367, 3.730836966651737e-08
209, 320, 3.692973218403447e-08
242, 703, 3.6563733248157175e-08
211, 386, 3.6518224493702314e-08
263, 376, 3.637347076852129e-08
103, 361, 3.567387034906327e-08
242, 386, 3.550758544197666e-08
323, 440, 3.424457326047732e-08
265, 386, 3.392682537614286e-08
168, 703, 3.206646724561294e-08
242, 531, 3.186971289372142e-08
155, 242, 3.113135632658679e-08
209, 522, 3.057104224634597e-08
168, 376, 3.029675642107993e-08
155, 553, 3.014260677237874e-08
211, 561, 3.003378818583792e-08
155, 373, 2.976704636884264e-08
211, 402, 2.9525472875874306e-08
209, 361, 2.928910464990985e-08
248, 759, 2.8777242099716108e-08
168, 531, 2.7949801999091996e-08
653, 748, 2.753122218242021e-08
265, 524, 2.735391427640747e-08
323, 561, 2.679935072810706e-08
477, 561, 2.584861756883042e-08
566, 703, 2.4436315908228162e-08
204, 553, 2.436890993827574e-08
424, 710, 2.4298625326445225e-08
204, 373, 2.4103597254044596e-08
248, 620, 2.3825957356971372e-08
248, 748, 2.3512480675613477e-08
535, 710, 2.328703701000203e-08
265, 703, 2.324827282682553e-08
168, 386, 2.304165876507745e-08
642, 781, 2.2792065088360952e-08
95, 522, 2.19375831488514e-08
242, 402, 2.1849961500513487e-08
242, 561, 2.1806869397233295e-08
105, 746, 2.1583427496485112e-08
95, 355, 2.1054118316357193e-08
115, 781, 2.103802751818045e-08
265, 531, 2.0263679729781894e-08
263, 386, 1.9739175222918113e-08
265, 402, 1.9565444182936623e-08
168, 561, 1.9124668110606162e-08
103, 320, 1.8613141217664083e-08
355, 553, 1.8595488522194947e-08
653, 759, 1.8519758805883427e-08
168, 402, 1.823486971442071e-08
265, 383, 1.719832227621e-08
95, 361, 1.714163281395065e-08
242, 383, 1.7082830146865554e-08
211, 383, 1.6907667929149233e-08
263, 524, 1.6736231679596063e-08
211, 440, 1.6647704205532647e-08
323, 386, 1.5280951038318494e-08
323, 477, 1.519183926744418e-08
77, 522, 1.495798208555862e-08
402, 553, 1.4590836534895412e-08
248, 452, 1.451638539141608e-08
77, 355, 1.4355597992105731e-08
211, 477, 1.4324957870613807e-08
168, 252, 1.4270317578835747e-08
263, 703, 1.4224234098583614e-08
209, 322, 1.408291083319385e-08
265, 561, 1.3865434522372885e-08
155, 397, 1.3805027170921166e-08
115, 594, 1.3478958181753082e-08
209, 340, 1.333826052703272e-08
115, 801, 1.2506132209024332e-08
242, 440, 1.2402162702259945e-08
263, 531, 1.2398139264890017e-08
103, 340, 1.2187755988276824e-08
355, 440, 1.2060339777351687e-08
77, 361, 1.1687898106575304e-08
263, 402, 1.1663588039690057e-08
441, 821, 1.1564974822088344e-08
204, 397, 1.1489042257489621e-08
168, 383, 1.0658130637124177e-08
168, 440, 1.0600787878116704e-08
242, 477, 1.040103510993812e-08
642, 801, 1.0076984924399408e-08
263, 383, 9.876498882492243e-09
561, 710, 9.482859213265199e-09
545, 703, 9.173869278465706e-09
168, 477, 9.121728610415124e-09
95, 320, 8.943790767456943e-09
105, 588, 8.941773926013766e-09
155, 524, 8.555172212554987e-09
211, 566, 8.55326824101413e-09
263, 561, 8.483433930508706e-09
628, 830, 8.266964734200149e-09
103, 322, 7.770664745744113e-09
651, 748, 7.759982321990802e-09
265, 440, 7.756350543175047e-09
323, 566, 7.632138644788222e-09
211, 710, 7.616727501212743e-09
477, 566, 7.552654791231454e-09
441, 816, 7.467892718830786e-09
105, 729, 7.396637177065917e-09
155, 703, 7.2710974988138535e-09
155, 256, 6.97240604530763e-09
204, 524, 6.916462890171566e-09
155, 376, 6.869814131633859e-09
323, 710, 6.796457058376361e-09
265, 477, 6.613277158437301e-09
402, 524, 6.595236689183953e-09
155, 531, 6.337640309776972e-09
242, 566, 6.2103389122005835e-09
248, 781, 6.147712536906585e-09
77, 320, 6.098258917988877e-09
115, 599, 5.978974435325698e-09
376, 553, 5.972457947828738e-09
204, 703, 5.878347597440848e-09
95, 340, 5.856332265964971e-09
204, 376, 5.610308540272073e-09
211, 535, 5.541108462845487e-09
242, 710, 5.530337392856188e-09
211, 410, 5.475950739773474e-09
424, 746, 5.4587042604882675e-09
168, 566, 5.446479656785932e-09
477, 703, 5.305189094630605e-09
441, 627, 5.2277733894799115e-09
155, 386, 5.224714844077403e-09
535, 746, 5.183730179834533e-09
651, 759, 5.165149871635692e-09
355, 524, 5.1521262766561576e-09
204, 531, 5.123690432496494e-09
323, 535, 4.94436826281877e-09
168, 710, 4.850116963211054e-09
263, 440, 4.743076093823273e-09
355, 703, 4.3718664587152666e-09
204, 386, 4.339512841372535e-09
155, 561, 4.3365340310039045e-09
402, 531, 4.200052484371004e-09
155, 402, 4.134771521794623e-09
263, 477, 4.046270583674709e-09
242, 535, 4.023276311915732e-09
77, 340, 3.9930977139553065e-09
265, 566, 3.948712031071571e-09
248, 594, 3.9388084328149835e-09
242, 410, 3.8802336753660864e-09
355, 531, 3.8430493556813925e-09
95, 322, 3.7338780594451094e-09
248, 801, 3.654530145622702e-09
628, 828, 3.5544567753261403e-09
402, 477, 3.549761427528776e-09
168, 535, 3.5284213786511663e-09
265, 710, 3.5163475146508863e-09
204, 561, 3.5058881285157926e-09
204, 402, 3.4297832580502445e-09
168, 410, 3.4114783790407e-09
566, 710, 3.3751831257206092e-09
265, 410, 3.2996035629220165e-09
103, 367, 3.209193136570408e-09
402, 703, 2.8329534365655583e-09
77, 141, 2.737356389959118e-09
710, 801, 2.6148745966306215e-09
355, 561, 2.6074121108011644e-09
535, 620, 2.607280844045708e-09
265, 535, 2.558114750545485e-09
77, 322, 2.545917694938268e-09
155, 252, 2.5023431813377086e-09
105, 576, 2.496048939371454e-09
355, 477, 2.4606796631941244e-09
155, 383, 2.4167397806575345e-09
263, 566, 2.4159818123368607e-09
155, 440, 2.403737263467202e-09
209, 367, 2.3547763039855176e-09
642, 786, 2.2652182071079068e-09
424, 588, 2.2543562719551797e-09
115, 786, 2.23087447184796e-09
376, 524, 2.162229364340385e-09
263, 710, 2.151443704783663e-09
103, 553, 2.1058202059580076e-09
103, 373, 2.0795828372958926e-09
155, 477, 2.0683593729247402e-09
376, 477, 2.063367459942274e-09
204, 383, 1.979097923281481e-09
263, 410, 1.9697236982075352e-09
204, 440, 1.9433109196908056e-09
441, 812, 1.8997185935220406e-09
424, 729, 1.8706970835985607e-09
535, 729, 1.8287726993312608e-09
402, 561, 1.8120196175608039e-09
653, 781, 1.7965862378746218e-09
248, 599, 1.7471702640435953e-09
561, 746, 1.7391852068158423e-09
211, 746, 1.71110350084692e-09
204, 477, 1.6721733345564257e-09
115, 790, 1.5726485855320682e-09
105, 759, 1.571299677203279e-09
263, 535, 1.565158123093458e-09
95, 367, 1.5420477183403006e-09
323, 746, 1.5268291354905284e-09
642, 790, 1.5202096995278544e-09
376, 531, 1.4528231715027014e-09
376, 703, 1.4283284532398695e-09
209, 553, 1.4100831151518791e-09
209, 373, 1.388127510744147e-09
710, 781, 1.3847483792925584e-09
105, 620, 1.3009488183177035e-09
105, 748, 1.2838323133197068e-09
545, 710, 1.2572564921937222e-09
242, 746, 1.2423944104963887e-09
155, 566, 1.2349936869086999e-09
155, 710, 1.0997679616541884e-09
168, 746, 1.0895823848163287e-09
77, 367, 1.0514340613322503e-09
95, 553, 1.0118665675892406e-09
95, 373, 9.992592632735155e-10
204, 566, 9.9843554201806e-10
441, 818, 9.729997401646686e-10
103, 397, 9.644456227642662e-10
204, 710, 8.891117683660424e-10
376, 561, 8.846639073069863e-10
729, 801, 8.821009798978813e-10
441, 636, 8.778839108955712e-10
477, 710, 8.024204045873032e-10
155, 535, 8.000724141067239e-10
105, 452, 7.926260480644022e-10
653, 801, 7.915511993288979e-10
265, 746, 7.89950085723233e-10
424, 576, 7.740244720524514e-10
155, 410, 7.735554939402912e-10
355, 566, 7.425601812383941e-10
211, 588, 7.088911467409675e-10
77, 553, 6.899338859836076e-10
77, 373, 6.813376869026907e-10
209, 397, 6.698601680918903e-10
355, 710, 6.612534991739475e-10
248, 786, 6.519040317345637e-10
204, 535, 6.468217148800694e-10
323, 588, 6.325483269712678e-10
204, 410, 6.253840056515347e-10
103, 524, 5.976807064728542e-10
211, 729, 5.863948981334465e-10
561, 729, 5.724903190538089e-10
566, 746, 5.706286162351936e-10
651, 781, 5.353667502910134e-10
323, 729, 5.232441023760387e-10
242, 588, 5.147101843491279e-10
103, 703, 5.079727890861713e-10
700, 781, 5.035723222338516e-10
402, 535, 4.907972804832483e-10
355, 535, 4.892744588713846e-10
263, 746, 4.833234291950513e-10
103, 376, 4.799383649468233e-10
402, 566, 4.796604592395947e-10
95, 397, 4.6342526259927177e-10
248, 790, 4.595578847431823e-10
168, 588, 4.5140186193231684e-10
103, 531, 4.4275968310252106e-10
402, 710, 4.2848984309468957e-10
242, 729, 4.257683672694273e-10
209, 524, 4.0021435356396324e-10
424, 759, 3.974002851887267e-10
535, 759, 3.7738183889511404e-10
168, 729, 3.7339971032501935e-10
103, 242, 3.6926438885055276e-10
103, 386, 3.650085797857726e-10
209, 703, 3.401448285188031e-10
424, 620, 3.386985607848207e-10
105, 781, 3.3567840487658057e-10
265, 588, 3.272675334129697e-10
424, 748, 3.246963865962472e-10
115, 821, 3.2002099950018263e-10
209, 376, 3.1946397832528625e-10
77, 397, 3.159831568008516e-10
535, 748, 3.0834029069228983e-10
103, 561, 3.0295856809175114e-10
209, 531, 2.9647733051779417e-10
103, 402, 2.888630529989072e-10
376, 440, 2.8771885274807237e-10
95, 524, 2.871912441821527e-10
545, 746, 2.8703775045968487e-10
710, 786, 2.84960151826523e-10
710, 790, 2.8024662478337313e-10
265, 729, 2.7071576898703483e-10
376, 566, 2.50573781216214e-10
155, 746, 2.4706369093631507e-10
209, 386, 2.465305074843254e-10
95, 703, 2.440857396405888e-10
642, 821, 2.4354964437761925e-10
651, 801, 2.400771469763121e-10
95, 376, 2.306149331358523e-10
477, 588, 2.2128203666651427e-10
376, 710, 2.1603752003718e-10
105, 594, 2.1506746190625382e-10
95, 531, 2.127502241360779e-10
700, 801, 2.0917373069377384e-10
115, 816, 2.066483091234963e-10
209, 561, 2.0286478411029503e-10
263, 588, 2.0023552041081917e-10
204, 746, 1.9973962036230174e-10
105, 801, 1.9954525239940426e-10
209, 402, 1.991162418700628e-10
211, 576, 1.9788321753527218e-10
77, 524, 1.9581926853372931e-10
566, 729, 1.9315534184577845e-10
477, 746, 1.802643409813101e-10
323, 576, 1.7657252282396788e-10
95, 386, 1.7539008207988337e-10
653, 786, 1.7279040682547786e-10
103, 383, 1.6883806702858554e-10
376, 535, 1.685536199846281e-10
103, 440, 1.6792968628917288e-10
77, 703, 1.66428092653197e-10
263, 729, 1.6563486246627417e-10
441, 642, 1.6332188577135087e-10
95, 242, 1.6016682446673687e-10
77, 376, 1.5724312086260915e-10
642, 816, 1.568316396986414e-10
355, 746, 1.4855109063619083e-10
95, 561, 1.455744633608399e-10
77, 531, 1.4506219849895605e-10
103, 477, 1.4449954489930935e-10
242, 576, 1.4367862801705424e-10
115, 627, 1.3917850290535498e-10
95, 402, 1.3880143476369542e-10
168, 576, 1.2600644436207014e-10
561, 759, 1.2509411390831343e-10
211, 759, 1.245704084293385e-10
77, 386, 1.195884563916933e-10
477, 576, 1.1844952387801865e-10
103, 256, 1.1589184929502226e-10
653, 790, 1.1449598802487444e-10
209, 383, 1.1420068185328554e-10
209, 440, 1.1244778376575032e-10
323, 759, 1.1115501132206731e-10
561, 748, 1.034856790369525e-10
211, 620, 1.0313737601725228e-10
155, 588, 1.0235573891305455e-10
211, 748, 1.0178040379265548e-10
545, 729, 1.0100222590229679e-10
77, 561, 9.92588928457362e-11
209, 477, 9.675867285970451e-11
402, 746, 9.626056209572047e-11
105, 599, 9.539927635865936e-11
323, 452, 9.537312836652686e-11
77, 402, 9.464075238178193e-11
248, 821, 9.351623430478346e-11
323, 620, 9.203017268285649e-11
265, 576, 9.135500253363244e-11
323, 748, 9.081933726142219e-11
242, 759, 9.044781865577425e-11
103, 566, 8.627902290474964e-11
424, 781, 8.489704145238728e-11
155, 729, 8.466868766697437e-11
77, 242, 8.330527537629154e-11
204, 588, 8.274990288907423e-11
95, 383, 8.112829142737513e-11
95, 440, 8.069180587260028e-11
535, 781, 8.06204796879838e-11
168, 759, 7.932291800396795e-11
103, 710, 7.683189489897851e-11
545, 620, 7.552741541864781e-11
242, 620, 7.488576781806385e-11
242, 748, 7.390050029555372e-11
95, 477, 6.94334008676459e-11
441, 830, 6.937062409652612e-11
204, 729, 6.84507361931014e-11
168, 620, 6.567496826986507e-11
168, 748, 6.481088668048451e-11
211, 452, 6.283826820028131e-11
700, 786, 6.210341434076862e-11
477, 729, 6.17765610405849e-11
355, 588, 6.154306442514328e-11
248, 816, 6.038657377129145e-11
729, 821, 5.960384105613763e-11
209, 566, 5.7773495118707054e-11
265, 759, 5.7509323526384183e-11
263, 576, 5.5894687394397976e-11
103, 535, 5.589459029135552e-11
77, 383, 5.531673756259669e-11
77, 440, 5.5019123050340395e-11
424, 594, 5.468950207075038e-11
103, 410, 5.404206749172061e-11
115, 812, 5.256819426073094e-11
651, 786, 5.187154968972437e-11
209, 710, 5.144758198997633e-11
355, 729, 5.090843518121838e-11
424, 801, 5.0467356012395114e-11
376, 746, 4.8532989632496016e-11
535, 801, 4.792513826981115e-11
748, 821, 4.7777875224411454e-11
265, 620, 4.761452418615953e-11
95, 256, 4.7560900671765245e-11
77, 477, 4.7342661188821035e-11
265, 748, 4.698806276835863e-11
242, 452, 4.5625476856696046e-11
700, 790, 4.2677661783284854e-11
566, 759, 4.2046232989805894e-11
729, 816, 4.1818564715389494e-11
95, 566, 4.145788824448358e-11
402, 588, 4.145052588407101e-11
248, 627, 4.0670610704341555e-11
168, 452, 4.0013634528538e-11
642, 812, 3.9710932971487214e-11
209, 535, 3.742770525953627e-11
95, 710, 3.6918453699345386e-11
209, 410, 3.6514324521294676e-11
105, 786, 3.559537050432449e-11
103, 252, 3.5199627749196154e-11
263, 759, 3.518653135154937e-11
651, 790, 3.461753913748753e-11
355, 452, 3.446528030961198e-11
566, 748, 3.428531927355697e-11
402, 729, 3.29884793505768e-11
77, 256, 3.183237019756593e-11
265, 452, 3.013710563271896e-11
441, 828, 2.9343659572841475e-11
263, 620, 2.913249270436604e-11
263, 748, 2.874919825806851e-11
155, 576, 2.8572063627021965e-11
77, 566, 2.8267760648854576e-11
115, 818, 2.6924429508155875e-11
95, 535, 2.6857880394964935e-11
211, 781, 2.661210754578092e-11
561, 781, 2.6046021334387065e-11
95, 410, 2.596772563182617e-11
77, 710, 2.51725801021179e-11
105, 790, 2.5092854744420033e-11
710, 821, 2.4633140843384544e-11
424, 599, 2.434971826217286e-11
323, 781, 2.3746162133146494e-11
115, 636, 2.3594063020152856e-11
204, 576, 2.3099198106369942e-11
545, 759, 2.0709505761139776e-11
710, 816, 2.052218910676568e-11
690, 759, 2.044117614515624e-11
642, 818, 2.0401161336330015e-11
376, 588, 2.010667774235681e-11
690, 781, 1.961698250146935e-11
242, 781, 1.932246275578444e-11
263, 452, 1.837208524367887e-11
77, 535, 1.831285110479437e-11
155, 759, 1.7986536099519093e-11
77, 410, 1.7705905530614347e-11
103, 746, 1.7260342360602028e-11
355, 576, 1.717942121497246e-11
211, 594, 1.7050243157440284e-11
168, 781, 1.694583851319854e-11
545, 748, 1.6920726882827735e-11
695, 781, 1.6820444484649387e-11
376, 729, 1.6632247843320328e-11
211, 801, 1.5819664416766344e-11
653, 821, 1.570382437040175e-11
561, 801, 1.5483152403209986e-11
248, 812, 1.5361428091105966e-11
323, 594, 1.5214046378312424e-11
155, 620, 1.4891852409685793e-11
95, 252, 1.489083970834064e-11
477, 620, 1.4878986884420862e-11
155, 748, 1.4695921207311956e-11
204, 759, 1.4541286412971302e-11
323, 801, 1.4115992710696073e-11
535, 599, 1.3961119993762019e-11
748, 816, 1.3355714441823548e-11
477, 759, 1.3123462473294518e-11
242, 594, 1.2379804486358309e-11
265, 781, 1.228577735166836e-11
204, 620, 1.2039377115793174e-11
204, 748, 1.188097575851167e-11
209, 746, 1.155773757681899e-11
242, 801, 1.148630847730204e-11
402, 576, 1.1244909864430334e-11
168, 594, 1.0857113314295113e-11
355, 759, 1.0814699417080672e-11
477, 748, 1.0722540983297355e-11
653, 816, 1.0212652829212899e-11
168, 801, 1.0073515525906457e-11
729, 812, 9.931542858712196e-12
77, 252, 9.149454515682605e-12
155, 452, 9.073124136513904e-12
424, 786, 9.002490482906721e-12
355, 620, 8.95397016319259e-12
355, 748, 8.836163318763177e-12
376, 452, 8.763664063808833e-12
566, 781, 8.725698604814233e-12
535, 786, 8.549003459979119e-12
95, 746, 8.293758095027899e-12
265, 594, 7.871435618684313e-12
248, 818, 7.867831368378382e-12
211, 599, 7.56311923961794e-12
263, 781, 7.516935749805972e-12
204, 452, 7.335203176392518e-12
265, 801, 7.303325167619635e-12
103, 588, 7.150767842560513e-12
402, 759, 7.007885572068841e-12
248, 636, 6.894634817841653e-12
323, 599, 6.748622046838239e-12
710, 812, 6.5487042236274555e-12
424, 790, 6.34627994666212e-12
535, 790, 6.026595565418797e-12
103, 729, 5.915116587210559e-12
402, 620, 5.80213983758696e-12
402, 748, 5.725801434314838e-12
376, 576, 5.7050335988993324e-12
695, 759, 5.676068326602464e-12
77, 746, 5.655038851163489e-12
242, 599, 5.4914136196718885e-12
729, 818, 5.377308412491987e-12
566, 801, 5.1870233686881484e-12
105, 821, 5.106188712149801e-12
651, 821, 4.911920785357767e-12
263, 594, 4.816062843296561e-12
168, 599, 4.815980736217547e-12
209, 588, 4.788242114230455e-12
695, 801, 4.5223103918801336e-12
115, 642, 4.478888794946394e-12
263, 801, 4.468469879725012e-12
545, 781, 4.424193526250217e-12
690, 801, 4.293027432930792e-12
535, 627, 4.168922787283979e-12
477, 594, 4.1408297154297575e-12
209, 729, 3.9608348329936745e-12
155, 781, 3.842482649705596e-12
376, 759, 3.5332604590105157e-12
265, 599, 3.49159866058022e-12
95, 588, 3.4360117221819033e-12
105, 816, 3.2972375721570033e-12
651, 816, 3.1321694496635827e-12
204, 781, 3.106470330756786e-12
376, 620, 2.9253433228852623e-12
376, 748, 2.886854757538197e-12
95, 729, 2.8422695826816773e-12
211, 786, 2.821950456840632e-12
477, 781, 2.803579109323048e-12
653, 812, 2.773414856390505e-12
561, 786, 2.7619226202588874e-12
545, 801, 2.6299779820033417e-12
748, 818, 2.520425529292069e-12
323, 786, 2.5180453282238568e-12
155, 594, 2.4618592643600163e-12
710, 818, 2.403168816398149e-12
77, 588, 2.3428196915510033e-12
355, 781, 2.3103556261188488e-12
155, 801, 2.284177829246259e-12
105, 627, 2.220703333903644e-12
700, 821, 2.1405730368134605e-12
263, 599, 2.1363013543563815e-12
242, 786, 2.0489558185938083e-12
103, 576, 1.9960990556011128e-12
204, 594, 1.990299881723362e-12
211, 790, 1.9893259125045245e-12
561, 790, 1.94700946060007e-12
77, 729, 1.937980916658391e-12
115, 830, 1.919594015623897e-12
204, 801, 1.846652621130145e-12
168, 786, 1.7969383541533761e-12
323, 790, 1.7750888603143037e-12
690, 786, 1.7157960465295164e-12
695, 786, 1.6984333412914405e-12
477, 801, 1.666597829542398e-12
700, 816, 1.6285706055143611e-12
477, 599, 1.5765097267042768e-12
402, 781, 1.4971019752111484e-12
642, 830, 1.4959576417754874e-12
355, 594, 1.4802332035416633e-12
242, 790, 1.4444055506449228e-12
748, 812, 1.3989793990075216e-12
355, 801, 1.373399330575863e-12
209, 576, 1.33661248311237e-12
653, 818, 1.3150983800326807e-12
248, 642, 1.308816654617808e-12
265, 786, 1.3027850180802152e-12
424, 821, 1.2914155586460254e-12
168, 790, 1.266746559077671e-12
103, 759, 1.256573840463882e-12
535, 821, 1.2263624271637159e-12
155, 599, 1.0920275444510545e-12
103, 620, 1.0403733142681384e-12
695, 790, 1.034689219365286e-12
103, 748, 1.0266851854326896e-12
402, 594, 9.878518534120973e-13
690, 790, 9.792298720017124e-13
95, 576, 9.591445149232707e-13
566, 786, 9.252739235984713e-13
265, 790, 9.183945765621929e-13
402, 801, 8.89957730885291e-13
204, 599, 8.828539973931447e-13
209, 759, 8.414173016131647e-13
105, 812, 8.387672076878537e-13
424, 816, 8.339104058383044e-13
651, 812, 8.28100886430594e-13
115, 828, 8.119851024282754e-13
263, 786, 7.970965935980373e-13
535, 816, 7.919034136565281e-13
376, 781, 7.548141529597639e-13
209, 620, 6.966467696308878e-13
209, 748, 6.874810301749368e-13
355, 599, 6.56599446556395e-13
77, 576, 6.539857364568152e-13
566, 790, 6.522692090207435e-13
748, 830, 6.393886983805349e-13
642, 828, 6.340935933420863e-13
103, 452, 6.338658193074546e-13
95, 759, 6.037956399483653e-13
263, 790, 5.619109664274354e-13
424, 627, 5.616421558640068e-13
248, 830, 5.609419507329613e-13
95, 620, 4.999092379973735e-13
95, 748, 4.933319623580526e-13
700, 812, 4.898976933735398e-13
376, 594, 4.836056229106013e-13
545, 786, 4.6914190922592e-13
535, 636, 4.591615921661867e-13
376, 801, 4.4870202693669654e-13
402, 599, 4.375376709664989e-13
105, 818, 4.2960061449198774e-13
209, 452, 4.244443502576852e-13
77, 759, 4.116936813141601e-13
651, 818, 4.08575466372182e-13
155, 786, 4.0745723164109207e-13
211, 821, 4.048113944259986e-13
561, 821, 3.962003459321716e-13
105, 636, 3.764619773559167e-13
323, 821, 3.612159235734358e-13
77, 620, 3.4085949102198554e-13
77, 748, 3.363748232936768e-13
545, 790, 3.3072024861479395e-13
204, 786, 3.29410414186861e-13
95, 452, 3.045785338558783e-13
477, 786, 2.972917997844678e-13
242, 821, 2.9392460099063507e-13
155, 790, 2.8723581137865434e-13
103, 781, 2.6844319291614413e-13
211, 816, 2.6140031530027643e-13
168, 821, 2.577724633963924e-13
561, 816, 2.558398720362131e-13
355, 786, 2.4499033394384593e-13
748, 828, 2.432672068284013e-13
248, 828, 2.3727751994172806e-13
323, 816, 2.3324925536610043e-13
729, 830, 2.3228238953183913e-13
204, 790, 2.322169303866615e-13
545, 627, 2.232141747433389e-13
376, 599, 2.1451699880459009e-13
424, 812, 2.1213415389697343e-13
477, 790, 2.0957500492353498e-13
77, 452, 2.076746659898353e-13
535, 812, 2.0144821247946618e-13
700, 818, 1.9736659301178722e-13
242, 816, 1.8979698800821508e-13
265, 821, 1.8688571180544084e-13
209, 781, 1.7975286429370521e-13
211, 627, 1.76054208702662e-13
355, 790, 1.7270523599952477e-13
103, 594, 1.7199020052455595e-13
561, 627, 1.6770022413718896e-13
168, 816, 1.6645233838610158e-13
103, 801, 1.5957703536231008e-13
402, 786, 1.5875283818150305e-13
323, 627, 1.5709435176767947e-13
566, 821, 1.327313972964848e-13
95, 781, 1.2898949845776656e-13
561, 636, 1.286686686500304e-13
242, 627, 1.278290674575158e-13
265, 816, 1.206783817444872e-13
209, 594, 1.151667540491335e-13
263, 821, 1.1434424114868772e-13
168, 627, 1.121063480264358e-13
402, 790, 1.1191235973422211e-13
729, 828, 1.0993179281196098e-13
424, 818, 1.0865107986290406e-13
209, 801, 1.0685474595302376e-13
710, 830, 1.0417460034896258e-13
535, 818, 1.0317794386365473e-13
653, 830, 9.524993123238732e-14
424, 636, 9.521168961877078e-14
77, 781, 8.79505547199483e-14
566, 816, 8.570912178187219e-14
95, 594, 8.264292144760499e-14
265, 627, 8.127739624620489e-14
376, 786, 8.0040565750392e-14
95, 801, 7.66782779371559e-14
103, 599, 7.629113453701033e-14
263, 816, 7.383591741882596e-14
105, 642, 7.146422092127881e-14
545, 821, 6.729883935313346e-14
211, 812, 6.649627385196372e-14
561, 812, 6.508178145703036e-14
535, 642, 6.215680339354675e-14
690, 821, 6.059518070797574e-14
323, 812, 5.933507135511253e-14
155, 821, 5.84501154900691e-14
376, 790, 5.6424368157420636e-14
77, 594, 5.634947706517212e-14
695, 821, 5.4756313044954425e-14
77, 801, 5.2282528114111007e-14
209, 599, 5.108548219931156e-14
263, 627, 4.972880005930423e-14
242, 812, 4.8281473862701136e-14
204, 821, 4.725422757943172e-14
710, 828, 4.6948506196362375e-14
545, 816, 4.345712118898281e-14
690, 816, 4.330533369578872e-14
477, 821, 4.264678273512356e-14
168, 812, 4.2342949219121715e-14
653, 828, 4.0312420794381e-14
561, 642, 4.029970046722753e-14
545, 636, 3.993479248282423e-14
695, 816, 3.969863139460321e-14
155, 816, 3.774320295530784e-14
95, 599, 3.6658613220179493e-14
355, 821, 3.514408924660308e-14
211, 818, 3.4058127030238406e-14
561, 818, 3.333365092234099e-14
265, 812, 3.06987492011062e-14
105, 830, 3.0628644088349767e-14
204, 816, 3.051364205310808e-14
323, 818, 3.0390295282703377e-14
211, 636, 2.9845371292134474e-14
651, 830, 2.9682758277860346e-14
103, 786, 2.846574212817552e-14
477, 816, 2.7538460149598293e-14
323, 636, 2.6631225069558264e-14
155, 627, 2.542020549044712e-14
77, 599, 2.4995409754496178e-14
242, 818, 2.4728852832923836e-14
477, 627, 2.3323568177063005e-14
402, 821, 2.2773240982156835e-14
355, 816, 2.269371894293954e-14
566, 812, 2.1803100073049867e-14
168, 818, 2.168725343242951e-14
242, 636, 2.1670064057600558e-14
566, 636, 2.097443294413418e-14
204, 627, 2.055106590106921e-14
103, 790, 2.0066843589326943e-14
209, 786, 1.9061011107045986e-14
168, 636, 1.9004689553914837e-14
263, 812, 1.8782737041281854e-14
424, 642, 1.807414727243808e-14
265, 818, 1.5723315599432264e-14
355, 627, 1.5284314888565993e-14
402, 816, 1.470544667248293e-14
265, 636, 1.3778449754204847e-14
95, 786, 1.3678058886330051e-14
209, 790, 1.3437005324408029e-14
105, 828, 1.2955865930450274e-14
651, 828, 1.2502734390844703e-14
690, 812, 1.2050159816954013e-14
376, 821, 1.1481892941642024e-14
695, 812, 1.146304721147654e-14
566, 818, 1.1167133268159794e-14
545, 812, 1.1054832233392946e-14
700, 830, 1.0539127551622473e-14
402, 627, 9.904180010529767e-15
95, 790, 9.642308534999109e-15
263, 818, 9.620160755949586e-15
155, 812, 9.601298134944293e-15
77, 786, 9.32628532499274e-15
566, 642, 9.134109586602799e-15
263, 636, 8.430213129348606e-15
204, 812, 7.762207539242925e-15
424, 830, 7.746346589543363e-15
376, 816, 7.414243957843704e-15
535, 830, 7.356135940598221e-15
477, 812, 7.005366406943834e-15
77, 790, 6.57453819553943e-15
545, 642, 5.950554255781205e-15
355, 812, 5.77293775570139e-15
211, 642, 5.6655820130334775e-15
545, 818, 5.662074860631498e-15
690, 818, 5.414845073406217e-15
323, 642, 5.0554368468821556e-15
376, 627, 4.993524401939738e-15
695, 818, 4.91855769289791e-15
155, 818, 4.917602334577539e-15
700, 828, 4.6423904946565016e-15
155, 636, 4.309328795803324e-15
242, 642, 4.113653803944488e-15
103, 821, 4.083436949200953e-15
204, 818, 3.975655102046009e-15
402, 812, 3.740842500230292e-15
168, 642, 3.6076826200624776e-15
477, 818, 3.5880154655314164e-15
204, 636, 3.4838939482692443e-15
477, 636, 3.3720282128705e-15
424, 828, 3.276691830543654e-15
535, 828, 3.1116333696537727e-15
355, 818, 2.956788945182841e-15
209, 821, 2.734319614544723e-15
103, 816, 2.636812403819468e-15
265, 642, 2.615579358380482e-15
355, 636, 2.5910545175637918e-15
211, 830, 2.4281954353313105e-15
561, 830, 2.3765434587959883e-15
323, 830, 2.1666950803934116e-15
95, 821, 1.9621301562520277e-15
402, 818, 1.9159883959301807e-15
376, 812, 1.8860711627669573e-15
103, 627, 1.7759042131167346e-15
209, 816, 1.7656420229652813e-15
242, 830, 1.763059005463615e-15
402, 636, 1.6789938277341874e-15
263, 642, 1.6003172955755159e-15
168, 830, 1.5462062767792292e-15
77, 821, 1.337864227230922e-15
95, 816, 1.2670133513206273e-15
209, 627, 1.1891673078062e-15
265, 830, 1.1210036045998006e-15
211, 828, 1.0271226640767372e-15
561, 828, 1.0052739631971193e-15
376, 818, 9.66009785639885e-16
323, 828, 9.165084452569928e-16
77, 816, 8.639038713893065e-16
95, 627, 8.533388061381005e-16
376, 636, 8.465210285539274e-16
155, 642, 8.180449649887489e-16
566, 830, 7.96167740034775e-16
242, 828, 7.457710513195035e-16
263, 830, 6.858753687192063e-16
103, 812, 6.707650658310041e-16
204, 642, 6.613516948885188e-16
168, 828, 6.540427047631576e-16
477, 642, 5.92623267107194e-16
77, 627, 5.818428807092177e-16
355, 642, 4.918629333107748e-16
265, 828, 4.741826757610495e-16
209, 812, 4.491525396546107e-16
545, 830, 4.036811630564115e-16
155, 830, 3.5060352940119316e-16
103, 818, 3.435531120191323e-16
566, 828, 3.3677764083470043e-16
95, 812, 3.2230897153558855e-16
402, 642, 3.18725377456168e-16
690, 830, 3.1663191576518594e-16
103, 636, 3.010579582863073e-16
263, 828, 2.901241496845823e-16
204, 830, 2.8344681322812713e-16
695, 830, 2.765696236797286e-16
477, 830, 2.558098032685779e-16
209, 818, 2.3004739010739615e-16
77, 812, 2.1976403642698502e-16
355, 830, 2.1080611431029729e-16
209, 636, 2.0159211240377105e-16
545, 828, 1.7075646614067572e-16
95, 818, 1.6508052646652786e-16
376, 642, 1.6069608469885804e-16
155, 828, 1.4830471465083094e-16
95, 636, 1.4466120233564901e-16
690, 828, 1.3739440257642982e-16
402, 830, 1.3660158918941197e-16
695, 828, 1.2093032422184501e-16
204, 828, 1.198975344779898e-16
77, 818, 1.1255896061140148e-16
477, 828, 1.0820712484961767e-16
77, 636, 9.863619243422985e-17
355, 828, 8.917063864940222e-17
376, 830, 6.887227092357594e-17
402, 828, 5.778224691629922e-17
103, 642, 5.715018709775575e-17
209, 642, 3.8268468327121265e-17
376, 828, 2.913285700266795e-17
95, 642, 2.7461206560785545e-17
103, 830, 2.4493833664372324e-17
77, 642, 1.8724224678576987e-17
209, 830, 1.6401372338317622e-17
95, 830, 1.176951922436077e-17
103, 828, 1.0360851239871365e-17
77, 830, 8.024961387911364e-18
209, 828, 6.9377534466655284e-18
95, 828, 4.9784872192457536e-18
77, 828, 3.3945454307057305e-18
