Gene = Cxcl17
index = 310
Annotated 5SS: [  185 10030 10738]
Annotated 3SS: [ 9948 10635 12441]
SMsplice 5SS: [  185 10030]
SMsplice 3SS: [ 9948 12441]
length: 12834
Partition function (logZ) = -8.087225066470737
#Exons = 1008
3SS, 5SS, prob
0, 185, 0.9817038179406966
12441, -1, 0.9002985730706687
9948, 10030, 0.8732431871871138
10635, 10738, 0.3232100365981221
6456, 6593, 0.07824068242239707
10413, 10738, 0.07120906277598303
285, 361, 0.0628243314642801
6210, 6326, 0.054541244707099944
1490, 1633, 0.05299688712791538
9000, 9073, 0.050684980456472885
10619, 10738, 0.030215597554059975
285, 516, 0.029513699150731005
6419, 6593, 0.02142513322884314
10635, 10800, 0.0203666077925615
909, 1032, 0.01880195198657167
12046, 12104, 0.018512534362798972
909, 1027, 0.017275342127735387
9910, 10030, 0.01691983284081446
0, 827, 0.016878588906146096
6110, 6326, 0.016868471674776443
12046, -1, 0.01684971183830234
10413, -1, 0.01565484867400721
586, 827, 0.012387588214987411
633, 827, 0.012259749780665432
6016, 6326, 0.00978992448861336
285, 827, 0.009723294836702041
938, 1032, 0.009478625347062238
1788, 1986, 0.00848365479003908
12695, -1, 0.00834482748254362
12094, -1, 0.008222841304494183
9000, 9134, 0.00818655541573789
9133, 9215, 0.007943656121963884
285, 337, 0.007875743171043295
938, 1027, 0.007870901508026096
6113, 6326, 0.007842569415296662
4796, 4949, 0.007246019457322093
9000, 9215, 0.0069990658995660185
906, 1032, 0.006787279064008335
10310, -1, 0.006396073808208546
285, 454, 0.00637146909854282
906, 1027, 0.006284631294982359
12441, 12586, 0.00618900057511679
9948, 10175, 0.0059039403287925625
6437, 6593, 0.005761372631153422
8851, 9073, 0.005710953962483466
10310, 10738, 0.005545498805580191
9948, 10056, 0.005488822919440897
11766, -1, 0.00536644058326012
9948, -1, 0.00521600475057913
11766, 11831, 0.004824721984451957
6756, 6939, 0.004822867030655839
9000, 9166, 0.004497258773450659
1921, 1986, 0.0038680199884779747
11719, 11831, 0.003684054844789462
8755, 9073, 0.0036070586160345326
11912, 12104, 0.003155390727964653
3944, 4104, 0.003147371532962986
10635, -1, 0.0030273217804904543
11723, 11831, 0.002995080905597189
4752, 4949, 0.002898047656516152
11912, -1, 0.0028673738804201286
9948, 10034, 0.002750143485100943
10340, 10738, 0.0026527411344521505
11072, -1, 0.002585344436893033
10413, 10800, 0.0025009301897000935
3475, 3557, 0.0022843467822937493
10340, -1, 0.0021831304922707356
11044, -1, 0.0021243864558690047
11587, -1, 0.002021959117559895
6148, 6326, 0.0019853970897158726
12010, 12104, 0.0019459525948127888
3526, 3557, 0.0017431763781613633
285, -1, 0.001740559647175529
6476, 6593, 0.0017002318694197545
950, 1032, 0.001693569958804383
974, 1032, 0.001679924097765329
11719, -1, 0.0016697150448526834
1340, 1633, 0.0016604483337555346
337, 516, 0.0016325483673319435
604, 827, 0.0016247573503251733
6349, 6593, 0.0015637158397978361
10494, 10738, 0.0015245299731689687
10839, -1, 0.0014929230455534904
8768, 9073, 0.0014661632264951231
9988, 10030, 0.0014545695494378058
686, 827, 0.0013756570948756553
11723, -1, 0.0013734993622795668
9948, 10006, 0.0013703926417359632
5967, 6326, 0.001355918305906904
950, 1027, 0.001352716600720225
281, 361, 0.0013110807904398215
10619, 10800, 0.0012985650720426963
974, 1027, 0.001268664855856677
10839, 10992, 0.0012367626394817503
11072, 11289, 0.0011366023720519964
404, 516, 0.0010656046331919782
11883, -1, 0.0009838701289625865
11866, -1, 0.0009836056207977073
12460, -1, 0.0009570604298483814
11525, -1, 0.0009468250997214506
6084, 6326, 0.0009176760604643861
12010, -1, 0.0008884254020853654
1892, 1986, 0.0008725482757166766
717, 827, 0.0008242592412555198
1320, 1633, 0.0007904152489755935
12561, -1, 0.0007551726164922419
11525, 11615, 0.000739750146662358
9948, 10018, 0.0007250269366979176
6456, 6939, 0.0006334167302287395
503, 827, 0.0006283551589010165
663, 827, 0.000611316765994093
11393, -1, 0.0005965871911426542
300, 361, 0.000591057924392212
0, 802, 0.0005630690079210373
1115, 1633, 0.0005572112988757781
1416, 1633, 0.0005558818625029529
300, 516, 0.0005545118195432303
337, 827, 0.0005339221768013964
1857, 1986, 0.0005304623366033217
4009, 4104, 0.0005273941056824325
1115, -1, 0.0005257187125506161
281, 516, 0.0005221696234877507
4774, 4949, 0.00048705175089505513
633, 802, 0.00048619650214786224
3479, 3557, 0.0004854623105646956
711, 827, 0.00046213469120592535
586, 802, 0.00046142390652999254
10929, -1, 0.000449486524047034
640, 827, 0.0004371137346503588
12441, 12539, 0.00043299842910950355
285, 802, 0.0004239319500290695
3980, 4104, 0.00042353042386155163
404, 827, 0.0004150545681436816
1926, 1986, 0.0003937015080494341
1370, 1633, 0.00038989614257128934
727, 827, 0.0003744206965366373
285, 411, 0.0003738872888485372
11128, -1, 0.0003654976636950683
12746, -1, 0.00035216915005524877
3315, 3557, 0.0003138829872751893
337, 454, 0.0002985125973901261
4996, -1, 0.00028019034964992965
10619, -1, 0.0002703563064750059
0, 516, 0.00025935822762453256
6456, -1, 0.0002455514397416205
0, 361, 0.00023689842683521144
7329, -1, 0.00023640740246517322
337, 361, 0.0002329478480990024
1788, -1, 0.000218601793249529
384, 516, 0.00021479586413635854
285, 482, 0.00020958611290477038
285, 524, 0.000208082109821844
964, 1032, 0.0001989054860149308
791, 827, 0.0001889616795383862
300, 827, 0.0001826837840907048
1115, 1321, 0.0001776815189486741
10932, -1, 0.0001726977704033691
281, 827, 0.0001720286931410585
281, 337, 0.0001716180905342263
10148, -1, 0.0001655342256908682
12672, -1, 0.00015965265916711332
4224, -1, 0.00015378478402105954
4041, 4104, 0.00015165886280184737
3107, 3557, 0.00014870117540959134
5220, -1, 0.0001472445720159044
2055, -1, 0.00013877323521364773
4318, -1, 0.00013837323011132578
556, 827, 0.00013343167238467581
300, 454, 0.00012602071257958092
964, 1027, 0.00012500040492704554
3215, 3557, 0.00012006878556359168
826, 1032, 0.00011864565681058349
1276, 1633, 0.0001177414841433615
10284, -1, 0.00011730939043405372
6419, -1, 0.00011713071252790996
826, 1027, 0.00011600841962364385
360, 516, 0.00011320990312408781
281, 454, 0.00011017875383415939
1667, 1986, 0.00010982982764935286
1490, -1, 0.00010747775080220714
7027, -1, 0.0001074078717806638
1869, 1986, 0.00010417019543246967
10183, -1, 9.946587487298306e-05
2340, -1, 9.805640632919984e-05
909, 1023, 9.314409177593992e-05
0, 337, 8.848332822027652e-05
1793, 1986, 8.696483847811127e-05
1302, 1633, 8.670463015335678e-05
3944, -1, 8.60006272159864e-05
352, 516, 8.23754556916935e-05
304, 516, 7.894506431204379e-05
6016, -1, 7.787264252716982e-05
1732, 1986, 7.498927219589363e-05
954, 1032, 7.457230106664937e-05
1575, 1633, 7.453583707294016e-05
2099, -1, 7.321256206241857e-05
0, 1032, 7.265784326608014e-05
9910, -1, 7.260878138477993e-05
304, 361, 6.881426896240947e-05
1921, -1, 6.78052774750589e-05
285, 352, 6.753538488407972e-05
300, 337, 6.536147111947569e-05
384, 827, 6.379458883254507e-05
0, 1027, 6.342328416072336e-05
909, -1, 5.966205527875169e-05
604, 802, 5.865548255324597e-05
5637, 5739, 5.761871536593886e-05
954, 1027, 5.626971445830352e-05
5805, -1, 5.380748828804338e-05
5664, 5739, 5.367363437295214e-05
5565, 5739, 5.238238328548181e-05
9309, -1, 5.125624727521559e-05
9000, -1, 4.9523017348818115e-05
8329, -1, 4.858918912515576e-05
5700, 5739, 4.840595031203532e-05
0, 64, 4.786944659471574e-05
5700, -1, 4.4309603296968025e-05
686, 802, 4.2279157818621845e-05
8755, -1, 4.2124547455649524e-05
3107, -1, 4.203154479704613e-05
337, -1, 4.1988604828364576e-05
1340, -1, 4.048541773054395e-05
938, 1023, 4.006902925104388e-05
5392, -1, 3.5745401324165975e-05
8464, -1, 3.518728236134859e-05
8209, -1, 3.5159358026138765e-05
906, 1023, 3.431243396383918e-05
9518, -1, 3.394976920533532e-05
938, -1, 3.379071759082102e-05
2239, -1, 3.337745407204761e-05
281, -1, 3.279470603904832e-05
285, 510, 3.0003120394525262e-05
6349, -1, 2.9731247491583092e-05
6110, -1, 2.9548499959102376e-05
145, 185, 2.6715197983761205e-05
5967, -1, 2.6281181004600022e-05
300, -1, 2.579022192959064e-05
1320, -1, 2.567722234968784e-05
6437, -1, 2.4849137165825646e-05
503, 802, 2.4580474337510983e-05
5312, -1, 2.3479118942729394e-05
663, 802, 2.3363323089012934e-05
337, 802, 2.327883540555557e-05
285, 438, 2.3250311782685342e-05
6210, -1, 2.3217549775329006e-05
1667, -1, 2.271488372580521e-05
906, -1, 2.125009304100514e-05
1340, 1444, 2.057288267566676e-05
586, -1, 2.0568556220416494e-05
7071, -1, 1.815528427979604e-05
3526, -1, 1.7978535141180954e-05
586, 741, 1.699813192537123e-05
285, 346, 1.6524780924120277e-05
5264, -1, 1.5870841367077756e-05
404, 802, 1.5769653069156026e-05
0, 454, 1.5737797952955395e-05
640, 802, 1.570646049011338e-05
5565, -1, 1.5555424179136476e-05
524, 827, 1.5333349952508615e-05
6113, -1, 1.5120380898666573e-05
974, -1, 1.4321336793354875e-05
633, 793, 1.423428746392889e-05
285, 741, 1.385569503666906e-05
6972, -1, 1.3840458597118266e-05
717, 802, 1.3695438466481378e-05
1320, 1444, 1.3569109547903074e-05
0, 145, 1.3530073972561613e-05
0, 163, 1.33966586413206e-05
586, 793, 1.3006333934326773e-05
337, 482, 1.2988457002599778e-05
5664, -1, 1.2808535802828443e-05
0, 793, 1.2115610544313367e-05
285, 793, 1.1955567385820935e-05
633, 741, 1.1614446869819786e-05
404, -1, 1.1513426840048288e-05
337, 524, 1.1426153090684774e-05
6580, -1, 1.1291704580720632e-05
544, 827, 1.108842710227944e-05
7373, -1, 1.0145786361274936e-05
1276, -1, 9.609686529778614e-06
4293, -1, 9.485301298010379e-06
633, -1, 9.436094272982608e-06
6756, -1, 8.853332670349448e-06
538, 827, 8.643044197938304e-06
4060, -1, 8.641157943587773e-06
360, 827, 8.604518302516536e-06
711, 802, 8.560929112210626e-06
404, 524, 8.4651470027503e-06
4796, -1, 8.437705120885324e-06
3828, -1, 8.361063538764143e-06
5637, -1, 8.327201548373389e-06
1115, 1444, 8.319924702473204e-06
4971, -1, 8.17885912149545e-06
4752, -1, 7.650771674899717e-06
5235, -1, 7.547716746503733e-06
950, -1, 7.165265052118421e-06
4009, -1, 7.05720739645588e-06
300, 802, 6.940657888968311e-06
281, 411, 6.846700064793511e-06
747, 827, 6.842446923283899e-06
950, 1023, 6.794043240135402e-06
304, 827, 6.744737262879665e-06
909, 1010, 6.685806639601482e-06
1732, -1, 6.5695606119236895e-06
281, 802, 6.535841766807087e-06
1926, -1, 6.4538654680571635e-06
352, 827, 6.4066734117450114e-06
761, 827, 6.3142815338357205e-06
0, 524, 6.310757608850349e-06
1340, 1494, 6.249596609942781e-06
974, 1023, 6.223260437944509e-06
3797, -1, 6.002026631342663e-06
1892, -1, 5.9885488834801625e-06
0, 741, 5.868575231321219e-06
5449, -1, 5.83569371738069e-06
300, 411, 5.732599091679494e-06
767, 827, 5.554321247455412e-06
285, 538, 5.516401050561566e-06
1943, 1986, 5.490121941388136e-06
727, 802, 5.257645805018312e-06
337, 411, 5.236330893400446e-06
1490, 1588, 5.100341764219694e-06
3980, -1, 5.089521767378657e-06
556, 802, 5.072300356708607e-06
1200, 1321, 4.993788243362423e-06
5944, -1, 4.901567140526578e-06
285, 363, 4.744606208251301e-06
4041, -1, 4.698795779653875e-06
1073, -1, 4.481452696028088e-06
482, 827, 4.477347353349149e-06
1370, -1, 4.471601722397169e-06
3215, -1, 4.355569600976274e-06
2702, -1, 4.329579054164505e-06
404, 454, 4.2468455622177455e-06
1667, 1803, 4.10050988395281e-06
1302, -1, 4.0388681838004214e-06
300, 482, 3.937763824112302e-06
300, 524, 3.909506184093987e-06
0, 1633, 3.874364761164961e-06
652, 827, 3.8200115181384004e-06
304, 454, 3.749923942344146e-06
503, -1, 3.7112943647049316e-06
281, 482, 3.7080916599974114e-06
281, 524, 3.6814821618244877e-06
3153, -1, 3.629658859535836e-06
503, 516, 3.5607204936206026e-06
1788, 1846, 3.555463841347762e-06
3475, -1, 3.553279550279878e-06
0, 156, 3.5508771089377588e-06
1276, 1321, 3.5158074088032672e-06
304, -1, 3.4466990882026027e-06
3111, -1, 3.434444396997492e-06
510, 827, 3.401073536852515e-06
673, 827, 3.3765281751017537e-06
0, 482, 3.299544216246608e-06
909, 1058, 3.1942925968801717e-06
586, 1032, 3.0718490182614707e-06
668, 827, 3.0709425547210267e-06
2483, -1, 3.0641545452560394e-06
633, 1032, 3.0171784782309877e-06
586, 1027, 2.9971021840662638e-06
2544, -1, 2.951797521363737e-06
633, 1027, 2.9438597791717514e-06
1276, 1444, 2.879140086632228e-06
1416, -1, 2.814873644718897e-06
563, 827, 2.7992390783513598e-06
285, 1032, 2.797461611357222e-06
1857, -1, 2.776984323067295e-06
404, 482, 2.7527067297866942e-06
1320, 1494, 2.7423626641796462e-06
285, 1027, 2.7174976187868397e-06
10439, 10738, 2.625578884161037e-06
446, 827, 2.5496598733001054e-06
2432, -1, 2.543753403126394e-06
906, 1010, 2.531366187609953e-06
2252, -1, 2.520508297438765e-06
384, 802, 2.5118627888932587e-06
938, 1058, 2.5000629230425595e-06
3765, -1, 2.4818443819404425e-06
384, -1, 2.475721533153939e-06
0, 245, 2.4741951560208838e-06
423, 516, 2.4544021582161117e-06
918, 1032, 2.4451253204644524e-06
1788, 1927, 2.3332995402789387e-06
1788, 1803, 2.3232859057803573e-06
360, 454, 2.3169052898006556e-06
1302, 1444, 2.3146437459099997e-06
3315, -1, 2.2125361912304676e-06
938, 1010, 2.2105457430847464e-06
918, 1027, 2.176736741760159e-06
352, 454, 2.1562371651433428e-06
1943, -1, 2.1411835543022004e-06
3841, -1, 2.135034784757365e-06
1200, -1, 2.1335370829197986e-06
604, 741, 2.1083453366144702e-06
1228, 1321, 2.0545088476536816e-06
528, 827, 2.0519561871401797e-06
2653, -1, 2.0381912556075708e-06
4085, -1, 1.9385325724154368e-06
423, 827, 1.9366984592362253e-06
2375, -1, 1.8797084973036117e-06
867, 1032, 1.8772535945556272e-06
1793, -1, 1.8745397074918703e-06
867, 1027, 1.8656399810234663e-06
1253, 1321, 1.836319841110695e-06
384, 454, 1.8291358951079601e-06
604, -1, 1.8232256606798997e-06
0, 411, 1.812838093134855e-06
360, -1, 1.8113274082193176e-06
791, 802, 1.7763553322925563e-06
1370, 1444, 1.7466980630449177e-06
337, 510, 1.7277100405645998e-06
1253, -1, 1.6571052246399036e-06
604, 793, 1.6531592176062853e-06
524, 802, 1.651747787738542e-06
1115, 1494, 1.6026237417499182e-06
3858, -1, 1.5852850341023286e-06
1340, 1515, 1.5805809290144594e-06
384, 524, 1.5779244560427692e-06
544, 802, 1.5390725960596105e-06
2111, -1, 1.538492917947693e-06
352, -1, 1.5327536143376352e-06
1971, -1, 1.514177352815714e-06
2131, -1, 1.489585471229067e-06
2201, -1, 1.4746255187730112e-06
304, 337, 1.4567168113541924e-06
840, 1032, 1.4431022087182797e-06
791, 1032, 1.4395215616485559e-06
281, 352, 1.4359440241748533e-06
840, 1027, 1.4077528168740351e-06
791, 1027, 1.4043857586531692e-06
3700, -1, 1.31428922261468e-06
7329, 7554, 1.3107398163501368e-06
1370, 1494, 1.2993714377109915e-06
826, -1, 1.269149180349517e-06
446, 516, 1.2598197909421929e-06
1073, 1321, 1.2324318688650733e-06
538, 802, 1.2050061558335877e-06
2451, -1, 1.2032317933577823e-06
360, 802, 1.2002915216319732e-06
2244, -1, 1.152959935295821e-06
906, 1058, 1.1236595879800599e-06
1768, -1, 1.0657124066687064e-06
1985, -1, 1.0463842809380235e-06
1228, -1, 1.024810263251747e-06
1490, 1803, 1.0213438588643867e-06
1490, 1494, 1.0212115821258735e-06
686, 793, 1.0155489077585457e-06
404, 510, 9.638319029577953e-07
909, 1321, 9.532210814245515e-07
304, 802, 9.42252862963991e-07
964, -1, 9.396855903867978e-07
843, 1032, 9.348519037788066e-07
3068, -1, 9.186750774597763e-07
0, 249, 9.153613082709538e-07
987, 1032, 9.138648060628139e-07
843, 1027, 9.119481289356869e-07
352, 802, 8.950474411539487e-07
285, 593, 8.906074276048413e-07
938, 1321, 8.860737675654195e-07
1490, 1515, 8.78678178007684e-07
826, 1023, 8.670144541164163e-07
384, 482, 8.646775373105796e-07
974, 1058, 8.451194967776461e-07
2507, -1, 8.087459871256217e-07
2913, -1, 8.024232459477801e-07
964, 1023, 7.679771563604713e-07
503, 741, 7.662741553648005e-07
337, 438, 7.55488228016507e-07
1714, -1, 7.478889909675385e-07
352, 361, 7.459860008355488e-07
304, 411, 7.389060109548617e-07
974, 1321, 7.320805910985197e-07
360, 524, 7.314159878152612e-07
337, 741, 7.259706803905044e-07
1320, 1515, 7.259388516569392e-07
1869, -1, 7.183620324246982e-07
2527, -1, 7.150394962054348e-07
503, 793, 6.929783119238179e-07
1051, -1, 6.721109398101851e-07
337, 793, 6.565011444441239e-07
360, 482, 6.559959744050653e-07
987, 1027, 6.437378706522787e-07
2229, -1, 6.419593475521058e-07
0, 135, 6.33050536203593e-07
2500, -1, 6.316399802189419e-07
663, 793, 6.254131801533998e-07
633, 810, 6.251879944277132e-07
586, 810, 6.231292336524999e-07
1732, 1803, 6.103460123851932e-07
1416, 1494, 5.732097342193392e-07
285, 810, 5.730704315382155e-07
300, 352, 5.703097886468271e-07
950, 1058, 5.686160334194292e-07
1302, 1321, 5.664346875556442e-07
404, 741, 5.64333708890982e-07
300, 510, 5.637072058955032e-07
1667, 1846, 5.501672677193953e-07
304, 482, 5.351475536380677e-07
281, 510, 5.308286840521155e-07
352, 482, 5.280655913169844e-07
352, 524, 5.23828281881244e-07
304, 524, 5.22698172653183e-07
1276, 1494, 5.166741765927168e-07
482, 802, 4.835618022763351e-07
1253, 1633, 4.801558536169189e-07
793, 827, 4.7273717075492726e-07
1031, -1, 4.636052858215907e-07
652, 802, 4.513484870505082e-07
1115, 1515, 4.42090296434256e-07
1253, 1444, 4.31745312279577e-07
0, 352, 4.307454596893762e-07
300, 438, 4.2704743817284075e-07
0, 510, 4.139754509348699e-07
281, 438, 4.086321916268682e-07
1370, 1515, 4.0533303673950417e-07
1302, 1494, 3.995816547183526e-07
640, 793, 3.873276418984543e-07
567, 827, 3.839661988075364e-07
404, 793, 3.808023481453245e-07
510, 802, 3.6564393562421354e-07
1153, 1321, 3.6255394224333603e-07
281, 346, 3.5518918137710954e-07
1575, -1, 3.5276061387237574e-07
950, 1010, 3.462901641071937e-07
1732, 1846, 3.4290483870412606e-07
686, -1, 3.376034826579473e-07
673, 802, 3.328250924019456e-07
1153, -1, 3.3237368768652194e-07
556, -1, 3.279449681799652e-07
1416, 1515, 3.2637893816036213e-07
954, -1, 3.2498404961063025e-07
668, 802, 3.170573870400695e-07
604, 1032, 3.1508022556193675e-07
0, 810, 3.1316177813690146e-07
1121, -1, 3.107521376360468e-07
954, 1023, 3.0996929475318545e-07
604, 1027, 3.077196107526212e-07
774, 827, 3.032098955310673e-07
337, 538, 3.029152432532387e-07
791, -1, 3.0274817736085783e-07
563, 802, 2.9692355680670234e-07
1340, 1588, 2.897138149396099e-07
974, 1010, 2.8675609700812324e-07
446, 802, 2.7066156876035383e-07
0, 36, 2.6772590654077506e-07
0, 890, 2.6397142204380465e-07
1200, 1633, 2.565998906754098e-07
404, 538, 2.5503494155274845e-07
686, 1032, 2.498827595477062e-07
686, 1027, 2.44579819806351e-07
640, -1, 2.4239870057016487e-07
990, 1032, 2.4118734020420195e-07
1200, 1444, 2.40743276479419e-07
717, 793, 2.3105740953213164e-07
482, 516, 2.2849499766661485e-07
1416, 1444, 2.2819731113873633e-07
747, 802, 2.2699474101343682e-07
640, 741, 2.2305328266773304e-07
528, 802, 2.2189728423323144e-07
663, -1, 2.1808026219541307e-07
586, 1023, 2.096297336900981e-07
423, 802, 2.0929136629505815e-07
717, 1032, 2.0696419255771543e-07
633, 1023, 2.0591815555104047e-07
717, 1027, 2.020930084269309e-07
0, 1023, 1.9643722802761834e-07
761, 802, 1.8256765511217158e-07
1228, 1444, 1.765241942914886e-07
300, 793, 1.6761213838782283e-07
285, 630, 1.6681195297802128e-07
1714, 1803, 1.622760469112655e-07
1580, 1633, 1.6129579750264478e-07
300, 741, 1.604719359115755e-07
281, 793, 1.578361060613826e-07
0, 13, 1.5758990922583729e-07
767, 802, 1.5411039853564448e-07
281, 741, 1.5111232511550895e-07
711, 793, 1.494231969530221e-07
1490, 1846, 1.492089263913769e-07
384, 510, 1.473770641412016e-07
1276, 1515, 1.42535963002728e-07
337, 352, 1.4106239944683978e-07
1320, 1588, 1.3778234385258528e-07
1228, 1633, 1.325067429315213e-07
663, 741, 1.3048149064912126e-07
0, 538, 1.303327894342084e-07
285, 528, 1.2948252865295364e-07
503, 524, 1.2582955083311653e-07
556, 793, 1.224572804027523e-07
145, 361, 1.202925240822033e-07
556, 741, 1.172546750137185e-07
1302, 1515, 1.1023340924274632e-07
300, 538, 1.0364372045044062e-07
1416, 1588, 1.0290961402729346e-07
686, 741, 9.870754868105048e-08
281, 363, 9.856155195400981e-08
281, 538, 9.759864546980988e-08
300, 346, 9.160624319056275e-08
4060, 4104, 8.985854020856053e-08
727, 793, 8.421268164901243e-08
360, 510, 8.208608677816096e-08
604, 810, 7.919086425422542e-08
0, 346, 7.590028986614622e-08
170, 185, 7.453577714446008e-08
352, 411, 7.376416017025865e-08
404, 411, 7.324176055450153e-08
423, 524, 7.035065577903458e-08
633, 777, 6.830455219719719e-08
360, 411, 6.53986515288834e-08
686, 810, 6.315548117325378e-08
586, 777, 6.174316637597697e-08
384, 793, 6.050778601022174e-08
352, 510, 6.032692008961723e-08
586, 890, 5.9250408463087996e-08
633, 890, 5.81836803111728e-08
384, 741, 5.784100618989253e-08
145, 337, 5.7168716781999064e-08
285, 777, 5.6782824856827735e-08
304, 510, 5.666876522951947e-08
567, 802, 5.5301305169380604e-08
285, 890, 5.449077839743483e-08
337, 593, 4.890481368257252e-08
0, 438, 4.7420465911914887e-08
300, 363, 4.504595056970159e-08
173, 185, 4.2455164576779076e-08
384, 538, 4.2221637466765565e-08
304, 352, 4.209350240335103e-08
446, 524, 4.148731499633524e-08
524, 793, 4.033569044708185e-08
1921, 1927, 4.020187952484637e-08
304, 438, 3.964896832182054e-08
1768, 1986, 3.930746943028093e-08
524, 741, 3.857969714067406e-08
404, 593, 3.801600847891856e-08
544, 793, 3.7582422747009706e-08
510, 516, 3.6408613217486745e-08
1667, 1927, 3.6277334160313825e-08
544, 741, 3.5949769712937405e-08
337, 346, 3.462756657199966e-08
384, 411, 3.4494324412555e-08
1793, 1927, 3.433686565607724e-08
826, 890, 3.3912719494481497e-08
503, 810, 3.320528870512391e-08
663, 810, 3.215619841284928e-08
337, 810, 3.146823814138966e-08
538, 793, 3.038760166815317e-08
360, 793, 3.0293464559529644e-08
1732, 1927, 3.0212717714353104e-08
538, 741, 2.905998287489229e-08
360, 741, 2.895833640701189e-08
717, 810, 2.7926770927171405e-08
1857, 1927, 2.7715791613481057e-08
791, 793, 2.6256645793148835e-08
1490, 1986, 2.5095997300751503e-08
503, 593, 2.494031337458904e-08
404, 810, 2.446164780084761e-08
640, 810, 2.346135258389267e-08
304, 793, 2.310924024827788e-08
304, 741, 2.273285521315434e-08
285, 1023, 2.267648078821545e-08
990, 1027, 2.2251163183462083e-08
352, 793, 2.1951397520137327e-08
352, 741, 2.159400838616283e-08
145, 516, 2.1151657411155003e-08
285, 297, 2.0838085718117764e-08
404, 438, 1.951246281276584e-08
360, 538, 1.8987615886025137e-08
976, 1032, 1.8818147183375725e-08
791, 890, 1.7996541798837416e-08
337, 363, 1.798960307384281e-08
300, 593, 1.6732818455713552e-08
423, 454, 1.6309715443516867e-08
920, 1032, 1.5812819615062522e-08
281, 593, 1.5756867942142036e-08
918, 1023, 1.5714157263152098e-08
711, 810, 1.542475372504403e-08
482, 741, 1.4537442950950764e-08
717, 741, 1.4321023273143238e-08
304, 538, 1.4276784771142008e-08
352, 438, 1.4182272666886365e-08
360, 438, 1.3931108802930156e-08
806, 827, 1.3644870582262264e-08
920, 1027, 1.364166880731617e-08
352, 538, 1.3561569962895966e-08
867, 1023, 1.3440309189846126e-08
793, 802, 1.3319325220840119e-08
423, 482, 1.3164562277536256e-08
482, 793, 1.2160317693758255e-08
482, 524, 1.1668211358796187e-08
652, 793, 1.1231799435865891e-08
503, 538, 1.0923269383021174e-08
1791, 1986, 1.079864782607737e-08
1892, 1927, 1.0590622707816446e-08
586, 630, 1.0543552145682655e-08
304, 346, 1.0098178309126005e-08
503, 630, 9.934408384108298e-09
1768, 1927, 9.891178612460005e-09
510, 793, 9.242532491790519e-09
337, 630, 9.15993649677472e-09
976, 1027, 8.923694478045905e-09
503, 1027, 8.799024048913733e-09
503, 1032, 8.426047995286496e-09
337, 1027, 8.343140181487163e-09
604, 777, 8.228878789287781e-09
510, 741, 8.092227931946839e-09
337, 1032, 7.989488289816935e-09
727, 1027, 7.930364032693898e-09
503, 510, 7.628651785982182e-09
727, 1032, 7.594209038196898e-09
604, 890, 7.528931709313715e-09
711, 741, 7.427412612913295e-09
586, 593, 7.340213169368244e-09
384, 438, 7.271504430423533e-09
906, 1321, 7.1425273738414e-09
404, 630, 7.120448833277783e-09
337, 528, 7.110112427369827e-09
563, 741, 6.7676788406179355e-09
909, 915, 6.444042074826677e-09
0, 915, 6.167162292216905e-09
0, 1010, 6.107341567357815e-09
446, 741, 6.072706868046671e-09
384, 593, 6.061311809721294e-09
663, 1027, 5.8379506764509016e-09
686, 890, 5.638102105581418e-09
404, 528, 5.516328859656251e-09
663, 1032, 5.492155872422436e-09
840, 1023, 5.4694156859272956e-09
711, 1027, 5.458822127678045e-09
791, 1023, 5.453642081240653e-09
711, 1032, 5.135974985568612e-09
404, 1027, 5.0291540772030035e-09
528, 741, 4.980318390447047e-09
79, 185, 4.9407779728768715e-09
717, 890, 4.898234894843607e-09
404, 1032, 4.7527310182664135e-09
640, 1027, 4.505919176266591e-09
826, 1010, 4.319600428006126e-09
304, 363, 4.274828082679376e-09
640, 1032, 4.221903674722876e-09
831, 1027, 4.064455831932005e-09
423, 510, 3.918969544488261e-09
831, 1032, 3.82167103388974e-09
994, 1032, 3.5694109462157983e-09
843, 1023, 3.555355970590031e-09
826, 915, 3.4257279515053286e-09
503, 777, 3.290208171705188e-09
300, 630, 3.1341106753806696e-09
686, 777, 3.133866585263994e-09
337, 777, 3.1180443637906086e-09
446, 454, 2.984153474564632e-09
503, 890, 2.959499630840388e-09
727, 890, 2.9520701208490135e-09
281, 630, 2.95131200752186e-09
994, 1027, 2.8725005482139954e-09
727, 810, 2.819231365078767e-09
337, 890, 2.8048812405969362e-09
300, 810, 2.690021358377471e-09
906, 915, 2.65898036991027e-09
0, 297, 2.6137729994521003e-09
663, 890, 2.532630296557944e-09
360, 593, 2.501003502105086e-09
663, 777, 2.4642375593958046e-09
774, 802, 2.436742368129505e-09
300, 528, 2.432754776151871e-09
404, 777, 2.4237961336514608e-09
640, 777, 2.397866597156779e-09
711, 890, 2.382676216691802e-09
281, 528, 2.2908630632008983e-09
446, 482, 2.2821841923838468e-09
404, 890, 2.1803463609812824e-09
673, 793, 2.173768811212343e-09
840, 890, 2.1399552557871175e-09
563, 793, 2.1393095404661156e-09
668, 793, 2.1151648542308724e-09
586, 915, 2.102918936802081e-09
633, 915, 2.0649713977976087e-09
640, 890, 1.9584803876679813e-09
285, 915, 1.934016533689417e-09
145, 454, 1.5874506897665722e-09
446, 510, 1.550322647683952e-09
423, 538, 1.385427657891722e-09
423, 741, 1.2692858371219739e-09
446, 538, 1.040369082012539e-09
791, 915, 1.0031683410701579e-09
384, 528, 9.92745156340176e-10
0, 363, 9.027957136185005e-10
457, 516, 8.713932204282299e-10
0, 300, 8.315935670041891e-10
510, 524, 8.038023934534312e-10
170, 361, 6.275577840994351e-10
360, 528, 4.758261185801301e-10
281, 297, 4.57976457345864e-10
145, 411, 4.286393201698085e-10
173, 361, 4.2257370186443807e-10
1490, 1675, 4.032608954168747e-10
482, 510, 3.95646138092706e-10
482, 538, 3.8903341530221334e-10
145, 352, 3.6765570305566533e-10
304, 528, 3.4634787520834523e-10
145, 482, 3.4027206011224275e-10
352, 528, 3.38422523605184e-10
170, 337, 3.139829252189062e-10
145, 524, 3.046076051896202e-10
96, 185, 2.4271386492996033e-10
173, 337, 2.142892272861436e-10
170, 516, 1.5578139461576475e-10
503, 528, 1.515759340024605e-10
145, 346, 1.208483532403608e-10
352, 363, 1.0619331939704503e-10
173, 516, 1.0298393420933306e-10
524, 538, 9.959410539177181e-11
360, 363, 9.339674048652344e-11
111, 185, 8.411074023406685e-11
184, 361, 8.397678270846234e-11
118, 185, 8.270347821106823e-11
423, 528, 7.466840165597244e-11
510, 538, 6.415594821919974e-11
145, 510, 4.9259850555764013e-11
446, 528, 4.7363603291241024e-11
87, 185, 4.634633416717891e-11
423, 438, 4.1358771898330276e-11
184, 337, 4.1197995958625444e-11
457, 524, 3.918281000521283e-11
145, 363, 2.512835065556306e-11
170, 454, 2.5098591820561475e-11
145, 438, 2.507222170818073e-11
184, 516, 1.899368113971324e-11
173, 454, 1.690106074673627e-11
482, 528, 1.490036519755704e-11
528, 538, 1.3985350921119527e-11
145, 297, 1.3439140486026696e-11
145, 538, 1.0340403440901303e-11
170, 411, 6.648895168954101e-12
170, 352, 5.571745011636915e-12
100, 185, 5.267100745039811e-12
173, 411, 4.477278325117631e-12
173, 352, 3.779487863481834e-12
170, 482, 3.6931518461769006e-12
457, 482, 3.229312716725437e-12
173, 482, 2.4869197501360138e-12
457, 510, 1.951242529322825e-12
184, 454, 1.9215732078632977e-12
1253, 1494, 1.7562708267540694e-12
170, 524, 1.4974941650547056e-12
909, 956, 1.4928399145279763e-12
170, 346, 1.1491960999773034e-12
173, 524, 1.0083928226896962e-12
173, 346, 7.889159044370983e-13
285, 300, 7.198577161200899e-13
1115, 1588, 7.053206584536543e-13
906, 956, 6.175146334517623e-13
184, 411, 4.69295147376858e-13
184, 352, 4.581617814792844e-13
184, 482, 4.494008765396951e-13
170, 510, 4.076034649519358e-13
79, 361, 3.912025188691169e-13
938, 956, 2.783003104610146e-13
173, 510, 2.744747980677226e-13
170, 363, 2.3146709912729503e-13
170, 438, 2.2159080228832183e-13
170, 297, 2.1219093931669402e-13
652, 741, 2.054065073143084e-13
727, 741, 1.731028798871589e-13
79, 337, 1.6975458569017126e-13
173, 363, 1.558668921025425e-13
173, 438, 1.492163240538796e-13
184, 346, 1.4793689214702982e-13
184, 524, 1.4703552429062466e-13
173, 297, 1.3875400263194313e-13
457, 538, 1.2844007704997007e-13
668, 741, 8.1465387027296e-14
96, 361, 8.108461489240565e-14
145, 163, 6.506562942923221e-14
145, 245, 6.355639539801003e-14
304, 593, 4.3020901374692204e-14
352, 593, 4.086571123766171e-14
0, 831, 3.9414210389444844e-14
145, 249, 3.623814927623506e-14
482, 593, 2.3725725922159355e-14
446, 593, 1.8425187268023468e-14
281, 300, 1.5853700377682733e-14
524, 593, 1.515904183167353e-14
145, 156, 1.469185015558753e-14
423, 593, 1.344382144533116e-14
556, 593, 8.71469428146589e-15
510, 593, 8.15028182157568e-15
538, 593, 5.7507956026784095e-15
544, 593, 5.184249743405956e-15
118, 361, 4.219226651522882e-15
111, 361, 3.126967458157148e-15
528, 593, 2.2999363793115042e-15
96, 337, 2.2524490210892236e-15
184, 363, 1.915719205526618e-15
118, 337, 1.8944466103871836e-15
285, 654, 1.4681991276882499e-15
111, 337, 1.4040186487157876e-15
184, 438, 1.0968799104241938e-15
87, 361, 7.241054276510385e-16
79, 411, 4.827604545134549e-16
170, 245, 4.595257098946831e-16
145, 300, 3.9323923746100083e-16
87, 337, 3.251268656524586e-16
586, 654, 3.1657024065384504e-16
170, 249, 2.8068014520702026e-16
173, 245, 2.7140845245734564e-16
79, 352, 2.357676689768046e-16
173, 249, 1.6684845289739962e-16
100, 361, 1.357114305374277e-16
96, 411, 1.0000393930739041e-16
524, 528, 9.718611105965599e-17
503, 654, 9.634944912505084e-17
118, 411, 8.410939473988012e-17
79, 346, 8.266216724193893e-17
337, 654, 8.062138554313473e-17
404, 654, 6.267078934771947e-17
111, 411, 6.233543774709702e-17
510, 528, 6.118145344496246e-17
100, 337, 6.09344769817676e-17
96, 352, 4.88190636216752e-17
79, 163, 4.3387216773814965e-17
118, 352, 4.1059801458074976e-17
184, 245, 3.179928102193725e-17
111, 352, 3.0430378266465054e-17
300, 654, 2.7584945068526233e-17
281, 654, 2.5976038512961606e-17
633, 654, 2.536559145441222e-17
79, 145, 2.3450476439882534e-17
184, 249, 1.9960595504945585e-17
79, 363, 1.936226291180795e-17
96, 346, 1.7133129598261957e-17
87, 411, 1.4435510308581218e-17
118, 346, 1.4410003950746897e-17
79, 438, 1.1142416107132787e-17
79, 156, 1.0842033526449008e-17
111, 346, 1.0679590632950968e-17
184, 297, 7.75954791551092e-18
87, 352, 7.047003358535693e-18
170, 300, 6.210608476108943e-18
96, 163, 4.363332859851752e-18
96, 363, 4.0132196392496115e-18
173, 300, 3.7575226068370725e-18
118, 363, 3.3753617822787056e-18
100, 411, 2.7072520280578666e-18
111, 363, 2.5015594857610148e-18
79, 245, 2.4880861687643366e-18
87, 346, 2.4731572640728222e-18
96, 438, 2.3094905463021137e-18
79, 454, 2.2499987020737443e-18
96, 145, 2.051760605074003e-18
118, 438, 1.942422002095977e-18
111, 438, 1.4388846417169043e-18
100, 352, 1.3215278395549399e-18
111, 163, 1.2846213732999805e-18
79, 249, 1.259796552278806e-18
79, 135, 1.2302208483196546e-18
118, 163, 1.1904236650921677e-18
96, 156, 1.0265571322587775e-18
87, 163, 9.417954485289533e-19
184, 300, 6.486224030216636e-19
87, 363, 5.793058945267361e-19
111, 145, 5.605151281560552e-19
96, 245, 5.364497707013868e-19
118, 145, 5.114180656489789e-19
87, 145, 4.738401751921933e-19
100, 346, 4.638641848991756e-19
118, 245, 4.093772018347773e-19
87, 438, 3.3321389612493777e-19
111, 245, 3.1972243595924347e-19
111, 156, 2.913436347857326e-19
96, 249, 2.767078238386773e-19
118, 156, 2.6729903729941197e-19
87, 156, 2.2822917999382403e-19
118, 249, 2.185254860486867e-19
96, 454, 1.802934738971775e-19
111, 249, 1.6861628738663857e-19
118, 454, 1.516377761722974e-19
111, 454, 1.1238229909903978e-19
100, 363, 1.0865573899861073e-19
96, 135, 1.0219941349940224e-19
100, 163, 9.757865231057268e-20
79, 297, 9.182352425798783e-20
87, 245, 7.661158329656417e-20
100, 438, 6.2498245693909e-20
100, 145, 4.474747777059122e-20
87, 249, 3.9099618451970904e-20
111, 135, 2.7586975511995864e-20
118, 135, 2.5288771753250693e-20
87, 135, 2.4146929626897447e-20
100, 156, 2.269415581174138e-20
96, 297, 1.903227802327473e-20
79, 482, 1.670873658440174e-20
118, 297, 1.6124835331681895e-20
87, 454, 1.5240165446794936e-20
100, 245, 1.447041794319778e-20
111, 297, 1.1863386483792337e-20
100, 249, 7.504278650863694e-21
79, 300, 7.320173416422124e-21
100, 454, 2.8584750383653487e-21
87, 297, 2.7472982314854112e-21
100, 135, 2.214736561502363e-21
96, 300, 1.5172536315258136e-21
118, 300, 1.2761025765421056e-21
111, 300, 9.457494369678772e-22
100, 297, 5.152885934908172e-22
87, 300, 2.1901467672488696e-22
100, 300, 4.10788182476989e-23
0, 528, 1.9813426879663045e-23
