Gene = 4930563M21Rik
index = 57
Annotated 5SS: [   79  1306  3266  6575  7591  7935  8110 10711 15900 16751 19299 20449
 21099 22621 22981 27234 28064 29753 31849 32635 35467 36568 36700 36861]
Annotated 3SS: [ 1237  3240  6469  7476  7895  8025 10623 15834 16725 19190 20401 21073
 22512 22911 27174 28038 29650 31783 32612 35352 36528 36657 36779 47667]
SMsplice 5SS: [   79  1306  1630  6575  7993 10711 15441 15900 19299 22621 22981 27234
 35467 36568 36700 36861 42580]
SMsplice 3SS: [ 1237  1519  6469  7895 10623 15321 15834 19190 22512 22911 27058 35352
 36482 36657 36779 42458 47667]
length: 47962
Partition function (logZ) = 4.284132980213151
#Exons = 1601
3SS, 5SS, prob
22911, 22981, 0.9620594671063459
0, 79, 0.9430568586294005
1237, 1306, 0.9066208342782057
10623, 10711, 0.8355897817030461
35222, 35467, 0.8320137605151382
22512, 22621, 0.8020829930472244
15321, 15441, 0.7732379736052134
42458, 42580, 0.7247192856731574
15834, 15900, 0.6648703966605947
19190, 19299, 0.655298573284537
36657, 36700, 0.6067544343776553
1519, 1630, 0.6024324384256518
47667, -1, 0.6007008812348099
6469, 6575, 0.5244734760662232
36779, 36861, 0.48557188433334697
7445, 7591, 0.43123617342744136
27058, 27234, 0.4118825603275235
9153, 9253, 0.4101218378532972
6469, 6597, 0.40194248354214024
29650, 29798, 0.39400877533006007
12637, 12746, 0.38957989364143536
12406, 12517, 0.3679388688059488
16244, 16490, 0.35683032923134894
2306, 2426, 0.34891978385454414
41407, 41525, 0.3430339709808314
26756, 26948, 0.31792126544526306
27058, 27213, 0.30645626105062806
36528, 36568, 0.29720325411490367
8025, 8110, 0.29584325832424974
7895, 7993, 0.26522433504608006
8864, 9037, 0.2453202943389291
28739, 29013, 0.2417979223278426
47054, 47204, 0.20906301694504706
29606, 29798, 0.20443395199909137
31783, 31849, 0.19819117946209108
28739, 28849, 0.19799103607319163
2002, 2099, 0.1948290559759038
36657, 36861, 0.19428283244800976
26723, 26948, 0.18841631273273898
9970, 10089, 0.18784378660550782
29650, 29753, 0.16465844563721632
4730, 4852, 0.16139289130802886
27174, 27234, 0.15814111589738228
47054, -1, 0.15621666819033309
7779, 7858, 0.15532474979339014
29606, 29753, 0.1542186926786291
36779, 36865, 0.14203887962083594
8025, 8114, 0.13857027172780745
36528, 36700, 0.11536614268065276
836, 971, 0.11328220976291982
7698, 7858, 0.0984538076965118
46873, -1, 0.0875986967985186
9970, 10083, 0.0869031927552326
7895, 7935, 0.0834159170229618
1237, 1332, 0.08206492712576757
7895, 8110, 0.07974939735915504
36986, 37085, 0.07881562984997965
13400, 13504, 0.07784664084718718
17246, 17403, 0.07372829149497072
16244, 16362, 0.07262131113221462
7476, 7591, 0.07102646813729457
15710, 15900, 0.07037868237955903
10581, 10711, 0.06654706587886564
3340, 3448, 0.06459964883368674
2306, 2422, 0.06301900511541281
41407, 41519, 0.059416786702002275
17097, 17403, 0.05662123849442369
9449, 9616, 0.056374306142418236
20241, 20449, 0.05222187455270843
36657, 36865, 0.04991600809653138
15854, 15900, 0.04966022840975374
35571, 35636, 0.04932627144000815
26761, 26948, 0.04767874781772804
43664, -1, 0.044667683922504975
2306, 2335, 0.0442191855630576
9746, 9841, 0.03961347871580751
9172, 9253, 0.039007000549561806
8864, 9253, 0.03673348622624347
27174, 27213, 0.03516560747024016
20401, 20449, 0.034436205616319125
7726, 7858, 0.03273738963721284
3240, 3448, 0.032695100670994265
7895, 8114, 0.032668211462762116
11461, 11559, 0.032138922067596
26756, 26903, 0.03193358018183564
42458, -1, 0.03189207352604049
2649, 2775, 0.031027602938724724
42509, 42580, 0.031008276028168802
20671, 20810, 0.029291979062046683
3240, 3266, 0.02881692375750859
2677, 2775, 0.028521154601280685
8269, 8403, 0.028135428420658377
7779, 7935, 0.027592107533395666
4003, 4320, 0.02700288332130618
41407, 41598, 0.026991656527419115
0, 40, 0.02378109360633555
2163, 2278, 0.02364202052746454
42458, 42600, 0.023581281167931553
5413, 5445, 0.023404899073141867
20606, 20810, 0.02305248860352485
1496, 1630, 0.022696553645496095
9368, 9616, 0.022425276092003878
4730, 4864, 0.021887936987344765
28739, 28875, 0.02145705931392892
29878, 30011, 0.021171285516338064
22512, 22700, 0.020856895612557238
7445, 7554, 0.01962608159127541
22132, 22300, 0.01960567142872148
31472, 31849, 0.019004176231643143
28293, 28462, 0.0189452559441259
4242, 4320, 0.018939748811886814
12406, 12546, 0.0189175018802029
13400, 13697, 0.01865654951998829
15809, 15900, 0.01859566274368614
22512, 22628, 0.017231397843689173
15104, 15441, 0.01682028006940645
23366, 23455, 0.016813469532914495
26723, 26903, 0.01673213898222748
43324, -1, 0.016273661935992327
9666, 9841, 0.01626532696473624
25553, 25655, 0.016200542517668257
1535, 1630, 0.01562979264884719
2002, 2278, 0.014939588452429441
9911, 10089, 0.014575325008938194
17058, 17403, 0.01305629765551678
36973, 37085, 0.012529666376411855
41407, 41508, 0.012313768970441232
41407, -1, 0.011926016098383053
22558, 22621, 0.011806238539644768
12406, 12746, 0.011321508891204465
7034, 7118, 0.011169017564588499
21073, 21099, 0.011141543962876223
855, 971, 0.010685831344951826
5792, 5890, 0.01068429908726894
3240, 3341, 0.010670433575732352
4767, 4852, 0.010552157268355743
7698, 7819, 0.010551014050271852
24172, 24328, 0.010531238772229229
41013, -1, 0.010489252523342792
43282, -1, 0.01045987999576076
2032, 2099, 0.01009301343169489
2002, 2240, 0.009917326639033193
8025, 8403, 0.009831830195285286
15685, 15900, 0.009792669381450455
31063, 31284, 0.009777738066407636
22512, 22674, 0.0089425602202267
25074, 25191, 0.008941697044341942
0, 120, 0.008484169012017612
12406, 12512, 0.008380474783070272
2759, 2775, 0.008352585191951315
15559, 15630, 0.008300954496455466
0, 640, 0.008214444364174157
8350, 8403, 0.007995191904901344
3361, 3448, 0.007699586725800769
28322, 28462, 0.007691670065946624
9911, 10083, 0.007641591029956867
7445, 7620, 0.007598642197897125
4060, 4320, 0.0075328514780784485
8986, 9253, 0.007217932751434201
2306, 2551, 0.00698940756955423
9237, 9253, 0.006870358224522212
1942, 2099, 0.006855346603904048
10384, 10711, 0.006837459904322332
17189, 17403, 0.006721569213823846
1519, 1588, 0.006397077885104161
7445, 7858, 0.00601255513049561
4300, 4320, 0.0059223753188289915
9970, 10336, 0.005912186697678559
28293, 28657, 0.005834649595214128
7779, 7993, 0.005819214848619904
2239, 2335, 0.005692216274290322
9746, 10089, 0.005687516525334214
28376, 28462, 0.005679943659181787
2306, 2391, 0.005530742310710716
39320, -1, 0.005396276118216433
8025, 8101, 0.005389926777902597
899, 971, 0.005283477995295204
483, 640, 0.005270424110699018
2163, 2335, 0.005137304488467531
25553, 25595, 0.005087145695052475
27863, 28039, 0.005024782728396608
3340, 3426, 0.004930937989395532
2163, 2240, 0.0048153053604834154
26756, 27234, 0.004762301182786198
14225, 14357, 0.00475720819020846
25553, 25678, 0.004752198756394901
29287, 29475, 0.004708853332157783
8928, 9037, 0.004697472230294853
3240, 3426, 0.0046646561784862
26761, 26903, 0.004451200188848246
28376, 28657, 0.004443380651528715
20616, 20810, 0.004421276714999639
8350, 8459, 0.004374943911529793
7698, 7935, 0.004329763196101594
9523, 9616, 0.004316870717304562
15321, 15630, 0.004272828335373759
1570, 1630, 0.004223585984355911
14760, 14855, 0.004218363941970387
2545, 2775, 0.004216882214812521
1949, 2099, 0.00417005240065221
5127, 5224, 0.004148316955365343
20899, 21099, 0.004133575597238608
12717, 12746, 0.004097137173588766
10860, 11092, 0.004096377795892036
9252, 9616, 0.004063180746276303
8986, 9037, 0.003982602984298374
4730, 4957, 0.003961899370382447
14190, 14357, 0.0038910159902953234
16223, 16490, 0.003768892263652871
0, 204, 0.0037518932032490487
28255, 28462, 0.003593106985488439
43704, -1, 0.003582284646862754
2759, 2950, 0.003473813152729537
590, 640, 0.003467974704412206
28392, 28657, 0.003399747856799448
40498, -1, 0.0033826875585615474
26756, 27213, 0.003295744142687233
0, 971, 0.0031743187280424087
15629, 15900, 0.003128770703152362
6681, 6755, 0.0029918047147579375
7827, 7935, 0.0029824261184374025
16244, 16383, 0.0028666862034844314
5127, 5410, 0.002866054355024741
7779, 7819, 0.0028197658340199916
29968, 30011, 0.002802692013510718
26723, 27234, 0.0027604460939878767
3340, 3438, 0.0027516148960070796
2002, 2335, 0.0027147016723114105
4003, 4238, 0.002709670152417967
23345, 23455, 0.0027002424203617526
9746, 10083, 0.0026173436658040476
4344, 4471, 0.002613336949712996
42509, -1, 0.0025943722041940984
28038, 28230, 0.0025850193819252384
7445, 7599, 0.0025087230264047343
28038, 28462, 0.0024834929773336666
29650, 29791, 0.002455913028548515
1932, 2099, 0.0024522509656654677
2032, 2278, 0.0024479296379808562
5127, 5445, 0.002417627170738654
43324, 43498, 0.0023643451886683486
11461, 11585, 0.0023543333103605542
15834, 16140, 0.0023428508294638857
6896, 7118, 0.0023241706594468916
2239, 2278, 0.0023205422118780824
7895, 8101, 0.002256632910462172
4738, 4852, 0.0022551821800417616
28392, 28462, 0.0022489418610426217
1867, 2099, 0.0022283826963370138
36986, -1, 0.0022274307829184222
23111, 23273, 0.0022039701863114684
24177, 24328, 0.002182781985073991
7827, 7858, 0.001996234756485381
2239, 2426, 0.001996117675645531
7698, 7802, 0.001960726936689195
7445, 7522, 0.0019580064605520435
7294, 7394, 0.0018986002809508258
16244, 16356, 0.0018979432307934991
27940, 28039, 0.0018413027803871804
4114, 4320, 0.0017577619380292862
3240, 3438, 0.00175464380994667
26723, 27213, 0.0017426298069884948
4950, 5151, 0.0017401136217858589
6944, 7118, 0.0017310938739001367
9978, 10089, 0.0017162225656249524
27571, 27731, 0.0016878069972125777
7726, 7819, 0.0016615800887336903
0, 73, 0.0016572023623125415
11461, 11569, 0.0016560439143193802
8269, 8459, 0.0016553297629559184
7476, 7620, 0.0016419083457369856
2032, 2240, 0.0016318660398995358
17074, 17403, 0.001600426974505758
39816, -1, 0.0015846063800658192
1062, 1306, 0.0015718348064773231
42823, -1, 0.0015702662722242842
15559, 15900, 0.0015600307097391659
2306, 2775, 0.0015595458859716245
7895, 8028, 0.0015548202257779236
6469, 6580, 0.001546818552527072
23313, 23455, 0.001521672664837089
4767, 4864, 0.0014644553332387035
7726, 7935, 0.0014600030758761936
1982, 2099, 0.001448347400991458
7476, 7554, 0.0014309398796449337
7445, 7558, 0.0014016883257842096
6990, 7118, 0.0013755063262903045
840, 971, 0.0013473396898312626
1519, 1644, 0.0012691303869511192
29606, 29791, 0.0012672464286022306
10860, 11048, 0.0012367043935405753
7034, 7164, 0.0012309400321811358
5127, 5382, 0.0012263386593082228
1978, 2099, 0.0011799687212195621
0, 161, 0.001178871764522663
11314, 11442, 0.001132902665253733
590, 726, 0.0011268448287088406
28038, 28064, 0.0011267272277383329
22911, 23273, 0.001115296861097095
29889, 30011, 0.0011098553459686592
28322, 28657, 0.001058181771912913
7476, 7858, 0.0010398822731417742
590, 720, 0.0010339143470417794
6469, 6755, 0.0010317701008818732
6107, 6470, 0.0010151232487978629
24207, 24328, 0.0010081749060698933
11673, 11786, 0.0010038219591985416
26985, 27234, 0.0010037582540727557
4690, 4852, 0.0010007141352904288
2163, 2426, 0.0009868762100813755
8524, 8697, 0.0009832774364653
26985, 27213, 0.0009760021804535955
1431, 1630, 0.0009583858392191434
16247, 16490, 0.0009281410061351437
7147, 7394, 0.0009216184895662718
7445, 7571, 0.0009194348084678982
0, 1306, 0.000905320917157138
1118, 1306, 0.0009021256763348056
5974, 6108, 0.000884971525693102
836, 923, 0.0008691493753368697
7318, 7394, 0.0008411003915030188
10912, 11092, 0.0008402007788043995
23108, 23273, 0.0008216504685336969
7698, 7993, 0.0008052001803217629
39249, -1, 0.0007915062384824048
4060, 4238, 0.0007847238763472103
7779, 8110, 0.0007696440687469975
836, 1306, 0.0007678943156650935
836, 951, 0.0007624679502980162
7895, 8403, 0.0007623781012287445
42911, -1, 0.0007617344249118983
7827, 7993, 0.0007604892157224249
40131, -1, 0.0007583076698323605
36779, -1, 0.0007487068865426067
836, 975, 0.0007485109220723413
27863, 28064, 0.000748184363370939
0, 309, 0.0007433151210957785
8025, 8203, 0.0007422736549182407
28938, 29013, 0.0007393826726173763
23350, 23455, 0.0007352978601823763
7034, 7200, 0.0007134575573986165
28038, 28223, 0.0007104966715540908
2334, 2426, 0.0007081348669848782
10915, 11092, 0.0006918159412877546
36657, -1, 0.000689473647394926
2523, 2775, 0.0006858407136973065
7445, 7658, 0.0006772533103437115
37836, -1, 0.0006605406653956406
22512, 22981, 0.0006438207879971734
0, 726, 0.0006355385387402129
8025, 8459, 0.0006240817156267381
27960, 28039, 0.00061421394509039
5742, 5890, 0.0006120534837640016
4177, 4320, 0.0005920561371173784
7102, 7200, 0.0005875775088582269
7445, 7544, 0.0005812863687110601
7147, 7200, 0.0005786703835798238
8187, 8403, 0.0005553918476401157
0, 720, 0.000550920420809248
2870, 2950, 0.0005474034310738819
590, 684, 0.0005370437757140789
37897, -1, 0.000535320385670141
12637, 12795, 0.0005285481063459234
0, 67, 0.0005122412178610739
4003, 4324, 0.0005086077108430293
2002, 2120, 0.000507778111521082
16952, 17403, 0.0005074617939294334
10403, 10711, 0.0005017413700490367
27636, 27731, 0.0004821073003799431
2282, 2426, 0.00047203852315890133
710, 971, 0.0004707187466909945
30010, 30321, 0.0004616013697664782
1496, 1588, 0.0004597056213525774
4242, 4324, 0.0004560443064297822
0, 513, 0.00044338248517151844
2002, 2426, 0.0004332038521179897
10623, 10834, 0.0004273436337039467
2380, 2426, 0.00041160131525144305
521, 640, 0.0004110723694963712
25487, 25595, 0.0003998509356319308
6469, 6722, 0.0003978599874098996
39369, -1, 0.00039641566163411957
1198, 1306, 0.00039313343416295477
9766, 9841, 0.00038599928757281554
7345, 7591, 0.00038338722467218164
7667, 7858, 0.0003810263423455146
11708, 11786, 0.0003757867266933125
1844, 2099, 0.00037477550836890366
27571, 27641, 0.00037163400678968256
11299, 11442, 0.00035938786376777033
590, 716, 0.00035723431318802917
11336, 11442, 0.00035684699219486676
1903, 2099, 0.00035446630074573377
39103, -1, 0.0003523220184481782
4950, 4957, 0.0003514537952662285
35571, -1, 0.0003513422637408763
23225, 23455, 0.0003445736733459525
32612, -1, 0.00034384545708748593
23167, 23273, 0.0003430786719906797
2032, 2335, 0.0003391905718347488
2243, 2335, 0.0003312320854651068
0, 684, 0.0003294074741250517
787, 971, 0.0003265986370589464
39132, -1, 0.0003203266517863457
11461, 11786, 0.0003138371057448624
28293, 28428, 0.00031101351842636543
8321, 8403, 0.0002969101144874461
33423, -1, 0.0002958264593189862
590, 971, 0.0002841338647230449
951, 971, 0.0002840232884207337
1519, 1603, 0.0002709508956891353
10912, 11048, 0.00027035877262348304
1519, 1828, 0.0002687014887839298
1162, 1306, 0.000259574684719005
23225, 23273, 0.00025547094970811325
1519, 1647, 0.00025284269203729447
27863, 28053, 0.0002514742213335891
10915, 11048, 0.00025003962701021184
27940, 28064, 0.0002415824195721384
36973, -1, 0.00023786399848073757
32716, -1, 0.00022803137730234295
10783, 10834, 0.00022487913119589894
1519, 2099, 0.00022184942106116628
0, 196, 0.00021924086976122094
0, 644, 0.00021480865529156744
1237, 1630, 0.00020575244976009784
7779, 8114, 0.0002040445274143082
0, 472, 0.00020068631549684775
1248, 1306, 0.00019796332672872074
6681, 6722, 0.000197770618844532
38183, -1, 0.00019636533571770412
1167, 1306, 0.0001934703011935147
1431, 1520, 0.0001920397834854946
27571, 27669, 0.0001886654213261657
1622, 1630, 0.0001884904420432911
0, 716, 0.00018515493687159683
38052, -1, 0.0001841501777091756
3037, 3266, 0.00018403012721919632
38312, -1, 0.00018397043443497567
27581, 27731, 0.0001838735335490114
30010, 30093, 0.00018065833905962794
1728, 2099, 0.00018016935825591212
8310, 8403, 0.00017766488401169592
0, 138, 0.00017539369761466849
8928, 9253, 0.0001748265532476878
2008, 2099, 0.00017411520149293632
28739, -1, 0.00017336434759907207
8025, 8269, 0.0001726435218351958
0, 660, 0.00017103398446616306
1496, 1520, 0.0001631102501782427
8313, 8403, 0.00016273488386581213
30010, -1, 0.00016188888588735602
608, 640, 0.0001578384997875913
899, 1306, 0.00015777032347367545
1419, 1630, 0.0001543545134900931
1698, 1828, 0.00015093240441369985
590, 660, 0.00015019104619198187
3217, 3266, 0.00014678113592434702
18238, 18448, 0.0001463317014377238
37430, -1, 0.00014537355030082085
1771, 2099, 0.000144863841404369
2239, 2422, 0.0001422100588900599
6681, 6941, 0.0001386839354814234
836, 856, 0.000137251529530141
7345, 7394, 0.0001357874893910817
0, 344, 0.0001357427009398818
19832, 19954, 0.00013527220012632063
39833, -1, 0.00013501855160967427
766, 971, 0.00013446379391611387
0, 467, 0.00013265188243552164
951, 1306, 0.0001317576679219751
1942, 2240, 0.0001313705919724049
38543, -1, 0.00013019191426117804
483, 644, 0.00012908772084550647
2980, 3266, 0.0001286020747138207
203, 309, 0.00012814679327105268
0, 100, 0.00012662147539162257
1728, 1828, 0.00012645233907763407
7674, 7858, 0.00012589735548607155
2358, 2426, 0.00012324740321974443
7726, 7993, 0.00012237176317445803
2133, 2278, 0.00011765748586340397
608, 726, 0.00011715180981355708
38251, -1, 0.00011517158888525291
1698, 2099, 0.00011488271627475308
0, 34, 0.00011294438923634081
39507, -1, 0.00011190703272067407
483, 726, 0.00011188882550556768
2649, 2763, 0.00010957537648782345
7279, 7394, 0.00010844777777134985
1237, 1520, 0.00010742851691518237
483, 720, 0.00010667726041689968
483, 684, 0.00010625426664729061
590, 644, 0.00010605520970255202
590, 766, 0.00010556872070871912
2656, 2775, 0.00010472976737847181
1942, 2278, 0.00010331589720260414
7102, 7118, 0.00010297606363862933
608, 720, 0.00010177322827439405
0, 766, 0.00010069936576959535
31063, -1, 0.00010048564189884016
11354, 11442, 9.926171914968374e-05
7476, 7599, 9.830078703225013e-05
2133, 2240, 9.709371107145705e-05
423, 640, 9.56403489502367e-05
2680, 2775, 9.548667084992734e-05
23388, 23455, 9.328820570462809e-05
877, 971, 9.145078253927711e-05
1535, 1588, 9.016806621341837e-05
17097, 17247, 8.959276695883207e-05
2282, 2335, 8.94109960122578e-05
166, 309, 8.683291702242021e-05
1144, 1306, 8.51249417849111e-05
1394, 1630, 8.510217894638354e-05
836, 1118, 8.425130372093155e-05
836, 1071, 8.313075693967141e-05
10384, 10582, 8.281513782633568e-05
6896, 6941, 8.265947167088765e-05
855, 1306, 8.260990011175403e-05
1519, 1888, 8.110962391640945e-05
2677, 2763, 8.074876903819049e-05
30224, 30321, 8.026210328636446e-05
38820, -1, 7.730958944489594e-05
483, 660, 7.67794768190407e-05
1949, 2240, 7.633072815507664e-05
0, 524, 7.42135942211619e-05
1668, 1828, 7.328467054288078e-05
1499, 1630, 7.328146110442276e-05
855, 975, 7.319484296521735e-05
7895, 8203, 7.25604628985822e-05
836, 983, 7.112685945709048e-05
1065, 1306, 6.942844019609155e-05
0, 193, 6.85210922702649e-05
3361, 3426, 6.766006483067604e-05
1519, 1916, 6.76329796754029e-05
38759, -1, 6.565071334719845e-05
1728, 1888, 6.538297651354942e-05
2380, 2551, 6.505805640482944e-05
1123, 1306, 6.494749092235383e-05
0, 856, 6.38016669672347e-05
2163, 2422, 6.270686666519318e-05
1888, 2099, 6.249931617222688e-05
0, 324, 6.203807211837363e-05
498, 640, 6.178112544947879e-05
451, 640, 6.154501313883467e-05
836, 1128, 5.953084292922063e-05
16223, 16362, 5.902570342190365e-05
1419, 1520, 5.8561589794967894e-05
855, 951, 5.7051866264976885e-05
538, 640, 5.6862983863234087e-05
1949, 2278, 5.6716820043542745e-05
862, 971, 5.534005898834684e-05
2677, 2950, 5.5165942352380656e-05
1237, 1368, 5.355061953426555e-05
3130, 3266, 5.3011128027909195e-05
2980, 3068, 5.100476836760219e-05
1394, 1520, 5.080897847032919e-05
990, 1306, 5.049526657883103e-05
656, 971, 4.878317131767926e-05
1771, 1916, 4.859921418265484e-05
1062, 1332, 4.842647215231173e-05
1728, 1916, 4.814623997135941e-05
1771, 1888, 4.791594199922125e-05
31472, -1, 4.762480418104126e-05
1668, 2099, 4.647424420534996e-05
710, 856, 4.5928972588442696e-05
0, 371, 4.5849672424420345e-05
166, 204, 4.519273817622046e-05
855, 923, 4.5076355704063704e-05
836, 865, 4.505061558413774e-05
1932, 2240, 4.4976712913192894e-05
1867, 2240, 4.430870196815511e-05
8025, 8028, 4.404602241714587e-05
8524, 8803, 4.3755187759947154e-05
1698, 1888, 4.299395710261001e-05
2243, 2426, 4.275380153195787e-05
0, 1332, 4.2528249852233605e-05
836, 1022, 4.244628385908101e-05
0, 404, 4.219025864967954e-05
2243, 2278, 4.1565022234444476e-05
0, 156, 4.130828813562989e-05
899, 975, 4.076394355869041e-05
344, 640, 4.040102506323531e-05
2677, 2787, 4.0346188268061876e-05
36528, -1, 3.990653302010632e-05
1496, 1644, 3.9451423526983645e-05
2886, 2950, 3.943770740401416e-05
1237, 1402, 3.89464467233365e-05
656, 726, 3.8466238111906095e-05
483, 716, 3.815940576913322e-05
1915, 2099, 3.772744444682163e-05
1237, 1382, 3.733325052035713e-05
1431, 1588, 3.722275875602581e-05
2032, 2120, 3.715488275813365e-05
836, 930, 3.7140277345868866e-05
1519, 1771, 3.69726388382952e-05
29650, 30011, 3.6469303310015476e-05
1519, 1762, 3.620916209936324e-05
2649, 2787, 3.581747583374968e-05
203, 640, 3.570861458445305e-05
1698, 1916, 3.539538588814055e-05
1371, 1630, 3.520211640523334e-05
1535, 1644, 3.5146098926589175e-05
0, 579, 3.4974982201892485e-05
608, 971, 3.48142185275833e-05
0, 257, 3.466178457073596e-05
1519, 1806, 3.462203980539892e-05
2545, 2551, 3.404536273363879e-05
608, 684, 3.391523356113711e-05
483, 513, 3.3835396105341036e-05
608, 716, 3.377304459803764e-05
836, 1079, 3.3605095562284845e-05
2697, 2775, 3.356908381590468e-05
502, 640, 3.3467157378018396e-05
0, 923, 3.303247415832696e-05
1867, 1916, 3.2820245132474683e-05
2002, 2144, 3.266595877412374e-05
2306, 2339, 3.2189152083791896e-05
1459, 1630, 3.175932308989007e-05
1982, 2240, 3.175472721710074e-05
26761, 27234, 3.13695921039955e-05
358, 640, 3.1205964754976885e-05
9153, 9616, 3.119027953427051e-05
483, 971, 3.08785372597311e-05
2649, 2950, 3.037153796651396e-05
19832, 19873, 2.9665485657808536e-05
2334, 2422, 2.791066111410146e-05
1118, 1332, 2.78192522584471e-05
656, 720, 2.7682675879796673e-05
590, 739, 2.6564243878531612e-05
8321, 8459, 2.6467517312337548e-05
1774, 2099, 2.605470303585694e-05
2002, 2097, 2.6027297064711968e-05
483, 579, 2.5884823845019536e-05
0, 395, 2.5136773909588942e-05
590, 856, 2.453072735214561e-05
1261, 1306, 2.441343016256735e-05
203, 344, 2.435855515740261e-05
1978, 2240, 2.429895609764094e-05
836, 1332, 2.4274429013893683e-05
2002, 2122, 2.3934794135594827e-05
2282, 2422, 2.389716636148935e-05
2420, 2551, 2.3579939133488355e-05
1844, 1916, 2.340620386170143e-05
1371, 1520, 2.3381395029698458e-05
428, 640, 2.2896528049692956e-05
0, 642, 2.228500772617548e-05
2002, 2422, 2.2170662032365607e-05
371, 640, 2.1982807168379282e-05
1867, 2278, 2.1760911599566922e-05
0, 975, 2.153186018187414e-05
1932, 2278, 2.1447283373324453e-05
9237, 9616, 2.136071847523161e-05
1237, 1412, 2.118380555504555e-05
710, 726, 2.0808563252569353e-05
1248, 1332, 2.032441576389252e-05
0, 951, 2.0225134149701842e-05
1668, 1888, 1.9991855907502613e-05
3240, 3270, 1.9940375354894145e-05
1771, 1828, 1.9236098096191147e-05
1519, 1792, 1.90773730581426e-05
1519, 1693, 1.8690648994229626e-05
899, 1071, 1.8604992816480215e-05
710, 766, 1.8594953509933816e-05
17058, 17247, 1.8541369798727323e-05
1519, 1546, 1.849396153223507e-05
2239, 2391, 1.842250779393095e-05
864, 971, 1.8205876961461334e-05
28038, -1, 1.801134820684574e-05
899, 1118, 1.787242877547039e-05
2523, 2551, 1.7810947026534697e-05
0, 739, 1.7708878403980616e-05
836, 928, 1.7559602553916284e-05
1062, 1128, 1.72603583740334e-05
1198, 1332, 1.715996428666951e-05
2032, 2426, 1.69196722972991e-05
2097, 2240, 1.680690865151277e-05
0, 1118, 1.660707054994789e-05
590, 734, 1.6319771949674302e-05
0, 658, 1.6308292402255322e-05
899, 951, 1.6273404105355842e-05
166, 640, 1.619981311821336e-05
951, 1118, 1.6193119285901654e-05
10623, 10715, 1.601506737125449e-05
29606, -1, 1.588013799014749e-05
1668, 1916, 1.5754849076504942e-05
2759, 2787, 1.526372330876555e-05
689, 971, 1.4794632631393724e-05
1062, 1118, 1.4763918941686142e-05
1496, 1603, 1.4737767352497355e-05
2759, 2763, 1.4465053180631593e-05
656, 766, 1.4402362484506894e-05
2759, 3068, 1.4398192340210033e-05
710, 720, 1.4346430954584743e-05
2380, 2422, 1.4260782875844312e-05
1698, 1806, 1.4182494040771347e-05
0, 865, 1.4177708088334772e-05
2637, 2775, 1.412941030908565e-05
608, 766, 1.4109823133984005e-05
951, 1071, 1.4049925153859504e-05
10783, 11092, 1.3931992918121803e-05
2545, 2763, 1.3925943469801934e-05
483, 642, 1.385151215511241e-05
1255, 1306, 1.3724424775862994e-05
1570, 1588, 1.3482498613448765e-05
0, 1128, 1.346324330051897e-05
590, 658, 1.3400808589802794e-05
29650, -1, 1.3145278414490757e-05
836, 877, 1.3064188174579433e-05
1570, 1644, 1.2958542273525297e-05
29878, -1, 1.2854224833930471e-05
899, 1128, 1.2736992479737052e-05
3113, 3266, 1.2727948035633353e-05
423, 513, 1.2508873708570456e-05
2212, 2278, 1.2221674934580364e-05
2002, 2135, 1.2021239974056259e-05
1982, 2278, 1.1874300147205172e-05
344, 513, 1.1730821758401556e-05
203, 324, 1.1711252233689398e-05
2212, 2335, 1.1224644189078226e-05
483, 766, 1.1162985457723478e-05
521, 684, 1.0927780872224824e-05
951, 1128, 1.0879033391862126e-05
521, 644, 1.070002038906122e-05
2182, 2278, 1.0499763634412515e-05
521, 726, 1.0433578465321632e-05
1570, 1828, 1.0414553134144779e-05
590, 642, 1.0184576940264917e-05
1622, 1828, 1.0169788107850351e-05
31130, 31284, 1.0154261079635341e-05
166, 344, 1.0029097808418747e-05
521, 720, 9.947602559916845e-06
0, 734, 9.89374530023952e-06
203, 513, 9.663627083471618e-06
32612, 32635, 9.632206324689002e-06
2008, 2240, 9.589499525981716e-06
358, 513, 9.52425745043063e-06
0, 561, 9.51709949517395e-06
855, 1118, 9.501379628141215e-06
35222, -1, 9.470540474647263e-06
855, 1071, 9.394227912231683e-06
1844, 2240, 9.266820381564658e-06
1535, 1828, 9.167549282559457e-06
483, 524, 9.126924746818949e-06
1942, 2120, 9.088262915926513e-06
840, 923, 9.073845344994772e-06
710, 865, 9.058418395435307e-06
0, 1071, 9.02067909717074e-06
710, 923, 8.986600862296858e-06
899, 1022, 8.890944525812695e-06
840, 975, 8.888955094970889e-06
1978, 2278, 8.824228479006884e-06
1903, 2240, 8.821671841256226e-06
840, 1306, 8.706869977306159e-06
3361, 3438, 8.70369220840782e-06
1774, 1916, 8.703493800538072e-06
344, 472, 8.666391606354127e-06
840, 951, 8.632391801007736e-06
1668, 1806, 8.604269587356596e-06
31783, -1, 8.573864755829846e-06
2002, 2152, 8.503659787625496e-06
0, 103, 8.411708355641934e-06
1867, 1888, 8.283092661143407e-06
1300, 1306, 8.276742338105767e-06
10403, 10582, 8.179308501881592e-06
656, 716, 8.13708843713374e-06
899, 923, 8.091182430921031e-06
1774, 1888, 8.053045452346326e-06
0, 37, 7.802362769809154e-06
1162, 1332, 7.792609391981602e-06
521, 660, 7.779554469924331e-06
1237, 1310, 7.72372925218147e-06
0, 380, 7.612754127890771e-06
483, 658, 7.611538313383403e-06
608, 660, 7.576996343360913e-06
1237, 1588, 7.509373238753735e-06
203, 472, 7.387162123910638e-06
855, 983, 7.3667552785392255e-06
2980, 3076, 7.296769018127745e-06
1848, 2099, 7.2806885053934025e-06
899, 1079, 7.190555121123269e-06
1496, 1647, 7.088345971512112e-06
1535, 1647, 6.964403757327602e-06
1496, 1828, 6.931884292806777e-06
1519, 1678, 6.905641441089172e-06
9666, 10089, 6.865983983654481e-06
787, 923, 6.818524687733129e-06
2239, 2551, 6.806703341088564e-06
1519, 1700, 6.792802815895086e-06
855, 1128, 6.784804267162824e-06
288, 640, 6.738831374422728e-06
371, 513, 6.670134877332266e-06
1728, 1806, 6.629331453441695e-06
1570, 2099, 6.524532193236281e-06
1419, 1588, 6.501613099029555e-06
1237, 1287, 6.468133857360385e-06
1622, 2099, 6.348197502341342e-06
1884, 2099, 6.338937325756792e-06
1519, 1909, 6.283786273156572e-06
951, 1079, 6.232854580767065e-06
1668, 1771, 6.219746762176647e-06
166, 324, 6.171036679972591e-06
990, 1118, 6.06945868295149e-06
203, 371, 6.041187147102126e-06
385, 640, 6.0396089627955095e-06
2358, 2422, 5.986040622105926e-06
1952, 2099, 5.981613779307636e-06
344, 467, 5.8374525560094595e-06
1844, 1888, 5.834414211582407e-06
787, 856, 5.811210625988918e-06
1942, 2335, 5.746834503720049e-06
1949, 2120, 5.743636011805409e-06
29968, -1, 5.737961404941325e-06
2133, 2335, 5.729452645422558e-06
0, 433, 5.716142586060179e-06
1535, 2099, 5.706959257380336e-06
358, 472, 5.646557199974834e-06
2358, 2551, 5.575750383784636e-06
766, 856, 5.570623816030329e-06
27614, 27731, 5.517666554514899e-06
590, 923, 5.4610178749520796e-06
2163, 2391, 5.404757533743488e-06
2334, 2551, 5.2341265529211155e-06
1167, 1332, 5.226807976805108e-06
203, 467, 5.22539792101324e-06
899, 983, 5.202045288121934e-06
855, 1022, 5.199098466908154e-06
836, 1027, 5.179294601387377e-06
1519, 2240, 5.17348100237768e-06
214, 309, 4.992588697978391e-06
608, 644, 4.89492200068656e-06
590, 865, 4.880839665443684e-06
590, 763, 4.8294466229282225e-06
1668, 1762, 4.761072850677331e-06
483, 561, 4.729975198618328e-06
1519, 1803, 4.661655806913202e-06
1535, 1603, 4.640417176323946e-06
0, 563, 4.635091189262365e-06
990, 1128, 4.6163608127545e-06
1668, 1792, 4.559577876788493e-06
899, 1332, 4.523200218369814e-06
1601, 1630, 4.483009831011585e-06
1867, 2008, 4.470644530604999e-06
27863, -1, 4.466334887181694e-06
166, 513, 4.384067190071016e-06
1576, 1630, 4.380006187427527e-06
1496, 2099, 4.302051346416622e-06
0, 763, 4.269690003285868e-06
1728, 1909, 4.230206376710286e-06
1771, 1909, 4.228254878644533e-06
656, 856, 4.21807629752007e-06
710, 716, 4.1519121269917106e-06
220, 309, 4.088275081598727e-06
0, 1079, 4.0824085160875875e-06
0, 521, 4.016198856438001e-06
656, 684, 4.013580369490888e-06
2002, 2008, 3.918750457817063e-06
710, 951, 3.846759757320209e-06
855, 1079, 3.830336340688086e-06
2182, 2240, 3.824265101413546e-06
951, 1332, 3.774707545037917e-06
358, 467, 3.654938505840408e-06
203, 404, 3.6175861824630055e-06
1728, 2240, 3.6127706629783726e-06
521, 716, 3.5443589786744897e-06
29968, 30093, 3.544255854366155e-06
31394, -1, 3.486419313649247e-06
1394, 1588, 3.4214673552044933e-06
166, 472, 3.3513105188592826e-06
1010, 1306, 3.1968445634660723e-06
1698, 1909, 3.1498195861073652e-06
439, 640, 3.099514921118599e-06
590, 748, 3.0889374647473233e-06
1519, 1848, 3.0743416971844053e-06
0, 483, 3.055270928467979e-06
608, 739, 3.0548820874153685e-06
371, 472, 3.0432046636830847e-06
1280, 1306, 3.032510644080311e-06
710, 975, 3.0225549544178985e-06
608, 856, 2.994866101055039e-06
166, 257, 2.9670131298530365e-06
787, 951, 2.927765750764275e-06
267, 640, 2.927172960335868e-06
766, 923, 2.869318216541008e-06
521, 971, 2.8620207993532157e-06
2135, 2240, 2.844937035485209e-06
710, 1306, 2.7981358392247357e-06
1771, 2240, 2.7649948189596776e-06
1570, 1647, 2.761413835778385e-06
7698, 8110, 2.7498230180639685e-06
1774, 1828, 2.745780219850559e-06
0, 585, 2.741072855650781e-06
2243, 2422, 2.731393009538558e-06
483, 856, 2.6556560751487096e-06
390, 640, 2.647185620713464e-06
1261, 1332, 2.62862411233748e-06
483, 739, 2.5507750856297736e-06
2097, 2278, 2.5499517932211333e-06
166, 371, 2.541228726235581e-06
1698, 1792, 2.53776333066912e-06
423, 524, 2.5315317945809542e-06
2425, 2551, 2.5287134421374526e-06
26761, 27213, 2.519719157777024e-06
428, 513, 2.497768567832403e-06
0, 877, 2.486469019722113e-06
0, 1022, 2.472738307535469e-06
451, 513, 2.4683386219238313e-06
483, 563, 2.4369510821949314e-06
203, 395, 2.4184489506832586e-06
0, 336, 2.412804902578949e-06
2032, 2144, 2.3932815207533895e-06
1014, 1306, 2.3868991205128206e-06
855, 1332, 2.379238611082386e-06
166, 467, 2.3705897778031455e-06
423, 644, 2.364816769633756e-06
23228, 23455, 2.3527079385083207e-06
590, 951, 2.337747962482768e-06
0, 748, 2.2914686266611832e-06
1459, 1520, 2.288435368510683e-06
423, 726, 2.2764671713123427e-06
951, 975, 2.2756497133242875e-06
1267, 1306, 2.2598794047597957e-06
1949, 2335, 2.254127577606129e-06
483, 585, 2.2328669563855167e-06
0, 983, 2.225449001072936e-06
1698, 2240, 2.198106667862708e-06
423, 720, 2.1704789586613014e-06
1698, 1771, 2.1646466640569484e-06
423, 684, 2.1624101616127688e-06
1728, 1848, 2.159982472902093e-06
1144, 1332, 2.130015794303193e-06
538, 684, 2.117509328533114e-06
689, 726, 2.1153189743697277e-06
1867, 2120, 2.1135816389403125e-06
2212, 2240, 2.1054105725105415e-06
787, 975, 2.093085334506252e-06
1932, 2120, 2.092029017781167e-06
2331, 2426, 2.0839773555798906e-06
855, 930, 2.070237282587797e-06
990, 1071, 2.0051226739315275e-06
2163, 2551, 1.986629274025958e-06
1237, 1419, 1.977517834502036e-06
538, 726, 1.9708627954184058e-06
1867, 1909, 1.9313058670332438e-06
787, 1306, 1.9135117940614596e-06
1496, 1546, 1.9046873592284034e-06
1570, 1888, 1.8897795910559748e-06
2002, 2391, 1.8806637513226977e-06
538, 720, 1.8794533603812129e-06
1698, 1848, 1.879321796370079e-06
371, 467, 1.8778266446331475e-06
1065, 1332, 1.8738955208218755e-06
1622, 1888, 1.8423096473457884e-06
214, 640, 1.839740254611282e-06
590, 975, 1.8369713381130877e-06
220, 640, 1.8276781198791184e-06
166, 196, 1.8163143054844114e-06
288, 513, 1.8155163258271262e-06
608, 734, 1.8097074678243889e-06
1123, 1332, 1.7861319298708075e-06
855, 865, 1.7837099647723781e-06
1942, 2008, 1.7590246937038335e-06
1570, 1916, 1.7326545340982236e-06
951, 1022, 1.7061548545518504e-06
787, 865, 1.7053098453994555e-06
1622, 1916, 1.6892966442868271e-06
385, 513, 1.687291537677644e-06
1535, 1888, 1.6634610197108283e-06
590, 1306, 1.656726863705659e-06
2008, 2278, 1.6565076491072547e-06
590, 737, 1.6519057618349905e-06
166, 404, 1.641178902372625e-06
344, 524, 1.5980532388849025e-06
27571, -1, 1.5869324922785842e-06
689, 766, 1.5766216809778252e-06
483, 734, 1.5757425360118919e-06
2420, 2426, 1.5566972661971637e-06
538, 644, 1.5421552478323786e-06
498, 644, 1.5398591870940608e-06
423, 660, 1.529176461557937e-06
1903, 2278, 1.527354052192316e-06
1535, 1916, 1.525075221024866e-06
451, 644, 1.5217513214935029e-06
656, 739, 1.5147863158704804e-06
423, 472, 1.507884376763551e-06
1844, 1909, 1.481542550725341e-06
451, 726, 1.4647655386286207e-06
766, 865, 1.449787803862305e-06
590, 700, 1.4449533771626508e-06
689, 720, 1.4427966122177626e-06
990, 1332, 1.4263961662940967e-06
203, 524, 1.412445793057239e-06
1698, 1803, 1.3969682347730587e-06
451, 720, 1.3965686925029684e-06
288, 472, 1.3940888013563106e-06
451, 684, 1.391491504290655e-06
1844, 2278, 1.3888430423943622e-06
689, 856, 1.3818109599843574e-06
619, 726, 1.3632010404392267e-06
2002, 2150, 1.3556165864892585e-06
1668, 1909, 1.349574168820658e-06
358, 524, 1.344148184377866e-06
2002, 2147, 1.3313868663889252e-06
840, 856, 1.3281970373968318e-06
911, 971, 1.3266717045252907e-06
498, 726, 1.3105074797699594e-06
710, 877, 1.3046934288364186e-06
203, 257, 1.2993390235288516e-06
513, 640, 1.299001718323555e-06
1698, 1762, 1.2968116387755619e-06
538, 660, 1.2935032882170906e-06
0, 259, 1.2648383411796834e-06
1496, 1888, 1.2645632769622088e-06
498, 720, 1.2496784778090194e-06
498, 684, 1.2457496309435772e-06
1255, 1332, 1.2449756738345433e-06
1668, 1803, 1.2392098855191851e-06
0, 930, 1.2299952741631122e-06
619, 640, 1.2040823031603932e-06
2182, 2335, 1.2019401460631002e-06
214, 344, 1.1822282985545472e-06
28739, 28856, 1.1813439381584248e-06
1496, 1916, 1.1595349909491425e-06
899, 1027, 1.1491607135679966e-06
28293, -1, 1.1402679590231704e-06
619, 720, 1.1323324265740114e-06
521, 642, 1.1150874655531573e-06
220, 344, 1.11220803861969e-06
766, 951, 1.0980042088756298e-06
166, 395, 1.097170100208707e-06
1076, 1306, 1.0438010263721636e-06
521, 766, 1.0362943429696915e-06
1728, 1792, 1.02911512262183e-06
423, 579, 1.0198665114389807e-06
344, 644, 9.989635181944283e-07
288, 467, 9.933661503017274e-07
451, 660, 9.839958675158337e-07
371, 524, 9.833129546239244e-07
498, 660, 9.75234025920279e-07
710, 739, 9.747325080119867e-07
855, 928, 9.639947273365078e-07
344, 726, 9.616442973356833e-07
229, 309, 9.613988075816751e-07
2282, 2391, 9.453855832865123e-07
1519, 2278, 9.448298932924266e-07
26756, -1, 9.383067784742341e-07
26723, -1, 9.36898581802226e-07
656, 923, 9.349071748048239e-07
344, 720, 9.168718703202252e-07
2032, 2422, 9.138347020826713e-07
344, 684, 9.134717492019114e-07
1867, 2335, 9.038287696715404e-07
1932, 2335, 8.917362208357672e-07
1300, 1332, 8.909951719106976e-07
203, 644, 8.829379442314286e-07
920, 971, 8.780275451671109e-07
1282, 1306, 8.775789772130804e-07
766, 975, 8.628294068020681e-07
2135, 2278, 8.557766938250494e-07
203, 726, 8.49972164937316e-07
877, 1306, 8.394983064332647e-07
502, 644, 8.39248114276886e-07
656, 865, 8.353497937983335e-07
203, 380, 8.198726592985154e-07
423, 467, 8.135326094920125e-07
203, 720, 8.10398991337402e-07
203, 684, 8.073792311150718e-07
267, 513, 7.91814610868923e-07
423, 716, 7.76525793536513e-07
358, 644, 7.716046880367582e-07
656, 660, 7.667722487425147e-07
521, 658, 7.544158382442738e-07
1629, 1828, 7.528131200262677e-07
267, 309, 7.267030174534329e-07
324, 640, 7.248746663902477e-07
1622, 1771, 7.174266510775811e-07
390, 513, 7.071559769810482e-07
1371, 1588, 6.891084858881754e-07
1622, 1762, 6.789367923305127e-07
766, 1306, 6.726008228317244e-07
1728, 2278, 6.673479797881759e-07
2002, 2551, 6.650271688414145e-07
1668, 1848, 6.556739142290384e-07
1570, 1771, 6.498487209065338e-07
1431, 1644, 6.453873334656984e-07
166, 524, 6.407798237255171e-07
1082, 1306, 6.383834481275047e-07
24134, 24328, 6.377299477060025e-07
1570, 1762, 6.252230604955587e-07
2282, 2551, 6.222032384297124e-07
288, 404, 6.159231909058802e-07
1459, 1588, 6.126090895492517e-07
1131, 1306, 6.03803243557436e-07
1570, 1806, 5.990518549227012e-07
1331, 1630, 5.872106798167213e-07
1622, 1806, 5.839217197772039e-07
1499, 1588, 5.796614455007953e-07
1535, 1771, 5.719158197514e-07
1079, 1306, 5.691170639291248e-07
2212, 2426, 5.58117826790857e-07
344, 404, 5.518718081390886e-07
1535, 1762, 5.502433845352153e-07
1535, 1806, 5.272867916534933e-07
267, 344, 5.267166193811547e-07
1774, 1909, 5.177618629888767e-07
1982, 2335, 5.018218642859341e-07
1867, 1932, 4.858757572945194e-07
1728, 1803, 4.849757652084387e-07
23111, 23455, 4.774035218579128e-07
2207, 2278, 4.7529352921544003e-07
1496, 1771, 4.3473732343330443e-07
1771, 2278, 4.2893490849105886e-07
1728, 1771, 4.221794350782195e-07
1496, 1762, 4.182678291434229e-07
1237, 1273, 4.163949510082326e-07
1728, 1932, 4.159052536340053e-07
1305, 1332, 4.1444862191731475e-07
1496, 1806, 4.008173911688434e-07
1280, 1332, 3.8065542253535017e-07
1431, 1546, 3.7165211343919353e-07
1771, 1932, 3.5458025178628396e-07
1771, 1848, 3.541049004578687e-07
1622, 1792, 3.5388848365913415e-07
1431, 1603, 3.4762371859212375e-07
1570, 1792, 3.402128205134102e-07
862, 1306, 3.4009175492146637e-07
1603, 1630, 3.294075989708256e-07
1570, 1603, 3.2277168244167663e-07
1287, 1306, 3.2019240953244503e-07
0, 737, 3.189457502739474e-07
28090, -1, 3.168950507577146e-07
27058, -1, 3.121954617045525e-07
1570, 1693, 3.046907734859878e-07
1535, 1693, 3.043641898063979e-07
1844, 1932, 3.0415081876478153e-07
1535, 1792, 2.9945609071029373e-07
1331, 1520, 2.93819668619315e-07
1622, 1644, 2.924621299462168e-07
1237, 1475, 2.689240718625707e-07
1267, 1332, 2.665239256465519e-07
2239, 2339, 2.6315441502145375e-07
1698, 1932, 2.53281596290743e-07
656, 1306, 2.464180058906451e-07
1496, 1792, 2.2763173845438586e-07
1570, 1700, 2.2597954049561363e-07
1728, 1762, 2.243063014420622e-07
2163, 2339, 2.2068929819049694e-07
1582, 1630, 2.2044337637649444e-07
840, 1332, 2.1800659815374876e-07
7495, 7591, 2.140808938058895e-07
1978, 2335, 2.0696648017960206e-07
1496, 1693, 2.064401985544311e-07
1535, 1700, 2.064131722464351e-07
1771, 1806, 1.9810832334431563e-07
1237, 1493, 1.976356903672061e-07
1499, 1520, 1.9395450634779702e-07
1535, 1678, 1.9258537747923842e-07
1368, 1630, 1.8555068831692844e-07
24172, -1, 1.796655892019637e-07
1012, 1306, 1.783725374445885e-07
1022, 1306, 1.771055495425573e-07
608, 1306, 1.757765772766809e-07
483, 1306, 1.5610379563042018e-07
1371, 1402, 1.2949225155690136e-07
2002, 2339, 1.2789056318998713e-07
24840, -1, 1.2771533409889615e-07
1371, 1412, 1.2599206526061995e-07
864, 1306, 1.1701892887380906e-07
2097, 2099, 1.1301552276807554e-07
1282, 1332, 1.1068924791059971e-07
656, 734, 1.0329876721583338e-07
22911, -1, 9.629147184170817e-08
1010, 1332, 9.154496148194501e-08
358, 726, 9.077845484819403e-08
502, 726, 8.793698567920183e-08
1394, 1402, 8.138351372010459e-08
710, 1332, 8.117778263466056e-08
358, 720, 7.808290285526424e-08
1394, 1412, 7.786632207095433e-08
502, 720, 7.563881894284612e-08
689, 1306, 7.453485536866475e-08
1431, 1493, 7.210735816518973e-08
710, 763, 7.150740546537674e-08
1014, 1332, 7.116792319298553e-08
538, 716, 6.994384646068839e-08
29847, 30011, 6.828921197348502e-08
428, 726, 6.619650242152225e-08
608, 763, 6.380641791326286e-08
371, 726, 6.357198049836283e-08
710, 734, 6.137620464622849e-08
656, 763, 6.098578470844639e-08
623, 726, 5.722889808904405e-08
25074, -1, 5.700191543794531e-08
428, 720, 5.690451616677265e-08
787, 1332, 5.5665636080670055e-08
358, 684, 5.469339036354429e-08
371, 720, 5.464261524413852e-08
502, 684, 5.3035686130161626e-08
1982, 2120, 5.2504684976654516e-08
920, 1306, 5.224294143633776e-08
451, 716, 5.1224582169229715e-08
631, 726, 5.063809672114775e-08
483, 763, 5.016314083923335e-08
911, 1306, 4.962642315658192e-08
608, 748, 4.906414737345426e-08
344, 660, 4.799395883153976e-08
590, 1332, 4.789370957321813e-08
608, 658, 4.758321328762277e-08
2133, 2426, 4.727552080096299e-08
1942, 2426, 4.724017970945362e-08
2380, 2775, 4.6458252465615155e-08
166, 726, 4.639012784129097e-08
498, 716, 4.531793274286052e-08
1287, 1332, 4.525315720731384e-08
229, 640, 4.2514315616690117e-08
203, 660, 4.241984014659659e-08
623, 720, 4.198006621789562e-08
689, 716, 4.1832769861321523e-08
1978, 2120, 4.1312451803400475e-08
502, 660, 4.029307743013154e-08
428, 644, 3.993599380270428e-08
166, 720, 3.9826406216355666e-08
428, 684, 3.972394737195373e-08
483, 748, 3.9043084113747765e-08
371, 644, 3.8342806697139183e-08
371, 684, 3.8138567345789414e-08
1431, 1475, 3.7483944721561476e-08
1394, 1493, 3.740514178380117e-08
358, 660, 3.7070777474820445e-08
1371, 1382, 3.7006369709166155e-08
619, 716, 3.686010460142036e-08
631, 720, 3.583389701601246e-08
451, 524, 3.5585299880614253e-08
267, 472, 3.439874796256437e-08
521, 739, 3.371490783970874e-08
313, 640, 3.324220314356756e-08
344, 716, 3.3241337269886877e-08
2614, 2775, 3.226630558067039e-08
656, 748, 3.187374676144412e-08
451, 579, 3.166304632748722e-08
608, 642, 3.1514094822059885e-08
428, 524, 3.1086787171595985e-08
385, 472, 3.078598433020082e-08
214, 513, 3.075192826779836e-08
214, 324, 3.070341873909189e-08
220, 513, 3.055030539501873e-08
288, 309, 3.01757707773929e-08
203, 716, 2.9381145900805282e-08
1698, 2278, 2.8547895221846083e-08
2243, 2391, 2.8246221845046084e-08
658, 726, 2.8017064255590732e-08
288, 344, 2.7988984131614803e-08
166, 644, 2.7774562042494123e-08
166, 684, 2.7684379102669002e-08
1394, 1475, 2.7238230107518497e-08
220, 324, 2.6907444070549404e-08
1419, 1493, 2.6828608510648886e-08
428, 660, 2.676963366432576e-08
521, 579, 2.6409333963339467e-08
1371, 1493, 2.5885114239508462e-08
371, 660, 2.570125941335396e-08
358, 716, 2.5608248196917703e-08
1371, 1475, 2.5402098205321878e-08
623, 640, 2.524752270025702e-08
502, 716, 2.4818215352551398e-08
710, 748, 2.4659090362162765e-08
608, 737, 2.41839534108334e-08
267, 467, 2.3914042173956687e-08
619, 684, 2.195415775098417e-08
214, 472, 2.1622901613929142e-08
220, 472, 2.1481132567667516e-08
288, 371, 2.143208006955014e-08
166, 380, 2.128220237764462e-08
423, 766, 2.1056475181595813e-08
483, 737, 2.0506442481938937e-08
229, 344, 2.0338361258345505e-08
344, 579, 2.0045187231621128e-08
288, 395, 1.9978141284909022e-08
521, 734, 1.9360566500006164e-08
166, 660, 1.894044904001118e-08
288, 726, 1.874631123164331e-08
267, 404, 1.874256535143818e-08
619, 766, 1.853657283286057e-08
428, 716, 1.8217316721462115e-08
538, 766, 1.8211544187217507e-08
631, 640, 1.798611747343722e-08
267, 371, 1.7914486116407986e-08
385, 467, 1.7754768922101e-08
203, 579, 1.7717019488101722e-08
220, 371, 1.7605106364261177e-08
214, 371, 1.7577890982152032e-08
658, 720, 1.7530871626752902e-08
371, 716, 1.7493195539596105e-08
423, 642, 1.709012121313307e-08
385, 726, 1.67914556946505e-08
288, 720, 1.6047168972930484e-08
288, 524, 1.567335521785213e-08
385, 524, 1.5594274881416812e-08
428, 472, 1.557738717002216e-08
423, 561, 1.5493939250939585e-08
358, 579, 1.5483008327025574e-08
1419, 1475, 1.514113402592441e-08
214, 467, 1.503226168817423e-08
220, 467, 1.4933703712896996e-08
385, 720, 1.4376468402464745e-08
483, 700, 1.3975556234993187e-08
439, 513, 1.3453581369468257e-08
344, 395, 1.3209979839605915e-08
451, 766, 1.2939545647989874e-08
166, 716, 1.2891546415523814e-08
428, 579, 1.2866063575743979e-08
689, 739, 1.2774351052274541e-08
324, 513, 1.2093105971488673e-08
623, 716, 1.2073118576630328e-08
267, 395, 1.1752686067987495e-08
358, 404, 1.1721397145694617e-08
451, 472, 1.1654509119860079e-08
498, 766, 1.1572850299536204e-08
656, 737, 1.1265290898152587e-08
390, 472, 1.1240520977108396e-08
288, 644, 1.1090258572191697e-08
288, 684, 1.1037217504629764e-08
371, 579, 1.0906888785393976e-08
498, 642, 1.0705802468474939e-08
214, 404, 1.0705070127193607e-08
498, 513, 1.065280105837626e-08
220, 404, 1.0634883081569794e-08
451, 642, 1.0614476863259876e-08
423, 658, 1.0340128708530924e-08
538, 642, 1.0286234497530082e-08
229, 513, 1.0076775083663276e-08
385, 644, 9.939897570351185e-09
385, 684, 9.891400702136589e-09
324, 472, 9.649283606380885e-09
498, 579, 9.497137384119705e-09
631, 716, 9.403264600524863e-09
538, 658, 8.538952050420891e-09
608, 700, 8.137170010243479e-09
439, 726, 8.016697362615735e-09
428, 467, 7.892792622243368e-09
1368, 1520, 7.861511937504663e-09
344, 371, 7.728537218651712e-09
166, 579, 7.686310022303373e-09
313, 513, 7.665641992794434e-09
288, 660, 7.557896692850654e-09
1730, 1828, 7.392898912574475e-09
451, 561, 7.357605736174108e-09
220, 395, 7.329114582908305e-09
423, 563, 7.298577711504643e-09
344, 766, 7.218163159017483e-09
214, 395, 7.124710915297573e-09
344, 642, 6.967839048442762e-09
658, 766, 6.8357743783118744e-09
229, 472, 6.822755778466435e-09
229, 324, 6.734500571053777e-09
267, 324, 6.670935289576794e-09
267, 524, 6.564426946312121e-09
390, 524, 6.430838951110585e-09
324, 467, 6.393691859789232e-09
203, 766, 6.290409368599061e-09
385, 660, 6.227402693905747e-09
390, 467, 6.1296832417094095e-09
451, 658, 6.117985061065318e-09
498, 658, 6.1043507126396785e-09
313, 472, 6.038225752914723e-09
623, 684, 6.016822558075616e-09
521, 524, 5.996285388382199e-09
631, 766, 5.9877350403332476e-09
344, 561, 5.9202923452817535e-09
451, 467, 5.909641576978416e-09
229, 371, 5.761408132300883e-09
203, 642, 5.659266484712383e-09
623, 766, 5.6276367827110526e-09
358, 766, 5.497104361304906e-09
502, 642, 5.345679069635587e-09
502, 766, 5.3250387253839045e-09
203, 561, 5.232674239687517e-09
358, 642, 4.945666429880842e-09
288, 324, 4.929236933247122e-09
358, 395, 4.75176482585128e-09
253, 640, 4.662349205236389e-09
439, 644, 4.6536611190404695e-09
439, 684, 4.622379671115647e-09
358, 561, 4.572865028460529e-09
288, 380, 4.570040314694763e-09
1519, 1535, 4.553986780385863e-09
267, 644, 4.396257077814851e-09
631, 684, 4.391257659386487e-09
229, 467, 4.379126277011623e-09
267, 684, 4.369195440172038e-09
656, 658, 4.298489329019085e-09
502, 513, 4.1269316123210695e-09
371, 404, 4.023373664099617e-09
344, 658, 4.016228306947373e-09
390, 644, 3.975926387333877e-09
313, 467, 3.9164486256898955e-09
502, 579, 3.886796551542126e-09
2334, 2391, 3.835131166961582e-09
214, 524, 3.78984463789252e-09
220, 524, 3.764996785861072e-09
229, 404, 3.6402717712447175e-09
428, 561, 3.6116709086117663e-09
451, 563, 3.565456979311303e-09
423, 585, 3.401598252346692e-09
267, 380, 3.3221744915979192e-09
371, 561, 3.2213203818393885e-09
521, 561, 2.9835999722950246e-09
288, 579, 2.9311835830583308e-09
344, 563, 2.7670862216788337e-09
358, 371, 2.7592618412051163e-09
220, 380, 2.687079357102258e-09
1629, 1771, 2.660165689976045e-09
203, 336, 2.6184007353213576e-09
1331, 1402, 2.539743926073988e-09
840, 983, 2.5226447245083294e-09
423, 971, 2.4846503981017357e-09
877, 975, 2.408835709659925e-09
1629, 1762, 2.3408285424046866e-09
1419, 1644, 2.064065480420857e-09
1331, 1475, 2.05735347507059e-09
538, 971, 2.0504604712145367e-09
608, 923, 2.00513463556688e-09
1431, 1647, 1.6483897064659338e-09
483, 521, 1.627706955829467e-09
166, 193, 1.587591224982419e-09
0, 71, 1.5763513518173349e-09
1331, 1493, 1.4790326017457802e-09
0, 700, 1.2677707252248617e-09
166, 336, 1.1776467915793795e-09
483, 923, 1.162168603262487e-09
1888, 2278, 1.1500466893869795e-09
203, 433, 1.0737059086030466e-09
344, 483, 6.673922779693969e-10
1535, 1546, 6.62319624523514e-10
16244, -1, 6.23307945199985e-10
344, 433, 5.67467596720247e-10
1419, 1546, 5.672119512730774e-10
1419, 1603, 5.470303120354176e-10
203, 483, 5.313825141484067e-10
423, 521, 4.922982554219466e-10
166, 433, 4.871047697756329e-10
166, 259, 4.764492596010204e-10
1496, 1535, 4.730277029341003e-10
358, 483, 4.682624174263091e-10
608, 865, 4.581020868418995e-10
214, 380, 4.2927945970729187e-10
229, 395, 4.1190492341186556e-10
483, 865, 4.0621242463544303e-10
2207, 2335, 3.8913191959592677e-10
1431, 1535, 3.7183399822188344e-10
1394, 1546, 3.561576228655525e-10
344, 521, 3.4382622334017946e-10
840, 865, 3.2774518409036715e-10
344, 380, 3.219427848915984e-10
1394, 1603, 3.064961611025434e-10
203, 521, 2.974446005495152e-10
358, 521, 2.8667854661124895e-10
371, 483, 2.7669966638223286e-10
2097, 2335, 2.733659007155774e-10
1622, 1647, 2.6361121363547823e-10
1394, 1644, 2.6279168875662027e-10
371, 395, 2.618924877265814e-10
358, 433, 2.5444514684854505e-10
166, 483, 2.4107062757419405e-10
1499, 1644, 2.4045072557754237e-10
288, 433, 2.2867989219575945e-10
203, 259, 2.1696412818135604e-10
371, 521, 2.0743582968782353e-10
324, 404, 2.025073768940285e-10
253, 309, 2.021204804880952e-10
313, 404, 2.0000244866294183e-10
423, 483, 1.9190016610599258e-10
214, 257, 1.6390548331299384e-10
253, 344, 1.4720564154667548e-10
229, 380, 1.4661787958932483e-10
1371, 1546, 1.4657243922082285e-10
1237, 1546, 1.419019060984049e-10
439, 524, 1.3138155620204102e-10
498, 524, 1.2269634162020676e-10
1331, 1588, 1.2218775338098438e-10
214, 336, 1.212576981388398e-10
166, 521, 1.1838953669368897e-10
220, 257, 1.1683663740994184e-10
358, 380, 1.1386700954475604e-10
220, 336, 1.1131593465552953e-10
313, 395, 1.082041470830581e-10
253, 513, 1.0795162983080899e-10
1248, 1520, 1.0515095085210731e-10
324, 395, 1.0324507385738384e-10
288, 483, 1.0028134102732597e-10
1419, 1535, 9.94120089337451e-11
451, 521, 9.777380724697846e-11
371, 433, 9.615612014698432e-11
267, 433, 9.404094111503625e-11
439, 472, 9.323096555073598e-11
253, 371, 9.073335780226655e-11
428, 521, 8.917432159816294e-11
877, 1332, 8.90125699302929e-11
1076, 1332, 8.068371637975391e-11
324, 524, 7.589869582347051e-11
253, 472, 7.470146267504195e-11
253, 404, 7.433833821339394e-11
385, 404, 7.291680620206562e-11
313, 371, 7.267367405960645e-11
1394, 1535, 7.023507771413595e-11
229, 524, 6.324380922152217e-11
324, 371, 6.181958874886996e-11
385, 483, 5.5542172421732927e-11
253, 395, 5.5066814798607067e-11
214, 433, 5.428472318487694e-11
502, 524, 5.396547642748513e-11
220, 433, 5.392880918360623e-11
313, 524, 5.007707774364172e-11
288, 521, 4.924806320335759e-11
313, 344, 4.882888484450385e-11
385, 521, 4.834069198464693e-11
253, 467, 4.600869092800976e-11
267, 483, 4.373644560138546e-11
439, 467, 4.341803582106418e-11
267, 336, 4.103182948113414e-11
324, 344, 4.011552992568274e-11
371, 380, 3.9527785532336134e-11
428, 483, 3.562668696771059e-11
385, 395, 3.3470493842718976e-11
288, 336, 3.272070505226421e-11
253, 324, 3.147589762089218e-11
229, 336, 3.135487616188694e-11
390, 684, 3.123375744397653e-11
1499, 1603, 3.0517823355507776e-11
214, 483, 2.7492537263592432e-11
451, 483, 2.7355656987860892e-11
220, 483, 2.7312284360593566e-11
423, 433, 2.4978322875071444e-11
390, 404, 2.441866620365509e-11
229, 257, 2.3361779479853855e-11
619, 660, 2.3255147391309708e-11
267, 521, 2.147892334906361e-11
390, 483, 2.1082074876702683e-11
390, 521, 2.06292138269394e-11
385, 579, 2.0124347730448473e-11
313, 380, 1.9400020375714182e-11
428, 642, 1.794258432523864e-11
229, 433, 1.7827106459313385e-11
253, 380, 1.7276540284690716e-11
371, 642, 1.722679159628566e-11
324, 433, 1.7123525042376166e-11
324, 380, 1.7104877857824897e-11
214, 644, 1.6721651631174927e-11
220, 644, 1.6612017233376543e-11
538, 579, 1.3611207819375208e-11
214, 521, 1.350155670942938e-11
313, 433, 1.345306914289006e-11
220, 521, 1.3413034694580548e-11
385, 433, 1.2818278056875983e-11
166, 642, 1.2695003910762069e-11
324, 483, 1.2110523278019712e-11
439, 720, 1.1812548620604864e-11
439, 579, 1.1555511834113393e-11
390, 395, 1.1310083217527596e-11
267, 720, 1.1176493611580364e-11
766, 1332, 1.0507080453277027e-11
390, 720, 1.0099104848460612e-11
267, 579, 9.792565661641524e-12
619, 644, 9.706146420549236e-12
229, 483, 9.028550941772946e-12
390, 579, 8.857345480820583e-12
513, 644, 8.657147680186319e-12
439, 521, 8.21818696526878e-12
253, 524, 8.133637871677559e-12
313, 324, 7.913823348814502e-12
313, 483, 7.628946204904389e-12
498, 521, 7.279320416681283e-12
439, 660, 7.1487973645464215e-12
267, 660, 6.75723222024973e-12
214, 259, 6.259344438398708e-12
214, 579, 6.155563687377627e-12
220, 579, 6.115205163404157e-12
390, 660, 6.108701090590087e-12
324, 521, 5.321123868461848e-12
288, 642, 5.280908949837887e-12
385, 642, 4.733135273451528e-12
324, 644, 4.681242123814525e-12
428, 433, 4.591110983321715e-12
220, 259, 4.469585059631689e-12
229, 521, 4.433912060410174e-12
390, 433, 4.298348859382547e-12
229, 644, 3.9011144925784e-12
313, 521, 3.5108157097227622e-12
502, 521, 3.2056150120658434e-12
439, 483, 2.692512502097251e-12
253, 433, 2.3147296551868707e-12
253, 336, 1.988656705337067e-12
513, 524, 1.2312375256037064e-12
253, 483, 1.1722965056602927e-12
229, 259, 8.942839168679169e-13
253, 257, 8.226790712630292e-13
253, 521, 5.757136054662592e-13
313, 336, 3.4181765579129383e-13
324, 336, 2.8359548325787056e-13
253, 259, 1.997249891714072e-14
1237, 1644, 1.1194780735943567e-14
