Gene = Ccdc36
index = 216
Annotated 5SS: [   69  7095 11163 15522 15992 21874]
Annotated 3SS: [ 6922 10998 15472 15903 21769 22629]
SMsplice 5SS: [   69  7095 11163 21874]
SMsplice 3SS: [ 6922 10998 21769 22629]
length: 24874
Partition function (logZ) = -10.183817442249609
#Exons = 761
3SS, 5SS, prob
0, 69, 0.9759123012830826
6922, 7095, 0.7383455838280236
21769, 21874, 0.7149750105498628
10998, 11163, 0.5946435074334102
22629, -1, 0.4912136181266639
11092, 11163, 0.36002603941212724
15903, 15992, 0.3231306056699583
5634, 5761, 0.27067385227339646
15472, 15522, 0.22407877560220674
12472, 12616, 0.20782855578152526
23014, 23182, 0.1723666806157719
8850, 8880, 0.16486638541479906
23761, -1, 0.14775641308219492
15903, 16148, 0.1438490118962124
21769, 21932, 0.1382193116121288
5663, 5761, 0.1324569815436009
15903, 16052, 0.11622855478164854
8801, 8880, 0.07411976944707885
6135, 6289, 0.061238117623416854
3040, 3191, 0.05971872927962216
22788, -1, 0.05843325238495864
4943, 5121, 0.05805565954619783
6221, 6289, 0.0567542739970617
7001, 7095, 0.05098256382769013
6176, 6289, 0.04891243571394002
23442, -1, 0.04375106551734652
24766, -1, 0.042910665256503694
15507, 15522, 0.039757060461182075
24258, -1, 0.03755507370770652
8850, 9010, 0.03358630481586631
9877, 10013, 0.03319253351217337
4943, 5222, 0.032636623474424975
5697, 5761, 0.03104199064141777
21769, -1, 0.030606935217100627
6665, 6859, 0.03054578920530903
22252, -1, 0.025329476814436345
8620, 8880, 0.024551962128067057
6315, 6389, 0.02243122937217207
5607, 5761, 0.021768845149716637
6973, 7095, 0.019219594414020692
23014, -1, 0.018899276529976167
23265, -1, 0.01874099808485718
8569, 8880, 0.017476203548696133
15472, 15537, 0.0172377160547347
13411, -1, 0.015888110901124464
9761, 10013, 0.015773684314587096
8912, 9010, 0.015540010287145883
5302, 5421, 0.014242909356423226
4473, 4671, 0.014124986818835995
2886, 3021, 0.014104662402985819
15909, 15992, 0.01407692700174055
6983, 7095, 0.013422308577669007
5400, 5421, 0.013223157150118623
6135, 6264, 0.01304730116259506
15472, 15614, 0.012458298252469618
22788, 23182, 0.012367988000685623
3040, 3195, 0.012150006262902613
8662, 8880, 0.011697491381387964
11028, 11163, 0.011632279056802985
5043, 5222, 0.01069257334559047
3289, 3373, 0.010449805969431434
15507, 15614, 0.010434029981069796
9761, 9881, 0.010239881344426716
0, 398, 0.010222560715400324
365, 415, 0.010100893812727217
3452, 3569, 0.009898400386422812
22030, -1, 0.009801282983444293
4943, 4993, 0.009591559321235451
15106, 15221, 0.00865430401508686
1404, 1546, 0.008609728292370755
0, 415, 0.008580929011197008
7020, 7095, 0.008243868327467868
15909, 16148, 0.008152137889309788
8850, 8872, 0.008095522147932348
15171, 15522, 0.008004964867105852
5111, 5222, 0.007805602100751604
22629, 23182, 0.007591200875399471
5978, 6289, 0.006868781143513458
5700, 5761, 0.006737636335417361
4943, 4967, 0.00664221159910224
10952, 11163, 0.006621991442656876
16109, 16148, 0.006394815311218004
15128, 15221, 0.005913828347701627
6176, 6264, 0.005900735117782572
6000, 6289, 0.005858063213765257
5043, 5121, 0.005716513472182697
365, 398, 0.0056704184231867885
10912, 11163, 0.005665002692735621
8850, 8864, 0.005486674609895036
15909, 16052, 0.005372201990334672
17068, -1, 0.005321155268131028
22859, -1, 0.005207586596805522
6135, 6272, 0.005072838875120052
13843, -1, 0.004919220373783715
22014, -1, 0.004900701986621526
15903, -1, 0.00481329686684516
6227, 6289, 0.004640690320252902
8588, 8880, 0.004572653381158464
8850, 8913, 0.004553440032776049
0, 166, 0.004498529030999714
16508, -1, 0.0042170538987453725
5962, 6289, 0.0040901250121596925
8801, 8872, 0.003998693254585175
17964, -1, 0.003926121852643211
4839, 4967, 0.0037811432243831378
5312, 5421, 0.003754445937616758
1482, 1652, 0.0037244548562682337
16261, -1, 0.003689602437796463
2886, 3191, 0.0036889529219258236
6221, 6264, 0.00365936595556095
22173, -1, 0.0036318649046132205
22859, 23182, 0.0035947553692964587
872, 979, 0.003553141532294229
3040, 3268, 0.0033768470313994626
5244, 5421, 0.003363887391061922
15507, 15537, 0.003333929220881247
222, 398, 0.003319456641127424
6315, 6859, 0.0032687502163969537
1349, 1546, 0.0031818650880020027
4943, 5421, 0.0030493806034101478
8801, 8864, 0.0028854577765950575
6016, 6289, 0.0028632774356361513
6176, 6272, 0.002821270173237884
5945, 6289, 0.002705747342963792
1404, 1652, 0.0026939771431600513
2858, 3021, 0.002292619334435222
222, 415, 0.00225844799321248
15472, -1, 0.002256473347541243
6315, 6505, 0.0022524880034451747
6221, 6272, 0.0020633792595618925
8620, 8864, 0.001961363244527593
12571, 12616, 0.0019015889227377855
8620, 8872, 0.0018680492618337627
199, 398, 0.001844457575193905
3040, 3373, 0.0017853036335369913
5258, 5421, 0.0017442240632568546
2739, 2871, 0.0016767999086922578
1482, 1546, 0.001631000346860683
15507, -1, 0.0016084361630610163
9306, 9515, 0.0015546674063972687
16838, -1, 0.0015453766342276019
365, 468, 0.0015159108972402323
5978, 6264, 0.0014644866122932726
12472, -1, 0.0014502492517469386
4839, 4993, 0.0014127335342722957
3421, 3569, 0.0013884136177572176
5400, 5761, 0.0013756516641567306
199, 415, 0.0012908593950262132
13216, -1, 0.0012208718931215892
1720, 1768, 0.0012168150370805207
5045, 5222, 0.0012060017469813383
6000, 6264, 0.001196863838641946
1349, 1652, 0.0011169435263050633
3319, 3373, 0.0010974643576543478
5020, 5121, 0.0010805564983296387
9902, 10013, 0.0010287148953216385
1979, 2191, 0.0009483362606038608
5020, 5222, 0.0009354995381722718
6003, 6289, 0.0009037131715168848
4473, 4585, 0.0009024255602504126
5211, 5421, 0.0008817526427564254
3273, 3373, 0.00086660820753363
5043, 5421, 0.000860167146234905
2886, 2962, 0.0008455543135989586
5261, 5421, 0.000828611062600795
4712, 4967, 0.0008252113823734701
5111, 5421, 0.0007976359283942324
15171, -1, 0.0007954170810769257
20612, -1, 0.0007910688195499586
6221, 6389, 0.0007852062749119096
15106, -1, 0.0007669510234098277
1349, 1424, 0.0007633770613089261
3962, 4232, 0.0007565446462861224
2886, 3195, 0.000725417814929353
5962, 6264, 0.0007069016976375278
387, 415, 0.0006990113383624918
8505, 8880, 0.0006813330202790021
4123, 4232, 0.0006611580330904181
8569, 8864, 0.0006562465517456574
12997, -1, 0.0006553551673175575
8569, 8872, 0.0006325294996586598
15128, -1, 0.0006171785985597223
1482, 1768, 0.0006162393182723923
331, 415, 0.0005989378458125126
4846, 4967, 0.0005874397363438796
12511, 12616, 0.0005712138002584495
5081, 5222, 0.0005608540236388237
5045, 5121, 0.0005580869114041553
8801, 8913, 0.0005543286680735288
2858, 3191, 0.000546033647081867
13425, -1, 0.0005435392379236808
4300, 4423, 0.000530036402935409
3086, 3191, 0.0005068552758629528
14612, -1, 0.0005017395169696243
3452, 3587, 0.0005010909552836561
3168, 3268, 0.0005010004275207318
577, 644, 0.000492833776959645
4839, 5121, 0.0004797108385162508
1404, 1768, 0.00047571286485554014
14658, -1, 0.0004685462607281839
365, 644, 0.0004389196895109098
2858, 2871, 0.00042993745214123203
331, 398, 0.00041523239063906507
6922, 7048, 0.00040506666140044975
10998, -1, 0.00039657067218572706
387, 398, 0.00039214796365806765
3168, 3373, 0.0003789530688171532
16240, -1, 0.00037250549851014877
13216, 13308, 0.00036456432705195914
2858, 2962, 0.00034539329976970325
6315, 6624, 0.0003413851348913977
3457, 3569, 0.0003390356355923086
13995, -1, 0.00032596287124127385
8801, 9010, 0.0003236604693155515
4352, 4671, 0.0003162515285460033
14835, -1, 0.0003161201187684404
15669, -1, 0.00031314004111601587
12615, -1, 0.00030897227846189376
13160, -1, 0.00030714267347211656
4503, 4671, 0.0003051118780884043
1788, 2191, 0.000302454209802685
3040, 3328, 0.0002966961605094787
4352, 4423, 0.000293124443147439
6315, 6366, 0.0002920363201347812
6016, 6264, 0.0002917705582378274
2106, 2191, 0.00028722986968583166
2828, 2871, 0.00028012270755696533
12834, -1, 0.0002754458233620513
5945, 6264, 0.0002712783751684321
5978, 6272, 0.0002605147643610441
11092, -1, 0.0002550833744827981
12472, 12572, 0.00025329444804717867
3977, 4232, 0.00024833264694157055
2828, 3021, 0.00023952529932889122
2886, 3268, 0.00023789867673933913
4075, 4232, 0.00022843086373999406
16109, -1, 0.00022582315386279945
0, 644, 0.00022339666691739666
13456, -1, 0.00022093097016660383
6000, 6272, 0.00021514341114694247
146, 398, 0.000202758237722228
1278, 1424, 0.00020206466873934437
1278, 1546, 0.00019774555558894113
1349, 1768, 0.00019723418893864402
810, 979, 0.00018500421334637616
17789, -1, 0.00018410294088524158
257, 398, 0.00018097982043266107
13785, -1, 0.00017606634731885833
1448, 1546, 0.00017501121326149007
387, 468, 0.0001744974379336001
1595, 1768, 0.0001725154091556266
4497, 4671, 0.00017019106567088153
3289, 3328, 0.00016245741187119212
15171, 15221, 0.0001570107042839459
1723, 1768, 0.0001523473114288323
4385, 4671, 0.00015023160579941112
4712, 4993, 0.00014506944877909353
146, 415, 0.00014190208525407847
4839, 5222, 0.00013381128941315594
2004, 2191, 0.00013143962432419565
12976, -1, 0.0001307034125259412
14815, -1, 0.00012867898913295362
257, 415, 0.0001269752405446959
3168, 3191, 0.0001266955861318254
13180, -1, 0.00012502312630575084
4846, 4993, 0.00012231595076539373
2759, 2871, 0.00012219660721880845
4981, 5121, 0.00012146945523409639
15909, -1, 0.00011981089604113596
4955, 5121, 0.0001191653411624072
789, 979, 0.00011821824574508681
4536, 4671, 0.00011782783843449877
2056, 2191, 0.00011271063737849473
1651, 1768, 0.00010872086452071306
1595, 1652, 0.00010794669607344148
13156, -1, 0.00010642214426248785
1404, 1424, 0.00010394980084921061
4525, 4671, 0.0001038840100970866
387, 644, 0.00010224561408665546
1448, 1652, 0.00010157995379060253
297, 398, 0.00010141037279090632
1428, 1546, 0.00010098825554111842
297, 415, 9.845847282050272e-05
887, 979, 9.749426154765605e-05
4712, 4776, 9.559530764387776e-05
2150, 2191, 9.525193153558664e-05
311, 415, 9.516976064211217e-05
4569, 4671, 9.031838187471029e-05
12757, -1, 8.990095017740181e-05
4712, 4814, 8.98772051265522e-05
0, 979, 8.873094442425531e-05
12633, -1, 8.768961765677536e-05
2990, 3191, 8.476117813757084e-05
311, 398, 8.22885123924108e-05
11704, -1, 8.171344843725853e-05
1470, 1652, 7.944729546454946e-05
916, 979, 7.889545870546158e-05
1619, 1768, 7.461043260525357e-05
4712, 4797, 7.352187931805158e-05
3289, 3569, 6.970861780980103e-05
0, 468, 6.941853002281819e-05
3086, 3195, 6.774654212532083e-05
0, 81, 6.740118365813033e-05
2858, 3195, 6.713255621459311e-05
2886, 3373, 6.667641927142464e-05
8850, -1, 6.405560430486203e-05
868, 979, 6.224270578941994e-05
12472, 12634, 5.678763010246602e-05
12571, -1, 5.650106400396477e-05
6922, -1, 5.387718560573437e-05
4171, 4232, 5.249593942667591e-05
0, 375, 5.238658522464767e-05
13160, 13308, 5.212244725939284e-05
4094, 4232, 5.107736451668223e-05
11635, -1, 5.0383424733528576e-05
13954, -1, 4.966413857574351e-05
9761, -1, 4.847044782474541e-05
0, 811, 4.608679167887462e-05
2266, 2357, 4.482179750737142e-05
1278, 1652, 4.2990257203449585e-05
7184, -1, 4.149903354658074e-05
2667, 2871, 4.105734288234556e-05
11406, -1, 4.0643719362864114e-05
222, 468, 3.876337909077108e-05
0, 1306, 3.819046136957317e-05
13216, 13372, 3.805330473519493e-05
613, 644, 3.774232042099721e-05
1470, 1546, 3.622167333517311e-05
0, 1652, 3.568136198418662e-05
1364, 1546, 3.5555865140481736e-05
2064, 2191, 3.4028857893884695e-05
13089, -1, 3.2929372058346245e-05
1345, 1546, 3.22232637143223e-05
0, 1768, 3.191105942299458e-05
3040, 3206, 3.1259640086097474e-05
3150, 3268, 3.086704182281189e-05
4473, 4776, 2.974638988809568e-05
13480, -1, 2.8793628486973375e-05
1457, 1546, 2.834159323747693e-05
13160, 13264, 2.8207197946899136e-05
11272, -1, 2.776201121933492e-05
0, 125, 2.7411496518664473e-05
13216, 13264, 2.6254760257483435e-05
0, 1546, 2.4667094583786573e-05
2828, 2962, 2.437424236414611e-05
2009, 2191, 2.3992291988908065e-05
1815, 2191, 2.3927075217758796e-05
0, 790, 2.371508387710306e-05
2190, 2357, 2.3605724705030193e-05
14385, -1, 2.2636472980085044e-05
365, 526, 2.1687777432024608e-05
8912, -1, 1.9531141674893906e-05
263, 398, 1.8516105314707906e-05
9306, -1, 1.8424747931551977e-05
0, 311, 1.734606838751828e-05
4647, 4776, 1.6935841913401997e-05
1219, 1306, 1.6643342730978177e-05
6247, 6289, 1.6617215589043823e-05
4300, 4671, 1.6133899733802432e-05
3168, 3328, 1.5790801869243673e-05
4319, 4423, 1.4865825155487528e-05
331, 468, 1.4730015312053842e-05
365, 479, 1.4430800477322204e-05
8569, -1, 1.4319368217028667e-05
11669, -1, 1.3728911791975707e-05
11555, -1, 1.3621355979085589e-05
4647, 4671, 1.350891283589653e-05
1788, 1918, 1.350681908514947e-05
577, 979, 1.3031745036086274e-05
4494, 4671, 1.2876775462737152e-05
2739, 3021, 1.2315112592850965e-05
4327, 4423, 1.2279612516921773e-05
11696, -1, 1.2215879997268562e-05
11250, -1, 1.219003123907908e-05
6315, -1, 1.185661208031852e-05
11235, -1, 1.1762142719290118e-05
0, 2191, 1.1630468495076493e-05
4281, 4423, 1.1378839637519446e-05
199, 468, 1.1251705488612546e-05
2601, 2871, 1.1087216182947546e-05
9877, -1, 1.0792664842253471e-05
577, 811, 1.042900697249658e-05
3421, 3587, 9.90108828451161e-06
222, 375, 9.376608220626133e-06
1114, 1306, 9.325068870048185e-06
8662, 8864, 9.274634454007563e-06
1278, 1306, 9.270774797970012e-06
7746, -1, 9.190145627179778e-06
8662, 8872, 8.784503534398597e-06
8620, -1, 7.786406056913784e-06
1428, 1652, 7.278570467667369e-06
12366, -1, 6.994033652027162e-06
2601, 2717, 6.97766311826499e-06
1457, 1652, 6.842764544979931e-06
577, 790, 6.814888184624894e-06
1720, 2191, 6.696712205439709e-06
2563, 2717, 6.209326349496796e-06
2886, 3078, 5.80021708877611e-06
2739, 2838, 5.656632810327802e-06
613, 811, 5.351588192586484e-06
7207, -1, 5.331212375616901e-06
0, 132, 5.288996770734724e-06
1219, 1424, 5.1360538547019865e-06
387, 526, 5.048635055939006e-06
585, 644, 4.944972596541498e-06
2886, 2894, 4.921528042441412e-06
199, 375, 4.874971064492476e-06
1345, 1424, 4.715022367068172e-06
0, 526, 4.430823164295455e-06
263, 415, 4.402601801106364e-06
2739, 2962, 4.37907811346704e-06
2739, 2894, 4.248108219860994e-06
1482, 1751, 4.237270450176306e-06
8801, -1, 4.221546167874283e-06
10912, -1, 4.163220247635393e-06
365, 375, 4.099945631831847e-06
2563, 2871, 4.085063682695827e-06
2361, 2501, 3.938870119697302e-06
2266, 2501, 3.830390423703184e-06
2858, 2894, 3.69579182097211e-06
613, 790, 3.5728428275008827e-06
3040, 3078, 3.4362908263661634e-06
1720, 1751, 3.2718770419660788e-06
1404, 1751, 3.2710085274534487e-06
374, 415, 3.2351382952217344e-06
1050, 1306, 3.2124807579769624e-06
2023, 2191, 3.0283799908560167e-06
3168, 3195, 3.0201719520349645e-06
8505, -1, 3.0195422713767875e-06
0, 102, 2.9607656828015404e-06
2828, 3191, 2.9498640055992306e-06
2739, 2836, 2.9221731976493226e-06
3040, 3257, 2.8702986782895175e-06
3452, -1, 2.6600813803819788e-06
872, 1306, 2.6321594637015398e-06
0, 324, 2.606141008722921e-06
671, 811, 2.58713819285354e-06
2696, 2871, 2.5493157134038992e-06
0, 248, 2.38693413635668e-06
0, 73, 2.3627418995151996e-06
199, 311, 2.2903738635719203e-06
1936, 2191, 2.2376383638226726e-06
222, 311, 2.213006295775425e-06
2828, 2894, 2.2108167646231464e-06
1438, 1546, 2.1687484437600924e-06
0, 34, 2.0251107197555067e-06
3150, 3191, 2.0231905908277624e-06
8588, -1, 2.018510394267574e-06
387, 479, 1.983975283881447e-06
0, 25, 1.930640490377044e-06
3107, 3191, 1.8181761156985801e-06
2034, 2191, 1.7997912841107022e-06
2886, 3206, 1.7758077420085268e-06
365, 811, 1.7578284721286085e-06
1364, 1652, 1.7336613387724112e-06
3040, 3275, 1.729339270906477e-06
1448, 1768, 1.6769737687659888e-06
1950, 2191, 1.6527363750397112e-06
4943, -1, 1.635510046573e-06
3040, -1, 1.5774867228059949e-06
1345, 1652, 1.5689093507828577e-06
3040, 3108, 1.5611965003674029e-06
1219, 1546, 1.4633717781691744e-06
3086, 3268, 1.4531520225310197e-06
671, 790, 1.4276065257350992e-06
1815, 1918, 1.4180534233608703e-06
1720, 1918, 1.3978847312526784e-06
1349, 1751, 1.3562397735479539e-06
613, 979, 1.3489837200092646e-06
2990, 3195, 1.3484550395476154e-06
1470, 1768, 1.3115878234015909e-06
1595, 1751, 1.2733998524809587e-06
2886, -1, 1.2395463682601192e-06
964, 979, 1.2319797975036332e-06
1278, 1768, 1.168537587018684e-06
2607, 2717, 1.1617958810199042e-06
365, 790, 1.14866105802726e-06
222, 644, 1.1402171109084906e-06
0, 479, 1.137958312146695e-06
367, 415, 1.0842638445395632e-06
3257, 3373, 1.0690408355301044e-06
3150, 3373, 1.0589943318684265e-06
5634, -1, 1.042085656626366e-06
2886, 3013, 1.0348748668972166e-06
3231, 3373, 1.03158288187933e-06
1364, 1424, 9.996542674586268e-07
2886, 3328, 9.93479198938782e-07
7001, -1, 9.7037230484723e-07
3273, 3328, 9.451268867201644e-07
8662, -1, 9.434971153382682e-07
2858, 3078, 9.313687241105207e-07
1125, 1306, 9.28445763160889e-07
2667, 2717, 9.119052634257486e-07
374, 398, 8.668394603952577e-07
1536, 1652, 8.480222185555945e-07
1619, 1652, 8.280940578928129e-07
2190, 2501, 8.207916348607611e-07
3244, 3373, 7.956222818039635e-07
8365, -1, 7.887890403288195e-07
1438, 1652, 7.822218379023648e-07
3228, 3373, 7.79850135571128e-07
331, 644, 7.75229673909133e-07
2371, 2501, 7.313275530207779e-07
789, 811, 7.163062391720875e-07
365, -1, 7.007000278538563e-07
1600, 1768, 6.877402133194684e-07
7611, -1, 6.669869773031077e-07
3319, 3328, 6.512126924440639e-07
2858, 3268, 6.50132909525088e-07
3319, 3569, 6.384620397891612e-07
367, 398, 6.247614638094453e-07
1890, 2191, 6.202791254397399e-07
0, 199, 6.063941233110653e-07
199, 644, 5.896761196497943e-07
1850, 2191, 5.895965303660871e-07
1052, 1306, 5.623371755888132e-07
964, 1306, 5.619760462480485e-07
2886, 3108, 5.547354591982365e-07
5663, -1, 5.502113654199649e-07
1428, 1768, 5.083148494420471e-07
683, 811, 5.014623845187229e-07
3289, -1, 4.789938507884517e-07
1457, 1768, 4.7445965385156795e-07
1651, 1751, 4.6879928831355304e-07
146, 375, 4.6479779234595183e-07
5978, -1, 4.644860886998899e-07
671, 979, 4.6310494476436687e-07
585, 811, 4.57856278762283e-07
2563, 2692, 4.491407280712196e-07
1114, 1424, 4.4010241670486647e-07
1219, 1652, 4.1738905864889006e-07
3421, -1, 4.154880237200909e-07
627, 811, 4.109191048218765e-07
0, 792, 3.901658971890691e-07
0, 110, 3.829767611835846e-07
387, 811, 3.655926398667582e-07
365, 979, 3.5062732331353956e-07
4473, -1, 3.4995247251800226e-07
257, 375, 3.4451671419354296e-07
2266, -1, 3.4248197318340375e-07
3962, -1, 3.3762229301054623e-07
146, 311, 3.255964811830465e-07
222, 526, 3.128748577598354e-07
2601, 2692, 3.019497424057732e-07
5697, -1, 2.9772300462781366e-07
2858, -1, 2.941149696029166e-07
331, 375, 2.9235840397910866e-07
0, 216, 2.8874710953720284e-07
374, 468, 2.8567025704299457e-07
2190, -1, 2.765829599520402e-07
5400, -1, 2.7095307621782576e-07
0, 107, 2.7050820016869507e-07
3728, -1, 2.628488646651441e-07
1404, -1, 2.6119086059613413e-07
1349, -1, 2.5836494373919906e-07
6221, -1, 2.2825642413461151e-07
222, 324, 2.1190150654312938e-07
872, -1, 2.0940464909579986e-07
577, 707, 2.0545905338810371e-07
5962, -1, 1.975707986793047e-07
1788, -1, 1.959784934979734e-07
5945, -1, 1.8666647283962507e-07
199, 324, 1.779979433296475e-07
872, 964, 1.611959423458212e-07
4712, -1, 1.5786975082340744e-07
577, -1, 1.3978283950802246e-07
0, 707, 1.3294104438145152e-07
872, 981, 1.3265497365540728e-07
222, -1, 1.2187160046862098e-07
387, -1, 1.1531562415895142e-07
0, 630, 1.0817358921765622e-07
5043, -1, 1.0564465905368725e-07
146, 166, 1.0152337677185904e-07
199, -1, 1.0022287348814919e-07
1482, -1, 9.872181156361725e-08
577, 674, 9.842477451102219e-08
3319, -1, 9.768699628457311e-08
814, 979, 9.098250305935652e-08
2045, 2191, 9.044567738278902e-08
3977, -1, 8.80587749462404e-08
577, 792, 8.588392951723805e-08
365, 630, 8.427039004574058e-08
1619, 1751, 8.419275185854958e-08
921, 979, 8.36268086960141e-08
585, 790, 8.268514976141155e-08
627, 790, 8.185835440912818e-08
872, 1109, 8.183489024441524e-08
0, 157, 7.740983501491129e-08
222, 479, 7.549335535096964e-08
3457, -1, 7.516889746574136e-08
2739, -1, 7.369460442251046e-08
0, 779, 7.365956907728432e-08
1723, 1751, 7.084723460959355e-08
2361, -1, 7.070545870867912e-08
1541, 1652, 6.868801108058388e-08
132, 398, 6.831497957498128e-08
0, 776, 6.73998631746727e-08
1720, -1, 6.268166567552551e-08
1135, 1306, 5.971160888025582e-08
2828, -1, 5.8673194799379245e-08
0, 674, 5.8455091064008694e-08
916, 1306, 5.819700772997666e-08
613, 707, 5.499549118404395e-08
1278, -1, 5.056353152465423e-08
577, 630, 4.710445066990488e-08
613, 792, 4.4394557366279456e-08
3168, -1, 4.4137674175297574e-08
613, -1, 4.078962637431388e-08
1057, 1306, 4.014498604418954e-08
0, 243, 3.5095535607756674e-08
365, 707, 3.2858001734400964e-08
1979, -1, 3.013370415953032e-08
0, 664, 2.9670798732501708e-08
683, 790, 2.879979719534596e-08
387, 790, 2.831355335036036e-08
365, 674, 2.7610955546950565e-08
337, 415, 2.7053774073593534e-08
311, 468, 2.6737637944914253e-08
2563, -1, 2.661913409930299e-08
331, 526, 2.6575051977711415e-08
331, 479, 2.6276684639343912e-08
146, 468, 2.5540051196354068e-08
146, -1, 2.5481839819469242e-08
0, 434, 2.4196444380425343e-08
964, 1109, 2.367723660607888e-08
623, 811, 2.3267486218402934e-08
887, 1306, 2.1777438952069864e-08
629, 811, 2.1723205879631604e-08
810, -1, 2.0819695276924143e-08
1815, -1, 2.0216123805900074e-08
810, 1306, 1.9883894434331642e-08
789, -1, 1.9846732384935462e-08
146, 324, 1.9687473731836203e-08
627, 644, 1.9633026809841977e-08
387, 630, 1.963064766848309e-08
367, 468, 1.8909199391179447e-08
199, 526, 1.8836485352633633e-08
671, 792, 1.8450112867616036e-08
132, 415, 1.810158808676983e-08
374, 644, 1.7359958832475566e-08
257, 468, 1.7358488326904705e-08
297, 468, 1.7243203692204535e-08
999, 1306, 1.70828822865341e-08
623, 790, 1.6645506672995894e-08
199, 479, 1.6559948554275564e-08
1114, -1, 1.6185636630196625e-08
274, 398, 1.6002531212355286e-08
629, 790, 1.5928053805152802e-08
337, 398, 1.5630642008677338e-08
1050, -1, 1.532742822317789e-08
0, 419, 1.4996575948094796e-08
331, -1, 1.4640869611413465e-08
365, 792, 1.4475883194881636e-08
157, 398, 1.4400834060731936e-08
727, 811, 1.396457779675805e-08
789, 1306, 1.3631617091303617e-08
683, 979, 1.3342754635271733e-08
810, 964, 1.3158421358000154e-08
1050, 1109, 1.281290457959341e-08
1219, -1, 1.2642063760800029e-08
585, 979, 1.264017764694268e-08
964, -1, 1.2479379772005008e-08
274, 415, 1.2180232850922764e-08
0, 613, 1.1997732444989042e-08
613, 674, 1.1911819952473357e-08
297, 375, 1.1911361821299e-08
623, 644, 1.1808098720823445e-08
916, -1, 1.1358709616369133e-08
627, 979, 1.1340888042561236e-08
745, 979, 1.1100971269328527e-08
387, 979, 1.0095907207359204e-08
397, 415, 1.0017385970503836e-08
157, 415, 9.78597500545116e-09
468, 644, 9.682801188971594e-09
978, 1306, 9.474775861771057e-09
2036, 2191, 9.42591443750198e-09
585, 707, 9.359284795584676e-09
916, 1109, 8.933680754382849e-09
276, 398, 8.71446384335086e-09
1050, 1194, 8.584803060069675e-09
745, 811, 8.529474363457949e-09
367, 644, 8.47656489466477e-09
727, 979, 8.41217898450815e-09
654, 811, 8.334454033991471e-09
789, 964, 8.270525541371534e-09
868, 1306, 7.954753769855428e-09
629, 644, 7.931020531124057e-09
311, 375, 7.920051726001814e-09
938, 979, 7.720946521067205e-09
387, 707, 7.654217036236847e-09
1751, 1768, 7.464749378624641e-09
1114, 1194, 7.383826386018008e-09
526, 644, 6.752027074629916e-09
276, 415, 6.733201478082311e-09
810, 981, 6.561238547664145e-09
146, 644, 6.521712166255289e-09
387, 674, 6.431926324752208e-09
872, 1194, 6.2424605503465615e-09
374, 526, 6.238758340842592e-09
263, 375, 6.159565821616108e-09
311, 644, 6.077666088119377e-09
163, 398, 5.823128491511433e-09
659, 811, 5.721738828186164e-09
623, 979, 5.470992264516972e-09
654, 790, 5.3662039077313804e-09
257, 644, 5.207197461839027e-09
629, 979, 5.103576320922009e-09
677, 811, 5.099944965277028e-09
297, 644, 4.8744107697928105e-09
397, 644, 4.687946764011375e-09
789, 981, 4.23891006215552e-09
585, 792, 4.2231439206536704e-09
627, 792, 4.146455258824228e-09
498, 644, 4.091575545782464e-09
163, 415, 3.9570617667797e-09
132, 166, 3.945623294740162e-09
424, 644, 3.843747177991904e-09
887, 964, 3.76698175781959e-09
585, 674, 3.762987581911546e-09
887, 981, 3.7229278173504176e-09
683, 792, 3.570937565113519e-09
374, 479, 3.567493163957719e-09
397, 468, 3.5544342944950975e-09
387, 792, 3.3721329939803814e-09
887, 1109, 3.342693403578285e-09
613, 630, 3.3307065057233045e-09
727, 790, 3.2398975228691794e-09
916, 981, 3.1154643821133745e-09
659, 790, 3.1097718921351724e-09
868, 964, 2.9550265668919173e-09
222, 811, 2.8958348886828836e-09
263, 468, 2.6855611308190187e-09
367, 526, 2.605592541365768e-09
257, 324, 2.575378514293559e-09
627, 707, 2.5262903692338965e-09
257, 311, 2.4062209113013504e-09
677, 790, 2.3453925122377925e-09
0, 424, 1.8826786548252137e-09
169, 398, 1.8724023551304965e-09
1052, 1194, 1.7957127138683938e-09
146, 526, 1.793567207518679e-09
964, 1194, 1.6002013830456795e-09
0, 402, 1.378832161825608e-09
810, 1109, 8.836450250601292e-10
1052, 1109, 7.047243504959355e-10
916, 964, 6.64514189278049e-10
868, 981, 6.349151843664555e-10
789, 792, 5.848046621222438e-10
821, 979, 5.776002168686798e-10
331, 811, 5.449810981950878e-10
623, 792, 5.409953225438481e-10
222, 790, 5.279965060698888e-10
629, 792, 5.191000494011053e-10
311, 526, 4.604744305692265e-10
367, 479, 4.516795987238355e-10
311, 479, 4.1292416176219666e-10
146, 479, 4.1084597411917196e-10
257, 526, 3.945229317014352e-10
337, 468, 3.690800039022096e-10
0, 766, 4.626267979357846e-13
0, 736, 4.3021244378412053e-13
