Gene = Ice2
index = 556
Annotated 5SS: [  148  1182  2676  9461 10474 12344 12984 13561 14478 18456 19204 23885
 27836 28996 30669]
Annotated 3SS: [ 1039  2570  9210 10353 12205 12866 13400 14295 17431 19027 23754 27750
 28944 30409 34134]
SMsplice 5SS: [   77  1813  2676  9461 12344 12984 18456 19204 23885 27836 30669 34260]
SMsplice 3SS: [ 1725  2570  9358 12205 12866 18350 19027 23754 27750 30576 34134 35189]
length: 35217
Partition function (logZ) = 6.180171626592973
#Exons = 1316
3SS, 5SS, prob
23754, 23885, 0.9857741895660267
2570, 2676, 0.9559105701874241
27750, 27836, 0.8797628831516616
1725, 1813, 0.8311610440136223
12205, 12344, 0.8257049028259927
12866, 12984, 0.7787107247621101
9358, 9461, 0.7745165872716201
30576, 30669, 0.7650058729698389
18350, 18456, 0.7063638282195475
35189, -1, 0.5289856756859665
19027, 19204, 0.4960521033781586
14295, 14478, 0.4354916730235926
17431, 17499, 0.41996277669464505
10353, 10474, 0.38957546382655045
0, 77, 0.37203999787590575
28944, 29094, 0.3697924889616107
25529, 25594, 0.365249577304519
18730, 18907, 0.32930252176052255
34134, 34260, 0.3010173843244818
3500, 3604, 0.2809755404576922
27589, 27683, 0.25853688306611416
0, 544, 0.2015980418782801
34169, 34260, 0.1859362948790724
13400, 13561, 0.18299646462217964
0, 148, 0.175968725329619
25529, 25752, 0.16505644417297813
3500, 3600, 0.15271474382362962
19148, 19204, 0.15237683791990125
1039, 1182, 0.14974438448872915
34704, -1, 0.14754987171379924
31951, 32081, 0.14637245706933877
27338, 27486, 0.14315832588674182
18730, 18852, 0.1261988964024907
0, 594, 0.11977332848212947
19048, 19204, 0.11357133142938688
25708, 25752, 0.11313972852877349
9210, 9461, 0.09510976053865015
2344, 2458, 0.08913337093965164
27750, 27854, 0.08733221712896842
2318, 2458, 0.0861972711668714
12920, 12984, 0.08389189188462737
2090, 2256, 0.08023978866067079
28944, 28996, 0.08021394875526439
19148, 19235, 0.07871554531152283
30444, 30669, 0.07834768482000959
22514, 22603, 0.07745408402927541
401, 544, 0.07345194912000436
32832, -1, 0.07003397410946313
20363, 20514, 0.06672889869196198
30550, 30669, 0.06623699910583383
19027, 19235, 0.0627305232932662
31466, 31642, 0.06128776679504637
18840, 18907, 0.05976120868202224
6689, 6778, 0.059740724645500475
26841, 26937, 0.05970140130089646
33582, -1, 0.05712655784288168
30326, 30382, 0.05092257655849353
30213, 30382, 0.0473003889315808
381, 544, 0.045475867356255695
17431, 17448, 0.0438555564628587
8377, 8673, 0.04270895258401546
18740, 18907, 0.042135984493636626
34134, -1, 0.0404866656912565
25508, 25594, 0.040022620884285286
0, 426, 0.04002126077551555
25329, 25594, 0.0399136133925844
25660, 25752, 0.03600040822521979
12205, 12364, 0.03380324836262912
0, 772, 0.03323183830929034
32832, 32940, 0.03289158272036429
27206, 27486, 0.031204368243738984
31539, 31642, 0.0309850235265788
34704, 34921, 0.030666077925892554
4704, 4817, 0.030466100399823785
34169, -1, 0.029017002410779372
22877, 23053, 0.026539252633384077
15876, 15986, 0.024319796812936872
25329, 25414, 0.023476902106182054
18730, 18927, 0.023414757005446443
18442, 18456, 0.023318656425963823
23385, 23465, 0.02315216908423586
12891, 12984, 0.022398609322720697
16214, 16343, 0.022298897200033876
31955, 32081, 0.0221719826908917
24136, 24313, 0.021901051137795127
30326, 30669, 0.021884449441471054
2318, 2432, 0.02142366441633571
401, 594, 0.020542683736573288
25246, 25414, 0.020421394731712353
34331, -1, 0.020135681141223424
30447, 30669, 0.019889664990150425
15642, 15986, 0.019148666155183364
17431, 17528, 0.018333484663221208
1039, 1231, 0.017884645454956206
466, 594, 0.017212120909820244
31466, 31580, 0.017041109368220928
26845, 26937, 0.016922291373590283
0, 1182, 0.016810339626404984
9579, 9732, 0.016773955289350127
26046, 26212, 0.016635426005468065
466, 544, 0.01624451659388674
24091, 24313, 0.016146321628083507
28972, 29094, 0.016073373361950815
26475, 26663, 0.015641818251248097
16302, 16475, 0.015193829484847739
27355, 27486, 0.014791004869363958
2344, 2432, 0.01455397324646013
34820, -1, 0.014547077898570269
1725, 1876, 0.014286382260572503
953, 1182, 0.014057543423472672
34820, 34921, 0.013899757419978218
27776, 27836, 0.013675947648284855
18740, 18852, 0.013645264082685297
0, 226, 0.013589257907606222
23347, 23465, 0.013422423035767225
31489, 31642, 0.013382287364361619
24110, 24313, 0.013303834377843451
31466, 31674, 0.01326019730174905
25246, 25594, 0.013150984194925223
30329, 30382, 0.013004207167509607
381, 594, 0.012962724223131356
14345, 14478, 0.012878779469723045
19048, 19235, 0.012717202571677064
32004, 32081, 0.012595768088961973
28944, 29100, 0.012562046525467982
26077, 26212, 0.012489842484560008
22987, 23053, 0.012389361672773325
1624, 1813, 0.012295664606704943
28793, 28996, 0.01220298451321382
12796, 12984, 0.012022223490479655
31466, -1, 0.011881762212411526
2614, 2676, 0.011784908495823804
13672, 13776, 0.011569299670967578
15774, 15986, 0.011292628278184466
24957, 25073, 0.011040684564118977
8544, 8673, 0.01088421769549712
30353, 30669, 0.010752804433431167
25280, 25414, 0.010751256240540573
31539, 31674, 0.010678759916786325
12305, 12344, 0.010418902758073561
25465, 25594, 0.010118066941293781
18840, 18927, 0.009910163676482614
12871, 12984, 0.009437004051846025
1725, 1895, 0.008747089588195166
14295, 14472, 0.008691963942509089
27206, 27383, 0.008669753049223664
34581, -1, 0.008267725405181203
31951, -1, 0.007953908609723965
16214, 16475, 0.00781898877390467
25635, 25752, 0.007579705930664773
33884, -1, 0.007480641904303415
593, 772, 0.007377027043176433
1049, 1182, 0.007353437525361834
14295, 14607, 0.0072396182644531085
25508, 25752, 0.007051965625906277
502, 594, 0.006952120220624481
13454, 13561, 0.006907495256984535
13365, 13561, 0.006846243471250573
25280, 25594, 0.0068394036871008024
260, 544, 0.00683913356909734
12006, 12344, 0.0065832368958185766
27338, 27683, 0.006505275330925763
4597, 4817, 0.006482005739545087
30165, 30382, 0.006439471798455532
30329, 30669, 0.0063924758556711345
33631, -1, 0.00633466119769643
260, 426, 0.0063332103178655955
18730, 19204, 0.006325424876480179
413, 544, 0.006300865722705838
27338, 27480, 0.006250421085136605
12205, 12453, 0.00604810033468396
12006, 12136, 0.005985753942566793
18840, 19204, 0.005821438376103474
1582, 1813, 0.005795941907263899
19538, 19670, 0.005743127800847848
30353, 30382, 0.005702776344020196
10398, 10474, 0.005616255491989894
34704, 35017, 0.005570289385181054
22514, 22851, 0.005505676449133115
1994, 2256, 0.005420489150263769
1582, 1660, 0.005357701313184077
16793, 16968, 0.0053531809805260466
22987, 23129, 0.005296228422179013
22514, 22755, 0.0051310317953389166
32939, -1, 0.005092181444082387
2148, 2256, 0.0048559676277088746
31031, -1, 0.004826345740039064
0, 95, 0.004805369011975502
4636, 4817, 0.004526112419463681
19538, 19843, 0.004496735585362999
0, 963, 0.0044003733203808815
28793, 29094, 0.004343873594821321
0, 1231, 0.0042078266176791106
16333, 16475, 0.003984028111520854
11744, 11969, 0.0038280806900715843
31580, 31642, 0.003808368153532533
33690, -1, 0.003769525359244211
34820, 35017, 0.0037180010542145706
2344, 2477, 0.0036821901421624243
22723, 22851, 0.003681879114920771
25684, 25752, 0.0036137211287951354
1098, 1182, 0.00359851821885104
2344, 2483, 0.0035609560997658524
13653, 13776, 0.0035095358155632136
26109, 26212, 0.0035079568686061198
11740, 11969, 0.0034783624201476654
4671, 4817, 0.0032981312829354643
22880, 23053, 0.003252902306890703
32863, -1, 0.0031894199000797423
16302, 16419, 0.0031634996169825655
31580, 31674, 0.0031571361975006413
26441, 26663, 0.003059944242775639
20807, 20973, 0.003016219500638982
30416, 30669, 0.003005067327556497
3354, 3604, 0.0029777642681328522
25329, 25752, 0.0029527910274888105
2318, 2477, 0.002900743776514286
12039, 12344, 0.002895009321878653
31812, 32081, 0.002846953583441437
34426, -1, 0.0028254840539874908
31125, -1, 0.0028075694623014595
30307, 30382, 0.0027737832405643446
31539, -1, 0.0026978534824123146
27589, 27836, 0.0026849246877371584
2318, 2483, 0.002662077903565988
25711, 25752, 0.0026584093373370216
31489, 31674, 0.002566667158945102
13618, 13776, 0.0024962563423233577
1924, 2256, 0.002489724456761863
14132, 14478, 0.002445397078522759
16214, 16349, 0.0024243254999940646
34331, 34557, 0.0024197177596121267
683, 772, 0.002313517573945963
10353, 10648, 0.0023022944812035903
0, 285, 0.0023009191712458203
18710, 18907, 0.002238811870815712
31970, 32081, 0.00223243408329252
502, 544, 0.0022159253566409677
27750, 27880, 0.002207874345890611
2090, 2458, 0.002206197118789432
18740, 18927, 0.002194870627205165
33493, -1, 0.0021853998637764616
381, 426, 0.0021523215441268877
260, 594, 0.0021503034544147425
12305, 12453, 0.0020724051784218604
24136, 24266, 0.002053330344983805
2105, 2256, 0.0020454899811842447
2202, 2256, 0.002039178631505693
24435, 24532, 0.0020284454739634443
13306, 13561, 0.002015668168146026
662, 772, 0.0019751224559206816
30213, 30669, 0.0019347422618277114
953, 1231, 0.0018866759283687248
16214, 16419, 0.001885434393389652
31489, 31580, 0.001876391743304327
27338, 27383, 0.0018717555517992436
413, 594, 0.001865658601583926
16793, 16851, 0.0018614115821315334
26841, 27087, 0.0018507537158697616
312, 544, 0.0018493954926891453
33262, -1, 0.001829344881932852
20929, 20973, 0.0017939718266509154
16302, 16343, 0.0017870804411514727
34426, 34557, 0.0017848380614571965
3354, 3600, 0.0017832802290980647
27776, 27854, 0.0017682013598559192
33602, -1, 0.0017519950847821074
32128, -1, 0.0017410018687099708
19661, 19843, 0.0017282736538331298
1582, 1643, 0.0017204461446253827
13400, 13573, 0.0017167098162325966
26046, 26362, 0.0016542270825776132
0, 184, 0.0016511291786742268
26907, 26937, 0.0016335278343543073
14295, 14482, 0.0016238269334065537
25529, 25727, 0.0016213451042078738
2253, 2458, 0.0016198498839514084
10431, 10474, 0.0016061733885799586
32455, -1, 0.0015946648574884047
31489, -1, 0.0015890080424432612
26114, 26212, 0.0015725251427225289
2344, 2676, 0.0015445708142453338
2832, 3060, 0.0015425224756645585
0, 1001, 0.0015230182177479747
24091, 24266, 0.0015201295089053203
1894, 2256, 0.0015053180530740483
33951, -1, 0.0015050186536513421
28995, 29094, 0.0015022336607837185
25851, 26212, 0.0014660060840571197
34331, 34447, 0.001451739330293846
31812, -1, 0.0014006243608981072
1624, 1660, 0.0013795004509151944
30231, 30382, 0.0013767555415665855
312, 426, 0.001375571068787211
24110, 24266, 0.0013651500832774714
14385, 14478, 0.001353487706936322
2318, 2414, 0.0013458065663722518
1098, 1231, 0.0013311997029775266
12759, 12984, 0.0013011686038197435
27789, 27836, 0.0012976554912334595
13382, 13561, 0.0012861784830942274
20594, 20720, 0.001273702883994265
14968, 15087, 0.00126532573417528
1056, 1182, 0.001239504206592713
4710, 4817, 0.0012271168176546453
26907, 27087, 0.0012219173851467945
15876, 15992, 0.0012137171347564213
33582, 33848, 0.001182590613482963
30409, 30669, 0.0011762525873396375
1009, 1182, 0.0011683534669622818
26475, 26641, 0.0011680989381684082
12866, 12995, 0.0011659973367868447
31518, 31642, 0.0011536020377238756
1725, 2256, 0.0011426852720753961
26077, 26362, 0.0011406207937253634
23020, 23129, 0.0011274475511781797
401, 426, 0.0011224670773142724
2318, 2676, 0.0011171889750362762
14565, 14607, 0.0010878845885024407
10574, 10648, 0.001063944373745185
28925, 29094, 0.0010606186022792939
18710, 18852, 0.0010568840984055818
528, 594, 0.0010418421618536872
31955, -1, 0.0010398362131706547
14507, 14607, 0.0010274733983141812
12305, 12364, 0.0010262442500874997
0, 569, 0.0010110181627391941
12014, 12344, 0.00100927314173473
3046, 3060, 0.0009835344245692453
34704, 34795, 0.0009820491707200612
25360, 25594, 0.0009812496659388965
0, 433, 0.0009782394050346082
22514, 22847, 0.0009755715693688723
2318, 2405, 0.0009677133587702767
1084, 1182, 0.0009613296181358301
1000, 1182, 0.0009611961853901009
31951, 32066, 0.0009260495365631303
1049, 1231, 0.000911629782172719
27206, 27480, 0.0009075538519288139
9668, 9732, 0.0009025328929264972
953, 1001, 0.0008855347879530337
32004, -1, 0.0008712418245898893
2275, 2458, 0.0008690951497774848
22514, 23053, 0.0008645932883613769
32832, 32948, 0.0008591595554335393
1598, 1813, 0.000850407283306024
13400, 13533, 0.0008444527203991905
26046, 26174, 0.0008375946666514452
34871, -1, 0.0008370533953246268
31580, -1, 0.0008150256470725052
1771, 1813, 0.0007984540696224501
31371, -1, 0.0007695894843480091
0, 600, 0.0007639798278195189
28972, 28996, 0.0007598910238959169
15642, 15992, 0.0007543455353107768
14215, 14478, 0.0007491821481633141
1118, 1182, 0.0007487783607669359
33884, 34260, 0.0007463818906772755
0, 63, 0.0007392335050983679
28732, 28996, 0.0007365638279817924
2090, 2165, 0.0007319007889671359
2152, 2256, 0.0007311536493721548
2528, 2676, 0.0007268104402421381
866, 963, 0.0007267632517594645
25246, 25752, 0.0007238787233448684
925, 1182, 0.000723416578574703
13111, 13168, 0.0007121333147009827
4597, 4711, 0.000704161056109727
2090, 2432, 0.0006980504852863166
26475, 26575, 0.0006959344381285179
28827, 28996, 0.0006878219925580298
32770, -1, 0.0006766346424408702
29021, 29094, 0.000662722190496754
2344, 2414, 0.0006583870439377366
12727, 12984, 0.0006579270306656364
32563, -1, 0.0006554224591121178
22723, 22847, 0.0006489918946240144
31031, 31184, 0.0006462364200025426
715, 772, 0.0006275547655982829
18730, 19235, 0.0006216436259973453
25708, 25872, 0.0006208944199209768
25465, 25752, 0.0006137163743844051
26046, 26150, 0.0006107129320978824
2202, 2458, 0.0005979332959701695
32617, -1, 0.000596489535940595
28972, 29100, 0.0005938846774648693
401, 772, 0.0005935809250668175
32159, -1, 0.0005892600013432109
18840, 19235, 0.0005859333296784528
13400, 13776, 0.0005850778401392049
312, 594, 0.0005814710992271914
28925, 28996, 0.0005809832425347571
0, 360, 0.000578045881618912
3739, 3789, 0.000577365918915267
18740, 19204, 0.0005765394615552155
26060, 26212, 0.0005718077333261908
1039, 1235, 0.0005668020507968302
31063, -1, 0.0005566072051524911
28095, 28206, 0.0005554876483933061
3009, 3060, 0.0005503632463533302
1118, 1231, 0.0005248755571761428
2253, 2432, 0.0005182168457990631
34028, 34260, 0.0005159809747548082
31371, 31642, 0.0005122438684685145
18840, 18852, 0.0005120363132670645
2386, 2458, 0.0005085850384261528
617, 772, 0.0004985034793988342
5419, 5623, 0.00048235781477295726
1725, 1836, 0.00048137145533483936
466, 772, 0.0004793983983468918
13441, 13561, 0.00046812915955648875
27206, 27683, 0.0004668300473981815
31539, 31580, 0.00045684558593769663
30812, -1, 0.00045493716665359195
16302, 16454, 0.00045153418115038356
24306, 24313, 0.0004487088510715766
14530, 14607, 0.0004485414591009885
28033, 28206, 0.00044219580143269944
1905, 2256, 0.00042892465603032703
32840, -1, 0.0004192276500786823
2344, 2405, 0.0004141866861654215
1725, 1960, 0.00041355571414538673
32863, 32940, 0.00040839396935580716
1136, 1231, 0.0004057088690356521
33018, -1, 0.0004010588446783284
12866, 13168, 0.0003965986375195519
953, 963, 0.00039433995925665323
5528, 5623, 0.0003865135714761123
502, 772, 0.0003862323813959673
20363, 20720, 0.0003821465068628886
1598, 1660, 0.00038110218034418693
866, 1182, 0.00038067106200198895
12866, 13071, 0.0003790469113954614
0, 780, 0.00037681448937866325
381, 772, 0.0003738364325686358
1624, 1643, 0.0003732399475242994
0, 81, 0.00036507803745428643
866, 1001, 0.0003641646957271624
13408, 13561, 0.0003637821237136208
1725, 1827, 0.00035955592721383545
2255, 2458, 0.00035630341634785347
1725, 1863, 0.0003520955305816594
1136, 1182, 0.0003470161005053779
0, 669, 0.0003463040308954035
34028, -1, 0.0003451401450111861
32582, -1, 0.00034332370628258394
420, 544, 0.0003422170983802889
13672, 13754, 0.0003413787325078592
16330, 16475, 0.0003390736936193779
2253, 2256, 0.0003361982425937922
32141, -1, 0.00033490314761471234
0, 27, 0.0003334751290444021
27750, 27885, 0.00032760464350252265
15642, 15718, 0.0003195596477307564
24194, 24313, 0.0003140509049408167
4751, 4817, 0.0002974295954393598
14427, 14478, 0.00029622685512947045
511, 594, 0.0002899376922954449
25044, 25073, 0.0002866930648361
2275, 2432, 0.0002851875835599216
35070, -1, 0.0002819292878509978
474, 594, 0.00027671506299242494
14307, 14478, 0.0002758109947627222
3046, 3140, 0.0002670717104582725
12920, 13071, 0.000262115023888492
401, 569, 0.0002561648374316043
0, 731, 0.0002521303839272179
25851, 25872, 0.00024190361155864858
28944, -1, 0.00023872476696672938
12920, 13168, 0.00023776736767532487
2599, 2676, 0.000233305705018647
2117, 2256, 0.00023291771764866724
33690, 33848, 0.00022474545990022147
1084, 1231, 0.0002245947970243325
32179, -1, 0.00022344519310160303
528, 544, 0.00022319545545916006
2852, 3060, 0.00022112206842073818
15774, 15992, 0.00022021347937003287
0, 287, 0.00021946666277010993
0, 1660, 0.00021478418284526734
33951, 34260, 0.00021187511530482874
26109, 26362, 0.00021075620306401605
24306, 24532, 0.00020726406208797492
24091, 24216, 0.0002007517182710983
474, 544, 0.0002007378891013629
1994, 2165, 0.0001997598849343157
30307, 30669, 0.00019878526534837428
31125, 31184, 0.00018893912158406687
0, 1813, 0.00018517004123978344
12920, 12995, 0.00018467346208717142
641, 772, 0.00018251953057356096
30576, -1, 0.0001788642216892503
2107, 2256, 0.00017874684679859617
925, 1001, 0.00017296403193337316
2202, 2432, 0.0001698376066458388
1060, 1182, 0.0001690829040184445
1979, 2256, 0.00016906640109558862
2017, 2256, 0.00016510548823682762
528, 772, 0.0001650968312407038
30326, -1, 0.00016486684600974032
24181, 24313, 0.00016329859722596975
1056, 1231, 0.00016273468356508154
2148, 2458, 0.00016239740810213658
2065, 2256, 0.00016056390584839452
0, 812, 0.00015850152451433625
29076, 29094, 0.00015810202142148847
481, 594, 0.00015457804405918455
4636, 4711, 0.00015279814644189019
30778, -1, 0.00015220142531826263
13581, 13776, 0.0001511661472261728
381, 569, 0.00014987943483588586
1725, 1979, 0.00014886086268823254
1994, 2458, 0.0001487257815691441
0, 943, 0.00014600650367597103
13653, 13754, 0.00014320515944136593
4337, 4569, 0.00014299210808404547
1009, 1231, 0.0001428152808252728
26077, 26174, 0.00014215170108859582
0, 1010, 0.00014012418173453542
14920, 15087, 0.00013901993963075224
0, 617, 0.0001372692162110842
0, 1235, 0.0001370022223994618
0, 1643, 0.0001365513519089109
13704, 13776, 0.0001358915862930731
466, 569, 0.00013485076350150694
13618, 13754, 0.00013430161628203433
0, 548, 0.00013083158714072106
13675, 13776, 0.000129454634350131
32385, -1, 0.00012794154517852555
1725, 1799, 0.00012557053453139528
24110, 24216, 0.000123738025796346
1000, 1231, 0.00012301864397088318
260, 433, 0.00012137744852830154
25200, 25594, 0.00012069262907127539
632, 772, 0.00011815069998076294
2255, 2432, 0.00011795465732195162
3102, 3140, 0.00011734792268609662
24343, 24532, 0.00011288889915121948
2784, 3060, 0.00011249006648968687
420, 594, 0.00011234887712627245
31561, 31642, 0.0001096275502483767
24306, 24456, 0.0001090585595148936
953, 1010, 0.00010897545829948703
31063, 31184, 0.00010751183372830584
401, 600, 0.0001070474512480618
1598, 1643, 0.00010600771267250711
3500, 3789, 0.00010446460820890314
30165, 30669, 0.00010112894345981296
31130, -1, 0.00010038279841140612
1894, 1960, 9.77774632008494e-05
1754, 1813, 9.582870399970312e-05
0, 556, 9.568343494126683e-05
2570, 2690, 9.502663095220759e-05
593, 731, 9.444327364249529e-05
0, 641, 9.412431981421718e-05
2570, 2645, 9.38762816955602e-05
466, 600, 9.363850922224749e-05
260, 360, 9.310267625762751e-05
925, 1231, 9.238047356111427e-05
31518, 31674, 9.019832396738836e-05
925, 963, 8.980884525358448e-05
1924, 2165, 8.969478965172025e-05
481, 544, 8.932012338912175e-05
1894, 2017, 8.645113462851259e-05
0, 845, 8.546573361811894e-05
1737, 1813, 8.473660655264917e-05
903, 1182, 8.367113650545675e-05
3102, 3227, 8.357736511346391e-05
1432, 1660, 8.2996517800058e-05
0, 502, 8.151344903129278e-05
1624, 1876, 7.983357970106908e-05
1894, 1979, 7.970916319772472e-05
1643, 1813, 7.969078477623669e-05
31371, 31580, 7.93514799055093e-05
2172, 2256, 7.700762060226254e-05
476, 594, 7.698504364968029e-05
1924, 2017, 7.697174573574749e-05
728, 772, 7.672446777116243e-05
511, 544, 7.523906475371285e-05
436, 544, 7.403605272370476e-05
27789, 27854, 7.37551099156351e-05
4315, 4569, 7.356182840362139e-05
1771, 1876, 7.340666010437591e-05
593, 669, 7.254488334309019e-05
1474, 1660, 7.170695494050884e-05
147, 544, 7.052410143437365e-05
593, 963, 7.023491140266604e-05
31558, 31642, 7.021083270704354e-05
593, 780, 6.805860368007676e-05
0, 430, 6.770293414195294e-05
429, 544, 6.759393168966903e-05
381, 600, 6.754830182354203e-05
3046, 3148, 6.567166220921336e-05
24456, 24532, 6.558325886094684e-05
24343, 24456, 6.491519568543113e-05
1771, 1895, 6.448853790891306e-05
1432, 1643, 6.43158272700876e-05
1666, 1813, 6.420027267961274e-05
1749, 1813, 6.377498291879168e-05
4383, 4569, 6.350141350450057e-05
381, 433, 6.237001825719475e-05
1398, 1660, 6.169503694713315e-05
2880, 3060, 6.164961085245649e-05
27589, 27854, 6.075796555409157e-05
1582, 1624, 6.0298441509414624e-05
1474, 1643, 5.961946053514241e-05
2570, 3060, 5.93516886257247e-05
2751, 3060, 5.9241616135851565e-05
2090, 2414, 5.820384382514827e-05
2090, 2202, 5.719888960514481e-05
2090, 2405, 5.700766774072272e-05
260, 772, 5.6668097018372245e-05
30936, -1, 5.6164461728209486e-05
2327, 2458, 5.575039795713907e-05
25280, 25752, 5.5424667543746154e-05
27776, 27880, 5.527260491317206e-05
147, 426, 5.49340701159542e-05
953, 1235, 5.43913804157094e-05
1894, 2165, 5.4372767960229284e-05
0, 378, 5.357135988632423e-05
28863, 28996, 5.237812373782037e-05
31955, 32066, 5.2239500086478256e-05
27750, -1, 5.176200979018386e-05
897, 1182, 5.174534473685133e-05
1624, 1895, 5.1737762522175335e-05
31561, 31674, 5.151014569168491e-05
715, 963, 5.145310866785721e-05
1924, 2458, 5.0623511090155115e-05
1039, 1163, 4.922811974137923e-05
413, 772, 4.916438851799199e-05
2367, 2458, 4.8571536475134945e-05
413, 426, 4.811008433232052e-05
1398, 1643, 4.7999739225242934e-05
476, 544, 4.767318088652127e-05
683, 963, 4.699209695088163e-05
6124, 6198, 4.5729038479584437e-05
903, 1001, 4.5259686632797205e-05
1773, 1813, 4.500679202865217e-05
534, 594, 4.3658868329808536e-05
6124, 6300, 4.363815362224632e-05
866, 1231, 4.297969738282294e-05
401, 548, 4.2646898220021525e-05
4474, 4569, 4.2396070524875035e-05
2832, 3055, 4.239525983251147e-05
502, 600, 4.201010288588989e-05
2832, 2933, 4.131562778223674e-05
236, 544, 4.080683240728663e-05
1098, 1235, 3.9350400932547e-05
19957, 20058, 3.869866645298961e-05
903, 963, 3.822311155640655e-05
0, 696, 3.69659249993639e-05
19957, 20047, 3.685473073828482e-05
2148, 2432, 3.6799102889604834e-05
3102, 3148, 3.586262876818037e-05
2090, 2148, 3.5755599707454e-05
2253, 2414, 3.5317169780058774e-05
2253, 2405, 3.52462653862271e-05
6105, 6198, 3.488387260663407e-05
236, 426, 3.4325404057207215e-05
1924, 1979, 3.395952950008678e-05
1994, 2432, 3.350523527799472e-05
1924, 1960, 3.336859445074889e-05
897, 1001, 3.3196895327226446e-05
401, 433, 3.3027020105490075e-05
31125, 31248, 3.2613122564962554e-05
30213, -1, 3.234256431712451e-05
897, 963, 3.223318190439652e-05
3009, 3140, 3.1299040628551636e-05
0, 698, 3.129496691299192e-05
0, 6, 3.115487996470938e-05
147, 226, 3.056861232771264e-05
312, 433, 3.0199332392816213e-05
26845, 27087, 3.0055265848242535e-05
436, 594, 2.924375629306245e-05
866, 1010, 2.8881031377190834e-05
3046, 3106, 2.884919704265905e-05
2496, 2676, 2.8772497183923116e-05
2221, 2256, 2.8751677830823923e-05
1214, 1231, 2.8491073018345844e-05
401, 556, 2.8056724132931265e-05
683, 780, 2.7834990847026482e-05
31515, 31642, 2.7590047563587385e-05
401, 502, 2.73294228103086e-05
0, 107, 2.6940872488833053e-05
31234, -1, 2.6851119205864083e-05
1420, 1660, 2.6831990737383654e-05
3365, 3604, 2.6779255809238916e-05
1582, 1876, 2.673492907457742e-05
1039, 1323, 2.671481683057816e-05
0, 1323, 2.658382244421248e-05
1049, 1235, 2.6323754647277846e-05
502, 569, 2.585338358107143e-05
381, 548, 2.5778183138506967e-05
2454, 2676, 2.5549208941466392e-05
28793, -1, 2.5337062234512192e-05
31371, 31674, 2.513135629123362e-05
1994, 2148, 2.51031054818447e-05
1725, 2017, 2.500686734450008e-05
381, 502, 2.4865390436504535e-05
30576, 30712, 2.468195334307347e-05
966, 1182, 2.4509703135218143e-05
28732, 29094, 2.429053655374703e-05
1507, 1660, 2.4208657410857224e-05
542, 594, 2.3655957570723015e-05
0, 97, 2.346057697505869e-05
832, 963, 2.3269269564673572e-05
1355, 1660, 2.311489283158713e-05
457, 544, 2.2991416579828993e-05
429, 594, 2.298915339256018e-05
662, 963, 2.2939955599566882e-05
6217, 6393, 2.276859137613826e-05
260, 569, 2.25161406769517e-05
413, 569, 2.199202676117064e-05
31558, 31674, 2.170508061191005e-05
31031, 31199, 2.153190872947607e-05
28897, 28996, 2.1370039389240683e-05
401, 669, 2.1267227839324892e-05
662, 780, 2.1007907361678425e-05
1432, 1813, 2.0789682451620565e-05
6124, 6393, 2.0665863052974735e-05
1725, 2165, 2.0422793604467832e-05
3046, 3055, 2.0346010129290986e-05
2787, 3060, 1.985769340150354e-05
925, 1010, 1.9738166507633517e-05
1039, 1186, 1.9728685694770215e-05
147, 594, 1.946838393338391e-05
593, 1182, 1.9062178792646895e-05
511, 772, 1.8843069114803e-05
593, 812, 1.884184065675747e-05
1039, 1209, 1.8676360103050642e-05
5440, 5623, 1.8365411630727575e-05
457, 594, 1.7993381564215806e-05
5555, 5623, 1.785194553011274e-05
0, 763, 1.7771273121495773e-05
1140, 1231, 1.771484319231378e-05
593, 1001, 1.7328698274450686e-05
466, 669, 1.717613294455082e-05
6217, 6300, 1.706209928518264e-05
6262, 6393, 1.6844001877504876e-05
1905, 2017, 1.6522276055684163e-05
401, 617, 1.6415365311091017e-05
1060, 1231, 1.6332048152558582e-05
381, 556, 1.6255107544944798e-05
0, 632, 1.603056241021726e-05
6105, 6300, 1.595938231461129e-05
28033, -1, 1.5815859085497673e-05
29056, 29094, 1.561728660478463e-05
2386, 2676, 1.5273844283177876e-05
1039, 1120, 1.509445493524859e-05
24146, 24313, 1.506528265104251e-05
466, 617, 1.5014792414201312e-05
260, 285, 1.4997190255014082e-05
0, 2256, 1.4802367395823647e-05
502, 669, 1.4638513680478707e-05
312, 772, 1.458654696594731e-05
320, 544, 1.4379897369110536e-05
3046, 3227, 1.4339522199521154e-05
2090, 2676, 1.415304875835859e-05
6341, 6393, 1.414046797696905e-05
1140, 1182, 1.37230328567158e-05
1118, 1235, 1.3637705096947295e-05
381, 669, 1.341989097630913e-05
31125, 31199, 1.3363802390621996e-05
2832, 2868, 1.3124602206201647e-05
685, 772, 1.3063497774322622e-05
31031, 31248, 1.2815482264438492e-05
2751, 2868, 1.2526802145836423e-05
236, 594, 1.2166911494527603e-05
728, 963, 1.2113676812333536e-05
2916, 3060, 1.1965032194526548e-05
715, 1182, 1.1776541674187106e-05
0, 769, 1.1657250901291636e-05
3009, 3055, 1.1455821623276503e-05
26114, 26362, 1.1345734974703808e-05
593, 696, 1.121664797245454e-05
260, 600, 1.1205336149838493e-05
1136, 1235, 1.1004541910665984e-05
466, 548, 1.0997697273774982e-05
683, 812, 1.098431485655818e-05
29585, -1, 1.097689121216362e-05
715, 1001, 1.0748600107103646e-05
683, 1182, 1.0644785689468813e-05
0, 11, 1.059759315250485e-05
1120, 1182, 1.0489118908878936e-05
6197, 6300, 1.0360159581272195e-05
381, 617, 1.0358304075897896e-05
2784, 2868, 1.0179725957948016e-05
28827, 29094, 1.017328004325309e-05
593, 600, 9.780358783708028e-06
1172, 1231, 9.778404072178236e-06
413, 600, 9.722029446228722e-06
683, 1001, 9.719368770102623e-06
466, 556, 9.710352918008636e-06
3009, 3106, 9.397318504940023e-06
423, 544, 9.30551172546643e-06
320, 426, 9.28795274880222e-06
502, 617, 9.26351701293297e-06
19806, 19843, 9.21104327311136e-06
159, 544, 9.178734217809834e-06
3102, 3604, 9.070104012039175e-06
534, 772, 8.890885112737868e-06
903, 1231, 8.835228532769363e-06
534, 544, 8.668797574592322e-06
147, 285, 8.49078668458059e-06
19689, 19843, 8.41285486140269e-06
742, 772, 8.351044445422486e-06
401, 641, 8.209250266267168e-06
14345, 14472, 8.050240632872714e-06
3102, 3106, 8.012545001077558e-06
159, 426, 7.873951147148961e-06
1151, 1231, 7.773027124788096e-06
3009, 3148, 7.763933272973945e-06
3365, 3600, 7.508165550029402e-06
542, 772, 7.481721765839429e-06
1474, 1813, 7.39719594148837e-06
715, 780, 7.3402954080729e-06
474, 772, 7.27362164707627e-06
593, 641, 7.147030399193917e-06
401, 731, 7.087253686187488e-06
715, 812, 6.9944495762954745e-06
2253, 2676, 6.992050069578704e-06
466, 641, 6.86529282202337e-06
528, 600, 6.8643708293446575e-06
2675, 3060, 6.7804494700467406e-06
2570, 2868, 6.613295750443076e-06
1582, 1895, 6.438257902137928e-06
528, 669, 6.409889046285351e-06
312, 569, 6.0886685750800834e-06
3102, 3600, 5.848424674876105e-06
4704, 4711, 5.731456195668485e-06
1398, 1813, 5.636823537290502e-06
3586, 3604, 5.2813745426002035e-06
3722, 3789, 4.780198908428494e-06
866, 943, 4.6420394998520635e-06
31063, 31199, 4.333577988016718e-06
13111, 13561, 3.638588799654327e-06
776, 963, 2.655252674411137e-06
0, 381, 2.5239216110483967e-06
3586, 3600, 2.1477967461270624e-06
1905, 1979, 2.0294545071063772e-06
401, 963, 1.8448005528669132e-06
260, 378, 1.80704229224244e-06
1905, 1960, 1.673203988532074e-06
1905, 2165, 1.588828102861694e-06
4180, 4569, 1.4865442550492581e-06
593, 845, 1.472328164130076e-06
466, 963, 1.4499575291736941e-06
662, 812, 1.2559202983500299e-06
617, 963, 1.1986793182315246e-06
742, 963, 1.167641336230468e-06
502, 963, 1.1402459118625323e-06
593, 943, 1.1366460196162226e-06
381, 963, 1.1331910350947237e-06
425, 544, 1.0443013489302932e-06
466, 731, 1.0435868043378643e-06
401, 780, 1.013851449685733e-06
24136, 24216, 9.956072458519425e-07
542, 544, 9.918225871572615e-07
232, 544, 9.830521658650188e-07
159, 226, 9.670532997990412e-07
715, 845, 9.585597553159378e-07
320, 594, 9.431759782175443e-07
442, 544, 9.39752937205292e-07
232, 426, 9.392949498769406e-07
648, 772, 9.20321193468977e-07
128, 226, 9.153938014555561e-07
683, 845, 9.086016568311711e-07
502, 641, 9.038183367944334e-07
481, 772, 9.037857893173232e-07
3500, 3594, 8.810935332445983e-07
662, 731, 8.737102862631254e-07
260, 502, 8.565947329737557e-07
687, 772, 8.425874742471773e-07
312, 360, 8.356238181647282e-07
502, 731, 8.206118919899269e-07
466, 780, 8.18820656930157e-07
381, 731, 8.153654194639433e-07
381, 641, 8.08988371840554e-07
877, 963, 7.902158454882113e-07
617, 780, 7.381615249076236e-07
715, 943, 7.01480933517224e-07
1420, 1813, 6.976811730430735e-07
617, 731, 6.859780739177518e-07
260, 548, 6.657279605081095e-07
567, 772, 6.640731058176459e-07
593, 617, 6.523176680214493e-07
260, 287, 6.504217721343512e-07
502, 780, 6.437993601938361e-07
381, 780, 6.397532487268297e-07
683, 943, 6.331661705030165e-07
413, 548, 6.292001635210315e-07
683, 731, 6.273222805723916e-07
0, 99, 6.066566037127932e-07
423, 594, 5.934987725880473e-07
14259, 14478, 5.492746692878129e-07
159, 594, 5.32122501336223e-07
312, 600, 5.2521107374216e-07
420, 772, 5.16751899032098e-07
567, 594, 5.069456784102265e-07
128, 426, 4.97734475834082e-07
528, 569, 4.861793395858034e-07
159, 285, 4.834379876940768e-07
528, 963, 4.831583800729602e-07
128, 544, 4.826086946750599e-07
260, 430, 4.6881654833156275e-07
444, 544, 4.6450584648673323e-07
147, 360, 4.4265101125179163e-07
128, 148, 4.399889312850918e-07
442, 594, 4.364642423603034e-07
260, 556, 4.3354575678389275e-07
553, 594, 4.3198799292612884e-07
413, 556, 4.228255874708414e-07
925, 943, 4.116492370431737e-07
420, 426, 3.9766741774862544e-07
662, 845, 3.9758649793612027e-07
641, 963, 3.973212301467772e-07
476, 772, 3.961232121046723e-07
260, 669, 3.8831680588471456e-07
528, 617, 3.5666819211150276e-07
744, 772, 3.5041012067135396e-07
3500, 3589, 3.4954891128629647e-07
528, 731, 3.4830506514308416e-07
413, 502, 3.471712176954172e-07
401, 812, 3.4060106790513244e-07
413, 669, 3.369124249160796e-07
425, 594, 3.351260536715872e-07
147, 287, 3.319667990036273e-07
511, 600, 3.1623061472965554e-07
413, 433, 3.0977837763970755e-07
528, 641, 2.9740020354442894e-07
260, 617, 2.9644645789315934e-07
474, 569, 2.936233596219606e-07
641, 780, 2.8281966294068115e-07
236, 360, 2.804434645963229e-07
232, 594, 2.7692623785125995e-07
466, 812, 2.750809206414233e-07
832, 1001, 2.7422805685714464e-07
528, 780, 2.7324749978474555e-07
728, 812, 2.708759560396528e-07
474, 600, 2.6757771735199544e-07
502, 548, 2.618209606277269e-07
502, 556, 2.611109348749236e-07
553, 772, 2.5903728895607915e-07
444, 594, 2.572926911728787e-07
413, 617, 2.572043492786277e-07
260, 381, 2.47044548351062e-07
466, 502, 2.468190766027824e-07
147, 433, 2.4128041530706815e-07
632, 963, 2.3881981581639014e-07
24216, 24313, 2.386111948964927e-07
312, 502, 2.3163478622138872e-07
728, 845, 2.2798445918397572e-07
662, 1001, 2.273502468200047e-07
420, 569, 2.179215071816973e-07
502, 812, 2.162616800491633e-07
381, 812, 2.1492363578478786e-07
617, 812, 2.0649580894065382e-07
381, 430, 2.0183161286883534e-07
617, 669, 2.0133334419318918e-07
1120, 1231, 1.9267731159213383e-07
728, 780, 1.8488176085157744e-07
312, 548, 1.8002183282000423e-07
197, 426, 1.790883169555226e-07
197, 544, 1.7755714719149502e-07
3500, 3522, 1.7663480535390267e-07
1151, 1182, 1.7606462678597678e-07
897, 1231, 1.7542455044140825e-07
832, 1182, 1.7442819470543765e-07
1084, 1235, 1.6817296631310686e-07
632, 780, 1.6812843998803057e-07
147, 184, 1.6637823448956552e-07
511, 569, 1.6274959033737097e-07
662, 1182, 1.5543535806637225e-07
128, 285, 1.546157902634071e-07
236, 433, 1.5316063592001815e-07
481, 600, 1.529872545847395e-07
236, 285, 1.523646158379091e-07
511, 669, 1.516532267165144e-07
128, 594, 1.4830501598944635e-07
481, 569, 1.446508630206832e-07
641, 731, 1.4208620711394216e-07
260, 731, 1.3525827846597877e-07
260, 641, 1.3420006725653293e-07
548, 594, 1.3399165938542983e-07
436, 772, 1.2915416386201355e-07
632, 731, 1.2069798530418235e-07
715, 731, 1.183271452697109e-07
413, 731, 1.1735313511379834e-07
312, 556, 1.1723662873946756e-07
413, 641, 1.1643500718514632e-07
312, 430, 1.1028325933401558e-07
260, 780, 1.0612630345094005e-07
401, 430, 1.0599757260532608e-07
312, 669, 1.0500582677341559e-07
420, 600, 9.757164480292564e-08
312, 378, 9.503354534143482e-08
3354, 3522, 8.342964626473987e-08
0, 872, 8.303307275400543e-08
2832, 3140, 8.235062240391232e-08
1172, 1182, 7.297596658633417e-08
962, 1182, 7.264978770598046e-08
130, 226, 7.006659330126652e-08
728, 1001, 5.761742300576514e-08
2275, 2676, 5.60401615377082e-08
159, 287, 4.657023630941898e-08
130, 148, 4.328684757982815e-08
1355, 1813, 4.267979960230339e-08
3500, 3540, 3.871641306162217e-08
159, 360, 3.580510929276858e-08
1507, 1813, 3.509151577387577e-08
776, 1001, 3.473185555805233e-08
2202, 2676, 3.405645535840769e-08
401, 1001, 2.7398625747476714e-08
3500, 3632, 2.7034135668537303e-08
877, 1001, 2.6341455074724502e-08
232, 285, 2.3283713925185104e-08
197, 285, 2.2930093907188417e-08
466, 1001, 2.2121730898177853e-08
401, 845, 2.1079735466971414e-08
128, 184, 2.0273486473853827e-08
147, 378, 2.0139168387637852e-08
232, 360, 1.9334391803552127e-08
3046, 3604, 1.8706804990048472e-08
3434, 3604, 1.8266724698407658e-08
130, 426, 1.7615052270006836e-08
2784, 2933, 1.7567093030016536e-08
130, 285, 1.704089752835299e-08
466, 845, 1.7024705984619084e-08
3185, 3604, 1.6517045001779946e-08
429, 772, 1.6326927481977425e-08
236, 287, 1.6035259030737645e-08
502, 1001, 1.565430068261659e-08
381, 1001, 1.5560592127878816e-08
320, 433, 1.5422273575880524e-08
147, 772, 1.5331305546013576e-08
128, 287, 1.455284541532179e-08
312, 381, 1.4378263648220736e-08
236, 378, 1.4333453900777966e-08
502, 845, 1.3384394344732157e-08
381, 845, 1.330158303909055e-08
1790, 1813, 1.3050922865677207e-08
556, 594, 1.2934514256285533e-08
159, 184, 1.2832587060179187e-08
617, 845, 1.2779986434803718e-08
413, 780, 1.217585705802864e-08
457, 772, 1.216300730395079e-08
0, 852, 1.1818031093600172e-08
3046, 3600, 1.1625099468223127e-08
3434, 3600, 1.158358196110494e-08
206, 426, 1.1330962735817179e-08
528, 812, 1.091953156624605e-08
476, 569, 1.0717894084386077e-08
2255, 2676, 1.0464469058456729e-08
128, 360, 1.0379994910225762e-08
3247, 3604, 1.0268538641993992e-08
3185, 3600, 1.026430174307986e-08
197, 226, 1.0165687958673044e-08
30231, 30669, 1.0043436596699132e-08
476, 600, 9.842334638423061e-09
641, 812, 9.752085806465422e-09
2852, 2933, 9.364763573496714e-09
236, 772, 8.884480205246957e-09
662, 669, 8.881180886649925e-09
159, 433, 8.812966004250651e-09
556, 772, 8.403031196992511e-09
548, 772, 8.239622464894895e-09
312, 617, 8.041040385555981e-09
511, 617, 7.800109160088073e-09
436, 569, 7.744400450275225e-09
3365, 3522, 7.673438747985625e-09
534, 600, 7.6039675480742e-09
197, 594, 7.35658090910739e-09
534, 669, 6.775655189171429e-09
130, 544, 6.653815846706047e-09
429, 569, 6.462910386851952e-09
208, 426, 5.865673253629022e-09
542, 669, 5.419600757235346e-09
511, 731, 5.258233336103241e-09
474, 669, 5.094361579304784e-09
413, 430, 4.924268201726914e-09
232, 433, 4.5258710060605825e-09
147, 430, 4.52309005037764e-09
474, 617, 4.522285102601835e-09
197, 360, 4.220276593130845e-09
206, 285, 3.880699529783109e-09
593, 698, 3.3715827040950268e-09
420, 502, 3.3705913253211935e-09
159, 378, 3.035853956164055e-09
420, 433, 2.9234803027636543e-09
236, 430, 2.8711793601552825e-09
423, 426, 2.7730142827857898e-09
147, 381, 2.649001582116044e-09
320, 360, 2.609906778170998e-09
128, 433, 2.5194748181332214e-09
232, 287, 2.4455629817527436e-09
197, 287, 2.324531455543185e-09
130, 184, 2.007700155564077e-09
147, 569, 1.940058028443447e-09
147, 502, 1.9214414846861456e-09
208, 285, 1.9145455126064348e-09
236, 381, 1.8977415610320245e-09
206, 544, 1.891444610953656e-09
401, 696, 1.8095179287794878e-09
232, 378, 1.7868399541472693e-09
1125, 1182, 1.7304069635988498e-09
130, 287, 1.606464468513842e-09
206, 226, 1.467849691924337e-09
466, 696, 1.4614237875481019e-09
457, 569, 1.3640253044414365e-09
236, 502, 1.2196978329264787e-09
0, 481, 1.2185762756888758e-09
236, 569, 1.2009827921564211e-09
542, 600, 1.189138847148944e-09
420, 548, 1.1812793811915307e-09
502, 696, 1.1491729622432715e-09
381, 696, 1.1418288037990141e-09
130, 360, 1.1240581967472473e-09
436, 600, 1.0579349052517852e-09
206, 360, 1.017163452496645e-09
105, 148, 9.847027784397993e-10
528, 556, 9.428131177342262e-10
534, 569, 9.307543413578162e-10
197, 433, 9.228659472734342e-10
528, 548, 8.942292000218992e-10
128, 378, 8.801020087805278e-10
320, 430, 8.711058793371095e-10
420, 556, 8.432177516683096e-10
474, 548, 7.96817390283908e-10
474, 556, 7.491401700315219e-10
208, 544, 7.465485679747825e-10
429, 600, 7.258745811149793e-10
208, 226, 7.045095288709824e-10
159, 430, 6.818275987976835e-10
105, 226, 6.546101876293221e-10
511, 641, 6.402683692194427e-10
147, 600, 6.343143261720498e-10
457, 600, 6.075747247339059e-10
474, 502, 5.938586172207818e-10
320, 378, 5.796924618417483e-10
130, 594, 5.567393519212348e-10
208, 360, 5.461661304260442e-10
528, 696, 5.261372438801055e-10
542, 569, 5.048242539497562e-10
429, 502, 4.912359712141349e-10
206, 594, 4.4577067135161006e-10
728, 1182, 4.449188609500864e-10
436, 502, 4.4250309211876863e-10
511, 780, 4.3960948144179303e-10
320, 502, 4.3247889936399427e-10
481, 617, 4.2807287791284326e-10
236, 600, 4.026507952960052e-10
159, 381, 3.9932045743697886e-10
206, 287, 3.979735350255394e-10
320, 569, 3.895178733296678e-10
429, 433, 3.892730099227596e-10
685, 780, 3.8882447327321677e-10
401, 698, 3.799304060858801e-10
481, 548, 3.5930130702204586e-10
232, 430, 3.550739922214127e-10
617, 696, 3.5217007339466847e-10
481, 556, 3.479427213502845e-10
312, 780, 3.417376658637547e-10
511, 556, 3.279539422660825e-10
197, 378, 3.2511668881318344e-10
511, 548, 3.120941824514446e-10
466, 698, 3.0684378653336797e-10
423, 569, 2.953066549351364e-10
534, 617, 2.8966044011505204e-10
159, 502, 2.6630251671581473e-10
436, 548, 2.6550414009697493e-10
130, 433, 2.605296773296232e-10
312, 731, 2.4938564004637476e-10
159, 569, 2.4872773029580056e-10
502, 698, 2.412829092566597e-10
381, 698, 2.397409134268821e-10
208, 594, 2.387896464574862e-10
429, 548, 2.381058646827531e-10
232, 381, 2.355609805534892e-10
147, 548, 2.346222008318657e-10
420, 617, 2.345653276732841e-10
481, 502, 2.3128305988667686e-10
206, 433, 2.0872532422742044e-10
476, 548, 2.086968117052954e-10
436, 556, 2.0218636834771204e-10
476, 617, 2.0191108639660397e-10
476, 556, 1.979527309326061e-10
128, 430, 1.9766360569665464e-10
208, 287, 1.9679163337184737e-10
420, 430, 1.9521020457980287e-10
312, 641, 1.8820706410356423e-10
542, 617, 1.774137363160351e-10
429, 556, 1.757900168862134e-10
481, 669, 1.7322483715274802e-10
561, 594, 1.731846002746936e-10
442, 569, 1.6773671973993124e-10
147, 556, 1.5857053225504974e-10
425, 569, 1.4893937136932499e-10
320, 600, 1.4739605257305762e-10
476, 502, 1.411245332532182e-10
232, 502, 1.3868182795127772e-10
236, 548, 1.3481024136432157e-10
232, 569, 1.1717897275840225e-10
128, 381, 1.1576404590341572e-10
208, 433, 1.1183877597713385e-10
528, 698, 1.0929918126234626e-10
77, 148, 1.0515794341324883e-10
567, 600, 1.0287986137792211e-10
474, 641, 1.0202960835727197e-10
444, 569, 9.707484829973152e-11
130, 378, 9.666276090371065e-11
457, 502, 9.244025208262705e-11
236, 556, 9.114736322894316e-11
457, 548, 9.044692632919146e-11
423, 502, 8.969919248501171e-11
320, 381, 8.861611466096172e-11
534, 641, 8.837947130528617e-11
553, 600, 8.703150263245468e-11
105, 285, 8.370405134837616e-11
423, 600, 8.283082094222337e-11
206, 378, 8.170253704315274e-11
617, 698, 8.012322701893035e-11
457, 556, 7.772427971436381e-11
159, 600, 7.721243171314735e-11
128, 502, 7.720179669019321e-11
617, 641, 7.714868460724282e-11
423, 433, 7.56419032297985e-11
197, 430, 7.301850960664839e-11
105, 426, 7.282369059554243e-11
481, 641, 6.491612385388818e-11
442, 600, 6.265391592643207e-11
542, 641, 6.192375257810965e-11
74, 148, 5.985079103384672e-11
425, 502, 4.5252108186086913e-11
197, 381, 4.2764160190800905e-11
208, 378, 4.0976767177736555e-11
425, 433, 3.8038437101213104e-11
105, 184, 3.675636372852292e-11
436, 617, 3.616177141742764e-11
128, 569, 3.608549433196694e-11
86, 148, 3.5771257934577735e-11
420, 641, 3.495650986397268e-11
567, 569, 3.067267855110077e-11
320, 548, 3.062974906203102e-11
476, 641, 2.944878863357585e-11
429, 617, 2.915462209947576e-11
197, 502, 2.7936558130670787e-11
147, 617, 2.703574410726868e-11
457, 617, 2.567375689138114e-11
442, 502, 2.5520579317462472e-11
130, 430, 2.1709653728998437e-11
77, 226, 1.9113923097675896e-11
130, 381, 1.2714517384084986e-11
206, 430, 1.11431445658931e-11
74, 77, 1.1126503444977982e-11
425, 600, 1.0647592209424395e-11
206, 381, 1.0547727068848145e-11
81, 148, 9.864912086708213e-12
86, 226, 9.771052034099345e-12
74, 226, 9.51967016651862e-12
232, 600, 9.128728238718739e-12
105, 287, 8.10715699508491e-12
208, 430, 5.970696911831725e-12
105, 360, 5.875328205400422e-12
208, 381, 5.7236651732940264e-12
534, 548, 4.018235904133719e-12
423, 548, 3.64495040566359e-12
423, 430, 3.478990169725018e-12
159, 548, 3.4402253503294763e-12
77, 184, 2.2774432322848935e-12
542, 548, 2.2230943566778986e-12
77, 285, 2.1627427591288853e-12
81, 226, 2.1468979355103625e-12
425, 548, 1.9963203698059273e-12
442, 548, 1.878522865295501e-12
232, 548, 1.7915592613687274e-12
425, 430, 1.7519366533486486e-12
77, 426, 1.2720515985830743e-12
553, 569, 1.2447905546320053e-12
74, 184, 1.2046637813882315e-12
86, 285, 1.1240020131598397e-12
74, 285, 1.0779873799836594e-12
444, 548, 1.0596942404693239e-12
86, 184, 9.514396483220953e-13
105, 433, 8.88482419172337e-13
86, 426, 6.610996853950681e-13
74, 426, 6.340354460430197e-13
105, 378, 5.071074522918256e-13
81, 285, 2.438227221084284e-13
81, 184, 2.3478443664349817e-13
77, 287, 2.0947247840209983e-13
77, 360, 1.5180655331543854e-13
81, 426, 1.4340821723699954e-13
86, 287, 1.0886522977904933e-13
74, 287, 1.0440848187711157e-13
86, 360, 7.88955925605019e-14
105, 430, 7.88520281904769e-14
74, 360, 7.566574803319293e-14
105, 381, 7.208135239385719e-14
81, 287, 2.3615450768988666e-14
77, 433, 2.295658200199607e-14
81, 360, 1.711432712329454e-14
77, 378, 1.3102627087663887e-14
86, 433, 1.193079679799997e-14
74, 433, 1.1442371304333627e-14
86, 378, 6.809437113672294e-15
74, 378, 6.530670930646457e-15
81, 433, 2.5880730800765804e-15
77, 430, 2.0373763308278585e-15
77, 381, 1.862420269693073e-15
81, 378, 1.477062779879442e-15
86, 430, 1.058607241805028e-15
74, 430, 1.0152697536697936e-15
86, 381, 9.67920999225951e-16
74, 381, 9.282960437530517e-16
81, 430, 2.295155748136652e-16
81, 381, 2.0693563564981203e-16
