Gene = Stbd1
index = 1036
Annotated 5SS: [287]
Annotated 3SS: [1830]
SMsplice 5SS: [287]
SMsplice 3SS: [1830]
length: 3529
Partition function (logZ) = -8.497889531150932
#Exons = 1026
3SS, 5SS, prob
0, 287, 0.8127279630517281
1830, -1, 0.2890613417698299
3300, -1, 0.20943656322883436
2487, -1, 0.18062171104532493
2330, -1, 0.17105560192282326
1542, 1629, 0.15698441152863518
0, 6, 0.09423439615897287
0, 218, 0.05168575668190179
1542, -1, 0.04394353096246102
1542, 1714, 0.040786400589168825
1735, -1, 0.038983167574303056
1307, 1418, 0.029026950657116576
1830, 1882, 0.024711363062730758
1542, 1650, 0.02196944805230276
0, 365, 0.02062038507807053
1307, -1, 0.010772040671588327
1830, 2133, 0.01011573968140176
1735, 1882, 0.009564323072740152
1510, 1629, 0.009438268801846564
0, 537, 0.008263593465400286
1830, 2070, 0.008207165217111538
1830, 1929, 0.007575409449743111
1307, 1406, 0.007259258369087284
414, 537, 0.006893752741770253
0, 72, 0.00612023686750421
1451, 1629, 0.006087017011611408
1273, 1418, 0.005272087588891258
2330, 2349, 0.005258372077558678
1830, 1943, 0.004710896735883583
1830, 1914, 0.004406790403087545
2330, 2517, 0.003956106489850134
902, -1, 0.0038514867069235404
1360, -1, 0.003813807482883124
2487, 2805, 0.003791276938140145
1360, 1418, 0.003517645043710207
2487, 2698, 0.003445595397307131
1451, -1, 0.0030252344312381133
2330, 2507, 0.0030086930539841815
1830, 2331, 0.002980996211492446
1968, -1, 0.0028887866874656963
154, 287, 0.0027933685436134
100, 287, 0.0025840720240446523
0, 85, 0.0025354633700892066
414, -1, 0.0024977319324742554
1108, -1, 0.002471344754587641
1273, -1, 0.002426303668899505
2774, -1, 0.0023824067084427256
2487, 2603, 0.0023700832136640585
1542, 1677, 0.0023369591019901698
1307, 1629, 0.0021713567067249916
2487, 2589, 0.00209078626525695
1510, -1, 0.0019658850223705803
1108, 1200, 0.001950000684867726
177, 287, 0.0018103766712380478
2630, -1, 0.0018080633649431189
1360, 1629, 0.0017829215747532184
1832, -1, 0.0017756643660168253
76, 287, 0.001758650162310314
1961, -1, 0.001713967811307927
837, -1, 0.0016525223565707842
1273, 1406, 0.0016475039814723854
1254, 1418, 0.0016081343267572762
648, -1, 0.001574227679969806
1307, 1465, 0.0015617267413998977
2388, -1, 0.001424980770242372
469, 537, 0.001381283787091977
2857, -1, 0.0013737858691147456
2487, 2517, 0.001332590431338005
2724, -1, 0.0012466241877264338
2330, 2388, 0.0011743927963475266
902, 1041, 0.0011731487373883114
2487, 2707, 0.001104892666175304
1510, 1714, 0.0010729069387719697
469, -1, 0.0010426155887729523
1713, -1, 0.0010269833453285249
3158, -1, 0.0010171588430383412
1254, -1, 0.0010098750833765428
1108, 1220, 0.000996169923156791
1688, -1, 0.000973916952537276
1968, 2133, 0.0009654846892082003
1307, 1425, 0.0009616024452049131
0, 224, 0.0009466996817014095
2774, 2911, 0.0009462908980357935
698, -1, 0.0009362463058897597
902, 986, 0.000891086202059764
1510, 1650, 0.0008665511900453473
3419, -1, 0.0008536584096933324
1360, 1465, 0.000850561743872809
1317, 1418, 0.0007769968339584219
2330, 2513, 0.0007184395770969622
689, -1, 0.0007170014542522033
2230, 2331, 0.0006745322042823099
1307, 1433, 0.0006387527533604455
1451, 1714, 0.0006358742406781269
2487, 2911, 0.0006285998069966235
1360, 1406, 0.0006106338566026186
2487, 2507, 0.0005688225591777914
1040, -1, 0.0005486331625692332
1254, 1406, 0.0005448069566780073
0, 274, 0.0005376396179993638
2330, 2462, 0.0005191773129243917
1215, -1, 0.0004971586876601368
1961, 2133, 0.0004944486525939714
1968, 2070, 0.0004916236998613382
2378, -1, 0.0004859746994542119
1396, -1, 0.000483271392226485
497, -1, 0.000465593742928036
2487, 2592, 0.0004655536932390447
1542, 1882, 0.0004654715377975282
1542, 1580, 0.00046339745616794684
1451, 1650, 0.0004601737256440317
1981, -1, 0.0004583697837646895
2724, 2805, 0.000457220808482988
2857, 2962, 0.0004502072558225666
0, 1418, 0.0004463924623784297
2792, -1, 0.00043330393505734525
1396, 1629, 0.0004176264046508746
2630, 2805, 0.0004167718021793333
180, 287, 0.0004158866757826403
451, 537, 0.00040697695281692966
0, 1629, 0.00039807206575032036
837, 986, 0.00039669188737647505
1215, 1418, 0.0003962692744626247
2215, 2331, 0.0003685911916543815
902, 1113, 0.0003630984249569669
1545, 1629, 0.00036096289395153665
1735, 1929, 0.00035968352468525343
2284, 2331, 0.00034802648056096264
913, -1, 0.0003410192459838102
1108, 1418, 0.0003377824438565593
1735, 1914, 0.00033731012743690576
1040, 1200, 0.00033446711958536664
2284, -1, 0.000333722301152727
942, -1, 0.00030637717916173513
1830, 2137, 0.0003054317732503892
1961, 2070, 0.0003041256706876274
1830, 1953, 0.0003023286172286414
2330, 2805, 0.00030037086526611597
1896, -1, 0.00029750904302110626
1735, 2133, 0.00029403559908449615
2335, -1, 0.0002888811052855847
1317, -1, 0.00028790942692684976
1273, 1629, 0.00028550279916339624
100, 218, 0.0002795133947879531
2330, 2698, 0.00027312093057561224
2774, 2962, 0.0002712875787490313
2487, 2781, 0.0002696941560990187
106, 287, 0.00026716698346084336
1830, 2349, 0.0002533467689568605
1968, 2331, 0.0002512442049828017
2330, 2589, 0.00024146401024824061
1830, 2169, 0.00023906816290395432
1735, 2070, 0.00023871046961681041
0, 1200, 0.00023473063760309751
2487, 2600, 0.00023259574726885147
76, 218, 0.00022975124756016496
497, 537, 0.00022846861629343678
1307, 1714, 0.0002238804105053659
1868, -1, 0.00022326940005386542
310, -1, 0.00022298503578299032
902, 1200, 0.0002206661954231516
582, -1, 0.00021947471040391594
310, 365, 0.0002170879763196494
902, 1012, 0.00021411394590858853
2330, 2373, 0.0002137338011812933
2724, 2911, 0.00021053021892569745
2792, 2911, 0.00021033564311533383
2493, -1, 0.00020913333929652454
1981, 2133, 0.00020579218211695663
1737, -1, 0.00020400627580041984
1451, 1580, 0.0002017331409870779
2330, 2603, 0.000192994550841608
2487, 2962, 0.00019240850393347246
2554, -1, 0.00019049673000123005
2487, 2771, 0.00018862740498771095
1688, 1714, 0.00018725931062649103
1273, 1465, 0.00018672735341823525
1360, 1714, 0.00018604494736463318
985, -1, 0.0001843033394821971
2857, 2911, 0.00018235877148625962
1923, -1, 0.00017991634782372806
449, 537, 0.00017880540657018708
2487, 2513, 0.0001781549618126718
1317, 1406, 0.0001773918035466092
451, -1, 0.0001734341368174371
2857, 3061, 0.0001720293548435802
1713, 1882, 0.00017042787808237725
2487, 2721, 0.00016988530759282257
1451, 1550, 0.0001696756723185623
2230, -1, 0.0001632839912814038
1307, 1650, 0.00016291678680369564
837, 1041, 0.00016184541345165646
2330, 2532, 0.00016084485175039566
1735, 1943, 0.00015931470674643175
1273, 1425, 0.00015712942199722503
1995, -1, 0.00015358769705338317
1910, -1, 0.00014783822794351488
1360, 1425, 0.00014769777473610407
786, -1, 0.00014641032705726466
1832, 1882, 0.00014314367708052178
3438, -1, 0.0001418753547954131
0, 227, 0.0001412007649867844
2774, 2805, 0.00014023317247154082
1360, 1650, 0.00013482434815528487
2487, 2839, 0.000132078017934337
1961, 2331, 0.00012970482794262995
1215, 1406, 0.0001296688475331027
0, 986, 0.00012949391942812123
1360, 1433, 0.00012918374469068471
310, 537, 0.00012729753840455852
1754, -1, 0.00012568637734639089
2451, -1, 0.0001244407097517644
2487, 2532, 0.00012378562689578318
2885, -1, 0.00012346208070432703
1040, 1113, 0.00012282022764375098
913, 1041, 0.00012254706008040347
0, 1041, 0.00012197839748532458
2623, -1, 0.00011737064838690991
1542, 1550, 0.00011705027702101453
2002, -1, 0.00011581597197215204
3158, 3215, 0.00011563451492715176
926, -1, 0.00011491140405625292
1875, -1, 0.00011441523224653745
1542, 1633, 0.00011401979576711868
1396, 1418, 0.00011377833976200994
1108, 1406, 0.00011010956490151581
0, 1113, 0.00010919769667509152
942, 1041, 0.00010632800622240965
0, 310, 0.00010596115765083071
0, 703, 0.00010300763734326063
3126, -1, 0.00010054117438418542
214, 287, 0.00010051602402055795
1688, 1882, 0.00010040455299530242
1995, 2133, 9.617612959452552e-05
1307, 1550, 9.576176777226741e-05
1040, 1220, 9.324652551032462e-05
1545, 1714, 9.180303917160283e-05
2388, 2517, 9.109182950174291e-05
1254, 1629, 8.870361699218845e-05
1542, 1631, 8.617163145414177e-05
1693, -1, 8.493745284672902e-05
1273, 1433, 8.484194164955782e-05
0, 1714, 8.15463666927418e-05
1545, -1, 8.122672155989823e-05
2330, 2707, 8.107014367129367e-05
2215, -1, 8.066331622110878e-05
100, -1, 8.015018717901718e-05
76, -1, 7.978280135862256e-05
1360, 1550, 7.959356661017322e-05
0, 1406, 7.830246943864179e-05
0, 1220, 7.801967872932613e-05
2286, -1, 7.657781116339886e-05
2230, 2349, 7.609146813223355e-05
985, 1113, 7.574277447776429e-05
2742, -1, 7.485637021165589e-05
1735, 2331, 7.24777459677745e-05
2284, 2349, 6.997349201542512e-05
1307, 1580, 6.912327709219521e-05
449, -1, 6.867383221604334e-05
1542, 1652, 6.777353013171827e-05
2002, 2133, 6.728431452909583e-05
2630, 2698, 6.723611619983944e-05
3373, -1, 6.539515615568676e-05
0, 160, 6.221982369623764e-05
902, 1220, 6.13592776218831e-05
2792, 2962, 6.117736226774496e-05
2388, 2507, 6.084213486460784e-05
1317, 1629, 6.012913293484743e-05
2348, -1, 5.7958036890475805e-05
819, -1, 5.7357415216248374e-05
2286, 2331, 5.732732633377986e-05
2269, 2331, 5.654580066486706e-05
994, -1, 5.62211171391742e-05
913, 986, 5.55488099924441e-05
1510, 1580, 5.532227532664952e-05
942, 1113, 5.387029255084991e-05
2520, -1, 5.3773597993850694e-05
1542, 1679, 5.352776430191101e-05
1254, 1465, 5.3325779559332155e-05
2038, -1, 5.2081376819241004e-05
1417, 1629, 5.195582143770032e-05
1510, 1677, 5.1477105552692836e-05
1396, 1465, 5.131005754053016e-05
2122, -1, 5.102626048350471e-05
2774, 3061, 5.009573476442734e-05
154, 218, 4.961436479902921e-05
837, 1113, 4.888333159840336e-05
2122, 2331, 4.887499802016037e-05
1901, -1, 4.8820620339442165e-05
2724, 2962, 4.8594960145006256e-05
3021, -1, 4.842543810320624e-05
2330, 2472, 4.78581318638621e-05
1364, -1, 4.784859760800354e-05
1360, 1580, 4.776011117657617e-05
1870, -1, 4.722068759360712e-05
1981, 2070, 4.7121418242332164e-05
2900, -1, 4.592667415156962e-05
1542, 1704, 4.513185025104538e-05
1417, -1, 4.46948163571779e-05
902, 1066, 4.451381068025769e-05
0, 35, 4.443068057582012e-05
926, 1041, 4.403744585377527e-05
1737, 1882, 4.348006656446619e-05
1317, 1465, 4.279342926297765e-05
2104, -1, 4.266482991779663e-05
839, -1, 4.258811180052095e-05
471, 537, 4.216613247403774e-05
837, 1012, 4.166002843524008e-05
2487, 2656, 4.161173365216415e-05
482, -1, 4.1437876566866066e-05
1545, 1650, 4.134477207370928e-05
2630, 2911, 4.080364098805818e-05
1832, 2133, 4.075034386566756e-05
2269, -1, 4.060517992414091e-05
985, 1200, 3.961172259944767e-05
1846, -1, 3.9456373021614976e-05
286, 365, 3.925312970168224e-05
1454, 1629, 3.8962671114820174e-05
2857, 2955, 3.83788320624739e-05
1254, 1425, 3.76965035208213e-05
2049, -1, 3.753955467739773e-05
1108, 1113, 3.71621274716437e-05
1364, 1418, 3.687781960920709e-05
482, 537, 3.683524386458944e-05
535, -1, 3.594506506134097e-05
2487, 3061, 3.582359921871721e-05
913, 1113, 3.5689658059584e-05
1002, -1, 3.541429749617206e-05
198, 287, 3.4961354668620623e-05
1451, 1465, 3.452277031756743e-05
133, 287, 3.446904545130263e-05
1396, 1714, 3.3151466566041696e-05
236, 287, 3.277740951734338e-05
1939, -1, 3.262955596059511e-05
471, -1, 3.258193292461074e-05
1542, 1664, 3.163611044610211e-05
306, 365, 3.1580257497228915e-05
2330, 2592, 3.101789374519581e-05
1832, 2070, 3.09752785399729e-05
2330, 2911, 3.082932459851169e-05
2107, -1, 3.068397924152009e-05
506, -1, 3.0075667102325402e-05
1542, 1747, 2.974861729464885e-05
2724, 2839, 2.9632836519997033e-05
154, -1, 2.9609543727458606e-05
1451, 1677, 2.9416615295894338e-05
0, 461, 2.8950502826018757e-05
1307, 1408, 2.8530799748912666e-05
902, 1131, 2.8513585854666493e-05
306, -1, 2.816290993510935e-05
942, 1200, 2.742827463569052e-05
2236, 2331, 2.6690902986240533e-05
1832, 1929, 2.652171306295041e-05
837, 1200, 2.6412160216128e-05
1754, 1882, 2.6359537683316453e-05
2260, 2331, 2.5965168679448196e-05
154, 365, 2.5724091773033776e-05
1307, 1400, 2.5616842596489722e-05
100, 365, 2.5615336689331015e-05
648, 703, 2.5539998581045595e-05
2774, 2955, 2.5466692186775806e-05
0, 32, 2.46965690977241e-05
2378, 2517, 2.3296111392895662e-05
1396, 1650, 2.2936630267353724e-05
106, 218, 2.2928522146254075e-05
177, 365, 2.1997452781194885e-05
2623, 2805, 2.1674940061965408e-05
2630, 2781, 2.1550262102403456e-05
2038, 2133, 2.1501364895476898e-05
2630, 2707, 2.116171933159029e-05
2774, 2839, 2.103812135863595e-05
1981, 2331, 2.0864318145003484e-05
2215, 2349, 2.079522595970789e-05
743, -1, 2.0398574739756266e-05
994, 1113, 1.998984475662506e-05
2104, 2331, 1.995831700609634e-05
1254, 1433, 1.982921695731365e-05
1317, 1425, 1.980063344846061e-05
1364, 1629, 1.9668545063112347e-05
1040, 1131, 1.9379444531870595e-05
1040, 1418, 1.899024710473065e-05
286, -1, 1.8899841895264837e-05
1273, 1714, 1.883628474131742e-05
1896, 2133, 1.8628386915295527e-05
1454, -1, 1.8601030023189098e-05
851, -1, 1.8594496274331985e-05
985, 1041, 1.7534026933109756e-05
177, -1, 1.6892932123378707e-05
913, 1200, 1.663715916146865e-05
698, 986, 1.6262727134564736e-05
1923, 2070, 1.588847114147306e-05
0, 1465, 1.5831050419112825e-05
942, 986, 1.5713519102018356e-05
913, 1012, 1.559991988263718e-05
0, 433, 1.5413410918104132e-05
0, 1012, 1.537860229139949e-05
2107, 2331, 1.5034996323286133e-05
1307, 1383, 1.465709476478912e-05
1108, 1224, 1.4656242471825395e-05
76, 365, 1.465232507336539e-05
1317, 1433, 1.4056407415184067e-05
902, 1418, 1.388669419161462e-05
1396, 1550, 1.3625722008474615e-05
1396, 1406, 1.3430057805346268e-05
859, -1, 1.3416346085614048e-05
0, 425, 1.3278815288278533e-05
1215, 1629, 1.3105638245121087e-05
1423, 1629, 1.2367198350363288e-05
582, 703, 1.2342238181245958e-05
1273, 1650, 1.2249231997252043e-05
926, 1113, 1.2067357917567595e-05
994, 1200, 1.1638821291699297e-05
1215, 1465, 1.157800454353269e-05
594, -1, 1.1304426101303236e-05
1108, 1629, 1.1204452353419384e-05
0, 236, 1.1012438889540691e-05
0, 1131, 1.100672761576507e-05
1307, 1360, 1.0647815247071797e-05
1002, 1113, 1.0528616304487179e-05
321, -1, 1.0260010928384022e-05
926, 986, 1.0179679026142204e-05
648, 986, 1.0089881219774619e-05
1923, 2133, 1.0020569545165157e-05
1108, 1465, 9.93737849660801e-06
837, 932, 9.801495192988414e-06
414, 703, 9.800591377327514e-06
469, 703, 9.777139030863929e-06
283, 287, 9.523340404409069e-06
786, 986, 9.499949733040315e-06
306, 537, 9.425052568628196e-06
985, 1220, 9.291875781205566e-06
1108, 1171, 9.176553685968685e-06
1364, 1465, 9.157322002192805e-06
689, 986, 9.09615440714766e-06
648, 772, 8.875179495540304e-06
1108, 1131, 8.801250396430037e-06
1108, 1204, 8.775082031256867e-06
1215, 1425, 8.638620469759269e-06
0, 772, 8.590845054027638e-06
1002, 1200, 8.34722964445422e-06
1510, 1550, 8.204857293423462e-06
0, 321, 8.179329409675709e-06
926, 1200, 7.948874578029383e-06
839, 986, 7.91398897634771e-06
1968, 2137, 7.722924260874624e-06
0, 369, 7.668850866156834e-06
177, 218, 7.622994733802337e-06
1896, 2070, 7.5888658207619125e-06
506, 537, 7.489231377777164e-06
819, 986, 7.4347600318083955e-06
837, 939, 7.37381067201786e-06
942, 1220, 7.349318907009176e-06
1693, 1714, 7.263744263581088e-06
321, 365, 7.110557961022417e-06
837, 1220, 7.080563536468377e-06
1487, 1629, 7.0086174090398995e-06
497, 703, 6.81273084019702e-06
321, 537, 6.796060258045487e-06
1273, 1400, 6.644128327021148e-06
1273, 1360, 6.61865763765874e-06
1832, 1943, 6.615715908634709e-06
1396, 1580, 6.505282318825263e-06
985, 1131, 6.4814874800969175e-06
1405, 1629, 6.459623356986122e-06
942, 1066, 6.4380953593439335e-06
1307, 1677, 6.4224504571109834e-06
0, 1425, 6.353140388796117e-06
698, 1041, 6.3368535034205364e-06
1215, 1220, 6.280101548502053e-06
1273, 1408, 6.245523638330392e-06
837, 1066, 6.2118725734000275e-06
942, 1012, 6.162764183244032e-06
1832, 1914, 6.108356188043263e-06
1542, 1929, 6.062218684013336e-06
1542, 1914, 5.870510919013042e-06
1273, 1550, 5.854854505701893e-06
283, 365, 5.801940909584094e-06
1550, 1629, 5.705231006496212e-06
1273, 1383, 5.682488224640949e-06
1510, 1633, 5.597051467796914e-06
0, 1066, 5.503013918607925e-06
1108, 1425, 5.4581964404592285e-06
1360, 1677, 5.335761470416376e-06
168, 287, 5.3346808361600065e-06
1910, 2070, 5.307928850381405e-06
1040, 1152, 5.24164076377719e-06
913, 1066, 5.129151506383628e-06
1040, 1171, 4.9652626444022205e-06
648, 1041, 4.731135310258461e-06
286, 537, 4.6728441572031765e-06
902, 1152, 4.555697489520864e-06
942, 1131, 4.538992772672033e-06
1108, 1152, 4.522083556985546e-06
1273, 1580, 4.436701894316299e-06
1510, 1631, 4.39001827256176e-06
837, 1131, 4.370644884224022e-06
0, 1650, 4.3461963072769055e-06
0, 932, 4.141440469434459e-06
0, 230, 4.113421769350332e-06
1040, 1406, 4.090826382150181e-06
1215, 1433, 4.0075694462077635e-06
926, 1012, 4.001616076844072e-06
0, 1433, 3.8536339051729916e-06
648, 764, 3.816563885800025e-06
1542, 1589, 3.7252445590175098e-06
1364, 1406, 3.7055819091256566e-06
180, 365, 3.6845162992139135e-06
1254, 1360, 3.6251905856942914e-06
1069, 1200, 3.542332417053872e-06
913, 1220, 3.51289007291833e-06
1108, 1433, 3.4383617616339356e-06
902, 1171, 3.437504940305603e-06
236, 365, 3.132255686750212e-06
214, 365, 3.118723345840788e-06
2330, 2378, 3.1142801180647676e-06
698, 772, 3.0934581362132493e-06
902, 932, 3.013207400267579e-06
689, 772, 3.010538439377895e-06
902, 1406, 2.8313712475382696e-06
902, 939, 2.7680613873417054e-06
786, 1041, 2.7215840580090653e-06
1396, 1433, 2.7049284667094806e-06
414, 461, 2.6430164803376146e-06
1396, 1425, 2.623294651281579e-06
689, 1041, 2.606086760987276e-06
851, 986, 2.553430058480287e-06
0, 2331, 2.4116662569534513e-06
994, 1220, 2.3129556801010712e-06
1360, 1408, 2.2947663104244186e-06
994, 1041, 2.1670120505466916e-06
1254, 1400, 2.0574559364029857e-06
1254, 1383, 2.039099305981557e-06
1830, 2231, 1.9586194825691934e-06
839, 1041, 1.851958997214167e-06
535, 537, 1.8405680491549611e-06
1254, 1408, 1.839374537804117e-06
859, 986, 1.827370913017889e-06
819, 1041, 1.817340550735202e-06
913, 1131, 1.791754595807293e-06
1542, 1695, 1.7023746978470247e-06
1307, 1329, 1.6776204718423326e-06
1002, 1220, 1.660166915699952e-06
1360, 1400, 1.6565916348128042e-06
926, 1220, 1.5811789045669682e-06
1074, 1200, 1.5586344023912253e-06
985, 1066, 1.4693688898746358e-06
1273, 1329, 1.452438904982609e-06
994, 1131, 1.353281212008343e-06
270, 287, 1.311887397211629e-06
1215, 1360, 1.3072700217674124e-06
698, 1113, 1.3071702002689953e-06
334, 537, 1.2580466285573142e-06
926, 1066, 1.2523208779969286e-06
689, 703, 1.2352540325535775e-06
1040, 1204, 1.1797299556777422e-06
1040, 1224, 1.154834831950072e-06
1254, 1329, 1.133867402979247e-06
698, 703, 1.1100485180614558e-06
1451, 1589, 1.107208915229795e-06
1010, 1113, 1.0391099473708146e-06
106, 365, 1.0271275735811396e-06
1215, 1329, 9.90720811088523e-07
851, 1041, 9.811757382207392e-07
648, 1113, 9.759637227696408e-07
1108, 1329, 9.711993591684094e-07
689, 764, 9.703760767892449e-07
698, 1012, 9.626436558119793e-07
698, 764, 9.598725771262169e-07
698, 932, 9.399043870238074e-07
1002, 1041, 9.266797697801e-07
1002, 1131, 9.221217243477722e-07
180, 218, 8.878260700448977e-07
985, 1152, 8.617031592454778e-07
926, 1131, 8.399236636471551e-07
1451, 1633, 8.387112201934866e-07
346, 537, 8.384325136028178e-07
1254, 1650, 7.695740393896723e-07
786, 932, 7.469683066100283e-07
310, 461, 7.280917192646196e-07
2378, 2507, 7.218545310088264e-07
648, 932, 7.01707032522844e-07
451, 703, 6.764464579994428e-07
689, 932, 6.325976864722425e-07
334, 365, 6.297895423200619e-07
270, 365, 6.189449464179876e-07
535, 703, 6.179688194310194e-07
0, 95, 5.695514591960438e-07
133, 218, 5.527107415047763e-07
1830, 2199, 5.417125844571145e-07
1830, 1947, 5.180904899391323e-07
1510, 1882, 4.603499625299382e-07
1125, 1200, 4.48770749931607e-07
0, 375, 4.3348029545130604e-07
1069, 1220, 4.1767318423429775e-07
1010, 1200, 3.740237502419737e-07
698, 1200, 3.3376800266533497e-07
0, 764, 3.194998801121483e-07
0, 725, 3.122697135497727e-07
902, 1224, 2.8529491631113233e-07
1125, 1220, 2.7520382326090105e-07
0, 615, 2.7302531872751947e-07
902, 1204, 2.612896336871908e-07
648, 1200, 2.4874633827820565e-07
0, 67, 2.44957094771164e-07
786, 1200, 2.341319373949231e-07
786, 1113, 2.340444884354112e-07
689, 1200, 2.242165090418597e-07
689, 1113, 2.2414733245932772e-07
1055, 1200, 1.8838649706856182e-07
648, 1012, 1.8477492993778408e-07
859, 1041, 1.8398179674994946e-07
0, 117, 1.7802055950922633e-07
1074, 1220, 1.766482623767485e-07
985, 1171, 1.7597385608683852e-07
786, 1012, 1.739772800088871e-07
1451, 1631, 1.7368412036439833e-07
942, 1152, 1.6577297689767504e-07
837, 1152, 1.5965032747020384e-07
839, 1200, 1.554578907875976e-07
154, 537, 1.5304375817682914e-07
819, 1200, 1.5253535895270413e-07
100, 537, 1.5239672710270817e-07
1117, 1200, 1.4617394580502187e-07
689, 1012, 1.4558814325690388e-07
942, 1171, 1.3925382912845723e-07
839, 1113, 1.371907328179408e-07
819, 1113, 1.344760148484141e-07
985, 1418, 1.3415797271099533e-07
837, 1171, 1.3410547434655037e-07
1040, 1066, 1.3337131340037319e-07
283, 537, 1.2534120036802665e-07
177, 537, 1.1795656757760331e-07
913, 1152, 1.165684631462624e-07
839, 1012, 1.0430269587629122e-07
1910, 2133, 1.020393016006585e-07
819, 1012, 9.754413467980168e-08
698, 939, 9.506904079123779e-08
76, 537, 9.32415018110132e-08
913, 1171, 9.204863479992166e-08
985, 1012, 9.119066612763936e-08
743, 986, 8.849657158468364e-08
994, 1066, 8.544963120075888e-08
994, 1152, 8.541616958154098e-08
248, 287, 8.305174916422019e-08
594, 703, 7.56527694975659e-08
786, 939, 7.559740143343946e-08
0, 740, 7.491485558029656e-08
1510, 1589, 7.347883132618614e-08
648, 939, 7.097595821384642e-08
1108, 1360, 6.788643252473274e-08
819, 932, 6.607150826536344e-08
851, 1113, 6.524164398327213e-08
689, 939, 6.398571608980981e-08
582, 772, 6.235010582166076e-08
506, 703, 6.170447427498507e-08
482, 703, 5.8209878008891573e-08
198, 365, 5.80537723781215e-08
449, 703, 5.7458464769169536e-08
582, 986, 5.7239057091446314e-08
851, 1012, 5.2068529642509265e-08
0, 313, 4.954459904273769e-08
414, 772, 4.777231287621872e-08
469, 772, 4.765792035920411e-08
819, 939, 4.6000344960941474e-08
0, 819, 4.5540250051740203e-08
0, 441, 4.466447392072331e-08
859, 1012, 4.3584522589887796e-08
839, 932, 4.131896578368712e-08
621, 703, 3.650337486119014e-08
471, 703, 3.400689958488228e-08
497, 772, 3.353432593217325e-08
346, 365, 3.146679652024002e-08
582, 764, 2.9684061029603516e-08
0, 621, 2.4188526954312794e-08
1002, 1152, 1.238411003745288e-08
100, 224, 1.1554278452362665e-08
859, 1113, 1.1343283360704119e-08
0, 535, 1.0809197670916083e-08
648, 740, 1.0400941969387605e-08
356, 537, 9.053316289566043e-09
76, 224, 8.921142424529391e-09
902, 973, 8.785299701306942e-09
648, 725, 8.374671243003947e-09
532, 537, 7.884765493729515e-09
837, 973, 6.484980265839872e-09
180, 537, 5.98021598374792e-09
698, 819, 5.921069924677058e-09
236, 537, 4.8620105896000675e-09
648, 819, 4.861606483995047e-09
100, 274, 4.4326663523641e-09
689, 819, 4.353265584975125e-09
154, 274, 4.0709150296351135e-09
214, 537, 3.5480364361466763e-09
414, 535, 3.1393173902305783e-09
469, 615, 2.960110917695605e-09
76, 274, 2.8947251845400383e-09
414, 986, 2.6882805874345127e-09
469, 986, 2.6817981721454793e-09
1069, 1113, 2.673771373856571e-09
414, 615, 2.6253546755524992e-09
154, 224, 2.5272573808579155e-09
270, 537, 2.482653559551433e-09
106, 537, 2.3348888321492505e-09
100, 227, 2.3169981212185293e-09
177, 274, 2.1946283138910332e-09
76, 227, 1.737601163386836e-09
497, 615, 1.7108327326561968e-09
154, 310, 1.6996322804741381e-09
582, 725, 1.6701878973662207e-09
689, 740, 1.5401983567679068e-09
100, 310, 1.5034040987873407e-09
469, 621, 1.439666870481175e-09
698, 740, 1.4057238844588423e-09
177, 310, 1.3897340479961347e-09
1254, 1550, 1.3124627688746106e-09
414, 621, 1.274975202623096e-09
582, 740, 1.182498191394742e-09
414, 725, 1.1384192306261474e-09
469, 725, 1.1356950478508898e-09
106, 224, 1.1111330071409441e-09
414, 764, 1.068786753860104e-09
469, 764, 1.0662275056352403e-09
994, 1012, 1.0562301978435069e-09
772, 986, 1.0555561455962323e-09
133, 365, 1.0402742164875109e-09
76, 310, 1.0231765360053526e-09
839, 939, 9.79410676227424e-10
689, 725, 9.553212282649184e-10
214, 218, 9.315342329108165e-10
913, 932, 9.168640034026609e-10
0, 939, 9.044306039573109e-10
497, 986, 9.003208999550883e-10
497, 621, 8.932566521519235e-10
76, 85, 8.833968148041027e-10
698, 725, 8.583992433637061e-10
414, 740, 8.084325796134423e-10
469, 740, 8.06496758799026e-10
497, 725, 7.99129553129096e-10
648, 775, 7.769046300531159e-10
1317, 1650, 7.647656674780572e-10
497, 764, 7.502471870851342e-10
913, 939, 7.241836698234855e-10
743, 1041, 7.005456827347353e-10
310, 433, 6.94208650322894e-10
310, 703, 6.912901749980548e-10
177, 224, 6.803344365067959e-10
248, 365, 6.054459592923589e-10
469, 535, 5.860149486642985e-10
497, 740, 5.674907351364397e-10
154, 227, 5.628098449097552e-10
414, 433, 5.573602580445438e-10
851, 932, 5.160694176490098e-10
582, 1041, 5.008089374327858e-10
414, 582, 5.002233239163501e-10
180, 274, 4.89549674693122e-10
198, 537, 4.743944280963704e-10
106, 274, 4.742706430250977e-10
76, 160, 4.730364605383807e-10
913, 973, 4.6398452693383705e-10
698, 810, 4.3428004023406853e-10
648, 810, 4.243129034634308e-10
451, 615, 4.003730959262154e-10
469, 582, 3.981205146916981e-10
0, 582, 3.808307995523983e-10
0, 436, 3.7703987945225817e-10
310, 369, 3.758538834667288e-10
198, 218, 3.3892264992102195e-10
689, 810, 3.3343914046136354e-10
180, 310, 3.317270589327901e-10
100, 236, 3.312491498289368e-10
306, 461, 3.2778846946087984e-10
698, 775, 2.9885976566353733e-10
698, 973, 2.9444732980181874e-10
689, 775, 2.8627739774991826e-10
310, 375, 2.7619978428319026e-10
0, 1171, 2.4489927314345735e-10
100, 160, 2.4026516833776394e-10
582, 819, 2.399122213730286e-10
0, 1152, 2.3908442007407326e-10
321, 461, 2.3414371791137915e-10
76, 236, 2.294060404076759e-10
106, 227, 2.248895376747272e-10
154, 321, 2.2488896033498936e-10
100, 321, 2.0661629269622677e-10
177, 321, 1.9988435656861716e-10
451, 772, 1.994422095242299e-10
168, 218, 1.90582713563053e-10
451, 621, 1.8889083757900088e-10
621, 772, 1.842259202094496e-10
532, 703, 1.8410208954256335e-10
414, 819, 1.838191981469056e-10
469, 819, 1.833786038087007e-10
451, 535, 1.761885058016458e-10
100, 230, 1.7550963177651988e-10
168, 365, 1.7314305585797962e-10
535, 772, 1.689045060977831e-10
451, 461, 1.6544812847327998e-10
482, 615, 1.625832350686414e-10
449, 615, 1.6235009142156326e-10
451, 725, 1.5804598085096045e-10
310, 321, 1.5703857444772976e-10
177, 227, 1.5564168840209328e-10
106, 310, 1.5543681997183407e-10
310, 425, 1.5318700552647013e-10
286, 461, 1.4965162303271712e-10
133, 537, 1.4882862946119336e-10
180, 224, 1.4088323032681298e-10
76, 321, 1.4061751116264433e-10
286, 310, 1.3732871814514523e-10
214, 310, 1.373193077731362e-10
786, 819, 1.363228920289897e-10
594, 772, 1.3605725303618466e-10
535, 725, 1.3386805945836874e-10
497, 582, 1.3183423179396232e-10
497, 819, 1.2903214023719087e-10
356, 365, 1.2879705893247495e-10
506, 615, 1.2814910009942663e-10
76, 230, 1.2800959008701275e-10
601, 703, 1.1879269507647807e-10
594, 725, 1.128955103701605e-10
471, 615, 1.1280178946047522e-10
451, 740, 1.122325136148321e-10
154, 236, 1.0973784634508491e-10
582, 615, 1.0823310460344306e-10
535, 615, 1.030609119716773e-10
451, 764, 1.0290696573587102e-10
497, 535, 9.533834706217559e-11
535, 740, 9.505748307691454e-11
248, 537, 9.459081116272134e-11
621, 764, 9.436807246267244e-11
306, 310, 9.36167601984961e-11
621, 725, 9.280803042134167e-11
414, 425, 8.844764970667792e-11
535, 764, 8.715537390008898e-11
621, 740, 8.616390844295087e-11
306, 433, 8.570717407509934e-11
594, 740, 8.532257933311294e-11
506, 772, 8.474780839765075e-11
482, 621, 8.142517373244201e-11
214, 274, 8.078100356269705e-11
482, 772, 7.994628237478414e-11
449, 772, 7.892698717007963e-11
449, 535, 7.761357259759989e-11
449, 621, 7.638604439505946e-11
449, 461, 7.533909806427305e-11
582, 621, 7.343028317164457e-11
599, 703, 7.041331349856729e-11
334, 461, 6.974488038388143e-11
506, 621, 6.909278599309568e-11
451, 582, 6.837462895040851e-11
236, 310, 6.645816885324705e-11
286, 369, 6.490476891505356e-11
535, 621, 6.298546594892882e-11
310, 535, 5.946648469156011e-11
133, 224, 5.88479125449046e-11
133, 274, 5.751341717551652e-11
471, 621, 5.5087782293201024e-11
851, 939, 5.508759779720807e-11
306, 369, 5.433892937774907e-11
321, 433, 5.09978626603676e-11
180, 321, 4.835725730317438e-11
310, 615, 4.798385292966306e-11
154, 230, 4.7325522014131547e-11
286, 433, 4.691614245138455e-11
286, 375, 4.4199437380737605e-11
198, 310, 4.190387218266575e-11
346, 461, 4.0240608993376594e-11
582, 775, 3.958435399805885e-11
306, 375, 3.951667304907312e-11
168, 537, 3.907942726603418e-11
154, 369, 3.631202138623799e-11
100, 369, 3.615850316059487e-11
198, 274, 3.570577412981046e-11
286, 321, 3.488400474999585e-11
177, 236, 3.331136125097043e-11
106, 236, 3.2959095171527167e-11
180, 227, 3.2297947840007526e-11
177, 369, 3.105151322274674e-11
283, 310, 3.098589257535038e-11
414, 775, 3.032931731675272e-11
469, 775, 3.025669267837311e-11
449, 582, 2.8352185654312934e-11
236, 274, 2.7205270414246117e-11
154, 313, 2.6824888815948296e-11
214, 321, 2.485289902123015e-11
76, 369, 2.4608508145506363e-11
100, 313, 2.3898430847285633e-11
306, 321, 2.3119665537327553e-11
177, 313, 2.2475878430852142e-11
106, 321, 2.1362040662903796e-11
133, 310, 2.063810046982821e-11
506, 725, 2.0483735297742628e-11
154, 375, 1.987797415708012e-11
100, 375, 1.9793935009561575e-11
482, 725, 1.932613738046391e-11
306, 425, 1.9237993246621965e-11
449, 725, 1.9076662274225872e-11
106, 160, 1.8288764485332126e-11
321, 369, 1.8152320176158766e-11
482, 582, 1.740207902544537e-11
106, 230, 1.7183855168400245e-11
177, 375, 1.6998259909979058e-11
133, 227, 1.6652441757917225e-11
506, 740, 1.65297045981001e-11
76, 313, 1.6264631518573448e-11
594, 764, 1.598645417917938e-11
482, 740, 1.55939966749465e-11
471, 582, 1.470026348469146e-11
236, 321, 1.4240182237573362e-11
283, 369, 1.3860295765490767e-11
321, 375, 1.3657496020856173e-11
177, 230, 1.3473365312969018e-11
76, 375, 1.3471221658457775e-11
154, 160, 1.2868537756733144e-11
471, 725, 1.2811515646208083e-11
214, 224, 1.2190746033263142e-11
310, 313, 1.1912559126973786e-11
615, 703, 1.1514159560176229e-11
286, 425, 1.128637422774907e-11
321, 425, 1.0639221687163729e-11
168, 274, 1.0168237053997031e-11
306, 703, 9.437262397150237e-12
283, 375, 9.324033313538974e-12
743, 772, 8.384274123564593e-12
283, 321, 7.870373663419634e-12
270, 310, 7.708660285104042e-12
180, 369, 7.570042439365005e-12
180, 236, 6.971700162316685e-12
471, 772, 6.922893583843978e-12
198, 321, 6.722586179222052e-12
236, 369, 6.624925327756173e-12
214, 369, 6.380675992915414e-12
198, 224, 6.1698637103149086e-12
168, 310, 5.9480080477095925e-12
154, 461, 5.775861900907527e-12
100, 461, 5.751442988472015e-12
180, 313, 5.385684385826537e-12
283, 461, 5.324801181821787e-12
177, 461, 4.939115073796507e-12
180, 375, 4.144002515781926e-12
236, 375, 3.7400163884212974e-12
106, 369, 3.7384245198997755e-12
214, 227, 3.6837511863584066e-12
214, 375, 3.4404659647874624e-12
168, 224, 3.405320035892978e-12
334, 369, 2.866417741308434e-12
133, 236, 2.8569017619120352e-12
180, 230, 2.802877710810685e-12
133, 321, 2.7761639104306465e-12
270, 274, 2.7266072435927986e-12
286, 313, 2.5802509681580723e-12
270, 369, 2.5244641362871e-12
106, 313, 2.470856701944055e-12
334, 425, 2.3852969064672007e-12
214, 313, 2.3747476330655893e-12
334, 375, 2.189863410165295e-12
283, 425, 2.176105426040369e-12
154, 425, 2.1359527104846043e-12
100, 425, 2.1269224318701653e-12
106, 375, 2.0464932316581597e-12
270, 321, 1.925875613073373e-12
248, 310, 1.911850193067148e-12
198, 227, 1.8761836388890276e-12
334, 433, 1.861747927036016e-12
177, 425, 1.8265180868700138e-12
306, 313, 1.74140211052868e-12
270, 375, 1.6020624157457545e-12
76, 425, 1.4475264022150638e-12
283, 433, 1.3502017988100535e-12
133, 230, 1.344374764247248e-12
154, 433, 1.3116777576663891e-12
100, 433, 1.3061323092367734e-12
198, 369, 1.2644035161662508e-12
236, 313, 1.2006615240820255e-12
177, 433, 1.1216555201632733e-12
346, 425, 1.0212877541328978e-12
168, 227, 1.0201706295480872e-12
346, 369, 9.790033216932755e-13
76, 433, 8.889186432360432e-13
346, 433, 8.520062325350957e-13
168, 321, 8.244909633801298e-13
214, 236, 8.093216144954865e-13
346, 375, 7.48806852175552e-13
198, 313, 6.997752539205301e-13
248, 274, 6.98672842544464e-13
198, 375, 6.663967418495609e-13
283, 313, 5.824533489128651e-13
133, 160, 5.407738944511463e-13
133, 369, 4.858374439871513e-13
180, 425, 4.452864932761139e-13
248, 321, 4.387799431797612e-13
198, 236, 4.160579458901537e-13
236, 425, 3.6202499234108514e-13
214, 425, 3.327986992608166e-13
133, 313, 3.2110711294050824e-13
214, 230, 3.202754292398481e-13
248, 369, 2.980313991142604e-13
180, 433, 2.734481836384049e-13
133, 375, 2.659577679081939e-13
270, 425, 2.6370513344038134e-13
236, 433, 2.2231771698044916e-13
106, 425, 2.1990232659557557e-13
168, 236, 2.1164309891796786e-13
214, 433, 2.0436999820172709e-13
248, 375, 1.7378741381706311e-13
198, 230, 1.639041729539712e-13
270, 433, 1.5836246216185618e-13
270, 313, 1.4457667925150506e-13
356, 425, 1.3758357589304563e-13
106, 433, 1.350409066823699e-13
168, 369, 1.275915841732382e-13
356, 433, 1.2008632079002209e-13
356, 369, 1.176228882419729e-13
168, 313, 9.51723371186879e-14
356, 375, 8.933298664530243e-14
168, 230, 8.747659864021024e-14
198, 425, 7.008723446127994e-14
168, 375, 6.984635159467515e-14
198, 433, 4.3040216240720367e-14
248, 313, 3.5145822599885844e-14
133, 425, 2.8578023633037386e-14
248, 425, 1.85629326431161e-14
133, 433, 1.7549619789576207e-14
248, 433, 1.115754524829524e-14
168, 425, 7.505216720133995e-15
168, 433, 4.608915632796013e-15
