Gene = Rfc1
index = 899
Annotated 5SS: [  147 16266 22713 24630 32695 33738 38272 39717 42013 44584 47781 50822
 56214 56960 58314 59981 60289 61296 61720 63293 63530 66723 69569 71428]
Annotated 3SS: [16139 22636 24506 32461 33659 38193 39625 41734 44475 47600 50716 55855
 56846 58198 59888 60150 61199 61620 63137 63411 66576 69354 71238 72523]
SMsplice 5SS: [  147 16266 22713 24630 33738 38272 39717 44584 47781 50826 56006 56960
 57571 58314 58803 59722 59981 60289 61296 61720 63293 63530 66723 69569
 71428]
SMsplice 3SS: [16139 22636 24506 33659 38193 39625 44475 47643 50716 55855 56846 57352
 58198 58663 59602 59888 60150 61199 61620 63137 63411 66576 69354 71238
 72523]
length: 73819
Partition function (logZ) = 49.606212420417
#Exons = 1780
3SS, 5SS, prob
22636, 22713, 0.9969046780748881
69354, 69569, 0.9872789920236462
59888, 59981, 0.980642280623137
66576, 66723, 0.9763755173507804
38193, 38272, 0.972266864609257
44475, 44584, 0.9706038872788154
16139, 16266, 0.9601204572540776
39625, 39717, 0.9536193788602761
60150, 60289, 0.9532997415206659
0, 147, 0.9407580164696583
61199, 61296, 0.9301925575291493
33659, 33738, 0.8672841212209519
71238, 71428, 0.8633534531784854
24506, 24630, 0.8390627417323968
57352, 57571, 0.8283821464291367
59602, 59722, 0.6150247644622419
56846, 56960, 0.6051958658361255
63411, 63530, 0.5955970646264946
47643, 47781, 0.5452411539432523
63137, 63293, 0.5033838216956593
61620, 61720, 0.49183478598321156
58663, 58803, 0.49042195050264015
50716, 50826, 0.4871285083407371
32461, 32695, 0.4824475853759219
58198, 58314, 0.47519176029460386
72523, -1, 0.46807230847337644
48085, 48165, 0.4093916368699323
17549, 17660, 0.3549925738345395
31097, 31254, 0.33057573908924287
50716, 50822, 0.32748760525424153
18098, 18219, 0.3244681844752925
38765, 38892, 0.320207904862847
47600, 47781, 0.3078054691077976
28332, 28506, 0.30761442584151616
72520, -1, 0.28978388070046124
45834, 45900, 0.2689956915767642
41859, 42013, 0.2635346843759883
56849, 56960, 0.24040892940666952
54396, 54628, 0.23201724044300892
68051, 68322, 0.22728020773879143
4301, 4414, 0.22559009254557374
45940, 46117, 0.21831566398803595
47181, 47292, 0.21809553830702527
55855, 56214, 0.1829180489873555
48598, 48709, 0.17036794017749565
2557, 2654, 0.16810147131376071
16698, 16933, 0.1674033341453169
61408, 61720, 0.15444855592903714
24506, 24635, 0.15278153795420443
38978, 39105, 0.14284538722052673
58198, 58400, 0.13594276584509257
48598, 48805, 0.13592096350666255
48598, 48720, 0.13553983267317415
61820, 62007, 0.13535524769596188
3759, 3883, 0.12312953643926777
54512, 54628, 0.12100120331738151
63444, 63530, 0.11480617925013833
68205, 68322, 0.10744003494773054
31097, 31267, 0.10575855378943078
17571, 17660, 0.10284301848378602
52868, 53193, 0.09581178216877881
34346, 34484, 0.09211156211090173
63413, 63530, 0.09103079033990055
50367, 50512, 0.08802248443101317
61408, 61655, 0.0798085165887654
57503, 57571, 0.07769947181622779
47184, 47292, 0.07644163538921545
18098, 18309, 0.07413939813950467
18098, 18359, 0.0698190478105208
26293, 26410, 0.06833219920597902
27160, 27312, 0.06709009845155249
2971, 3069, 0.06691414578946521
33617, 33738, 0.06645403021406078
58142, 58314, 0.06512004759219422
53365, 53620, 0.0643302083098879
47181, 47368, 0.06427328102550395
41917, 42013, 0.06423349960227936
69919, 70009, 0.06346482960603389
33318, 33394, 0.06017697176969823
47600, 47718, 0.05913915096865205
72069, 72227, 0.05911140370393322
45940, 46211, 0.05758779878810937
19012, 19087, 0.0569260703118029
11611, 11705, 0.05678847597164246
51063, 51148, 0.055991749690290395
18417, 18512, 0.055717548466400535
50688, 50826, 0.05535846156230597
6056, 6235, 0.0537421150767041
18528, 18667, 0.05330522552811685
60975, 61105, 0.05295418929465071
68051, 68328, 0.05265477813216992
53460, 53620, 0.05173089171830001
70562, 70662, 0.05168207530538181
34311, 34484, 0.04941903962887666
73107, -1, 0.049381477820370105
48598, 48608, 0.04922623665283129
38362, 38510, 0.048709316808329226
59537, 59722, 0.04861470906860853
0, 217, 0.0481631987808065
19290, 19413, 0.04719524710080181
63752, 63892, 0.04646017856490365
50667, 50826, 0.04527375535800658
41864, 42013, 0.04472066563841417
52084, 52146, 0.04334148302745602
63137, 63530, 0.04234811854673694
53562, 53620, 0.04090019919265319
72386, -1, 0.039947012624531084
47181, 47346, 0.03978928242898738
50688, 50822, 0.039593631705127454
16139, 16270, 0.03913719121252163
4323, 4414, 0.0388048146382307
63342, 63530, 0.03850415745218613
36472, 36875, 0.03795929719378519
38392, 38510, 0.03706849969645876
38628, 38892, 0.03701298416430302
54563, 54628, 0.03679152024066912
66182, 66272, 0.0362903279745567
50367, 50384, 0.036075417146188546
33066, 33394, 0.03348326319846308
50667, 50822, 0.03331050910088355
71301, 71428, 0.03315974489887741
28241, 28506, 0.032547059324145845
72069, 72267, 0.03212442259496106
16698, 16862, 0.032042297253991534
53382, 53620, 0.031551798494015966
19564, 19637, 0.03152046165597618
41827, 42013, 0.03150810867225593
48598, 48743, 0.03136052521950156
57352, 57448, 0.031180073414182503
33675, 33738, 0.030623463225640243
41734, 42013, 0.030572699522493293
48298, 48462, 0.029653900487191565
52917, 53193, 0.02946600509677232
47872, 48165, 0.029356111364794543
61408, 61529, 0.02873701839580248
21950, 22091, 0.028683216042459617
34346, 34568, 0.028682216292289692
19012, 19185, 0.028569459536388096
59641, 59722, 0.02783264068884809
47643, 47718, 0.02769534521408804
39625, 39736, 0.027532862496412618
68205, 68328, 0.026894348481732472
58479, 58553, 0.02684939710047963
6056, 6156, 0.025992573048472616
38441, 38510, 0.025928004819908135
49001, 49078, 0.02579819870330897
72459, -1, 0.02567936214207541
68238, 68322, 0.02528472162628926
38441, 38549, 0.02490437682233424
26317, 26410, 0.024781206564020535
72523, 72803, 0.024339386871634394
19347, 19637, 0.024291777089420357
19347, 19413, 0.02424658140867955
58717, 58803, 0.023949826714399883
47184, 47368, 0.02379092897061821
17588, 17660, 0.0234489341063131
52321, 52416, 0.023270933644148176
63731, 63892, 0.02323229610491636
44475, 44590, 0.023208457191899574
17427, 17452, 0.022371558804120603
71238, -1, 0.02179572048761871
47394, 47514, 0.02169110367833142
5590, 5802, 0.021685034259825743
47203, 47292, 0.02148852700911663
57740, 57816, 0.02075917824422709
33179, 33394, 0.020138519048162683
30377, 30469, 0.020011889424235787
2923, 3069, 0.019954958111422824
31097, 31369, 0.01993745810986968
41887, 42013, 0.019785360616672347
6056, 6121, 0.019751546059287063
53043, 53193, 0.01956530801965395
71238, 71302, 0.01948211959977263
33114, 33394, 0.019135989597674114
48085, 48462, 0.019084675394602922
48391, 48462, 0.018875860703942104
18977, 19087, 0.018757635940928174
38765, 38957, 0.018748127413231074
61408, 61478, 0.018642277133405542
47894, 48165, 0.018618732382526378
37329, 37448, 0.018545369314283217
52084, 52131, 0.017992965740798148
6867, 7033, 0.017747344200310988
68953, 69043, 0.017548830004502285
58546, 58803, 0.017314590378769583
71238, 71452, 0.017041001740628694
72069, -1, 0.01683447331929771
42860, 43011, 0.016725803092864998
63257, 63530, 0.016539684872731632
34311, 34568, 0.01609029474659984
20130, 20251, 0.016064531232120427
58142, 58400, 0.01592705288645222
61883, 62007, 0.01591137456912862
18417, 18667, 0.015812424537134835
73262, -1, 0.01573581314551317
36689, 36875, 0.015275446736459336
70916, 71107, 0.01519522123990894
47184, 47346, 0.014958998435318229
45390, 45900, 0.01486433660382726
49001, 49312, 0.014819059878860931
3660, 3883, 0.014692970377471382
36654, 36875, 0.014681521773692651
17549, 17662, 0.014655282150323506
57352, 57511, 0.014485655473348963
18417, 18529, 0.014447968795920984
67090, 67341, 0.01442877892546222
51063, 51340, 0.014397992050485376
4326, 4414, 0.014394171335322819
72520, 72803, 0.014391420203887721
72386, 72422, 0.014349920494324478
66182, 66491, 0.01402263229925015
52868, 52973, 0.013983459231604056
47643, 47849, 0.013862382441205641
27218, 27312, 0.013823320470279036
61620, 61655, 0.013717466254227602
60885, 61105, 0.013552289209188304
17491, 17660, 0.013366109922681271
45390, 45574, 0.013356915382204274
57352, 57398, 0.013354356650934445
8176, 8387, 0.013188410072104039
38095, 38272, 0.012923362495904568
71238, 71504, 0.012894006750031073
3759, 3920, 0.01282175087049988
39625, 39848, 0.0127956493957297
71238, 71354, 0.012755204681158022
38978, 39119, 0.01273797935669107
45390, 45632, 0.01272199427000451
72074, 72227, 0.012497764414706361
73405, -1, 0.012436973505137816
57696, 57816, 0.012340759397003692
72523, 72754, 0.012189169190526225
73227, -1, 0.012055291137654507
36028, 36059, 0.012053831733513034
7299, 7423, 0.01191257191029707
47203, 47368, 0.011788134391228177
30335, 30469, 0.011767259788825526
3840, 3883, 0.011733663909437506
67090, 67181, 0.011533358201806112
38392, 38549, 0.011411501303004692
60783, 60907, 0.011144958403599052
20805, 20880, 0.011054706601632658
57352, 57401, 0.010999733378405142
38362, 38549, 0.010938982118798162
61866, 62007, 0.010867540361849188
67251, 67341, 0.010831390807308335
63009, 63293, 0.010693285305812364
38727, 38892, 0.010646571917442902
68186, 68322, 0.010641752361806934
72321, 72422, 0.010544342728491267
51462, 51684, 0.010478415033607845
34483, 34568, 0.010285391494334958
61408, 61525, 0.010250636033973404
50466, 50512, 0.010137269124984893
58198, 58553, 0.010129154865962534
54918, 55092, 0.009960924548160794
59894, 59981, 0.009931501625699448
66425, 66491, 0.009930666765774322
28342, 28506, 0.009874047936485547
69952, 70009, 0.009794963805598259
45678, 45900, 0.009637360228335102
24059, 24151, 0.009462847331990687
41316, 41440, 0.00941889144884971
36852, 36875, 0.00938182711101136
71503, 71555, 0.009315522384361912
61227, 61296, 0.009143902887453247
69919, 69998, 0.00906955415299296
60150, 60395, 0.009029505978157017
60497, 60597, 0.00891836308334413
8176, 8240, 0.008809456398280142
59602, 59751, 0.008779948171105988
8148, 8240, 0.008751163924488228
64890, 64985, 0.008720911771236732
70849, 71107, 0.00866082705805939
28913, 29060, 0.008584893885552619
47600, 47849, 0.008513463036861707
52084, 52416, 0.00845953405024919
50113, 50384, 0.008421848908528979
61251, 61296, 0.008381258987549581
28374, 28506, 0.008363313564940366
70893, 71107, 0.00826674031083145
50716, 50797, 0.008178468809414747
71238, 71555, 0.007977961068793673
60497, 60548, 0.00784273365712135
72300, 72422, 0.007774860046282247
38017, 38040, 0.007666009530407717
61017, 61105, 0.007640461655781286
28241, 28333, 0.007624777710357342
20130, 20255, 0.00759773097225576
42860, 42919, 0.0075855032292773145
67090, 67199, 0.00757154190817699
43648, 43702, 0.007422932760479492
0, 267, 0.00737016162478169
57352, 57600, 0.0073177051461392716
68238, 68328, 0.007284952635665056
67302, 67341, 0.0072328071230523365
72520, 72754, 0.0072113031740853335
43430, 43702, 0.007140622301820131
22778, 22891, 0.007068431761143708
47203, 47346, 0.007047091075939922
34394, 34484, 0.0069975130711780065
41316, 41342, 0.0069914811576446
60439, 60548, 0.0068549168991455306
3840, 3920, 0.0067682638366183805
72074, 72267, 0.006721856681862148
52382, 52416, 0.00670810863710019
18764, 18897, 0.006547769269970111
66848, 66979, 0.0064987664385565145
18417, 18504, 0.006419350974313279
60150, 60332, 0.006413350198655159
34846, 35008, 0.006394094441624831
63049, 63293, 0.0063898118303927715
45759, 45900, 0.006289879146869214
40816, 40970, 0.0062837174154233
16698, 17031, 0.006269323583770578
41129, 41342, 0.006266946912508412
41842, 42013, 0.006257900934492051
19290, 19637, 0.006180336330274761
69697, 69804, 0.006142735111927388
38492, 38549, 0.006125057835664897
73330, -1, 0.0061170151703169836
54918, 55159, 0.0061167423993250146
3578, 3883, 0.0060413009539572226
63257, 63293, 0.006004300488084671
920, 1063, 0.005967339942177806
47806, 47849, 0.005952181229524574
61408, 61637, 0.005945221627373938
61138, 61296, 0.005912653991610919
70254, 70410, 0.005870975024585235
23982, 24151, 0.005777289154256864
57692, 57816, 0.005693273246811764
58663, 58725, 0.005650035998573432
17427, 17660, 0.005608946481363633
52321, 52434, 0.00558693263764476
60975, 61296, 0.005519508973163511
72491, -1, 0.005497870117633141
64890, 64999, 0.005493616658464444
67090, 67165, 0.005453903988753278
27160, 27352, 0.005412027379016071
35951, 36059, 0.005219122702399222
45770, 45900, 0.005217594670357216
34394, 34568, 0.005169954752821761
69354, 69416, 0.005155209222960882
35793, 36059, 0.0050628839526605796
2971, 3245, 0.005055876110740793
23647, 23724, 0.004938583807194456
69885, 70009, 0.004921330059042381
18434, 18512, 0.004861405737118846
47259, 47368, 0.004832220493569915
5424, 5802, 0.0048106312858462365
62286, 62382, 0.004803585353272199
27160, 27358, 0.004794038312236506
3629, 3883, 0.004740698367188129
61620, 62007, 0.0047243494646005526
19564, 19632, 0.004705744141296301
50325, 50384, 0.004696654224104497
61620, 61729, 0.004687979172074271
54918, 55021, 0.004637528192868378
27160, 27323, 0.0045600547814366645
58343, 58400, 0.004539459179706475
4303, 4414, 0.004537784993485389
44475, 44641, 0.004513157313499659
34376, 34484, 0.00449122358582379
38697, 38892, 0.004472414743173349
41756, 42013, 0.004454242417821012
68072, 68322, 0.0044086774365867075
35793, 35871, 0.004384024067929787
72800, -1, 0.004344937219977964
72321, -1, 0.00432271908210195
48685, 48805, 0.00430784543221083
64890, 64975, 0.004285640603520104
23647, 23732, 0.0042515047517516415
63240, 63293, 0.004245093609856706
38492, 38892, 0.004239520982976385
71503, -1, 0.004238460629573544
23647, 23785, 0.004210273631698097
57793, 57816, 0.0042092127381577055
8148, 8387, 0.004207991340765022
58479, 58803, 0.004190772388998175
70254, 70486, 0.004188172649673343
39562, 39717, 0.004182596625749909
18098, 18512, 0.0041706072620699445
63052, 63293, 0.0041393713616611726
63240, 63530, 0.004077352380658111
61074, 61296, 0.003995133215963237
19347, 19632, 0.0039592896159047885
41859, 42031, 0.003933181115760132
23647, 23739, 0.003932842254562983
45834, 46117, 0.0038968751620871394
56846, 56922, 0.0038723240337758735
5590, 5663, 0.003870314666904289
43459, 43702, 0.0038593950554787204
39825, 39848, 0.0038076587671990437
30377, 30514, 0.0038008963988176827
48598, 48747, 0.0037942749484849076
48391, 48608, 0.0037930398035502374
49001, 49268, 0.0036904442026622583
59743, 59981, 0.0036789232652862584
2492, 2654, 0.0036651036294336682
41760, 42013, 0.003649749543217944
17571, 17662, 0.003616503807185119
38610, 38892, 0.0036046921083629137
66425, 66723, 0.0035336293061101398
2601, 2654, 0.0035268896949059267
59602, 59744, 0.0035043822398524095
45511, 45900, 0.0035017841874323812
5424, 5663, 0.0034777488628540878
47394, 47475, 0.0034546513153844486
36472, 36593, 0.0034345271257635616
70400, 70486, 0.00343426376471742
66491, 66723, 0.003381631494001697
60885, 60907, 0.003346945214797464
5785, 5802, 0.0033323231443830163
36028, 36085, 0.0033184947436308804
27486, 27672, 0.0032939266570569154
38770, 38892, 0.003293414372145795
45390, 45461, 0.0032810568766496965
36852, 36984, 0.0032707631669914596
42433, 42686, 0.0032633211951939127
45940, 46029, 0.0032590755380704343
33848, 33970, 0.00325489045939104
55855, 56014, 0.0032447522763255302
61784, 62007, 0.0032055232101858254
72074, -1, 0.003183893267221143
1930, 2094, 0.0031759061490264193
62286, 62522, 0.0031540423309575397
68989, 69043, 0.0031009608011385885
34292, 34484, 0.0030821355609751393
58546, 58553, 0.0030616141956726593
28332, 28427, 0.003054904111284051
57793, 57910, 0.00305218077702405
41647, 42013, 0.0030466225627973687
2951, 3069, 0.0030325561957865064
72300, -1, 0.003019482334308246
47872, 47975, 0.0030133721803169296
3763, 3883, 0.0029958223917252967
45991, 46117, 0.0029619168089492186
55855, 55954, 0.0029423343079937295
45511, 45632, 0.0029358595960855263
63411, 63498, 0.002930530452872545
58343, 58553, 0.002905711203379067
23647, 23773, 0.002888256010844388
67090, 67271, 0.0028508716806105493
38492, 38510, 0.002837320699296696
48290, 48462, 0.0028233525831267985
38193, 38510, 0.002820352367936033
55855, 55923, 0.0028174031232434974
43728, 43939, 0.002793601985088441
52382, 52434, 0.002780700021262646
67881, 68322, 0.0027704528833359214
2572, 2654, 0.00271037615906228
34914, 35008, 0.002682378082694432
47256, 47368, 0.0026809814467552325
40928, 41098, 0.002670729968139508
69354, 69440, 0.0026399239866647267
46545, 46676, 0.0026371177683500134
67025, 67181, 0.0026299789800986843
72413, -1, 0.0026107156818546717
73024, -1, 0.0025415937250601065
48761, 48805, 0.002536426327289441
38441, 38892, 0.0025354973762966803
22778, 22912, 0.0025136074135660895
27218, 27352, 0.0024921949304425417
59646, 59722, 0.0024859280948686226
59565, 59722, 0.0024785621700812287
44775, 44818, 0.002474523634447563
2553, 2654, 0.0024644816944303536
26334, 26410, 0.0024418674588406334
59638, 59722, 0.0024261690336630113
41248, 41342, 0.0024028110729826914
40816, 41098, 0.0023939847320502434
61820, 62011, 0.0023924716547988932
30335, 30449, 0.0023734645893581183
67140, 67341, 0.0023719289497037073
3578, 3680, 0.002322027100896536
58663, 58844, 0.0023159861504145384
47394, 47781, 0.002305745649600216
47181, 47317, 0.002293287894039936
58212, 58314, 0.0022919926204960357
60889, 61105, 0.002288941874611553
67025, 67165, 0.002288219247637129
30377, 30449, 0.0022813241660796573
63291, 63530, 0.002275933859603257
27218, 27358, 0.0022728876381814048
48414, 48462, 0.0022428402247426328
33659, 33777, 0.0022318228720765968
45390, 45612, 0.0022260626088934856
68186, 68328, 0.002210596953452845
58460, 58553, 0.00219709170844944
38628, 38957, 0.0021544850965655848
45029, 45182, 0.0021502992159963047
67090, 67333, 0.0021380719092623478
61005, 61105, 0.0021216680311748667
23676, 23785, 0.0021152107638697784
38193, 38333, 0.002105476195236888
53418, 53620, 0.0021042993962687748
18818, 18897, 0.002093359498562055
45390, 45595, 0.002086555382747928
18179, 18359, 0.0020815587417338977
23647, 23743, 0.0020711630099413455
57503, 57600, 0.0020582392247179577
68396, 68474, 0.0020343833927102175
23647, 23748, 0.0020332745071409987
39035, 39105, 0.0020145556261221796
61562, 61720, 0.0019909820786638307
63758, 63892, 0.001979136356692276
42175, 42245, 0.001967004697113563
34376, 34568, 0.0019605641841937606
4264, 4414, 0.0019569703295844705
71554, -1, 0.001950607466624249
69437, 69569, 0.0019483960107102504
72523, 72807, 0.001932626509939045
60699, 60907, 0.0019257309357336389
47394, 47412, 0.0019253847816379593
38492, 38668, 0.001908040949733181
46960, 47292, 0.0018969108400483808
63890, 64049, 0.0018587419936203458
41173, 41342, 0.0018581655182372551
58552, 58803, 0.001834897804424824
28332, 28529, 0.0018341956109371377
70849, 70938, 0.0018056109328487217
28913, 29146, 0.0018049944352799725
0, 301, 0.0017923656977803797
70984, 71107, 0.0017918362773068396
59562, 59722, 0.0017855735530682535
70363, 70486, 0.0017762715336525087
63694, 63892, 0.0017703581457785779
51260, 51340, 0.0017698269631058693
48246, 48462, 0.0017413732359796551
47872, 47955, 0.001711609691261168
38765, 38912, 0.0017056088049148697
70562, 71107, 0.0016920992954381027
48414, 48608, 0.001682224292860695
42471, 42686, 0.0016756969503934865
22636, 22825, 0.0016732063959793743
60209, 60289, 0.001667568436269597
3448, 3551, 0.0016659675650788721
5456, 5802, 0.0016632595664754402
57352, 57816, 0.0016522724581622818
17623, 17660, 0.001646210903769517
16861, 16933, 0.001633854329314715
34846, 34929, 0.001632039887820061
50667, 50797, 0.0016271804198166309
47035, 47292, 0.0016220179076700848
23647, 23875, 0.0016154023959655077
23647, 23789, 0.001611436328582389
60783, 60900, 0.0016102808605711286
34846, 34998, 0.0015976318226875365
18179, 18309, 0.0015929253008273411
22778, 22825, 0.001587249494456901
61017, 61296, 0.0015782552424527313
68110, 68322, 0.0015618180382250242
52942, 53193, 0.001556244373047458
71685, -1, 0.0015487506102618031
27160, 27398, 0.0015292028400455391
58546, 58725, 0.0014944433387906416
63752, 64049, 0.0014924932794115069
50688, 50797, 0.00147973245290825
5619, 5802, 0.0014623026215595076
63733, 63892, 0.0014595989829945463
42487, 42686, 0.0014576295743136194
60266, 60289, 0.0014551173605606433
42433, 42582, 0.0014223605567793146
60439, 60597, 0.001411576210389806
62665, 62750, 0.0014090144508208946
71789, -1, 0.0014078177448766192
60497, 60907, 0.0014000190127072597
41917, 42031, 0.0013938718396181774
3660, 3920, 0.0013908324162922802
70223, 70410, 0.0013852571043521677
71053, 71107, 0.0013729424643088436
39625, 39854, 0.0013727329567975834
2235, 2493, 0.001363982171950642
61146, 61296, 0.00136037007997092
69919, 70104, 0.0013581078165922295
67003, 67181, 0.001356346628365859
46393, 46494, 0.001346144707158617
68015, 68322, 0.0013454060964084582
66182, 66340, 0.0013345657032196867
47259, 47346, 0.0013292626099804562
58293, 58400, 0.0013281993359247932
67456, 67692, 0.0013145347236629943
67003, 67165, 0.0013049048139329386
5716, 5802, 0.001303143970475685
33440, 33738, 0.001298271681875874
27218, 27323, 0.001291833172201866
65240, 65617, 0.0012915443467035306
67646, 67722, 0.001288403101764055
63837, 63892, 0.0012691966505266295
70578, 70662, 0.0012522088759784518
67584, 67692, 0.0012501257518381002
48298, 48451, 0.001237676393589903
73069, -1, 0.001233704036556671
67025, 67341, 0.0012271808658218
55855, 55939, 0.0012244182353941648
61408, 61729, 0.0012051280713002346
60885, 61296, 0.0012020291673157943
45399, 45900, 0.0011982956018911145
41369, 41440, 0.0011903652978070855
5456, 5663, 0.0011800176777027255
49001, 49093, 0.0011754337515783963
66576, 66759, 0.0011705474517234736
23133, 23260, 0.0011638269938879732
72042, 72227, 0.0011583273751010596
38193, 38310, 0.0011544247596276765
23676, 23773, 0.001150845876443787
52241, 52416, 0.0011459533067266756
72520, 72807, 0.001142345949257728
48719, 48805, 0.001141557265936325
69952, 69998, 0.0011267128279460472
24506, 24716, 0.00112476902458516
68953, 69099, 0.0011017430124955086
48085, 48177, 0.001096059228298483
23676, 23875, 0.0010881768716842367
57856, 57910, 0.0010751074178167604
57740, 57910, 0.0010653321126694773
38441, 38668, 0.001049564190619358
70223, 70486, 0.001041593156215196
67251, 67333, 0.001039829561865119
45399, 45574, 0.0010338574716509594
42334, 42454, 0.001031117632168163
69919, 70093, 0.001020144913971107
61074, 61105, 0.0010106777642529552
66848, 66907, 0.0010012332857480331
71958, 72044, 0.0009954236673114104
69952, 70104, 0.0009921579437900882
48403, 48462, 0.0009875399451549898
0, 1063, 0.000976114864189626
49589, 49670, 0.0009712974499508268
34179, 34484, 0.0009680201623146639
5713, 5802, 0.0009573184843020805
47894, 47975, 0.0009405564070278292
45399, 45632, 0.0009145530549444674
72169, 72267, 0.0009125223818682059
67646, 67692, 0.0009093989239592992
61408, 61482, 0.0008994931060598339
2971, 3124, 0.0008978252661529972
58758, 58803, 0.0008926714497968025
60266, 60395, 0.0008908092064527027
52084, 52434, 0.0008889471887480499
51063, 51090, 0.000883387400282007
61620, 61850, 0.0008808215178384874
71958, -1, 0.0008780348792304599
69885, 69998, 0.0008779579984205461
66848, 66962, 0.0008743862127914985
60737, 60907, 0.0008645681378237598
47256, 47346, 0.0008494494263669176
61408, 61522, 0.000847854627523585
41090, 41342, 0.0008347371655578563
23676, 23789, 0.0008325589682411424
45834, 46211, 0.0008303394547207387
2980, 3069, 0.0008280755609187433
29623, 29755, 0.0008274367179661233
27457, 27672, 0.0008257908753651469
2923, 3245, 0.0008252311673643645
23676, 23724, 0.0008146730902036493
29902, 30018, 0.000812291487661394
69697, 70009, 0.0008072520792437859
70519, 70662, 0.0008034133153178506
23676, 23739, 0.00080244927969513
2327, 2493, 0.0007994581240209961
38455, 38549, 0.0007989633228189268
70562, 70938, 0.0007922441303440845
48085, 48451, 0.0007908413802647336
40601, 40824, 0.0007879560601471679
61931, 62007, 0.0007869095421668497
63009, 63530, 0.0007844967817080207
60867, 61105, 0.0007844543095494001
38362, 38493, 0.0007835914266131438
23676, 23732, 0.0007792859606033345
47470, 47781, 0.0007681630559549189
61408, 62007, 0.0007561987476721168
58663, 58743, 0.0007546740618733275
38441, 38581, 0.000744768832301564
16139, 16278, 0.0007423515334054527
73583, -1, 0.0007329063263639394
6011, 6121, 0.0007282217215734344
66461, 66723, 0.0007231487862503381
26220, 26410, 0.0007230642602857342
60638, 60907, 0.0007222946756277858
38362, 38892, 0.0007202072658213281
58212, 58400, 0.0007199381098367235
47259, 47292, 0.0007162513594417953
22778, 22982, 0.0007134816839607604
38978, 39201, 0.0007097570479743681
67627, 67692, 0.000709607330347883
48243, 48462, 0.0007091666636594303
26356, 26410, 0.0007037640653534538
59602, 59700, 0.0007018388414928419
57371, 57571, 0.0007000442431634235
25927, 26080, 0.000697236613235134
38978, 39078, 0.0006933153071072935
38441, 38577, 0.0006897373944057753
71945, 72044, 0.0006858426033794832
59888, 59906, 0.0006772954959542359
47184, 47317, 0.0006738676572643096
38392, 38892, 0.0006674631500714306
60783, 61105, 0.0006665619012748093
71554, 71736, 0.0006653552557305658
61201, 61296, 0.0006577805295589598
48602, 48709, 0.0006551877444310254
61820, 61850, 0.0006536396430578356
27218, 27398, 0.0006514901817216266
25985, 26080, 0.0006503281253888172
66576, 66808, 0.0006489541912947172
67025, 67199, 0.0006488751602296605
46071, 46211, 0.0006439013167929542
22778, 22937, 0.0006401432430175591
72042, -1, 0.0006287937976458581
71503, 71736, 0.000623000517172204
58142, 58553, 0.000620807186861012
69952, 70093, 0.0006143090466149501
71301, 71452, 0.000609702958381639
52342, 52416, 0.0006074327140584815
45029, 45228, 0.0006049808265601717
60867, 60907, 0.0006043818160611574
24059, 24155, 0.0005975324440030052
24193, 24330, 0.0005932994922549044
70254, 70439, 0.0005883290696257026
51462, 51678, 0.0005880215183619148
67003, 67341, 0.0005776769999922176
23410, 23548, 0.0005760463615993982
22636, 22891, 0.0005745736404551998
3578, 3920, 0.000573188244442421
69919, 70095, 0.0005685215686686986
593, 706, 0.0005681591643144659
38712, 38892, 0.0005635925162411967
70321, 70486, 0.000563026662054904
47872, 47981, 0.0005560605448014179
28241, 28388, 0.0005552761086983636
73270, -1, 0.0005512309929801487
5467, 5663, 0.0005503866774605728
71612, -1, 0.0005496499093812512
24015, 24151, 0.0005448493506187584
38881, 38957, 0.000538353436558177
51063, 51263, 0.0005370305801230867
69333, 69569, 0.0005355474465592537
72042, 72267, 0.0005353847164090239
63731, 64049, 0.0005310108905131409
69675, 69804, 0.0005271197314626748
70141, 70267, 0.0005265559254102525
69497, 69569, 0.0005183103359112908
62286, 62467, 0.0005156971856251011
60988, 61105, 0.000514812218534888
39825, 39854, 0.0005139703636465263
4508, 4661, 0.0005112676195686023
47822, 47849, 0.0005099281339138955
3771, 3883, 0.000508351786558422
1572, 1632, 0.000506172580007335
59641, 59751, 0.0005041110515842338
71612, 71736, 0.0005005089429792794
73066, -1, 0.0004997508137390635
48115, 48165, 0.0004979539169067281
72459, 72803, 0.000495724969029744
44775, 44915, 0.0004925168441649117
28332, 28388, 0.0004919021973436698
23676, 23748, 0.0004869217170081181
1572, 1749, 0.0004825632549161569
68129, 68322, 0.00047326189943622043
38193, 38549, 0.00046979043131335297
68396, 68494, 0.00046489656854621
57503, 57816, 0.0004601092815926372
38492, 38581, 0.000457702725459705
5590, 5673, 0.00045725526390340905
45991, 46211, 0.00045656082961644033
34695, 34782, 0.00045542736417044836
24506, 24533, 0.0004539625898947844
23676, 23743, 0.0004524289130261235
71945, -1, 0.00045025079969900116
3629, 3920, 0.00044749757148366035
38461, 38549, 0.00044702391075854465
1572, 1714, 0.0004459553936298488
68072, 68328, 0.00044178667024967407
38628, 38668, 0.00043835965164757437
71473, 71555, 0.000436664708317366
45390, 45683, 0.0004354883252774954
60889, 60907, 0.00043487300049624856
47394, 47718, 0.00043442505175142113
18781, 18897, 0.0004320070933536429
23647, 23884, 0.0004286286349572779
47600, 47706, 0.0004280149630578542
59602, 59981, 0.00042379762044991866
60787, 60907, 0.0004215681601763415
38455, 38510, 0.0004177240400533558
45390, 45526, 0.00041676712854283573
27514, 27672, 0.000414180461561579
24512, 24630, 0.0004136544119377007
2971, 3363, 0.00040888600554815353
28332, 28439, 0.0004070159500414696
47237, 47292, 0.0004053189032192018
48391, 48451, 0.00040352445576110127
72523, 72767, 0.00040305650069541964
38392, 38493, 0.0004012467189867452
69952, 70095, 0.0004009898805508098
2235, 2654, 0.0003978612182472756
46854, 46974, 0.0003957975953220545
22890, 22982, 0.00039362793157786066
3578, 3661, 0.00039114108456093265
47894, 47955, 0.00038823643103670516
59537, 59751, 0.00038661846702399763
48092, 48165, 0.00038468540194233343
70722, 71107, 0.0003802020263292355
23925, 24151, 0.0003655189377058614
2279, 2493, 0.00036544997087761865
45511, 45574, 0.0003650507633949491
51969, 52131, 0.0003639089996136076
60885, 60900, 0.0003587251199137525
26029, 26080, 0.00035625348078181806
61416, 61720, 0.0003559398449863336
72849, -1, 0.0003537857763938744
51501, 51684, 0.0003524944249501161
58770, 58803, 0.0003522130119083059
51969, 52146, 0.0003513882536945988
22778, 22923, 0.0003481109684023996
45511, 45612, 0.0003473006514940271
51819, 52036, 0.00034689281506113063
44242, 44584, 0.00034586719155214657
66182, 66723, 0.00034222556157550136
45057, 45182, 0.0003414675566977066
732, 1063, 0.00033558857440516346
47806, 48165, 0.00033433272791929825
38727, 38957, 0.00032621965196832404
58663, 58861, 0.00032327208878853375
71685, 71736, 0.00032211778003390267
57856, 58021, 0.0003214017642635982
59888, 59939, 0.0003192811489873875
71301, 71504, 0.000318650724422345
48298, 48608, 0.0003184652010454446
70562, -1, 0.0003174624654706986
60497, 60793, 0.0003162513813625001
47237, 47346, 0.00031595963339021136
67627, 67722, 0.0003111863581976638
47256, 47292, 0.0003108782686118157
1432, 1632, 0.0003061857339272967
61792, 62007, 0.0003048570292407723
60699, 60900, 0.0003048154538740981
48892, 49078, 0.00030175410568935733
69354, 69518, 0.0003005572676378207
2383, 2493, 0.000300285924089256
44475, 44549, 0.00029784361275172425
39009, 39105, 0.000295446175854232
38978, 39130, 0.0002931888184024339
62286, 62750, 0.0002926120190335396
2557, 2797, 0.0002913506221497516
61005, 61296, 0.00029031890445329565
38492, 38577, 0.00028667506708592917
60497, 60683, 0.00028027346459255566
52084, 52179, 0.0002799771082688531
60497, 60763, 0.0002729375351107478
67090, 67217, 0.0002724398546940722
61620, 61637, 0.0002718926749820624
45852, 45900, 0.00027180057450645905
52382, 52592, 0.00027120260244851914
60497, 60570, 0.000269946392927641
69919, -1, 0.00026952634001762123
61562, 61655, 0.00026842165847576374
5424, 5673, 0.0002673152115763811
60497, 60563, 0.00026680209077482273
58717, 58844, 0.0002665923618256247
59828, 59981, 0.00026642305194318083
70916, 71126, 0.00026582855036490867
51969, 52036, 0.0002640755121631985
72152, 72267, 0.00026368882505891576
4301, 4661, 0.00026359759526957134
71821, -1, 0.00026255642602193366
2923, 3012, 0.00026209082852124324
58518, 58803, 0.00026015829568237206
51786, 52036, 0.00025966583942908637
72523, 72615, 0.0002548628175215376
57753, 57816, 0.0002466201781435724
45487, 45632, 0.0002449455936414676
71880, -1, 0.00024214659663202368
72459, 72754, 0.00024047777779979745
60699, 60793, 0.00023973017564097871
2235, 2403, 0.00023939472807557247
2399, 2493, 0.00023914870733732037
72520, 72767, 0.00023815055869023794
500, 706, 0.00023675482395453496
45641, 45900, 0.00023589418190087755
1947, 2094, 0.00023312970595218736
44996, 45182, 0.00023272909726394943
59888, 60012, 0.00023201437865267907
66861, 66979, 0.00023125618402224915
67267, 67341, 0.0002303040438107981
69556, 69569, 0.00022957194443772944
69919, 70178, 0.00022898604561127846
60153, 60289, 0.00022570554828643604
3629, 3680, 0.0002252333074328709
71958, 72075, 0.00022400963404935813
66899, 66979, 0.00022374628659499335
23982, 24155, 0.00022075982311958525
44658, 44818, 0.00022055740695967461
41268, 41342, 0.00021848922473474884
27649, 27672, 0.00021659866332912316
4001, 4106, 0.0002155013141780782
72386, 72803, 0.00021520924521547833
67434, 67692, 0.00021447921751739348
28241, 28427, 0.0002139843056683419
44475, 44738, 0.00021042848308004802
23874, 24151, 0.00020961509996923847
4001, 4130, 0.00020957013230657847
46140, 46211, 0.0002093515509423831
63049, 63530, 0.00020910210233525016
23676, 23884, 0.00020854440368218492
0, 125, 0.0002085317319133455
61883, 62011, 0.00020619755994547606
67302, 67333, 0.00020579005183373215
23133, 23340, 0.00020487297992275412
60497, 60900, 0.00020259248248745055
27160, 27333, 0.00019988963483810176
23874, 24019, 0.0001996619901686242
67456, 67544, 0.00019961692988502825
23647, 23912, 0.00019854379755230428
38017, 38272, 0.0001969739161406477
60889, 61296, 0.00019689714767279272
45399, 45612, 0.000196798808125357
45511, 45595, 0.00018956223639690484
23722, 23875, 0.0001894236815780727
45399, 45461, 0.00018841264694795945
45998, 46117, 0.00018805812002590605
61022, 61105, 0.0001872461593546402
69366, 69569, 0.00018609576980062618
67003, 67199, 0.00018580964554732634
60638, 60793, 0.00018536063127490887
27211, 27312, 0.00018489165717471768
48602, 48805, 0.0001842547910730282
41292, 41342, 0.00018422572601616488
45399, 45595, 0.00018414249126489548
44691, 44818, 0.00018307810241484083
1496, 1632, 0.000181422963819923
59888, 60037, 0.00018095740211134914
61637, 61720, 0.00018060814955946688
69919, 70043, 0.00017857216046708054
72696, 72803, 0.00017807429143852014
72069, 72075, 0.0001758529827912557
70400, 70662, 0.0001754401262968928
3448, 3680, 0.00017282577091505826
24823, 24893, 0.00017179968746071844
61620, 61756, 0.00017092179748388908
60376, 60395, 0.00017063031022645023
60376, 60548, 0.00017046022817449134
2971, 3012, 0.00016930948636157932
59916, 59981, 0.00016922902566945115
38461, 38510, 0.00016817650352187206
2557, 2689, 0.00016785148240467242
48602, 48720, 0.00016732213701809665
44720, 44818, 0.00016728034510360927
67434, 67544, 0.00016679906073743022
72520, 72615, 0.0001654472035288827
24506, 24585, 0.00016405497087257552
67140, 67271, 0.0001640260527861691
62381, 62522, 0.00015990207520551094
60419, 60548, 0.00015862038359135732
1572, 1642, 0.00015401320853586917
2951, 3245, 0.0001531763693969209
72348, -1, 0.00015298259010804074
70321, 70410, 0.00015154151575962738
3140, 3245, 0.0001514529795512744
47872, 47910, 0.00015022347862107344
920, 1022, 0.00014742413832779852
61408, 61453, 0.00014585310012755695
67302, 67544, 0.00014368795133803784
47643, 47706, 0.00014298360930296427
60638, 60763, 0.00014268858605681086
63342, 63498, 0.00014236985486641037
71301, -1, 0.0001412472597944922
3763, 3920, 0.0001401225328418521
23133, 23193, 0.00014002515450223273
1723, 1808, 0.00013938529348667751
50716, 50904, 0.00013842797113276757
45518, 45632, 0.00013765337768501513
60439, 60563, 0.0001365524598392552
72491, 72803, 0.00013650148613999488
58479, 58725, 0.00013546911573664345
2773, 3069, 0.00013444981043259248
3424, 3551, 0.00013314273726195306
25874, 26080, 0.00013053412769785657
59888, 60062, 0.0001299523618770685
2923, 3124, 0.00012957373459526985
59743, 59751, 0.0001287190421504669
1542, 1632, 0.00012851029058873816
3344, 3551, 0.0001284508800234616
0, 195, 0.00012675771765078303
60497, 60798, 0.00012634292886756182
3660, 3680, 0.00012565101170338854
1491, 1632, 0.0001252026896900865
72656, 72803, 0.00012433535231612107
24629, 24635, 0.00012429108747130785
3550, 3680, 0.00012341993858527194
52382, 52599, 0.00012295360856106246
51135, 51340, 0.00011930660672271719
24402, 24630, 0.00011890346830885134
24629, 24716, 0.00011764904759088876
44658, 44738, 0.0001165511855817846
928, 1063, 0.00011506679775014941
45057, 45228, 0.00011438156108583074
1135, 1381, 0.00011411948305383881
61408, 61644, 0.00011318010693681772
22636, 22912, 0.00011238229074684685
61408, 61621, 0.00011191912886865258
44475, 44818, 0.00011181157271793538
60699, 60798, 0.00011069559926323708
59743, 59906, 0.00011037340764181375
45511, 45683, 0.0001098804906497387
59063, 59153, 0.00010716789292825206
1528, 1632, 0.00010698379868017579
60439, 60570, 0.00010671558726306666
39574, 39717, 0.00010431956200576166
2327, 2654, 0.00010414453878440999
26029, 26410, 0.00010318852168870203
0, 130, 0.00010170336741823208
61416, 61529, 0.00010149199624267254
27417, 27672, 9.956893601569528e-05
18434, 18529, 9.864426560437881e-05
60737, 60900, 9.832951783958542e-05
44694, 44818, 9.733467262555397e-05
2980, 3245, 9.724578099076023e-05
3448, 3883, 9.600298354270508e-05
1723, 1749, 9.595053511232054e-05
70722, 70938, 9.571351705334088e-05
67584, 67722, 9.493745095143498e-05
67377, 67544, 9.45691709775106e-05
1278, 1381, 9.40854127433905e-05
5456, 5673, 9.395617446937679e-05
48085, 48608, 9.246790575613379e-05
1247, 1381, 9.233610628575718e-05
0, 706, 9.116332701471851e-05
47872, 48462, 9.066786744977018e-05
72553, -1, 9.024605688519533e-05
4044, 4130, 8.953910704270136e-05
2971, 3345, 8.937637417239486e-05
61022, 61296, 8.931437445810273e-05
41038, 41342, 8.895305489950542e-05
605, 706, 8.789657110727669e-05
47470, 47718, 8.731069891190981e-05
23982, 24123, 8.52922997044769e-05
981, 1063, 8.32402045285869e-05
50716, 50964, 8.29347526574563e-05
38362, 38668, 8.227461117599808e-05
3738, 3883, 8.150795058659108e-05
60150, 60548, 8.078307577575176e-05
4323, 4661, 7.929343037534388e-05
70254, -1, 7.87495812012411e-05
1926, 2094, 7.871490895882053e-05
52342, 52434, 7.84587491886627e-05
45112, 45228, 7.763825046414688e-05
1586, 1749, 7.681203294932386e-05
3585, 3680, 7.643499114252272e-05
51819, 52031, 7.640288437452464e-05
3983, 4106, 7.591599162872643e-05
24823, 24968, 7.568980915062376e-05
60867, 61296, 7.396938346364842e-05
808, 1063, 7.365292471034098e-05
60266, 60332, 7.357274397305344e-05
0, 1632, 7.344552884382495e-05
60638, 60798, 7.322015645697195e-05
46016, 46117, 7.214247535261147e-05
60059, 60289, 7.189710520606407e-05
27218, 27333, 7.184869148390737e-05
3578, 3715, 7.165331552730925e-05
39763, 39848, 7.141032064650576e-05
0, 1381, 7.13743500868645e-05
631, 706, 6.995422927956281e-05
593, 1063, 6.781592937354633e-05
2923, 3363, 6.671798813611955e-05
72386, 72754, 6.601193636036677e-05
72110, 72227, 6.54416934466437e-05
3300, 3363, 6.496052246392019e-05
61416, 61655, 6.444414521285225e-05
3585, 3883, 6.427838820947053e-05
71958, 72227, 6.391267314049428e-05
60783, 61296, 6.368419139964296e-05
59888, 59970, 6.36448750016047e-05
5467, 5802, 6.36267407571797e-05
60439, 60907, 6.34453508518116e-05
44996, 45228, 6.329965413714238e-05
2183, 2493, 6.126536231870254e-05
61408, 61850, 6.109786283808546e-05
1586, 1714, 6.081524454270621e-05
69952, -1, 6.0798946030874396e-05
71354, 71428, 6.00983206438591e-05
3983, 4130, 5.956538829618247e-05
2279, 2403, 5.93488487012433e-05
857, 1063, 5.8794800439772874e-05
2250, 2493, 5.8786887174816686e-05
66848, 66964, 5.8650645492695505e-05
47894, 47981, 5.8479341251216657e-05
1952, 2094, 5.833405073696176e-05
60988, 61296, 5.8148454175770505e-05
1432, 1642, 5.7795046170928705e-05
51786, 52031, 5.7308296364161254e-05
69653, 69804, 5.648289101654142e-05
71789, 72044, 5.638473498976088e-05
38881, 38892, 5.621914874616955e-05
71301, 71555, 5.5850441765292874e-05
59888, 60004, 5.564523004520651e-05
2368, 2493, 5.4590773137422184e-05
27597, 27672, 5.432806566745513e-05
757, 1063, 5.401983140217709e-05
3448, 3661, 5.307504268490442e-05
3987, 4106, 5.305293848885772e-05
2402, 2493, 5.1973748569524725e-05
2399, 2654, 5.187533955506031e-05
27160, 27672, 5.145301240869574e-05
2472, 2654, 5.115240630719684e-05
60401, 60548, 5.0200714287994265e-05
2333, 2493, 4.828664106203033e-05
1135, 1248, 4.769713325152307e-05
61408, 61484, 4.7681177855419573e-05
1012, 1063, 4.7540370573928276e-05
26677, 26781, 4.721108331763153e-05
3536, 3680, 4.709915734757123e-05
61416, 61478, 4.6808408061771984e-05
5749, 5802, 4.680613316179138e-05
59641, 59981, 4.6626255128396705e-05
60160, 60289, 4.646341505917419e-05
28313, 28506, 4.640051889418234e-05
4044, 4106, 4.6342876636574026e-05
1469, 1632, 4.463189798369746e-05
3987, 4130, 4.339896467726855e-05
0, 1749, 4.316998029342325e-05
3550, 3883, 4.2056386955417055e-05
71199, 71428, 4.176620797096749e-05
2383, 2654, 4.1585196194250905e-05
2279, 2654, 4.1287987645205345e-05
3840, 4106, 4.127300149560027e-05
26029, 26174, 4.118666856342757e-05
48598, 48850, 4.1000264469725e-05
1592, 1749, 4.081162266806477e-05
66820, 66979, 4.024436161177929e-05
0, 372, 4.004381012878816e-05
70409, 70486, 3.914046440516744e-05
4810, 4907, 3.8938068217992845e-05
2601, 2797, 3.8918772157300646e-05
45487, 45900, 3.865792979118623e-05
1432, 1749, 3.8529988455080946e-05
63052, 63530, 3.8469578750793425e-05
2971, 3551, 3.835249754636513e-05
3300, 3551, 3.830324710077742e-05
52025, 52146, 3.813294632458683e-05
796, 1063, 3.773095366472056e-05
1613, 1749, 3.74590356989369e-05
26494, 26781, 3.6478778772527394e-05
61459, 61720, 3.6211328205877965e-05
1572, 1808, 3.619810684884676e-05
1586, 1632, 3.587762246810575e-05
51819, 51937, 3.5868387513347186e-05
25950, 26080, 3.573453419709618e-05
0, 54, 3.5581308578000964e-05
60638, 60900, 3.55645455242323e-05
2231, 2493, 3.555769359938619e-05
40812, 40970, 3.552027448373737e-05
1496, 1642, 3.53413757184653e-05
1588, 1749, 3.478842731033891e-05
71490, 71555, 3.473556565353363e-05
1493, 1632, 3.415339530958203e-05
4160, 4414, 3.396563477114432e-05
2327, 2403, 3.3805114530482746e-05
1542, 1749, 3.346123837898348e-05
4354, 4414, 3.299037508122609e-05
1542, 1642, 3.2732685612143885e-05
1432, 1714, 3.244630690766956e-05
1196, 1381, 3.2434081084679445e-05
61408, 61756, 3.2120811207257025e-05
51589, 51684, 3.193223806035643e-05
48403, 48608, 3.1793414874633466e-05
59537, 59981, 3.158711141564557e-05
72169, 72227, 3.1105726638933094e-05
71880, 72044, 3.095787549939914e-05
3222, 3363, 3.087423886969034e-05
1592, 1714, 2.986858510628477e-05
0, 551, 2.9788241845388087e-05
1542, 1714, 2.972807631712596e-05
71945, 72075, 2.958048256257036e-05
72800, 72803, 2.908927776758664e-05
44475, 44600, 2.889235986804481e-05
50907, 50964, 2.8496479381527814e-05
40878, 40970, 2.826975999149163e-05
3840, 4130, 2.8260150059574464e-05
60379, 60548, 2.8032140143370557e-05
59888, 59995, 2.768268437107659e-05
0, 1022, 2.731867879644721e-05
34292, 34568, 2.7017000658892526e-05
1588, 1714, 2.6854105134245382e-05
45487, 45574, 2.643505380542328e-05
59888, 60042, 2.581023314146479e-05
2557, 2744, 2.5570441021632158e-05
69969, 70009, 2.528991921959304e-05
52025, 52131, 2.5192495462670815e-05
1630, 1749, 2.5133409186861286e-05
1723, 1832, 2.504795740890313e-05
4736, 4907, 2.4985773965110828e-05
50879, 50964, 2.4971128472354e-05
1930, 2114, 2.479121663368535e-05
2284, 2493, 2.4655758326381853e-05
24512, 24635, 2.465013490932273e-05
1528, 1642, 2.454316585327994e-05
1491, 1642, 2.3942217257796398e-05
66820, 66907, 2.3875811415289666e-05
72110, 72267, 2.360251514089147e-05
3759, 4106, 2.3367240813176415e-05
51786, 51937, 2.326715558996491e-05
63805, 63892, 2.3265417694314786e-05
72152, 72227, 2.326363755036182e-05
631, 1063, 2.322272860281488e-05
0, 1642, 2.3058152962342342e-05
676, 1063, 2.2848507973829818e-05
2951, 3124, 2.2607025011961827e-05
0, 1714, 2.2600161825505447e-05
1748, 1808, 2.245027725212846e-05
40928, 40970, 2.2095412615850393e-05
26293, 26474, 2.177907811055379e-05
3629, 3715, 2.1485585547062777e-05
72491, 72754, 2.098190814515503e-05
2773, 2797, 2.0900942635042752e-05
2557, 2782, 2.089616979790355e-05
3550, 3661, 2.0814055672017368e-05
2061, 2094, 2.0778357203529125e-05
64917, 64985, 2.0672506079972598e-05
936, 1063, 2.061367683625402e-05
1496, 1749, 2.0425543841180526e-05
500, 1063, 2.041409455339441e-05
2027, 2094, 1.996757104701963e-05
71238, 71349, 1.9795018688351264e-05
26607, 26781, 1.9782959758071016e-05
2557, 3069, 1.9462577274794733e-05
0, 407, 1.943864082566376e-05
44760, 44818, 1.9237999530208078e-05
1613, 1714, 1.9045527870177936e-05
44663, 44818, 1.896940948256933e-05
41038, 41098, 1.8795995006571004e-05
1528, 1749, 1.8220334700711325e-05
24422, 24630, 1.8030625034445515e-05
61199, 61322, 1.786141210723781e-05
45112, 45182, 1.7813899412170545e-05
66372, 66723, 1.7747855243092408e-05
70141, 70410, 1.768164957491969e-05
40251, 40486, 1.764676568746382e-05
412, 706, 1.764343666936518e-05
38362, 38408, 1.7606771869758685e-05
38193, 38408, 1.7382405471069878e-05
1496, 1714, 1.7345995582670084e-05
50466, 50826, 1.713861376209032e-05
44475, 44682, 1.7059682620694454e-05
63137, 63498, 1.6720840902929946e-05
5288, 5337, 1.6581782767550173e-05
63413, 63498, 1.6540190646956874e-05
3660, 3715, 1.6477770303550064e-05
51282, 51340, 1.604045860546107e-05
1607, 1749, 1.593311126487125e-05
3771, 3920, 1.5822841597210607e-05
1528, 1714, 1.552612979516573e-05
26317, 26474, 1.5227333970557723e-05
1135, 1268, 1.507579078896718e-05
2557, 2787, 1.4992988192002236e-05
2235, 2343, 1.4894010104801485e-05
40601, 40970, 1.4668545679116707e-05
2923, 3345, 1.4600329156042176e-05
24721, 24893, 1.4412434897398903e-05
38362, 38581, 1.4362097618308249e-05
3398, 3551, 1.4361073475669483e-05
1588, 1632, 1.425882694719923e-05
1169, 1381, 1.4244663401390059e-05
1572, 1775, 1.3919834013363476e-05
1491, 1749, 1.38089534851407e-05
500, 649, 1.3786109544698738e-05
63837, 64049, 1.377419196015928e-05
732, 1022, 1.3582553335610689e-05
2235, 2501, 1.3465358241472319e-05
2557, 2639, 1.3415810032858548e-05
39674, 39717, 1.3358582441549543e-05
50466, 50822, 1.2958769047500014e-05
943, 1063, 1.286498436322303e-05
59888, 60056, 1.2854715437104913e-05
500, 551, 1.2602619478707357e-05
1432, 1500, 1.2581103314660757e-05
70290, 70410, 1.2552283274729263e-05
6180, 6235, 1.2442597792672492e-05
1135, 1236, 1.2393490969245407e-05
1592, 1632, 1.2371208800858465e-05
412, 551, 1.2296361357233802e-05
1439, 1632, 1.2219251243531011e-05
61459, 61655, 1.2107480886883172e-05
61820, 62036, 1.2066642626166608e-05
1723, 1775, 1.1833552671468804e-05
1491, 1714, 1.1726984995700607e-05
0, 1248, 1.1569907299952e-05
59602, 59906, 1.1565574406947981e-05
1586, 1642, 1.150184726705053e-05
40878, 41098, 1.14800674144291e-05
44775, 44879, 1.1460834257367864e-05
0, 507, 1.1457409002401141e-05
1745, 1808, 1.1289623107700724e-05
26728, 26781, 1.11324521649399e-05
2557, 2758, 1.0882777628903573e-05
61199, 61300, 1.0787071431994109e-05
48144, 48165, 1.0776017269162174e-05
51819, 52146, 1.0332377825132002e-05
69697, 69998, 1.0262813834280012e-05
40342, 40486, 1.0185681403896906e-05
40464, 40568, 1.0133545731860466e-05
605, 1063, 1.0061553391674715e-05
25985, 26174, 9.959902149206061e-06
772, 1063, 9.853126078753471e-06
500, 666, 9.83675843226104e-06
51819, 52131, 9.807252188283788e-06
70223, 70439, 9.7980669501105e-06
61199, 61287, 9.639770438779604e-06
61620, 61644, 9.598073276269101e-06
51501, 51678, 9.535183798289e-06
69354, 69804, 9.513199125257468e-06
4326, 4661, 9.406953454554883e-06
60379, 60395, 9.175419607257097e-06
46854, 47292, 9.12997859509613e-06
23428, 23548, 8.747167428613531e-06
69704, 69804, 8.66954973397921e-06
1732, 1808, 8.616014834194552e-06
1723, 2094, 8.417506070868385e-06
69657, 69804, 8.347924669480067e-06
1976, 2094, 8.312859863305928e-06
451, 706, 8.285050515485093e-06
60150, 60257, 8.224777687589981e-06
1469, 1642, 8.010612714798824e-06
464, 706, 7.922018009538498e-06
70223, 70267, 7.784685015407074e-06
50367, 50826, 7.607806427259737e-06
2327, 2501, 7.554377384154509e-06
732, 822, 7.485134668922192e-06
48602, 48608, 7.407193248470071e-06
61436, 61720, 7.186333037021608e-06
59888, 60289, 6.948460021683461e-06
59743, 59845, 6.925872256622143e-06
59743, 59939, 6.877151160533985e-06
60150, 60336, 6.792527061190777e-06
40251, 40568, 6.741527871868141e-06
66576, 66907, 6.675990793405122e-06
38362, 38577, 6.622051576812952e-06
3344, 3363, 6.618490125596845e-06
50688, 50904, 6.56796215644391e-06
38392, 38581, 6.477640475505488e-06
45029, 45048, 6.4166163330611875e-06
1981, 2094, 6.397728395565242e-06
593, 666, 6.2633480394867484e-06
2980, 3124, 6.251064338163784e-06
66861, 66962, 6.175277478410689e-06
38392, 38577, 6.144226330087063e-06
2951, 3012, 6.139627702323598e-06
44775, 45048, 6.137301656823187e-06
3140, 3363, 6.072960967103614e-06
1748, 1832, 5.9043771332185494e-06
2083, 2094, 5.803718390464145e-06
25874, 25986, 5.74828013137511e-06
39432, 39717, 5.742977785518523e-06
40294, 40486, 5.700832217056456e-06
38441, 38493, 5.666151863486364e-06
69952, 70178, 5.645956961183594e-06
2557, 2823, 5.599117905028942e-06
1342, 1632, 5.561083837207687e-06
1723, 1852, 5.539116702984346e-06
1434, 1632, 5.528559386316432e-06
60209, 60395, 5.486861445022332e-06
60150, 60194, 5.484836774424084e-06
50367, 50822, 5.47621667005166e-06
59894, 59906, 5.450844410414705e-06
50667, 50904, 5.209707219809884e-06
71507, 71555, 5.194327323867097e-06
1607, 1714, 5.189133505073905e-06
25895, 26080, 5.172473109650244e-06
58198, 58803, 5.149660498769675e-06
1278, 1632, 5.086771082521735e-06
47474, 47781, 5.0116471649421895e-06
44996, 45048, 4.9920592885996415e-06
1618, 1749, 4.9708761324104835e-06
71584, 71736, 4.957006530417315e-06
1630, 1714, 4.905287922368006e-06
4714, 4907, 4.830411154501521e-06
412, 507, 4.77008241235685e-06
2250, 2403, 4.736709125718101e-06
24252, 24630, 4.7356947868482855e-06
1516, 1632, 4.680909525747749e-06
1432, 1593, 4.650294148553025e-06
66391, 66723, 4.573970061587282e-06
45518, 45900, 4.5295363985512496e-06
61522, 61720, 4.514467985282743e-06
44775, 44933, 4.387256267825622e-06
2183, 2403, 4.3651734842170565e-06
24402, 24635, 4.310986174007792e-06
24402, 24533, 4.227314869902411e-06
2557, 2799, 4.212265489417393e-06
2235, 2345, 4.1753832443659e-06
25927, 25986, 4.133335613147325e-06
40812, 41098, 3.984640305989525e-06
524, 706, 3.966085207635971e-06
66848, 67165, 3.960651843006995e-06
69354, 69595, 3.879096760329258e-06
44663, 44738, 3.874289958609063e-06
2601, 2744, 3.839242761542552e-06
40904, 41098, 3.822216067088866e-06
676, 706, 3.821476329380366e-06
593, 649, 3.7371431595227978e-06
39634, 39717, 3.7093543091202064e-06
61866, 62011, 3.6907661479849333e-06
45116, 45228, 3.6615042610364856e-06
44879, 45048, 3.6504251969097957e-06
60867, 60900, 3.6180956396405162e-06
2279, 2501, 3.608353006335523e-06
59646, 59981, 3.5707204468855312e-06
1723, 1899, 3.4921704368713183e-06
451, 551, 3.459860019383214e-06
40342, 40568, 3.4553432143002275e-06
66848, 67181, 3.4513871822680038e-06
63444, 63498, 3.442168875788648e-06
2572, 2797, 3.4279669833193007e-06
593, 696, 3.3891747946668046e-06
2383, 2501, 3.3738663695997903e-06
60150, 60274, 3.343428357261373e-06
500, 571, 3.317853541430131e-06
61416, 61637, 3.2986299978672147e-06
1572, 1832, 3.290859032387501e-06
2601, 2689, 3.2110838023655675e-06
593, 754, 3.1773036787189676e-06
40816, 40824, 3.1611818000613633e-06
24780, 24893, 3.1428074268661313e-06
5467, 5673, 3.133949095447055e-06
593, 822, 3.1297635111733054e-06
50716, 50887, 3.1197874393084543e-06
40601, 40649, 3.112404973913322e-06
2001, 2094, 2.9518557615219307e-06
2399, 2501, 2.946985443337436e-06
67140, 67199, 2.934855193474946e-06
2231, 2403, 2.871534502164596e-06
44691, 44738, 2.8639336407261964e-06
1745, 1832, 2.8593189406522022e-06
51263, 51340, 2.858080607808136e-06
2601, 2782, 2.7913215538179645e-06
44839, 44915, 2.7604449718865077e-06
60209, 60332, 2.7215841532679097e-06
39847, 39854, 2.7175130218851456e-06
920, 1248, 2.62496154560266e-06
24314, 24630, 2.600643479942435e-06
2402, 2654, 2.523813341082086e-06
1493, 1642, 2.4740678451557472e-06
61820, 61978, 2.4732924792840576e-06
1342, 1381, 2.4477917186270758e-06
1342, 1500, 2.396735955455902e-06
67140, 67181, 2.348766543986704e-06
26079, 26174, 2.3308266368352116e-06
24825, 24893, 2.29281424452267e-06
24805, 24893, 2.2875822453231585e-06
72386, 72456, 2.23667041298704e-06
1135, 1632, 2.221166622529856e-06
1169, 1248, 2.2198302836501204e-06
464, 551, 2.209206517682211e-06
61743, 62007, 2.1951718596316903e-06
40294, 40568, 2.1773531772275084e-06
61846, 62007, 2.160150631369421e-06
71125, 71428, 2.1508826372509767e-06
63257, 63498, 2.09408890838066e-06
60699, 61296, 2.0863807465721033e-06
61784, 61850, 2.0704207986633496e-06
1586, 1775, 2.0525705811218274e-06
920, 1381, 2.0495443321968317e-06
1586, 1808, 2.006507100632817e-06
2601, 2787, 2.002771393093891e-06
28771, 29060, 1.9821591164342736e-06
1278, 1500, 1.9579201027072727e-06
1947, 2114, 1.9109318171338485e-06
975, 1063, 1.9038845978836737e-06
24886, 24968, 1.8783100095257843e-06
1748, 1899, 1.8597368399020976e-06
60699, 60763, 1.8454056303904689e-06
1748, 1852, 1.84402286421796e-06
2284, 2403, 1.8063445907957236e-06
1732, 1832, 1.8051195862814864e-06
69997, 70009, 1.769780702127083e-06
1930, 2493, 1.768263432810453e-06
1588, 1642, 1.7537821148947535e-06
59743, 59889, 1.753752567664975e-06
1647, 1749, 1.7501099687497151e-06
500, 696, 1.728600022062135e-06
41864, 42031, 1.6995776480103e-06
1748, 2094, 1.6918294511399276e-06
1135, 1500, 1.6698058909581519e-06
1592, 1642, 1.653304723796824e-06
2342, 2493, 1.6526449996755076e-06
60787, 60900, 1.6500054287966648e-06
2472, 2493, 1.6443442865974333e-06
1745, 1749, 1.6135508139002947e-06
1500, 1632, 1.5606979943335456e-06
439, 551, 1.5207385406346546e-06
70141, 70178, 1.4922221061491386e-06
69997, 70104, 1.4687595519389398e-06
1748, 1775, 1.4456788949848184e-06
815, 1063, 1.4306843382598518e-06
1196, 1248, 1.4083299393085572e-06
1247, 1632, 1.3980375851007284e-06
1496, 1593, 1.360860991837968e-06
1732, 1749, 1.359796593600617e-06
676, 822, 1.359723393915588e-06
2183, 2654, 1.3411940712572868e-06
1469, 1749, 1.33853250525744e-06
1304, 1381, 1.3340773557901885e-06
2572, 2689, 1.307215781102712e-06
60150, 60356, 1.3053756487522768e-06
2250, 2654, 1.2869363954200626e-06
61620, 62011, 1.2824689273636239e-06
67302, 67692, 1.2765807147765474e-06
1247, 1500, 1.2475979432557906e-06
2235, 2383, 1.2349506638373894e-06
40725, 40824, 1.2347826335014355e-06
71301, 71354, 1.2311208237258266e-06
631, 822, 1.2226872090593264e-06
412, 571, 1.2150758279787433e-06
60439, 60793, 1.200204985778052e-06
51135, 51263, 1.137268671187568e-06
60679, 60907, 1.1365572806978407e-06
1432, 1775, 1.1351154235959979e-06
1088, 1248, 1.134173615188414e-06
1469, 1714, 1.1263719539156421e-06
500, 822, 1.122140980706465e-06
500, 608, 1.1167909151809968e-06
1613, 1775, 1.1158882068194484e-06
1432, 1808, 1.1121721368269911e-06
1169, 1268, 1.111022505422494e-06
808, 1022, 1.1096013286033378e-06
1618, 1714, 1.103653880627001e-06
631, 754, 1.103300963596925e-06
1592, 1775, 1.070659895980733e-06
69969, 70104, 1.0670363637486263e-06
1491, 1593, 1.0506305220497805e-06
1592, 1808, 1.0494282002339485e-06
45834, 46029, 1.0407076275682681e-06
1233, 1381, 1.038256358065642e-06
500, 754, 1.0255080461042434e-06
593, 1022, 1.0216654074402575e-06
1493, 1749, 1.021100917745266e-06
69852, 70009, 1.0200580522367246e-06
1542, 1775, 9.83614774659498e-07
857, 1022, 9.6905004427553e-07
39562, 39736, 9.561327454350977e-07
1439, 1642, 9.473604845971908e-07
1196, 1268, 9.467186028992902e-07
412, 649, 9.069608996749064e-07
1207, 1381, 9.067313332792563e-07
60347, 60395, 8.886900305563986e-07
920, 1236, 8.769403653664799e-07
928, 1022, 8.74869769538601e-07
40565, 40649, 8.734372191890558e-07
500, 507, 8.561122473552023e-07
1745, 1852, 8.543712673064743e-07
60150, 60376, 8.49569478221941e-07
60376, 60597, 8.381571089208806e-07
24193, 24630, 8.335758211117836e-07
1572, 1593, 8.305591377775193e-07
757, 1022, 8.138528093614215e-07
60419, 60597, 8.007408363167788e-07
477, 706, 7.914818502446584e-07
41827, 42031, 7.745220214323527e-07
61883, 62036, 7.698484354949852e-07
41734, 42031, 7.507140069176736e-07
439, 706, 7.324398843103667e-07
40251, 40507, 7.288133358689718e-07
605, 666, 7.101629151154809e-07
60439, 60763, 7.004906587692279e-07
60497, 60753, 6.757212580640903e-07
412, 666, 6.731714312748534e-07
605, 754, 6.44474436973126e-07
0, 822, 6.396408412699973e-07
60171, 60289, 6.329850885236925e-07
605, 822, 6.22549511098488e-07
28997, 29146, 6.191045143525756e-07
50993, 51148, 6.114895893878981e-07
67881, 68328, 5.900376367095862e-07
71166, 71428, 5.591715098371815e-07
46071, 46117, 5.575180766505886e-07
412, 549, 5.54819992148836e-07
69333, 69416, 5.401498485056049e-07
500, 549, 5.155599295254576e-07
24422, 24533, 5.151971164129107e-07
24825, 24968, 5.120483394180056e-07
451, 571, 4.962298201050762e-07
29059, 29146, 4.781465656333966e-07
28783, 29060, 4.776045141134615e-07
1848, 2094, 4.7592283589866654e-07
1613, 1808, 4.520086945701916e-07
1542, 1808, 4.410592566260604e-07
0, 197, 4.31718462509701e-07
2601, 2758, 4.1582382136206526e-07
1588, 1775, 4.152875676871428e-07
1588, 1808, 4.138517505310367e-07
40342, 40507, 4.082641212648139e-07
1613, 1632, 4.0488868109233427e-07
1630, 1775, 3.9977689654182094e-07
2951, 3363, 3.8384138997784865e-07
1493, 1714, 3.7266713639219844e-07
71155, 71428, 3.578468542376836e-07
1088, 1381, 3.4889517440289183e-07
69675, 70009, 3.467350145744802e-07
39471, 39717, 3.326295584186659e-07
2183, 2343, 3.3042735846901435e-07
23681, 23785, 3.22442046594413e-07
60638, 60753, 3.1107676461169524e-07
0, 649, 2.966397748853892e-07
920, 1268, 2.9382976764774243e-07
0, 396, 2.933889125929438e-07
45976, 46117, 2.9255980630598637e-07
2279, 2343, 2.902066610243065e-07
60150, 60597, 2.891478802276903e-07
39763, 39854, 2.885216689941609e-07
1745, 1899, 2.847704639706489e-07
71199, 71302, 2.767656924773465e-07
24506, 24722, 2.741857454956033e-07
60311, 60395, 2.687034693632729e-07
2368, 2654, 2.646465278707191e-07
0, 666, 2.6136014816305746e-07
51596, 51684, 2.6089179282815273e-07
1962, 2094, 2.5608676639052664e-07
24252, 24533, 2.548380045411409e-07
44105, 44584, 2.5308897345944367e-07
613, 706, 2.4903343644940955e-07
2492, 2501, 2.443730305600402e-07
1630, 1808, 2.330083745278174e-07
44775, 44897, 2.262222371431198e-07
2041, 2094, 2.2416194399871211e-07
1745, 2094, 2.2406560393697628e-07
477, 551, 2.2355320579692742e-07
51135, 51148, 2.2287365489169483e-07
1745, 1775, 2.1381471671811108e-07
60458, 60548, 2.098997706083332e-07
2773, 3012, 2.0776380844870588e-07
1342, 1642, 1.9898098753233268e-07
1516, 1642, 1.9856020600431265e-07
2061, 2114, 1.978840749667016e-07
1434, 1642, 1.9781723105127045e-07
0, 166, 1.9050033568906558e-07
1572, 1852, 1.8913644187218458e-07
1469, 1593, 1.8800468990654067e-07
1732, 1775, 1.8571996306497814e-07
1278, 1642, 1.8171269276575336e-07
1396, 1632, 1.7831514615426216e-07
60150, 60235, 1.7731372177636802e-07
1496, 1775, 1.7715541555852508e-07
1496, 1808, 1.7564811649581575e-07
60282, 60395, 1.756249210883896e-07
24314, 24533, 1.7094697776334524e-07
953, 1063, 1.6640441439494746e-07
39902, 40034, 1.6236157250806478e-07
796, 1022, 1.6140856318830447e-07
605, 696, 1.6009195100568138e-07
71473, 71504, 1.5837688692142992e-07
1528, 1775, 1.5802913208176914e-07
60062, 60289, 1.5531037244488564e-07
811, 1063, 1.5409034685906093e-07
877, 1063, 1.5171471492846775e-07
1135, 1642, 1.5171190291870873e-07
0, 549, 1.50944356315944e-07
1607, 1632, 1.5074515849550962e-07
451, 549, 1.492051156959158e-07
451, 507, 1.482825824872402e-07
1196, 1632, 1.464667388585016e-07
0, 571, 1.4584276016130397e-07
39825, 40034, 1.4464470895034003e-07
507, 706, 1.3670437234735927e-07
0, 754, 1.3267435273772326e-07
60150, 60383, 1.3205639196057593e-07
60266, 60336, 1.2931082629877194e-07
464, 571, 1.278663877732562e-07
1169, 1236, 1.2269420488814287e-07
451, 649, 1.2137898586199138e-07
757, 822, 1.1998080798522035e-07
50907, 51148, 1.1971152851938982e-07
865, 1063, 1.1703916532545815e-07
464, 649, 1.1606042838012972e-07
504, 706, 1.1598015173981449e-07
50989, 51148, 1.1448000540775461e-07
676, 754, 1.13024813324382e-07
631, 1022, 1.1082451136431663e-07
39847, 40034, 1.100747477486784e-07
605, 649, 1.0967002182523658e-07
0, 133, 1.0923578760145534e-07
676, 1022, 1.0903863946876893e-07
631, 696, 1.0833237414076882e-07
412, 608, 1.0606242754261483e-07
39891, 40034, 1.0295811345185662e-07
524, 649, 1.0190985237193816e-07
60439, 60683, 9.917481813371029e-08
61436, 61655, 9.905695431666266e-08
631, 666, 9.713868627685303e-08
60282, 60289, 9.554513173029126e-08
464, 549, 9.348339477559107e-08
60699, 60753, 9.209457925896416e-08
439, 507, 9.050750647295416e-08
0, 696, 8.965652962046063e-08
39366, 39717, 8.795453995102114e-08
61562, 61637, 8.355670352691804e-08
44879, 44915, 8.19402526446945e-08
0, 57, 8.104276009266798e-08
69885, 70104, 7.598642099715644e-08
71238, 71330, 7.346693977249759e-08
60153, 60395, 7.00504696345674e-08
0, 608, 6.911632571180167e-08
60401, 60597, 6.893002584872063e-08
60379, 60597, 6.872928212476418e-08
0, 780, 6.811866040656986e-08
71789, 71946, 6.780718195225098e-08
44694, 44738, 6.291148362908256e-08
0, 451, 6.1808474364757e-08
61567, 61720, 6.160104451375592e-08
60445, 60548, 6.153530332831562e-08
39674, 39736, 6.121929196139078e-08
24590, 24630, 5.894239825380556e-08
60266, 60548, 5.6756837603564226e-08
60451, 60548, 5.5042831344492344e-08
45998, 46211, 5.254289752066253e-08
46016, 46211, 5.13644856514489e-08
61522, 61655, 4.83051051026971e-08
60266, 60376, 4.6781358712385826e-08
24193, 24533, 4.5830115144650445e-08
39314, 39717, 4.427595054237515e-08
0, 558, 4.374578621212452e-08
0, 679, 4.2684072608451986e-08
60266, 60356, 4.132053517081956e-08
58546, 58743, 3.894913307962455e-08
71238, 71468, 3.600530707719096e-08
60153, 60332, 3.285474629853694e-08
24629, 24722, 3.231968312965986e-08
61655, 61720, 2.877698871500132e-08
24422, 24635, 2.8067014552974683e-08
60150, 60415, 2.4027058095980863e-08
60150, 60381, 2.3690034327167935e-08
71821, 71946, 2.316568598980893e-08
39574, 39736, 2.2572357136584622e-08
39311, 39717, 2.178960901478966e-08
58552, 58725, 2.0323378331763748e-08
38978, 39717, 1.7464053941795113e-08
69167, 69569, 1.741542544708371e-08
24155, 24630, 1.2860771381268414e-08
0, 439, 1.0896118409347617e-08
26113, 26410, 1.0876850874050953e-08
24601, 24630, 1.0038491343052597e-08
24625, 24630, 9.80863039975545e-09
22778, 22882, 7.921902004816348e-09
24506, 24669, 7.52188984253039e-09
0, 433, 5.041323140511991e-09
0, 389, 4.824403205421132e-09
24865, 24968, 4.614464172298403e-09
1500, 1642, 2.85743579769313e-09
1613, 1642, 2.786104509551156e-09
24252, 24635, 2.6773359575046955e-09
1291, 1381, 2.5735007731649235e-09
2983, 3069, 2.534034946543433e-09
0, 588, 2.3610844737552368e-09
0, 623, 2.1080174262494157e-09
0, 661, 2.0119011354358343e-09
24625, 24716, 1.714592778243964e-09
0, 6, 1.688126906285045e-09
0, 417, 1.5051968557522412e-09
2623, 2654, 1.4424512960611166e-09
39674, 39848, 1.3260387753625333e-09
40294, 40507, 1.220060342736569e-09
39825, 39972, 1.2055516635132935e-09
39918, 40034, 1.1618820881019341e-09
44242, 44590, 1.155714011270777e-09
24314, 24635, 9.163284572502576e-10
24590, 24635, 8.555470335683705e-10
39847, 39972, 8.179748708422622e-10
0, 481, 8.045174048183503e-10
39969, 40034, 7.869156483746861e-10
39562, 39848, 7.421241914238824e-10
0, 405, 4.6184248088679595e-10
0, 471, 3.879373239183371e-10
39972, 40034, 3.6331948008901043e-10
39906, 40034, 3.623118008300217e-10
39863, 40034, 3.187070154938516e-10
39853, 40034, 2.9526069249956015e-10
39902, 39972, 2.434162420745423e-10
39891, 39972, 2.344329713857621e-10
59894, 60289, 2.1023427396887167e-10
24193, 24635, 4.3077607096726975e-11
0, 579, 3.952376479781127e-11
39829, 39848, 4.2324938779181567e-14
