Gene = SDHAF3
index = 1235
Annotated 5SS: [1308]
Annotated 3SS: [64421]
SMsplice 5SS: [  625 19878 26229 44603 44822 63360]
SMsplice 3SS: [19797 26082 44473 44705 63273 64421]
length: 65174
Partition function (logZ) = -38.11808678820298
#Introns = 2114
5SS, 3SS, prob
9636, 20463, 0.138708012249947
625, 9461, 0.11328174339081787
625, 20463, 0.11103398117292916
625, 1105, 0.10554228711155442
1232, 9461, 0.09814350399314466
625, 857, 0.0766013236151747
1232, 20463, 0.07017751040012166
625, 966, 0.05050979295333919
7831, 9461, 0.04440089145373054
2139, 9461, 0.036561995126346176
625, 9476, 0.03538727314530378
2410, 9461, 0.03405386920655339
1232, 9476, 0.030132446135810755
625, 7688, 0.027301485401586265
230, 428, 0.026006904497569195
1555, 9461, 0.022275102083568907
1022, 1105, 0.021841438039483827
1561, 9461, 0.02073783925636808
1232, 7688, 0.02028799991671729
6581, 9461, 0.018085498281794576
625, 2029, 0.016598516832365198
625, 17519, 0.016527181939961635
1232, 1425, 0.01642496240344064
230, 9461, 0.014093506143958661
625, 1425, 0.01346422400049787
7831, 9476, 0.013107834329404499
1022, 9461, 0.01238584433859549
1232, 2029, 0.012259617453738606
230, 1105, 0.012202296141177803
7796, 9461, 0.012130178912685067
1232, 1480, 0.011188739524465844
2139, 9476, 0.011110867227955665
2139, 2249, 0.010819747326254195
625, 2249, 0.01032671550923498
9636, 9912, 0.010204782824503036
768, 857, 0.010132191097652564
625, 1480, 0.010041487476681741
625, 6413, 0.009938633458025196
2410, 9476, 0.009578047280437523
7115, 9461, 0.009115866273634785
625, 6961, 0.008136832631336535
4549, 9461, 0.007788233225156427
7501, 9461, 0.00757754588435277
1232, 2249, 0.007535192420523463
2139, 7688, 0.007308936029723881
1232, 6413, 0.0071467405728050295
230, 857, 0.0067761747202858096
1555, 9476, 0.006433827031345226
1232, 6961, 0.006341905322427763
2410, 7688, 0.00624583028527979
768, 1105, 0.006238400193972449
9844, 9912, 0.006226361465423128
1441, 9461, 0.006187721517403894
1561, 9476, 0.006014001084583471
625, 7354, 0.005853099002498714
230, 966, 0.005835265851577941
8129, 9461, 0.005733068668007349
625, 2275, 0.005701186140979478
625, 4690, 0.005688392034258665
6581, 9476, 0.0053480201282740105
235, 428, 0.005312455258061334
768, 9461, 0.005228562183808291
9629, 9912, 0.004955807416739829
621, 9461, 0.004845297180451949
625, 3078, 0.004799272940962825
1232, 4690, 0.0045839911359105475
1555, 7688, 0.004516370336657008
621, 1105, 0.004509963840432332
1232, 7354, 0.004477112808160915
230, 9476, 0.00440256952764824
625, 7867, 0.004223417664995309
625, 9912, 0.004177863946332748
1232, 2275, 0.004123213190170971
1561, 7688, 0.004045116323987361
1647, 9461, 0.004012625107432439
625, 841, 0.003902848971097479
2139, 2275, 0.0038139879141618474
1232, 3078, 0.003807365824248974
1118, 9461, 0.0038018297840504015
1544, 9461, 0.0037975440755563666
3658, 9461, 0.0037545634119213393
1232, 9912, 0.0037490665418660513
625, 1984, 0.0036482289152858
7796, 9476, 0.0036297720654232014
4824, 9461, 0.003613006277307546
625, 4447, 0.003573291617968217
230, 7688, 0.0034956584629890894
6581, 7688, 0.0034332275525075194
768, 966, 0.003323897890245962
1232, 7867, 0.0032948778933019522
621, 857, 0.0032866767107952487
1022, 9476, 0.0032782906043842225
625, 6503, 0.0032475234456783887
56, 428, 0.003139709245611342
1555, 2029, 0.0031293293339433323
6820, 9461, 0.003122419010754454
3284, 9461, 0.0030592043669974527
625, 6353, 0.0030358016039430517
9636, 9843, 0.0030351351906019635
1232, 1337, 0.003018068053934866
1232, 1984, 0.0029544783063770305
1561, 2029, 0.0029031195005588158
235, 9461, 0.0028387730720013785
1232, 4447, 0.0027617294619054424
5226, 9461, 0.002756369693422032
7115, 9476, 0.002732461256375449
4735, 9461, 0.002676310379574215
625, 6441, 0.0025602712897248373
230, 492, 0.002504981740605451
6500, 9461, 0.0024610837915216397
56, 9461, 0.0024530718525885976
235, 1105, 0.00244795933189241
394, 1105, 0.002441570775244228
625, 1776, 0.002440505190566001
625, 6679, 0.0024347145826829645
6790, 9461, 0.0024022727351425822
394, 9461, 0.002290211104661906
2139, 6961, 0.002251952661706097
7501, 7688, 0.002222050392453701
4549, 9476, 0.0021990426219987594
625, 3995, 0.00218470326736
621, 966, 0.0021446641278890792
1232, 1776, 0.002125788541057452
230, 2029, 0.0021214076443547177
5155, 9461, 0.002077569683105342
366, 428, 0.0020577117921298546
617, 1105, 0.0020436104901094747
56, 1105, 0.0020322441965550434
1555, 2249, 0.001983724883455012
1022, 7688, 0.0019828618562461953
1232, 3995, 0.001959680889887353
2410, 6961, 0.0019261553383030975
7501, 9476, 0.001923349801060838
617, 9461, 0.0019170904102334555
7107, 9461, 0.0019033041079238762
625, 3576, 0.0018190794453865544
1232, 6353, 0.0018100191769736041
1561, 2249, 0.0017922769843246812
2139, 4690, 0.0017825743856326088
625, 5030, 0.001767210726109302
1232, 6679, 0.0017618097082406261
625, 1187, 0.0017502155037187074
625, 4921, 0.0017352213869141484
9660, 9912, 0.0017307440257337977
2410, 6413, 0.001700162242917484
106, 428, 0.0016897599412243316
230, 1425, 0.0016830680754526877
6442, 9461, 0.0016706572661277191
625, 1979, 0.001652477620182597
2139, 6413, 0.0016510227186571761
768, 9476, 0.0016333131236981472
7115, 7688, 0.0016236726763829324
366, 9461, 0.001616974458788531
366, 1105, 0.0016147172231403772
2410, 4690, 0.001603322215204402
1441, 9476, 0.0016000146476104716
1232, 6503, 0.0015950317020854438
7831, 9912, 0.001544617828518672
6581, 6679, 0.0015260397501399366
2139, 3078, 0.001522581309809376
2410, 3078, 0.0015023223963924563
617, 857, 0.0014910781952784482
625, 1337, 0.0014664599994519696
2139, 7354, 0.001441476135835213
8129, 9476, 0.0014383479074342948
1232, 1362, 0.0014343765312660598
625, 12305, 0.001433260612328483
1555, 6961, 0.0014201458035090439
1022, 1425, 0.0013946273662676797
625, 2041, 0.001372289921054128
235, 857, 0.001372249003515126
1232, 1979, 0.0013642532627236644
1232, 4921, 0.0013513401452298125
625, 4545, 0.0013499738063643342
6581, 6961, 0.001342497200695787
621, 9476, 0.001327512522482514
230, 2249, 0.0013220132140636229
1561, 6961, 0.0013174298833181503
625, 2362, 0.001313316203393275
230, 1480, 0.0012286970178356702
9629, 9843, 0.00122248905421668
230, 6413, 0.001216924410036409
625, 8549, 0.0012156220356768193
235, 966, 0.001207248355305499
1022, 2029, 0.0012057522949729203
3214, 9461, 0.0011997536748143865
1232, 6441, 0.0011982910048082575
1555, 2275, 0.0011972671926590126
768, 7688, 0.0011943906017545887
2410, 7354, 0.0011941877716259857
106, 9461, 0.0011926671471352529
1232, 5030, 0.0011839253463588953
1232, 3576, 0.001152033707861703
394, 857, 0.001148817543522751
2410, 9912, 0.001142047018355056
73, 428, 0.001138146039605447
252, 428, 0.001135253145485948
394, 492, 0.0011140948706136657
1555, 4690, 0.001109002086867481
1561, 2275, 0.0011015115202025834
2139, 9912, 0.0010799312978831228
625, 4185, 0.0010769259985641787
625, 1362, 0.0010648076081044766
2139, 7867, 0.0010646586217796894
56, 857, 0.0010449376550328861
1232, 8549, 0.0010417418994196404
625, 9843, 0.001039508367043541
230, 6961, 0.0010318295337771104
1561, 4690, 0.0010287337082445257
162, 428, 0.0010223988092546857
1232, 4545, 0.0010186964068546796
1232, 2041, 0.0009886231509109672
625, 9095, 0.0009795999670209068
1118, 9476, 0.0009772324699941152
2713, 9461, 0.0009705639185905663
106, 1105, 0.0009696593573687275
617, 966, 0.0009609540770508229
625, 871, 0.0009569848926677085
1022, 1480, 0.0009566837446060979
1232, 2362, 0.0009472762828122924
274, 428, 0.0009335599922850676
4549, 4690, 0.000932506924675321
625, 2635, 0.000925280518339411
2410, 7867, 0.0009229770381536492
1022, 2249, 0.0009166567742959421
1555, 3078, 0.0009067865917335358
394, 966, 0.0008947064275504683
235, 9476, 0.0008867840049907676
7796, 7867, 0.0008458240166740291
1561, 3078, 0.0008409566943345095
56, 966, 0.0008400424673007434
73, 9461, 0.0008369992919283009
1441, 2029, 0.0008362924734385256
366, 857, 0.000808657359317612
6581, 7354, 0.0008081400906164635
1232, 4185, 0.0008057679130067186
2139, 3995, 0.0007903761944457705
1077, 9461, 0.0007875493615948666
768, 2029, 0.0007870228793613161
1555, 7354, 0.0007722498592922052
56, 9476, 0.0007662975612330249
230, 7354, 0.000742694300446621
625, 1514, 0.0007353201955121703
1232, 2635, 0.0007349922127449113
230, 2275, 0.0007244952214346577
2410, 3995, 0.0007244405217232216
1555, 1984, 0.0007216875069393611
230, 4690, 0.0007203167117461082
768, 1425, 0.000720094659388998
1561, 7354, 0.0007171696405950535
394, 9476, 0.0007154226576605397
1022, 6413, 0.0006945616347650573
73, 1105, 0.0006890696777902567
1555, 1776, 0.0006823382392541786
625, 8165, 0.0006803508926169534
1561, 1984, 0.0006785771094110563
7831, 8549, 0.000664481422701087
1232, 1514, 0.0006637472322781869
1232, 1440, 0.0006574674664058771
1232, 9843, 0.0006570070573763937
625, 2365, 0.0006509941355612199
1555, 6413, 0.0006496856576024556
366, 966, 0.0006457481515546698
1022, 6961, 0.0006451906878175616
621, 2029, 0.0006396708093955693
1561, 1776, 0.000637508961800914
1232, 9095, 0.0006191427718555878
162, 9461, 0.0006123933425663903
625, 1440, 0.0006120317878717171
3658, 9476, 0.0006111734407125333
230, 3078, 0.0006084360833863512
617, 9476, 0.000598866154073262
768, 1480, 0.0005963333728917416
4824, 9476, 0.0005950759613776834
252, 9461, 0.0005881253403297946
621, 1425, 0.0005680739744014176
2139, 2362, 0.0005659650353664494
106, 857, 0.000565082140480314
3189, 9461, 0.0005565053398774635
625, 8986, 0.0005451891186964432
230, 7867, 0.0005360167281544415
162, 1105, 0.0005343314663505159
1441, 2249, 0.0005273379547645575
230, 9912, 0.0005204337014828479
625, 2313, 0.0005189076766338463
1118, 1425, 0.0005177141827100189
252, 1105, 0.0005104648952163034
235, 492, 0.0005076983653809905
307, 428, 0.0004988932468494464
1022, 4690, 0.0004952493761762858
1555, 3995, 0.00048467692678559013
768, 2249, 0.00048436177452411075
366, 492, 0.0004838782884053437
1232, 2365, 0.0004693557167045675
1022, 3078, 0.00046679414763087733
230, 1984, 0.0004658406699306658
2139, 4921, 0.00046569873251610296
1022, 7354, 0.0004615900647952457
1561, 3995, 0.0004501136186069101
2139, 4447, 0.00044327348774166606
625, 1886, 0.0004425010118842319
1232, 8165, 0.00043000648394294694
2410, 4447, 0.00042868393655440376
235, 2029, 0.0004270698016324686
621, 1480, 0.0004219335616358134
106, 966, 0.0004218273826316263
2410, 6679, 0.0004171661354270186
2410, 4921, 0.00041451470341009037
1232, 1482, 0.00041295504600242974
1022, 2275, 0.0004117465372384179
625, 1500, 0.00040607046950230495
625, 8708, 0.0004044663344151681
7831, 8165, 0.00040384057939140436
1647, 2249, 0.00040145071785131965
625, 1482, 0.0004014285486708197
1544, 2249, 0.0004008445385466381
2410, 2635, 0.0004003622173557666
625, 937, 0.00040015560011386303
2139, 6679, 0.0003988020215310795
621, 2249, 0.0003936760880465693
2139, 3576, 0.00039343698676910864
274, 1105, 0.00038979160654341864
768, 6961, 0.0003827993421463941
227, 428, 0.0003814350273611814
1118, 2029, 0.0003768311004522951
73, 857, 0.00037579960104647085
56, 2029, 0.0003690442606377832
4549, 6961, 0.0003657403746544159
625, 1111, 0.00036416047841230915
230, 841, 0.0003539957436627995
625, 9272, 0.00035326366849629275
1118, 1480, 0.00035252503095472453
1232, 1500, 0.0003512165743005145
625, 1067, 0.0003483512990645997
7115, 7354, 0.00034477345964394946
1232, 8986, 0.0003445793318692703
394, 2029, 0.0003445432154514798
625, 1731, 0.00033865228093926246
2139, 4545, 0.0003371852545078605
235, 1425, 0.00033603813223448604
625, 8806, 0.00033373127157491136
1312, 1425, 0.00033311689157510004
2139, 2635, 0.0003286785316831582
1232, 1886, 0.0003262952559445725
625, 1930, 0.0003244808651936754
56, 492, 0.00031554609124301503
768, 841, 0.00031262058795427283
230, 1776, 0.0003117490598914655
621, 6961, 0.0003111289029177737
625, 3466, 0.00031000273664645274
2139, 5030, 0.00030914890951395143
1441, 4690, 0.0003082687062605558
73, 966, 0.0002970805834256181
1555, 4921, 0.00029440499137762914
162, 857, 0.0002931203939151054
1022, 1984, 0.00029187977452005127
56, 1425, 0.00029038097187518224
625, 2078, 0.0002896412942271281
1232, 1731, 0.00028938605511177813
6581, 7867, 0.00028821336496722175
252, 857, 0.000286480762342612
2410, 3576, 0.0002803052771894501
2139, 2365, 0.00027905076128605
2410, 4545, 0.00027808227464012105
1561, 4921, 0.0002722820821854597
230, 3995, 0.00027162874402170123
394, 1425, 0.00027110242436204383
1555, 7867, 0.00027096338603417315
2139, 4185, 0.0002708257842362916
768, 2275, 0.0002687811165262688
1647, 2029, 0.0002681346408314412
768, 4690, 0.00026723092755844984
235, 2249, 0.00026297729935849303
230, 6679, 0.00025981771800672685
1544, 2029, 0.0002582096670056579
252, 966, 0.0002579717836522979
625, 1485, 0.0002574048185561277
617, 1425, 0.00025724875887179875
1232, 8708, 0.00025563741919433275
1441, 3078, 0.0002554052636292355
625, 7415, 0.00025452334144289803
625, 5287, 0.0002513968765818532
2410, 5030, 0.00025047877518444284
977, 1105, 0.0002483901543722865
1232, 2313, 0.00024838229198809875
1022, 1776, 0.00024472324467042755
235, 1480, 0.000244429406032845
5, 428, 0.0002437057149877303
1232, 1930, 0.00024282291895676972
625, 760, 0.0002394516668705799
625, 8226, 0.0002383793471131843
1118, 2249, 0.0002294453970247298
768, 3078, 0.0002274875015658713
56, 2249, 0.0002272468402947326
230, 3576, 0.00022632732830067377
230, 5030, 0.00022627911039348054
621, 4690, 0.00022508862447575043
674, 1105, 0.00022482295780925114
625, 6637, 0.00022348921380549832
354, 428, 0.00022323549618014662
625, 2956, 0.00022281516027298684
230, 4921, 0.0002191287549091946
621, 2275, 0.00021845798752143973
230, 1187, 0.00021762881974843155
1232, 5287, 0.00021574328851749945
1232, 1485, 0.00021523153840204503
274, 857, 0.0002133698697499111
1555, 2362, 0.0002124600159489855
162, 966, 0.00021235769219911556
394, 2249, 0.00021215980143147092
230, 1979, 0.00021162066379031689
56, 1480, 0.0002112190304318295
1647, 1776, 0.00020890513531145102
1022, 3995, 0.00020382425115256757
1647, 4690, 0.00020273912645005123
625, 5938, 0.00020199633850004076
2410, 4185, 0.00020069248705901233
1232, 2956, 0.00020007649503797132
6820, 6961, 0.00019991856682892401
1561, 2362, 0.00019741471468352295
394, 1480, 0.00019719608640914277
625, 878, 0.00019467687312562905
768, 7354, 0.000194315947915682
366, 1425, 0.00019140842301251158
617, 1480, 0.0001904258213038187
621, 3078, 0.0001893928175663436
4824, 4921, 0.00018477623767327854
1441, 2275, 0.00018449338603650873
1022, 7867, 0.00018030205113763373
227, 1105, 0.00018007914499414474
617, 2249, 0.00017759477278464717
3284, 9476, 0.0001744200011355183
1647, 3078, 0.000174354403988958
366, 9476, 0.00017352932394695808
230, 4545, 0.00017200029656873835
1022, 1187, 0.00017163019501173303
5226, 9476, 0.0001712151021242846
674, 857, 0.00017077002644636037
274, 966, 0.00017057964545951683
1363, 1480, 0.00017006683460888287
625, 5941, 0.00016801018841084724
1232, 3466, 0.00016608918154903504
3658, 4690, 0.00016553130517531713
230, 2362, 0.0001637712506226801
1544, 3078, 0.00016298411345442573
621, 841, 0.00016169957452605549
1555, 3576, 0.00016160843327222708
1232, 7415, 0.00016102997088441532
1544, 4690, 0.00016071167297932037
1555, 2635, 0.0001603671557988288
1561, 7867, 0.00015819844864163309
230, 405, 0.00015809776131610234
230, 564, 0.0001575308703113997
230, 450, 0.00015726815713530378
1441, 1776, 0.00015697633306525926
106, 492, 0.0001562333454104558
1555, 4545, 0.00015614451336070132
5, 1105, 0.000155967363235987
1441, 6961, 0.00015566372061035934
1118, 4690, 0.0001539860352273279
1561, 3576, 0.00015142574311496936
625, 2163, 0.0001509738510796193
366, 2249, 0.00014979273281751852
1561, 2635, 0.00014854228433930187
1555, 4185, 0.00014786686976785526
56, 286, 0.00014675796388678277
235, 2275, 0.0001459308637889231
230, 1337, 0.00014511380653823403
235, 4690, 0.00014508921085573613
1561, 4545, 0.0001445447143845943
1022, 4921, 0.00014320006369205037
1232, 6637, 0.000141525082258941
106, 1425, 0.00014118128865376554
366, 1480, 0.00013922779190423773
1561, 4185, 0.0001375124407061809
230, 4185, 0.00013641788860162537
625, 4100, 0.0001351615426106964
307, 1105, 0.0001350589722781998
3284, 4690, 0.00013500352983700835
235, 6961, 0.00013188688733770023
2139, 2313, 0.00013128021151194864
1118, 3078, 0.00013074969124937734
1312, 1480, 0.0001291024615130764
1232, 5938, 0.00012791466726936977
1118, 2275, 0.00012732998014488507
56, 4690, 0.00012537608686472807
4549, 4921, 0.00012489953287936155
768, 871, 0.00012272593825542912
625, 771, 0.00012260206764503197
235, 3078, 0.00012255374581090738
1544, 1776, 0.00011902290471238868
1022, 1337, 0.00011845144617431899
394, 4690, 0.00011705230162486055
230, 2635, 0.00011640843403691513
1232, 4100, 0.00011599267294172452
768, 1776, 0.00011565605667862831
56, 6961, 0.00011396754965888888
1118, 6961, 0.0001128252834907989
73, 492, 0.0001125986998627703
3658, 3995, 0.0001121044283937787
230, 1362, 0.00011132499983152914
106, 2249, 0.00011048589564297338
78, 428, 0.00011020350934020795
270, 428, 0.00010766151198784471
252, 492, 0.00010673197152961441
1077, 1425, 0.00010655367021125648
394, 6961, 0.00010640118328554654
1232, 5941, 0.00010639285596968042
56, 3078, 0.00010590249260962643
674, 966, 0.0001029931790995117
106, 1480, 0.00010269328156041352
768, 3995, 0.00010077178556707095
1022, 3576, 0.0001005067950832911
1441, 3995, 0.00010030329915778943
227, 857, 9.989545941546339e-05
73, 1425, 9.90793105356873e-05
394, 3078, 9.887156967294015e-05
617, 4690, 9.798216613481193e-05
768, 1187, 9.630209927387906e-05
621, 1776, 9.549707659889075e-05
1022, 5030, 9.479680789673679e-05
625, 1456, 9.351835157152047e-05
1022, 2362, 9.30251240350197e-05
1022, 1362, 9.181547481535636e-05
162, 492, 9.04012634715209e-05
1555, 5030, 8.913227976688468e-05
230, 1514, 8.789595712106963e-05
625, 5754, 8.769561174623842e-05
1647, 3995, 8.733512077084152e-05
1022, 4185, 8.667101602253363e-05
625, 5588, 8.651702320249922e-05
617, 3078, 8.556582287217891e-05
230, 871, 8.502729072947111e-05
1363, 1425, 8.404586100113713e-05
679, 1105, 8.391690714527158e-05
1561, 5030, 8.323709167773744e-05
5, 857, 8.298791065133007e-05
366, 4690, 8.264329069252036e-05
1022, 2635, 8.23474225221506e-05
621, 3995, 8.196516939755561e-05
1441, 1514, 8.141028163857391e-05
768, 4921, 8.129476864025999e-05
227, 966, 8.112739281229736e-05
1555, 1731, 8.098792306835454e-05
230, 2365, 8.094499484199535e-05
274, 492, 8.019029623964335e-05
106, 286, 7.889123363334366e-05
307, 857, 7.783491762934614e-05
3284, 3995, 7.705509382321596e-05
1232, 1456, 7.652600654741538e-05
230, 1440, 7.617828766835122e-05
528, 1105, 7.566355736643249e-05
1118, 1776, 7.516132920128577e-05
2410, 2956, 7.312874547213771e-05
621, 1187, 7.286420271560399e-05
617, 841, 7.284337667609344e-05
162, 1425, 7.249171025979853e-05
73, 1480, 7.206889546535955e-05
1555, 2365, 7.194171599082133e-05
354, 1105, 7.166552617666143e-05
235, 841, 7.142374135319107e-05
625, 5616, 7.140164097069957e-05
1022, 4545, 7.036155579906537e-05
366, 3078, 6.980701584061063e-05
252, 1425, 6.961899943092677e-05
5, 966, 6.758189879504787e-05
78, 1105, 6.733864988901768e-05
1561, 2365, 6.726121626245984e-05
1561, 1731, 6.711099738783187e-05
1077, 1480, 6.544685142729534e-05
1118, 1187, 6.455692778584535e-05
679, 857, 6.330291207581663e-05
162, 286, 6.288609370196552e-05
625, 5715, 6.27161104280626e-05
1118, 3995, 6.266337181835858e-05
1544, 3995, 6.222118423308644e-05
621, 1337, 6.217152337257073e-05
1022, 1514, 6.21223374894978e-05
230, 669, 6.208385283255243e-05
768, 1337, 6.1735130637599e-05
2139, 2956, 6.080369633163388e-05
768, 2362, 6.075763965716838e-05
394, 841, 5.920034495040226e-05
625, 3142, 5.9074709556714936e-05
307, 966, 5.803769449982663e-05
235, 1776, 5.7589021920900974e-05
625, 750, 5.716365969319905e-05
56, 841, 5.672434255983892e-05
230, 1886, 5.66678523927487e-05
6790, 6961, 5.649042214477517e-05
625, 3951, 5.581601110524993e-05
235, 3995, 5.471259998995379e-05
1022, 1440, 5.314599376472633e-05
162, 1480, 5.2729449373154264e-05
274, 1425, 5.245679466861121e-05
230, 502, 5.189151129222911e-05
106, 3078, 5.14890844318122e-05
230, 1500, 5.0911260695476864e-05
73, 286, 5.078648844157395e-05
252, 1480, 5.063987996346813e-05
625, 1074, 4.9860130276744294e-05
56, 1776, 4.9764459894877185e-05
1118, 1337, 4.9547355172430303e-05
2713, 3078, 4.951072384272327e-05
621, 2362, 4.938215845517039e-05
230, 1482, 4.933350705681375e-05
1232, 2078, 4.905513770124593e-05
768, 1362, 4.847063611123959e-05
1555, 1886, 4.8206869686401344e-05
768, 4545, 4.755960743878052e-05
270, 1105, 4.7465293395551676e-05
56, 3995, 4.7278854495639906e-05
394, 1776, 4.646057087503657e-05
230, 937, 4.6168520667764704e-05
1022, 2365, 4.5970397797741025e-05
1561, 1886, 4.514546044384173e-05
230, 1111, 4.423737955121082e-05
394, 3995, 4.4139986143229994e-05
366, 450, 4.3865698775057065e-05
235, 1187, 4.3459104942208405e-05
768, 2635, 4.3186466863865245e-05
230, 1067, 4.2967652667450254e-05
1232, 2163, 4.250617572219958e-05
309, 428, 4.1912632332907655e-05
366, 841, 4.166292306576981e-05
621, 1362, 4.07074159087934e-05
528, 857, 3.986677617076595e-05
617, 1776, 3.8891967528133285e-05
679, 966, 3.873673434409601e-05
621, 4545, 3.8613016486400344e-05
274, 1480, 3.815633386001687e-05
768, 1514, 3.7904546046583704e-05
1232, 3142, 3.790079085247959e-05
230, 1731, 3.727118803613121e-05
617, 3995, 3.694870921321315e-05
621, 2635, 3.657812166857124e-05
227, 492, 3.635401019736522e-05
73, 3078, 3.613441295417498e-05
1118, 1362, 3.609305782875305e-05
1022, 1111, 3.555880629930898e-05
621, 871, 3.544866218507205e-05
1232, 3951, 3.5361595607456444e-05
394, 564, 3.5270182867760525e-05
625, 3284, 3.49513806757088e-05
625, 2655, 3.490639762961629e-05
56, 1187, 3.4363090304598275e-05
394, 1187, 3.3667390144625226e-05
1022, 1886, 3.35167046538592e-05
1647, 1731, 3.3499883271279846e-05
625, 2093, 3.332121467657048e-05
625, 2409, 3.314981364818867e-05
354, 857, 3.2997316793148344e-05
617, 1187, 3.290350698539362e-05
366, 1776, 3.2802895895816946e-05
230, 1485, 3.267266633396931e-05
1441, 2635, 3.227381018333014e-05
78, 857, 3.2007175625347104e-05
235, 450, 3.193636185260792e-05
1022, 1482, 3.187714000666578e-05
768, 1440, 3.18164012886579e-05
235, 564, 3.1758411469049605e-05
528, 966, 3.1393018816881093e-05
307, 492, 3.138556352673149e-05
366, 3995, 3.1164476523407696e-05
235, 405, 3.101904214674545e-05
1022, 1731, 3.089789846496921e-05
1077, 3078, 2.9231758485055666e-05
235, 1337, 2.922943107048924e-05
768, 4185, 2.8962260237511084e-05
354, 966, 2.887686037379133e-05
674, 1425, 2.8452325122009286e-05
2139, 3466, 2.829966790510717e-05
621, 4921, 2.795750356522718e-05
78, 966, 2.782804010901151e-05
621, 1514, 2.775594672564951e-05
230, 2956, 2.769049140876513e-05
2410, 3466, 2.7240096478280524e-05
768, 937, 2.6838537027787338e-05
617, 1337, 2.6535897980782397e-05
1022, 1500, 2.6417051312178944e-05
625, 2972, 2.639433221477379e-05
1118, 2635, 2.6373947116773148e-05
1077, 1187, 2.6306256293402403e-05
106, 841, 2.5746585142826622e-05
56, 1337, 2.5258057903037777e-05
230, 441, 2.525531954034114e-05
583, 1105, 2.52042071885729e-05
394, 1337, 2.4992370014289286e-05
106, 4690, 2.486310500561592e-05
625, 3026, 2.4259641829168297e-05
106, 1776, 2.419514795252262e-05
227, 1425, 2.4135453092412034e-05
621, 1440, 2.3829100419988184e-05
366, 1187, 2.3754585516386877e-05
5, 492, 2.3709165305350303e-05
768, 1482, 2.368716567150832e-05
768, 1500, 2.3578108039757296e-05
621, 4185, 2.3539738086252523e-05
366, 564, 2.3507276882022708e-05
56, 564, 2.349389161141463e-05
235, 2635, 2.3447474639906945e-05
230, 315, 2.278192714998695e-05
235, 1362, 2.2423548018089962e-05
270, 857, 2.238077251999206e-05
625, 720, 2.231557837630356e-05
1232, 2655, 2.212166979440564e-05
1441, 4921, 2.204262952999503e-05
5, 1425, 2.190967235226645e-05
768, 1111, 2.1863488746986822e-05
1232, 3284, 2.174974989969933e-05
768, 1067, 2.1239704058922607e-05
230, 2163, 2.1094950038898342e-05
394, 502, 2.102774317164822e-05
1022, 2956, 2.0812115358005476e-05
997, 1105, 2.079476438309132e-05
1232, 2409, 2.050075166672525e-05
270, 966, 2.0201285078363163e-05
56, 450, 1.999505935505668e-05
1158, 1425, 1.995955894826289e-05
1236, 1425, 1.9902488047635017e-05
1266, 1425, 1.970620711858292e-05
394, 1362, 1.968051302599163e-05
1555, 2956, 1.9541101037540867e-05
56, 1362, 1.937688328132718e-05
354, 492, 1.9349618926851817e-05
977, 1425, 1.9273962777090345e-05
625, 2109, 1.9260140545958354e-05
1441, 1731, 1.9243760043435786e-05
56, 405, 1.9007811315164085e-05
235, 4921, 1.867573115977308e-05
1441, 4185, 1.855951568271444e-05
674, 1480, 1.8523236382813797e-05
1118, 1514, 1.8394642328904127e-05
1561, 2956, 1.8326143956911615e-05
1312, 1776, 1.8024250848108875e-05
1118, 1440, 1.797950785055223e-05
366, 1337, 1.7909296177815364e-05
768, 878, 1.788493715512982e-05
235, 1514, 1.7704372046556816e-05
617, 1362, 1.767681454379638e-05
787, 1105, 1.7449781964071083e-05
73, 4690, 1.7448624567906704e-05
3214, 4690, 1.7447396218299853e-05
625, 3047, 1.7121028655912046e-05
625, 2894, 1.699964926837058e-05
73, 1776, 1.6979860435499476e-05
553, 1105, 1.6864742147879545e-05
1232, 2972, 1.6727211667458782e-05
106, 1187, 1.6707104945616905e-05
227, 1480, 1.6483912740883608e-05
73, 841, 1.6403157091207896e-05
56, 4921, 1.613827850010298e-05
621, 1500, 1.6104459600396678e-05
621, 937, 1.5933013902998935e-05
617, 871, 1.5913592657960344e-05
768, 1485, 1.5773991901197693e-05
235, 4185, 1.5724645050823266e-05
625, 1783, 1.5662858440015002e-05
704, 1105, 1.5541125828399646e-05
56, 1514, 1.5298896964858845e-05
625, 2592, 1.529568398535759e-05
621, 1111, 1.5260325643115734e-05
235, 871, 1.5231868541176341e-05
768, 1731, 1.5220698072258118e-05
621, 1482, 1.508421418722707e-05
394, 4921, 1.5066849587817957e-05
1118, 4921, 1.4989870084012554e-05
5, 1480, 1.4963759986327116e-05
1077, 1776, 1.4838776311949307e-05
230, 760, 1.478082222243728e-05
621, 1067, 1.4563470897728169e-05
1022, 1485, 1.4524062348727979e-05
230, 505, 1.447851700978597e-05
583, 857, 1.4472026544442559e-05
394, 1514, 1.4283195040139006e-05
1232, 2093, 1.427030947080586e-05
2713, 4690, 1.415756990578714e-05
977, 1480, 1.4142411663711638e-05
1544, 1731, 1.3899649737846455e-05
230, 878, 1.3787654119463788e-05
56, 4185, 1.3588153469035871e-05
452, 1105, 1.3542281716559716e-05
4735, 4921, 1.34842616645584e-05
1236, 1480, 1.3195624870176017e-05
1118, 4185, 1.3181120446385085e-05
1232, 1783, 1.3098687361687956e-05
394, 871, 1.292826588400157e-05
787, 857, 1.2789903101022642e-05
162, 4690, 1.276634475724474e-05
366, 1362, 1.2527441926370185e-05
617, 1514, 1.2438813575278939e-05
162, 1776, 1.2423371905668318e-05
106, 1337, 1.2280299017578535e-05
252, 4690, 1.2260438403293185e-05
252, 841, 1.2083592463354322e-05
162, 841, 1.1999663464073324e-05
252, 1776, 1.1931056924043358e-05
56, 871, 1.1918196189567918e-05
230, 525, 1.1858183617834056e-05
1784, 3078, 1.1744266299084778e-05
73, 1187, 1.1724842964981282e-05
230, 1456, 1.1599642502674035e-05
704, 857, 1.1455223200739456e-05
1158, 1480, 1.1428528875435226e-05
106, 564, 1.1337223357803061e-05
621, 1731, 1.1238429861253035e-05
1312, 3078, 1.1229457949359698e-05
309, 1105, 1.1217002231308484e-05
1266, 1480, 1.1176880807395639e-05
78, 492, 1.1031612515142105e-05
394, 669, 1.0970214541864942e-05
106, 450, 1.0744752081754722e-05
235, 502, 1.0695128559818168e-05
307, 1425, 1.0631346147298754e-05
3658, 4185, 1.0608198054798763e-05
1118, 1482, 1.0601259317997145e-05
235, 669, 1.0571156679816085e-05
1077, 4690, 1.0432439594181534e-05
162, 3078, 1.0374166792447547e-05
583, 966, 1.0292779456988695e-05
1363, 1776, 1.0179129983315685e-05
366, 1514, 1.0084468424236942e-05
230, 672, 1.0073622408778037e-05
252, 3078, 9.963057974923716e-06
270, 492, 9.693738696819219e-06
106, 405, 9.561494464921035e-06
106, 1362, 9.37760632226498e-06
787, 966, 9.36812867999251e-06
1077, 1337, 9.286218389280254e-06
1232, 2109, 9.284300781989123e-06
366, 871, 9.217530464673637e-06
1647, 2635, 9.186555161040905e-06
366, 502, 9.163127463524348e-06
274, 1776, 8.989859210272171e-06
235, 937, 8.985052710239349e-06
274, 841, 8.935256280399341e-06
394, 1111, 8.903513573655916e-06
235, 1111, 8.871581142997897e-06
1363, 3078, 8.833364979316521e-06
625, 1536, 8.75313927036033e-06
553, 857, 8.75034032560967e-06
625, 3484, 8.724784933224316e-06
235, 1067, 8.633605175456732e-06
56, 669, 8.61873754949932e-06
2800, 3078, 8.608603967540734e-06
73, 1337, 8.588516196979456e-06
1118, 1500, 8.582298917296668e-06
162, 1187, 8.578520727119068e-06
1544, 2635, 8.472878960909505e-06
252, 1187, 8.461834431860137e-06
5, 286, 8.35330832454138e-06
235, 1500, 8.32566534960098e-06
1232, 1398, 8.271203684944934e-06
704, 966, 8.127930041613525e-06
56, 2635, 8.118968518231463e-06
73, 564, 7.958844359995794e-06
1118, 1731, 7.686600408518778e-06
394, 2635, 7.579945870412462e-06
235, 1731, 7.507318894086798e-06
274, 3078, 7.507003702065153e-06
674, 841, 7.384839082334178e-06
56, 1111, 7.328285334400713e-06
394, 1067, 7.321423847822571e-06
553, 966, 7.264912465008058e-06
214, 428, 7.226999485215223e-06
3189, 4690, 7.226114431712895e-06
617, 937, 7.208206287638847e-06
394, 937, 7.163746537712626e-06
625, 1398, 7.0839731935910205e-06
1051, 1425, 7.070862462089943e-06
166, 428, 7.030508812570474e-06
3463, 4690, 7.0196169182877755e-06
252, 405, 6.977890423737685e-06
56, 1067, 6.975553028802866e-06
252, 450, 6.972466675297782e-06
617, 1111, 6.905511987835822e-06
366, 669, 6.873902392641489e-06
452, 857, 6.8121853200502425e-06
73, 450, 6.811888081401586e-06
230, 568, 6.79352156060678e-06
56, 937, 6.738571063890291e-06
56, 502, 6.724448279616994e-06
73, 405, 6.646597109407124e-06
274, 405, 6.611276966828739e-06
1077, 1362, 6.592050123802133e-06
621, 878, 6.5880307856695106e-06
617, 1067, 6.548974711249083e-06
252, 564, 6.536490353234238e-06
56, 1731, 6.4873070866870405e-06
307, 1480, 6.468157273174642e-06
617, 2635, 6.345022739902235e-06
106, 871, 6.265402518498198e-06
274, 1187, 6.206477035902647e-06
162, 564, 6.187673824643271e-06
230, 1074, 6.140667623742617e-06
394, 1731, 6.056611311081007e-06
230, 528, 6.01569056357449e-06
162, 405, 5.9852043922312744e-06
162, 450, 5.887755276438594e-06
625, 2136, 5.813930862135223e-06
452, 966, 5.736232373894465e-06
366, 1111, 5.6356624419177734e-06
394, 505, 5.626140614690772e-06
625, 1019, 5.600178474022128e-06
309, 857, 5.573633963936333e-06
366, 1067, 5.52620062860429e-06
625, 905, 5.511146266490475e-06
274, 450, 5.495577134330142e-06
1647, 9476, 5.415761538511978e-06
366, 2635, 5.3517244967101065e-06
1022, 1456, 5.272478407198884e-06
274, 564, 5.173707735205329e-06
235, 441, 5.168077926333178e-06
106, 1514, 5.164453072116404e-06
2632, 3078, 5.154865215159109e-06
617, 1731, 5.06986951523797e-06
366, 441, 5.0403229832381805e-06
1232, 1536, 4.872063726235699e-06
366, 937, 4.848869345568937e-06
309, 966, 4.808020168426507e-06
1232, 1370, 4.769606712489216e-06
621, 1485, 4.543236542159088e-06
2743, 3078, 4.3929022453836054e-06
227, 841, 4.2936600486493575e-06
366, 1731, 4.276193481418587e-06
1051, 1480, 4.272036622953774e-06
78, 286, 4.15096060866898e-06
106, 669, 4.119616624787512e-06
307, 405, 4.115302667449279e-06
73, 871, 4.065811962076209e-06
633, 1105, 4.011152222566502e-06
3658, 4921, 3.997011406780087e-06
621, 760, 3.989640600754636e-06
2344, 3078, 3.974444393048328e-06
106, 2635, 3.947388255301988e-06
625, 1370, 3.8133283374220737e-06
106, 1067, 3.740767577342851e-06
162, 871, 3.648679370151589e-06
5, 841, 3.5691577945704653e-06
674, 3078, 3.564731323120224e-06
394, 525, 3.540860835476729e-06
227, 3078, 3.535395623107154e-06
674, 1187, 3.5205507527342144e-06
56, 1500, 3.4914351550198653e-06
106, 502, 3.437858371820333e-06
307, 841, 3.3524002759068315e-06
106, 937, 3.3315714142552554e-06
394, 1500, 3.259636913935283e-06
252, 871, 3.2280428759656905e-06
5, 3078, 3.2093600829174874e-06
227, 1187, 3.1878787301871847e-06
56, 441, 3.131811081249636e-06
625, 1232, 3.1123576450370272e-06
235, 315, 3.0963784082849768e-06
625, 920, 3.0124024288683304e-06
768, 1074, 3.0072840031924028e-06
235, 505, 2.9886248242044364e-06
73, 669, 2.9494560495435965e-06
617, 878, 2.942645718550736e-06
162, 1337, 2.840666685523457e-06
230, 771, 2.8175518406142574e-06
235, 878, 2.786915563605272e-06
1850, 3078, 2.7834672055108626e-06
679, 841, 2.771775162739293e-06
73, 2635, 2.7702290472155934e-06
252, 1337, 2.7280963803192965e-06
1555, 1783, 2.688976088970311e-06
307, 3078, 2.6888494541394653e-06
633, 857, 2.651380440463609e-06
309, 492, 2.61216337060472e-06
1561, 1783, 2.5204949055665955e-06
366, 505, 2.5068339212009992e-06
625, 942, 2.505627247984058e-06
5, 1187, 2.4922149007455972e-06
274, 871, 2.4470128538974924e-06
625, 3593, 2.4392878031481202e-06
235, 525, 2.4383732872858554e-06
1312, 2635, 2.4205154114975497e-06
73, 502, 2.401785511449369e-06
394, 878, 2.391762299253711e-06
230, 354, 2.3723691815833315e-06
307, 450, 2.3615485296194355e-06
73, 1067, 2.331418603147482e-06
227, 564, 2.3278897758214623e-06
227, 450, 2.323618478167868e-06
252, 502, 2.322691982865417e-06
354, 450, 2.2954752562815325e-06
252, 669, 2.2796642950461562e-06
73, 937, 2.2765802431611903e-06
227, 405, 2.245024902076001e-06
56, 878, 2.242132169790504e-06
162, 669, 2.2265351714240344e-06
307, 1187, 2.1922624884537742e-06
307, 564, 2.1514990448211218e-06
1067, 1187, 2.150937357978242e-06
977, 1187, 2.1254285413062563e-06
394, 672, 2.118240747408386e-06
621, 1074, 2.081401834218038e-06
235, 672, 2.0560034714743565e-06
84, 428, 2.0379056594634607e-06
162, 2635, 2.026847384769562e-06
1077, 2635, 2.003469088171305e-06
230, 1783, 1.998881426125071e-06
162, 502, 1.9589750369307006e-06
252, 2635, 1.9465272156104974e-06
2544, 2635, 1.9307466593816336e-06
1232, 3484, 1.927576330333638e-06
366, 525, 1.91214547155869e-06
56, 505, 1.8993621494448674e-06
633, 966, 1.8772824405597743e-06
1051, 1187, 1.8583913006819327e-06
625, 1077, 1.8567737410322922e-06
625, 1158, 1.8536879750923554e-06
274, 1337, 1.852988352317584e-06
528, 841, 1.8510251708238278e-06
674, 871, 1.8371394473977326e-06
162, 937, 1.770828301737637e-06
2544, 3078, 1.759404314510981e-06
73, 1362, 1.7572323041948688e-06
394, 528, 1.7427226395163506e-06
274, 502, 1.7404183450665156e-06
5, 564, 1.7354985351872803e-06
977, 3078, 1.7324347268349434e-06
617, 760, 1.7280266089355337e-06
56, 525, 1.7177066560383707e-06
166, 857, 1.715348533222999e-06
106, 441, 1.7137313903371025e-06
252, 937, 1.7128012483382406e-06
214, 857, 1.7006297438506278e-06
366, 878, 1.7001885972643159e-06
56, 672, 1.6902173591631768e-06
274, 669, 1.6825572907993406e-06
625, 1021, 1.6509283087391209e-06
78, 841, 1.6093177004839807e-06
354, 841, 1.6070537898794754e-06
621, 771, 1.6016770115122514e-06
625, 800, 1.5936817639440636e-06
214, 966, 1.5544145588953828e-06
394, 568, 1.5114517038761354e-06
1077, 1514, 1.498343393919193e-06
2690, 3078, 1.4946250866598738e-06
1784, 2635, 1.4855106504491304e-06
809, 966, 1.4775736863419467e-06
5, 450, 1.4742780583185393e-06
274, 2635, 1.4666769028683146e-06
1118, 1485, 1.4604944306843801e-06
1236, 1337, 1.4190639510406539e-06
166, 966, 1.4139795724397352e-06
230, 750, 1.4080343960762494e-06
235, 568, 1.3731261426900815e-06
50, 428, 1.36148699037357e-06
5, 405, 1.3549847391894505e-06
366, 672, 1.3431941481482518e-06
1441, 1536, 1.3228876421789708e-06
1022, 1783, 1.3214075828829356e-06
274, 937, 1.312008280034165e-06
235, 760, 1.2895521884521753e-06
235, 1074, 1.2410863705445469e-06
235, 528, 1.2331451652234131e-06
679, 1187, 1.2162385256827833e-06
56, 315, 1.2140348768763835e-06
162, 1362, 1.2105750847952118e-06
230, 601, 1.205697822226713e-06
625, 734, 1.1879493907705938e-06
230, 1536, 1.1792739913309799e-06
252, 1362, 1.1626022594502134e-06
458, 857, 1.1592836756975757e-06
106, 878, 1.1517940480601748e-06
56, 760, 1.1390148793457405e-06
394, 760, 1.1275625507951415e-06
252, 441, 1.1251499017135512e-06
227, 871, 1.1063008322712184e-06
625, 1632, 1.1033359974950858e-06
73, 441, 1.0983094224955638e-06
270, 841, 1.0844553097128838e-06
230, 298, 1.0752879761335653e-06
354, 564, 1.0651589828924045e-06
78, 1187, 1.0589196317299718e-06
354, 1187, 1.0561170981817255e-06
394, 1074, 1.0405220254105776e-06
528, 1187, 1.0353505676425169e-06
56, 568, 1.0143589243980835e-06
366, 568, 1.003462267007246e-06
56, 1074, 1.0005339793480119e-06
625, 1003, 9.92435499019417e-07
621, 750, 9.905432765247227e-07
458, 966, 9.8962652289642e-07
625, 1175, 9.832198887585507e-07
106, 505, 9.77777668988728e-07
162, 441, 9.724995272098112e-07
366, 528, 9.647933473885532e-07
617, 1074, 9.399312789353684e-07
674, 937, 9.259136076888119e-07
5, 871, 9.258416662058828e-07
2139, 3142, 9.113028720465636e-07
106, 525, 8.946359457109118e-07
274, 441, 8.848519154079882e-07
56, 528, 8.790147831816437e-07
307, 871, 8.578747170577201e-07
230, 366, 8.553957746401644e-07
1067, 1425, 8.527288135988603e-07
366, 1074, 8.313795527751866e-07
106, 672, 8.065301282499322e-07
78, 564, 7.754704995365209e-07
366, 760, 7.729925242951588e-07
270, 405, 7.614297096685116e-07
227, 669, 7.597006226835644e-07
227, 502, 7.569992919385069e-07
2410, 3142, 7.520837566366994e-07
73, 878, 7.441796187168041e-07
583, 841, 7.253676514272375e-07
617, 771, 7.020483760985791e-07
227, 937, 6.95300218389152e-07
162, 878, 6.920619855787219e-07
214, 492, 6.916798358402365e-07
679, 871, 6.811769067310231e-07
73, 505, 6.737147231043518e-07
78, 450, 6.725938325155917e-07
307, 502, 6.69597690132424e-07
270, 450, 6.629428208001013e-07
252, 505, 6.551387331387606e-07
230, 1019, 6.54864195214405e-07
804, 966, 6.548609774279127e-07
230, 570, 6.497082561922725e-07
78, 405, 6.493811201161592e-07
704, 841, 6.458232739748546e-07
455, 857, 6.452875530419229e-07
5, 669, 6.436622925792059e-07
307, 669, 6.282663019273786e-07
166, 492, 6.274356100065339e-07
270, 564, 6.175740054716914e-07
106, 315, 6.137021671797067e-07
867, 966, 6.064159840650334e-07
252, 878, 5.934831483955935e-07
84, 857, 5.893312123141561e-07
73, 525, 5.845242302367952e-07
73, 672, 5.794628898530131e-07
235, 771, 5.688562826164033e-07
621, 720, 5.654243053777253e-07
1266, 1362, 5.60322989201155e-07
162, 505, 5.522067127062221e-07
252, 525, 5.509538799272566e-07
455, 966, 5.50944256485508e-07
230, 905, 5.410490454254741e-07
56, 771, 5.307326431817151e-07
235, 354, 5.239618490352582e-07
5, 502, 5.207820299235959e-07
230, 3142, 5.180498023441387e-07
528, 669, 5.151120623584607e-07
106, 760, 5.080915204383535e-07
1232, 1632, 5.051260459290781e-07
84, 966, 5.037875205583803e-07
5, 937, 5.036751130958593e-07
625, 804, 5.02243521068785e-07
274, 505, 4.937035159228543e-07
106, 568, 4.91085213686962e-07
230, 383, 4.853971296691686e-07
230, 720, 4.843791487320579e-07
394, 771, 4.832802783328777e-07
307, 937, 4.788693404218978e-07
528, 871, 4.773778852172274e-07
162, 525, 4.6808990851375083e-07
106, 528, 4.5632887833698445e-07
274, 878, 4.52582429820584e-07
274, 525, 4.469500166349316e-07
252, 672, 4.463011589496642e-07
768, 905, 4.462821354715121e-07
162, 672, 4.3672002828786436e-07
452, 564, 4.3440195967417055e-07
354, 871, 4.317642249702181e-07
553, 841, 4.2850626773055546e-07
617, 750, 4.229663586694665e-07
73, 315, 4.2293638923571967e-07
230, 320, 4.184450778486806e-07
307, 441, 4.1214925647526145e-07
78, 871, 4.034138375031806e-07
50, 857, 4.022736693310606e-07
768, 1019, 3.9588313614261675e-07
2139, 2409, 3.880828537867351e-07
166, 286, 3.8724741384224993e-07
1022, 3142, 3.836504646771971e-07
354, 502, 3.816310414391338e-07
162, 315, 3.757229993893979e-07
230, 1232, 3.7503031801108483e-07
227, 441, 3.710320410310249e-07
230, 387, 3.625810470804367e-07
1555, 3142, 3.6022059095847146e-07
674, 760, 3.544499632491836e-07
73, 760, 3.5355010260167793e-07
679, 937, 3.467056741338839e-07
366, 771, 3.4614123814295935e-07
73, 568, 3.453598813621541e-07
309, 405, 3.4514021384011503e-07
354, 441, 3.45138239159139e-07
1561, 3142, 3.378240762107781e-07
230, 920, 3.317619602495068e-07
274, 672, 3.3172492616938084e-07
674, 878, 3.298246548173651e-07
625, 731, 3.252372832941987e-07
452, 841, 3.2431388334822586e-07
230, 942, 3.236414055863959e-07
354, 669, 3.2177324995495223e-07
1022, 1536, 3.1866548757737786e-07
1067, 1480, 3.157835303279547e-07
214, 286, 3.155776912483016e-07
556, 857, 3.116235632025024e-07
583, 669, 3.0955723982894664e-07
73, 528, 2.995824634053776e-07
787, 871, 2.988409667125562e-07
270, 871, 2.971473080052478e-07
78, 669, 2.874061475368788e-07
1555, 1632, 2.860342615661996e-07
235, 750, 2.844590996177143e-07
252, 568, 2.829866394432354e-07
309, 841, 2.78070140229443e-07
252, 528, 2.780163435537069e-07
227, 315, 2.7359120549966006e-07
394, 601, 2.7345416450821174e-07
606, 857, 2.721791884453724e-07
230, 2409, 2.7208938429509954e-07
162, 760, 2.7208362827214535e-07
252, 760, 2.694045822117301e-07
162, 568, 2.691462718557094e-07
394, 750, 2.5686159941055874e-07
625, 779, 2.5185104647952606e-07
235, 1440, 2.485071107674112e-07
235, 601, 2.468394581897041e-07
617, 720, 2.4384496051723255e-07
78, 502, 2.379323530133108e-07
5, 441, 2.3755952120115577e-07
977, 1067, 2.37447347234415e-07
162, 528, 2.3713762991540703e-07
252, 315, 2.3590831938833847e-07
621, 1019, 2.3577125542637383e-07
145, 428, 2.35617866273238e-07
56, 750, 2.33653103117332e-07
768, 920, 2.3273674035743007e-07
621, 905, 2.305556344676509e-07
230, 581, 2.2850037612133858e-07
274, 528, 2.2790553447836957e-07
106, 771, 2.2521817601188072e-07
1232, 2592, 2.2051248445724365e-07
274, 568, 2.2004222440594043e-07
270, 502, 2.1177290286731098e-07
227, 505, 2.110941293170451e-07
270, 669, 2.0539923146374108e-07
227, 878, 2.0418318695478696e-07
274, 760, 2.0094313996427666e-07
84, 492, 2.0030715981644142e-07
309, 450, 1.999624205378432e-07
56, 354, 1.9940243979973635e-07
56, 601, 1.9583877201638035e-07
230, 1021, 1.9396087552069984e-07
1561, 1632, 1.920971419947508e-07
307, 505, 1.879903852241043e-07
366, 601, 1.876363217993913e-07
30, 428, 1.8585424257842178e-07
235, 366, 1.8385365079648943e-07
768, 942, 1.8025205581590923e-07
309, 564, 1.7929493774899998e-07
625, 1684, 1.7787451301652318e-07
227, 525, 1.7387386724815223e-07
5, 878, 1.7183226632501304e-07
366, 750, 1.6862699220193444e-07
1555, 2409, 1.6789179897867999e-07
768, 1232, 1.676034604724221e-07
674, 771, 1.6698160180445622e-07
553, 669, 1.642409883332374e-07
73, 771, 1.642118916700476e-07
583, 871, 1.6053952128766442e-07
56, 298, 1.6023143686241472e-07
307, 525, 1.6015457809934458e-07
307, 878, 1.5829054629892504e-07
1561, 2409, 1.5483685596146512e-07
230, 331, 1.5441548145355813e-07
1022, 1158, 1.5411073961690193e-07
230, 1632, 1.5124827359923022e-07
227, 672, 1.4835877445326296e-07
252, 354, 1.4809061812859436e-07
5, 505, 1.4776567479781174e-07
235, 298, 1.4719448448397374e-07
679, 1425, 1.448695984238075e-07
394, 570, 1.4437646457623735e-07
50, 492, 1.39709408513508e-07
230, 3284, 1.3613618161800725e-07
230, 800, 1.3417002432883148e-07
5, 525, 1.3259224920718233e-07
621, 1232, 1.325338992941807e-07
235, 570, 1.3150746329859386e-07
78, 1425, 1.3146735927426302e-07
106, 3995, 1.2994242670590153e-07
633, 841, 1.278519070718009e-07
621, 920, 1.2685538213403827e-07
5, 672, 1.2626971060248655e-07
679, 878, 1.2356387764396173e-07
230, 1003, 1.2354559602769128e-07
354, 1425, 1.224920740017537e-07
307, 672, 1.2196104586203802e-07
1232, 1684, 1.2173225034584382e-07
230, 1175, 1.2120032496446587e-07
162, 771, 1.1977600399051888e-07
252, 771, 1.1809093597399001e-07
768, 1021, 1.1774322357656441e-07
106, 354, 1.1770596016661196e-07
679, 760, 1.1531391807733967e-07
106, 750, 1.1167836297243401e-07
235, 905, 1.097239047175575e-07
78, 441, 1.0930262597817304e-07
621, 942, 1.0708608465807542e-07
270, 441, 1.062459631592518e-07
354, 505, 1.0540606424212188e-07
230, 536, 1.0261507224074094e-07
235, 383, 1.0180972300244896e-07
768, 2409, 1.0094267890540904e-07
227, 568, 1.0021571093739208e-07
617, 905, 9.789341914894935e-08
235, 720, 9.731491834875499e-08
56, 570, 9.712078160707705e-08
106, 601, 9.629133624303109e-08
366, 570, 9.555011715322947e-08
528, 672, 9.519681393506872e-08
394, 905, 9.490832210740312e-08
227, 760, 9.482458536679349e-08
274, 354, 9.450986571887526e-08
394, 720, 9.271277006634943e-08
307, 568, 9.198239906427082e-08
73, 3995, 9.119201397097758e-08
274, 771, 8.931056026606655e-08
56, 905, 8.915605661537162e-08
227, 528, 8.83969005193912e-08
354, 525, 8.608846684080618e-08
528, 878, 8.468158938413452e-08
458, 564, 8.405805826305438e-08
56, 366, 8.40501178757101e-08
106, 298, 8.362346542916747e-08
3214, 3995, 8.236610021974851e-08
307, 528, 8.176090272212123e-08
5, 760, 8.102694078327238e-08
235, 1482, 8.08001886872488e-08
1077, 3995, 8.012218314371265e-08
56, 720, 7.943157103315518e-08
235, 320, 7.852253052888088e-08
73, 750, 7.766474245058798e-08
5, 315, 7.732264670660556e-08
84, 286, 7.718432543295439e-08
452, 669, 7.662968707187453e-08
235, 387, 7.561653191607643e-08
5, 568, 7.458444484475522e-08
73, 354, 7.34000169558779e-08
307, 760, 7.206196563760858e-08
768, 1003, 7.166213749056121e-08
2410, 2592, 7.042109879926226e-08
1544, 1632, 6.84297489158938e-08
5, 528, 6.78511178480022e-08
621, 800, 6.752095558988897e-08
73, 601, 6.72746991409014e-08
78, 505, 6.687095619266176e-08
162, 3995, 6.672094324284298e-08
366, 905, 6.647920399678106e-08
235, 920, 6.607666144430038e-08
862, 966, 6.569325674774418e-08
162, 354, 6.494740422546257e-08
3463, 3995, 6.478553602406219e-08
252, 3995, 6.407691711241594e-08
235, 942, 6.353282369263346e-08
354, 672, 6.32315421983987e-08
366, 720, 6.289463139747294e-08
583, 672, 6.170553324891545e-08
704, 871, 6.147293699878917e-08
679, 771, 6.145330781568307e-08
270, 505, 6.011135140136928e-08
2713, 3995, 5.97304202887286e-08
162, 750, 5.937478018281167e-08
252, 750, 5.904676261748191e-08
78, 525, 5.7264378337489575e-08
162, 298, 5.723332536152892e-08
3189, 3995, 5.6738052495469797e-08
78, 672, 5.6547600522695405e-08
56, 383, 5.653370817863056e-08
674, 750, 5.6422552052013135e-08
1441, 1632, 5.5939995451683414e-08
309, 502, 5.5839747811597725e-08
474, 857, 5.56860942999778e-08
230, 341, 5.547856015573903e-08
50, 286, 5.4664713199924946e-08
252, 601, 5.433064540934173e-08
73, 298, 5.4186539971196135e-08
1561, 1684, 5.414736275214872e-08
270, 525, 5.389848363513188e-08
1022, 2409, 5.370350658263686e-08
1555, 1684, 5.331410192647296e-08
309, 669, 5.2418419097717054e-08
252, 366, 5.1472046830824496e-08
230, 734, 5.139769006666622e-08
394, 581, 5.1095187015340136e-08
274, 366, 5.042621671848253e-08
230, 2592, 5.041791538688251e-08
162, 601, 5.008449921301799e-08
106, 366, 4.9402027121442085e-08
50, 966, 4.884272234575222e-08
3364, 3995, 4.869400281224125e-08
528, 760, 4.8573019840095976e-08
768, 1632, 4.8475178355687564e-08
1022, 1175, 4.799778041920198e-08
214, 450, 4.7272727345024854e-08
106, 570, 4.709536287267222e-08
621, 734, 4.686072423625755e-08
235, 581, 4.664237369442959e-08
354, 878, 4.6241516786065014e-08
2139, 2592, 4.6116146946007094e-08
214, 564, 4.5969254843524035e-08
354, 568, 4.5566666215012444e-08
617, 1500, 4.541227891918233e-08
553, 871, 4.460418545458734e-08
455, 564, 4.4457010693120214e-08
214, 405, 4.4406310590483106e-08
274, 750, 4.416071747203857e-08
354, 528, 4.382706931708632e-08
56, 387, 4.3412252918251556e-08
166, 564, 4.272902694651013e-08
230, 804, 4.264095478482489e-08
78, 878, 4.249028056922041e-08
274, 601, 4.1944043566130027e-08
166, 450, 4.172993677665697e-08
227, 771, 4.158698186725294e-08
166, 405, 4.151384329986835e-08
394, 920, 4.129222333933434e-08
78, 315, 4.1228292654451004e-08
617, 920, 4.0740306650430404e-08
270, 672, 4.050898440857375e-08
106, 720, 3.992111008598809e-08
452, 871, 3.9091296797321613e-08
56, 920, 3.8300095210193515e-08
621, 1632, 3.7871283092319514e-08
214, 841, 3.709235753693645e-08
354, 760, 3.70350645563192e-08
528, 937, 3.628549531057229e-08
166, 841, 3.6124995682766275e-08
787, 878, 3.5466906161571646e-08
5, 771, 3.528677744841081e-08
354, 937, 3.518708165300628e-08
309, 441, 3.510173064897031e-08
56, 581, 3.4810030191589054e-08
78, 760, 3.4410607654357026e-08
78, 937, 3.399121514515458e-08
78, 568, 3.361919300378237e-08
227, 354, 3.3420276838991044e-08
366, 581, 3.3317507755947874e-08
73, 570, 3.315784482494353e-08
235, 1232, 3.314730864092153e-08
235, 331, 3.234318663201656e-08
106, 905, 3.204479274338093e-08
307, 771, 3.188602320754467e-08
270, 878, 3.1869549914883647e-08
625, 1286, 3.153337767423945e-08
309, 871, 3.127108019610035e-08
73, 1514, 3.0693851417122916e-08
1022, 1632, 3.067896560299358e-08
106, 383, 3.066583364371162e-08
145, 857, 3.058849177215314e-08
1363, 1514, 3.054956202104874e-08
617, 800, 3.0271414843850035e-08
56, 151, 3.000355847384471e-08
73, 366, 2.9728259045407527e-08
553, 672, 2.937339736008397e-08
78, 528, 2.927767921967839e-08
274, 383, 2.8606227183963365e-08
366, 920, 2.837762567307883e-08
394, 536, 2.7561324530857368e-08
270, 528, 2.7414576601454612e-08
252, 570, 2.7153414140373534e-08
235, 800, 2.7075370743662176e-08
162, 366, 2.6894601452846914e-08
73, 720, 2.6549207955288484e-08
56, 320, 2.646652983158546e-08
270, 568, 2.6353458515965165e-08
394, 942, 2.592311803745818e-08
162, 570, 2.5862407340143068e-08
617, 942, 2.5842162539185473e-08
252, 383, 2.547037155812241e-08
56, 942, 2.4618109589536828e-08
270, 760, 2.4449960891463228e-08
394, 800, 2.4437834706186767e-08
56, 214, 2.4232750977172997e-08
56, 800, 2.3877599934383913e-08
30, 857, 2.3640780304394993e-08
452, 525, 2.362078168608648e-08
1022, 2592, 2.3570135384694147e-08
73, 905, 2.329531223148874e-08
106, 214, 2.3255507820449617e-08
230, 1684, 2.31680317500509e-08
106, 387, 2.3048977476826093e-08
145, 492, 2.279175507355249e-08
458, 841, 2.259484133201152e-08
270, 937, 2.2206970582228735e-08
528, 771, 2.187701164604712e-08
621, 804, 2.128697715913714e-08
274, 570, 2.0941965958487212e-08
235, 536, 2.083656012797909e-08
227, 750, 2.0825764748891447e-08
274, 387, 2.0309789278914268e-08
230, 779, 2.0105845790382145e-08
162, 720, 2.0040321479941195e-08
252, 720, 1.996124001371402e-08
556, 966, 1.9758384049631238e-08
617, 734, 1.951244221969394e-08
227, 298, 1.9336495580789175e-08
73, 383, 1.9176836052997625e-08
162, 905, 1.8771632274386923e-08
30, 492, 1.8688606742239192e-08
625, 1403, 1.863557258972547e-08
230, 1370, 1.8619179534681276e-08
252, 387, 1.8547082169335502e-08
625, 971, 1.8451488084430045e-08
106, 920, 1.8429972084531583e-08
5, 750, 1.8359285053787033e-08
227, 601, 1.7720083514342972e-08
366, 942, 1.767484629684569e-08
452, 568, 1.731241549743678e-08
162, 383, 1.724713975484304e-08
252, 905, 1.723529852637225e-08
106, 581, 1.691628789896737e-08
583, 760, 1.6834155808068075e-08
366, 800, 1.666246792924008e-08
354, 771, 1.6420702285498946e-08
583, 878, 1.6270105855077163e-08
366, 536, 1.625599905674903e-08
679, 750, 1.5983003169139065e-08
307, 750, 1.5956173290318928e-08
309, 505, 1.5687557284696326e-08
78, 771, 1.5567304442371103e-08
307, 601, 1.5421515152050572e-08
166, 669, 1.52710808105443e-08
56, 536, 1.5182930268617215e-08
274, 720, 1.5050625648223885e-08
214, 669, 1.502909373245478e-08
452, 672, 1.495505967289548e-08
5, 601, 1.4888423558556001e-08
5, 354, 1.4842618297167954e-08
73, 387, 1.4718718215349258e-08
56, 176, 1.4469969536743836e-08
214, 502, 1.4323805724938151e-08
84, 564, 1.4125093616744684e-08
452, 528, 1.4039907242717215e-08
394, 1232, 1.3574331396771234e-08
166, 502, 1.3565394574658838e-08
56, 1232, 1.3561711123097711e-08
106, 320, 1.3419594068698922e-08
606, 966, 1.341788702547572e-08
73, 920, 1.3344920507590835e-08
309, 525, 1.3331805688885e-08
230, 731, 1.3327858472740159e-08
458, 669, 1.3250392107429254e-08
162, 387, 1.3215407546280534e-08
528, 601, 1.3102355122724863e-08
621, 731, 1.2899761611803803e-08
270, 354, 1.2842550157644746e-08
455, 841, 1.2560966829452039e-08
84, 450, 1.2492555280614262e-08
617, 1232, 1.2402374578002627e-08
1118, 1232, 1.2324507571937975e-08
1022, 1684, 1.226760042930465e-08
235, 341, 1.2251163891173641e-08
227, 366, 1.2235460748013435e-08
106, 942, 1.2143081047130615e-08
73, 581, 1.1976945175270315e-08
84, 841, 1.1864455045467601e-08
84, 405, 1.180181677250335e-08
864, 966, 1.1459974344001641e-08
106, 800, 1.1359996401573757e-08
1022, 1232, 1.0933456670628113e-08
270, 771, 1.08673505889263e-08
145, 286, 1.0579007279010979e-08
50, 564, 1.0539768381197898e-08
621, 779, 1.0465217340652158e-08
5, 298, 1.0361211407834628e-08
235, 734, 1.0334977725481564e-08
106, 1731, 1.0200508879530144e-08
309, 672, 1.0194001706184316e-08
474, 564, 1.0000577831211929e-08
252, 581, 9.830458468733873e-09
230, 389, 9.71142509257995e-09
394, 734, 9.69017610669963e-09
1158, 3078, 9.653802319358264e-09
227, 570, 9.575524196719175e-09
56, 331, 9.541921920891161e-09
617, 804, 9.53727068658464e-09
73, 214, 9.52208451527492e-09
528, 750, 9.425760594791908e-09
73, 320, 9.373235411422312e-09
162, 581, 9.328726045962467e-09
50, 450, 9.031789977921924e-09
354, 601, 8.873863176445149e-09
1312, 1514, 8.823079367409408e-09
307, 570, 8.75655076788212e-09
235, 804, 8.572911726816626e-09
553, 760, 8.486167825033415e-09
50, 405, 8.39306345660481e-09
307, 383, 8.305016245061905e-09
56, 734, 8.238167435997558e-09
1022, 1370, 8.193139465227459e-09
162, 320, 8.058646705108187e-09
394, 804, 7.785183987632749e-09
106, 536, 7.744348921572533e-09
252, 320, 7.69708548429745e-09
309, 568, 7.678054855249883e-09
73, 151, 7.637023048592677e-09
307, 387, 7.459991638480319e-09
56, 804, 7.451693279602041e-09
214, 441, 7.412535658268108e-09
274, 581, 7.373394809998069e-09
78, 354, 7.363436568445035e-09
455, 669, 7.3365581872817924e-09
30, 286, 7.329550115001649e-09
354, 750, 7.285793262733093e-09
5, 570, 7.134633281771893e-09
227, 383, 7.039274817575938e-09
73, 800, 7.0059705443812646e-09
78, 750, 6.946659552526751e-09
166, 441, 6.896831322242931e-09
73, 176, 6.775045880315604e-09
309, 528, 6.7208876401851505e-09
556, 669, 6.592781897515469e-09
78, 601, 6.578116717050179e-09
227, 720, 6.5357228083923014e-09
56, 123, 6.512356366692361e-09
5, 720, 6.388905620027082e-09
452, 760, 6.302293356391819e-09
227, 320, 6.291118223460611e-09
366, 734, 6.278498928423082e-09
270, 366, 6.1219910368757206e-09
5, 366, 6.113138991795545e-09
56, 2275, 5.522040415041142e-09
56, 179, 5.515224520682341e-09
214, 315, 5.505610209054776e-09
617, 731, 5.376892946085223e-09
307, 720, 5.334185836807618e-09
78, 298, 5.309780936332915e-09
1118, 1632, 5.304791811717886e-09
227, 387, 5.277741140640693e-09
366, 804, 5.220156228562122e-09
252, 331, 5.206412181618138e-09
73, 536, 5.2052244193266305e-09
84, 669, 5.138640638230247e-09
106, 176, 5.119824804597922e-09
270, 601, 5.094238792794311e-09
106, 331, 5.02056975537051e-09
583, 771, 4.8964227339842915e-09
270, 750, 4.865139532373248e-09
309, 760, 4.807269568873823e-09
617, 779, 4.622967949943022e-09
252, 536, 4.619804920215191e-09
252, 800, 4.571863530439726e-09
162, 800, 4.561987246751507e-09
354, 570, 4.349362595471452e-09
84, 502, 4.345917649833417e-09
106, 734, 4.153401185074912e-09
235, 779, 4.084773291952287e-09
162, 536, 4.012736487522573e-09
214, 505, 3.961552274855944e-09
674, 800, 3.952362589903216e-09
5, 383, 3.8897368038701465e-09
274, 536, 3.864632005020133e-09
56, 341, 3.832628979215331e-09
56, 779, 3.8256130602828e-09
166, 505, 3.8209787303135644e-09
50, 669, 3.818845080422993e-09
106, 804, 3.695227683311985e-09
528, 720, 3.543950419321007e-09
56, 189, 3.5045790851451047e-09
73, 331, 3.4916196781537728e-09
274, 800, 3.4863680067624704e-09
394, 779, 3.4629794074354167e-09
214, 525, 3.404530321760492e-09
227, 581, 3.350917058473227e-09
1544, 2275, 3.311149405053199e-09
166, 525, 3.2548703768132147e-09
78, 570, 3.227733109546655e-09
270, 383, 3.212251707378355e-09
458, 568, 3.132094272067222e-09
704, 771, 3.128385347732874e-09
166, 672, 3.0372387253997294e-09
307, 581, 3.004601067533643e-09
50, 502, 2.9932574195670948e-09
214, 672, 2.991933854867968e-09
5, 387, 2.9758360197066855e-09
78, 366, 2.9710070147157176e-09
553, 771, 2.953406842277598e-09
162, 331, 2.916173530161978e-09
230, 583, 2.8694123634924104e-09
73, 734, 2.850024433933074e-09
252, 341, 2.7749753828780426e-09
73, 804, 2.7659160723469157e-09
458, 525, 2.7564674056845945e-09
106, 189, 2.7045274310819e-09
166, 315, 2.6942262511671173e-09
235, 731, 2.6765027207052663e-09
458, 672, 2.6142989555847517e-09
73, 179, 2.605731333014343e-09
56, 162, 2.5955497004335073e-09
5, 581, 2.57512766927877e-09
354, 720, 2.57456401218147e-09
1232, 1403, 2.5676289303846697e-09
394, 731, 2.5230720344647448e-09
366, 779, 2.5174302825303993e-09
106, 179, 2.458758579292311e-09
583, 750, 2.4055047775721474e-09
78, 720, 2.4036168347986552e-09
230, 1398, 2.3918959663899605e-09
270, 570, 2.3377161119832134e-09
452, 771, 2.295824766407285e-09
270, 387, 2.275891168258439e-09
227, 331, 2.197065729556761e-09
235, 1019, 2.195022067087281e-09
674, 1337, 2.166269058683158e-09
56, 731, 2.1467502502485933e-09
452, 601, 2.1423555401726496e-09
106, 341, 2.135346549906739e-09
252, 734, 2.120581214865692e-09
162, 734, 2.1140480152662365e-09
84, 441, 2.0201460678020334e-09
235, 389, 2.019162426816172e-09
56, 1019, 1.9289539052411397e-09
633, 760, 1.904631568033558e-09
394, 1019, 1.9010161696867833e-09
455, 525, 1.8849664378680915e-09
78, 383, 1.88119175546326e-09
214, 568, 1.8225198012165725e-09
606, 669, 1.759887515558588e-09
214, 528, 1.7492796275050096e-09
458, 528, 1.7357919721098114e-09
166, 568, 1.7257313829315144e-09
5, 320, 1.7148471918466315e-09
270, 720, 1.6799873604738905e-09
166, 528, 1.6528289663140995e-09
455, 568, 1.6477846406099945e-09
366, 731, 1.6466890453608687e-09
5, 214, 1.62268061819636e-09
274, 734, 1.6044654257410018e-09
73, 189, 1.5950741373299323e-09
145, 564, 1.5517882898369012e-09
553, 750, 1.5215479024565624e-09
227, 536, 1.5160889938956962e-09
583, 720, 1.5079328594458348e-09
474, 669, 1.5000372755810583e-09
145, 405, 1.4955973880004793e-09
452, 570, 1.4839449644043103e-09
455, 672, 1.4491183298668294e-09
78, 387, 1.4390547887340724e-09
145, 450, 1.4266870777894162e-09
73, 341, 1.4248994775787835e-09
307, 536, 1.4156697543808057e-09
50, 441, 1.4014980584997175e-09
354, 581, 1.391007521942308e-09
30, 564, 1.3726217598281503e-09
30, 450, 1.2358213403427034e-09
84, 505, 1.222907283691066e-09
162, 341, 1.2098870008138056e-09
556, 672, 1.1921867206022074e-09
56, 389, 1.1759695094327523e-09
5, 536, 1.1753763447251956e-09
455, 528, 1.1548662562844867e-09
5, 151, 1.1088234180559542e-09
162, 1067, 1.0944997534283284e-09
452, 750, 1.0925241035729888e-09
106, 731, 1.0819623113664745e-09
252, 1067, 1.0633775588806745e-09
30, 405, 1.0575025443407738e-09
78, 581, 1.0482657725586275e-09
84, 525, 1.0388596052747525e-09
84, 672, 1.0248895514090732e-09
166, 1105, 9.926456617797597e-10
214, 1105, 9.92066143726051e-10
78, 214, 9.843654155347761e-10
73, 162, 9.682482943132066e-10
78, 320, 9.164620614125364e-10
5, 123, 8.805499486315278e-10
274, 341, 8.666541044785295e-10
50, 505, 8.457594054397925e-10
309, 750, 8.323898603923165e-10
309, 601, 8.261880588248935e-10
214, 760, 8.100714470333404e-10
166, 760, 8.036767451335336e-10
270, 581, 7.999076194326409e-10
1266, 1337, 7.920581934828882e-10
553, 720, 7.82542306306996e-10
1158, 1337, 7.746301752673003e-10
227, 341, 7.739362630344086e-10
227, 734, 7.609353209433256e-10
50, 525, 7.597246349246566e-10
354, 536, 7.496236936886256e-10
84, 315, 7.481116839302583e-10
73, 731, 7.383194154877554e-10
5, 734, 7.222043220826032e-10
633, 750, 7.197230348051739e-10
977, 1337, 7.142020924168354e-10
1232, 1299, 7.069074885978998e-10
78, 176, 6.98558387340528e-10
309, 570, 6.80506444133998e-10
5, 176, 6.802220262098831e-10
214, 298, 6.665595817844773e-10
5, 331, 6.535292858792896e-10
809, 1105, 6.449752656422076e-10
394, 583, 6.431881969326527e-10
452, 720, 6.282709059753268e-10
309, 383, 6.258351933912694e-10
106, 389, 6.181070917795364e-10
307, 734, 6.060211748700987e-10
78, 151, 5.912643581558399e-10
235, 583, 5.865830422780475e-10
458, 760, 5.796478014850884e-10
309, 387, 5.753467767130069e-10
214, 354, 5.66848048131041e-10
84, 568, 5.661442860624872e-10
252, 731, 5.505488163000069e-10
162, 731, 5.482539818148877e-10
5, 96, 5.421260472401601e-10
50, 315, 5.317917982661935e-10
274, 389, 5.287622997809529e-10
78, 536, 5.078626033197039e-10
252, 389, 4.906845852065267e-10
633, 720, 4.73367639893509e-10
270, 536, 4.6204725246826577e-10
166, 354, 4.52173698724772e-10
309, 720, 4.416487593651957e-10
56, 583, 4.3984535808906446e-10
452, 581, 4.2451724062028253e-10
50, 568, 4.213911648728658e-10
366, 583, 4.1940569273983646e-10
166, 298, 4.183936813259722e-10
274, 731, 4.1588365758701053e-10
474, 568, 4.0591721066056277e-10
73, 389, 3.9914175616609516e-10
528, 734, 3.8106353211577315e-10
162, 389, 3.582196421518607e-10
78, 331, 3.4499301185081893e-10
455, 760, 3.2193583965845325e-10
5, 104, 3.0950286853898726e-10
458, 570, 2.893869877387765e-10
354, 734, 2.8837690345608875e-10
78, 734, 2.7765366463055954e-10
5, 341, 2.7619209923941813e-10
78, 179, 2.73593973369629e-10
5, 179, 2.722882074922421e-10
84, 760, 2.686026138219278e-10
214, 750, 2.638280083381721e-10
166, 750, 2.570051460023077e-10
458, 601, 2.509945889049475e-10
214, 601, 2.2744897546294216e-10
50, 760, 2.2647173753796224e-10
166, 601, 2.2556932436276784e-10
309, 581, 2.253703754625862e-10
56, 223, 2.197392764077456e-10
214, 366, 2.1918984248400697e-10
307, 389, 2.1504642566526473e-10
106, 583, 2.135900332049552e-10
5, 189, 1.9865668228770955e-10
227, 731, 1.975044230606506e-10
270, 734, 1.949818356621423e-10
458, 750, 1.9294053453341005e-10
5, 731, 1.8978963383674562e-10
166, 366, 1.8931950966076513e-10
621, 1021, 1.8460851703534236e-10
106, 223, 1.840373352361244e-10
214, 570, 1.7387117163824426e-10
78, 189, 1.7223690887014612e-10
556, 760, 1.7029416797991504e-10
73, 583, 1.5123793817955382e-10
606, 760, 1.451656456671571e-10
78, 341, 1.4210543465002425e-10
227, 389, 1.4162670798254123e-10
84, 354, 1.3734894426186828e-10
270, 341, 1.3716992066185144e-10
455, 601, 1.3569203722017418e-10
214, 383, 1.3432517267805855e-10
252, 583, 1.242329930463724e-10
166, 383, 1.2042050604867762e-10
162, 583, 1.1757430439513016e-10
214, 320, 1.1362345925661344e-10
455, 750, 1.0641130418272625e-10
56, 198, 1.0450949055740437e-10
214, 387, 1.0213693285185062e-10
106, 198, 1.0182756900123838e-10
5, 162, 9.864800242708228e-11
84, 298, 9.777951618552561e-11
274, 583, 9.30593123066664e-11
166, 387, 9.195635982689991e-11
145, 315, 8.840679400931269e-11
50, 354, 8.799288220136137e-11
78, 162, 8.7089757637491e-11
704, 878, 8.278362552993653e-11
73, 223, 8.263120149167053e-11
5, 389, 8.061212411402652e-11
84, 601, 7.67956023853264e-11
230, 633, 7.360894857472941e-11
50, 298, 7.202762111322182e-11
230, 679, 6.649963740739563e-11
30, 315, 6.52369923164575e-11
270, 389, 5.930515458739444e-11
166, 320, 5.744980193626641e-11
56, 233, 4.727429622529838e-11
5, 77, 4.604733952352152e-11
73, 198, 4.4616583249868866e-11
106, 1074, 4.432388755647453e-11
227, 583, 4.204879388574762e-11
78, 389, 3.8975671301782784e-11
307, 583, 3.7585839456221856e-11
214, 331, 3.485341018789062e-11
106, 233, 3.3785642946805326e-11
5, 109, 2.938098320585324e-11
309, 771, 2.1387188979153132e-11
56, 219, 1.9476495376141613e-11
84, 214, 1.9417204996083734e-11
106, 219, 1.740916731045469e-11
84, 528, 1.7308540000787137e-11
73, 233, 1.6990835182354943e-11
394, 633, 1.6250552101109864e-11
162, 233, 1.5182159517432737e-11
5, 223, 1.4992271201334802e-11
235, 633, 1.4718819353886056e-11
56, 221, 1.4255522384241551e-11
394, 679, 1.3607980502057238e-11
235, 679, 1.3470443549981205e-11
50, 151, 1.294735897871556e-11
84, 176, 1.2870907274483902e-11
106, 221, 1.2340210365000605e-11
56, 633, 1.153127006539489e-11
56, 679, 1.1213066400455848e-11
366, 633, 1.0927737723031003e-11
50, 214, 1.0586688534890563e-11
145, 441, 1.0462552556833545e-11
5, 73, 9.90052825483207e-12
617, 679, 9.539097854410989e-12
366, 679, 8.92565873466279e-12
30, 441, 8.898913511873208e-12
5, 84, 8.452849466960825e-12
78, 223, 8.441731072048229e-12
73, 219, 7.472023810000881e-12
84, 151, 7.373895128333814e-12
230, 613, 6.959676070386871e-12
5, 198, 6.456524388933695e-12
50, 176, 5.852944869694752e-12
106, 633, 5.84593588883496e-12
73, 221, 5.414825407428285e-12
106, 679, 5.375405768372979e-12
230, 596, 5.236081413106739e-12
84, 179, 5.199747120195312e-12
145, 502, 5.067507184842462e-12
78, 198, 4.770886668085774e-12
30, 502, 4.301590975851164e-12
50, 123, 4.282595153953634e-12
84, 189, 3.498099432629608e-12
5, 233, 3.2834015290595847e-12
50, 528, 2.3984339257659747e-12
50, 179, 2.2495710777123918e-12
145, 298, 2.00150347681462e-12
166, 570, 1.8161125294458566e-12
230, 334, 1.7370896154935293e-12
78, 233, 1.711265191703661e-12
455, 570, 1.6610946635547268e-12
5, 113, 1.5844810094067372e-12
394, 613, 1.5603296280803443e-12
30, 298, 1.433580501693586e-12
235, 613, 1.406951540694576e-12
5, 219, 1.3193076671585524e-12
84, 162, 1.3183577379759687e-12
394, 596, 1.1882231177019657e-12
56, 613, 1.1225159497833084e-12
366, 613, 1.1066089636325234e-12
84, 366, 1.0935877897820751e-12
235, 596, 1.074869487385451e-12
50, 162, 1.0406663089683658e-12
30, 123, 9.804339091058802e-13
5, 221, 9.692505945434624e-13
30, 151, 8.63726848929534e-13
56, 596, 8.41309076221541e-13
50, 601, 8.15097960329466e-13
633, 771, 8.128304898015572e-13
366, 596, 7.98908797443682e-13
78, 219, 7.671897384572801e-13
84, 320, 6.899036167794547e-13
106, 613, 5.683936943417705e-13
78, 221, 5.545773603337158e-13
145, 214, 4.893455741429064e-13
50, 320, 4.795812761981646e-13
50, 189, 4.520142191407426e-13
106, 596, 4.098309757003857e-13
166, 771, 4.076474650899882e-13
30, 214, 4.052726702627167e-13
214, 771, 4.0109313961686217e-13
73, 613, 3.948768391535053e-13
235, 334, 3.7159171854250037e-13
145, 669, 3.672775798069447e-13
56, 235, 3.5826562750919246e-13
30, 669, 3.294801636916453e-13
30, 176, 3.2870418081624706e-13
252, 613, 3.0632766174273527e-13
458, 771, 2.912321022558774e-13
162, 613, 2.892148611327666e-13
73, 596, 2.876098420351383e-13
5, 106, 2.6450904004788835e-13
106, 235, 2.4905732676997847e-13
50, 366, 2.459664448391204e-13
274, 613, 2.453855594488897e-13
252, 596, 2.3488838144686196e-13
162, 596, 2.1730109920790703e-13
50, 672, 1.9369451925745626e-13
274, 596, 1.7881810197958447e-13
455, 771, 1.6266257185329116e-13
30, 96, 1.6190247255649558e-13
84, 223, 1.5862675225337935e-13
30, 104, 1.554335980535532e-13
84, 771, 1.3591136719798378e-13
474, 601, 1.338708095386664e-13
162, 235, 1.29374815946428e-13
73, 235, 1.279045542581065e-13
528, 613, 1.1957383722903495e-13
606, 672, 1.139208731443318e-13
30, 179, 1.1055916878361985e-13
56, 334, 1.0999352174613168e-13
227, 613, 1.0307290260698676e-13
145, 354, 1.0172896627399898e-13
30, 162, 9.881055426686706e-14
84, 198, 9.784120310947369e-14
50, 223, 9.440070028357397e-14
307, 613, 8.801787059593696e-14
5, 613, 8.740565257755409e-14
166, 233, 8.080679198331185e-14
145, 320, 8.063385143792422e-14
30, 354, 7.695882569267552e-14
474, 672, 7.56269701894124e-14
252, 334, 6.714810454679046e-14
166, 331, 6.65452916037782e-14
106, 334, 5.880981242724371e-14
30, 320, 5.868370164627064e-14
30, 189, 5.17099302872883e-14
50, 198, 4.440367106399387e-14
73, 334, 4.051048979366466e-14
214, 341, 3.9449806301354965e-14
162, 334, 3.3892019891110743e-14
84, 233, 3.2623790519444664e-14
166, 341, 2.7049443841713117e-14
5, 235, 2.4986312965539432e-14
227, 334, 2.44919294890194e-14
145, 223, 2.432888493421392e-14
413, 492, 2.3053313807056354e-14
50, 233, 2.105430291357142e-14
84, 331, 2.0384409636091133e-14
30, 109, 1.94919249524913e-14
458, 581, 1.9320954567973464e-14
84, 219, 1.497205220100343e-14
50, 331, 1.3405928098398604e-14
78, 235, 1.2841835044007711e-14
30, 223, 1.2322693988510344e-14
84, 221, 1.0784441284704487e-14
50, 219, 8.582992831598714e-15
84, 341, 8.43700018508727e-15
84, 383, 8.041699507005302e-15
5, 334, 7.656958195003135e-15
145, 233, 7.131957847016592e-15
50, 221, 6.3009162923609066e-15
50, 341, 5.357653259762897e-15
30, 198, 5.346523119775237e-15
452, 536, 5.325809012319099e-15
309, 389, 4.083633745859531e-15
78, 334, 4.0150323860023405e-15
50, 113, 3.16154540994203e-15
50, 383, 2.790066255415097e-15
30, 233, 2.7109261422323473e-15
84, 387, 2.5419454135948303e-15
145, 331, 2.3412709139873666e-15
270, 334, 2.3086728898199488e-15
145, 366, 1.9180776002520078e-15
50, 387, 1.8759336765364863e-15
145, 219, 1.829538023718325e-15
30, 331, 1.6695609519236352e-15
30, 366, 1.4874367512344998e-15
145, 221, 1.4860478920755531e-15
30, 113, 1.2717447609043191e-15
30, 219, 1.1200514321706676e-15
145, 341, 9.611691499175727e-16
30, 221, 8.228563498766741e-16
166, 235, 7.065369042602214e-16
30, 341, 6.937141572893654e-16
214, 389, 6.714276222020231e-16
166, 389, 6.060344399271751e-16
145, 383, 4.889119880429659e-16
214, 334, 3.84893872336718e-16
30, 383, 3.6426901333632443e-16
145, 387, 3.3014941457023366e-16
166, 581, 2.6207305767970205e-16
214, 581, 2.606244737631029e-16
84, 235, 2.4421887262477424e-16
30, 387, 2.4208702772243087e-16
166, 334, 2.3782878014222076e-16
84, 389, 1.7365461533345548e-16
50, 235, 1.5970140969101783e-16
30, 106, 1.4922002847442168e-16
50, 389, 1.2826988228574955e-16
84, 334, 7.391301495404893e-17
145, 235, 5.543734739266128e-17
50, 334, 4.796192575053724e-17
145, 505, 2.2642838278938487e-17
145, 389, 2.2627272652737444e-17
30, 235, 2.0491604215148553e-17
30, 505, 1.9413968572099935e-17
30, 389, 1.6462580543027252e-17
145, 525, 9.679458121775234e-18
30, 525, 8.816172938709022e-18
145, 334, 8.460418192845116e-18
30, 334, 6.034457558245157e-18
145, 568, 2.674836045777599e-18
30, 568, 2.3794513611344765e-18
413, 502, 2.2766928174397968e-19
