Gene = SMKR1
index = 1286
Annotated 5SS: [349]
Annotated 3SS: [9767]
SMsplice 5SS: [349]
SMsplice 3SS: [8952]
length: 10454
Partition function (logZ) = -13.715294300198096
#Introns = 2176
5SS, 3SS, prob
349, 8952, 0.11003967953955732
349, 9356, 0.0645600256835699
349, 5428, 0.06364548815142032
109, 8952, 0.05733464623506055
5534, 8952, 0.04741403435186174
5609, 8952, 0.03826766073238175
349, 2118, 0.03422815107326258
109, 9356, 0.03363810444543577
109, 5428, 0.033161597370043636
5534, 9356, 0.027991554367316113
2218, 8952, 0.026401418235123666
349, 1373, 0.022742547502899602
5609, 9356, 0.021959838711974173
1335, 8952, 0.019212606226681115
1993, 8952, 0.018507741580240163
2401, 8952, 0.01823173872647011
109, 2118, 0.017811554168782398
349, 4405, 0.01706213112811535
2218, 9356, 0.01556507649024424
349, 1952, 0.01537972033093761
1993, 2118, 0.013294328699300719
2218, 5428, 0.013234570625884803
109, 1373, 0.011835317785228764
1335, 9356, 0.011334432099730552
349, 3023, 0.011203871846509091
349, 1267, 0.011173183518101603
349, 1902, 0.010854009669241169
2401, 9356, 0.01077483591383529
1335, 5428, 0.010671770981322659
349, 2259, 0.010316415132697664
1993, 9356, 0.01013388493900467
349, 1809, 0.010082543288611754
349, 5987, 0.009440283755451175
349, 2285, 0.00930354227992425
2401, 5428, 0.00908101965090442
89, 8952, 0.008905842149528087
109, 4405, 0.008889986378913821
557, 8952, 0.008876231562233146
349, 2092, 0.008763485667719634
349, 5510, 0.008454132345564129
1993, 5428, 0.008299572338755534
109, 1952, 0.00800683134104012
349, 8374, 0.007387732994155799
190, 8952, 0.00674495460311627
2350, 8952, 0.006667685915644034
349, 9767, 0.006618616479802656
4483, 8952, 0.006305482330815149
1335, 2118, 0.005947546465839053
349, 9991, 0.005855100242738078
109, 3023, 0.0058376217694421206
109, 1267, 0.0058270524077846985
109, 1902, 0.005650313520189665
1993, 2092, 0.005457159974182554
109, 2259, 0.005375224778209349
109, 1809, 0.0052489459966067
89, 9356, 0.005225037007679245
557, 9356, 0.005207664544543548
89, 5428, 0.005151020735228949
557, 5428, 0.005133894365080268
1627, 8952, 0.0050548886840655815
5534, 5987, 0.004939452200129148
109, 5987, 0.0049187286962500765
349, 7474, 0.004888720006921496
109, 2285, 0.004847481450185714
756, 8952, 0.004618557147206811
109, 2092, 0.004560234633234207
193, 8952, 0.004422531153931358
109, 5510, 0.004404908204799492
349, 1154, 0.004228158332948218
349, 9382, 0.004175551502397715
349, 6926, 0.0041390572626694615
5609, 5987, 0.004062598572598336
190, 9356, 0.003957249278022134
190, 5428, 0.0039011920978939654
109, 8374, 0.003849275638309553
349, 6460, 0.003804443370231083
349, 5151, 0.003776143078528684
9473, 9767, 0.0037523828458454122
4483, 9356, 0.0037253520415051087
2218, 4405, 0.003583309535182033
109, 9767, 0.0034485381638958046
502, 8952, 0.0031852250545639374
349, 5983, 0.0031131328771243547
2350, 9356, 0.0031114239014916937
109, 9991, 0.0030507186361582164
349, 5061, 0.002955684481654879
1335, 4405, 0.0028584124613655107
349, 739, 0.0028520710393389287
349, 1106, 0.0028348958266405963
5534, 8374, 0.0027967545906634143
89, 2118, 0.002766684723484749
557, 2118, 0.0027633377524541006
2218, 3023, 0.0027466807570838123
756, 9356, 0.002709696804755954
2727, 8952, 0.002697918193471819
2350, 5428, 0.0026872257652014067
4483, 5428, 0.0026249342343918846
1993, 4405, 0.0026098142721177994
193, 9356, 0.002594688807518365
2218, 2285, 0.0025935887388660694
756, 5428, 0.0025824097097104487
109, 7474, 0.002547199640274733
1335, 1952, 0.0025452788214305184
1627, 9356, 0.0025159878247966345
2401, 4405, 0.0025005850370999174
193, 5428, 0.0024728041744197676
2218, 5987, 0.002295095876627525
5609, 8374, 0.00226745017575701
349, 1393, 0.0022534089459682704
2401, 3023, 0.0022348953958088663
1627, 5428, 0.0021888778727204585
109, 9382, 0.0021756130990929286
109, 6926, 0.00215659828249956
109, 1154, 0.002154355261935622
5534, 5640, 0.002153881082953995
190, 2118, 0.00209538441707377
5534, 9767, 0.002068812620416701
5534, 7474, 0.0020589164060565174
1993, 2259, 0.001995431708053819
109, 6460, 0.0019822523626589483
109, 5151, 0.001967506888845354
1335, 3023, 0.001940342613410577
349, 7799, 0.001910843796933313
557, 1373, 0.001898426294498076
349, 854, 0.0018743606915916338
502, 9356, 0.0018687641784405162
1993, 3023, 0.0018559564549529993
349, 1666, 0.001848121914945744
89, 1373, 0.0018383905527665878
5534, 9991, 0.0018301566970900533
676, 8952, 0.0018061998318565013
502, 5428, 0.001780979610373229
5609, 9767, 0.0017654802631806377
349, 4299, 0.0017445980644672815
5534, 6926, 0.0017431910380737727
5609, 7474, 0.0016692527769032591
1335, 1902, 0.0016682192185886852
1335, 1809, 0.0016589331471262999
1335, 5987, 0.0016573762803750148
1627, 2118, 0.0016369240225677173
2458, 8952, 0.0016266723418445494
109, 5983, 0.001622054634651106
1993, 2285, 0.0016211982652135698
1488, 8952, 0.0016168621703015274
5534, 6460, 0.001606651247959114
1335, 2092, 0.0015964345387207755
2401, 5987, 0.0015864704920126448
5534, 5983, 0.0015809482340745393
1335, 2259, 0.0015670965593268793
1335, 2285, 0.0015516686538402987
109, 5061, 0.001540018335633394
756, 2118, 0.0015083415062605487
21, 8952, 0.0015039491639474792
5208, 8952, 0.001500506819374266
5609, 6926, 0.0014132805355370319
190, 1373, 0.0013923288346027515
89, 4405, 0.0013808895772630845
557, 4405, 0.0013762983268584962
5609, 6460, 0.001374109482764003
193, 2118, 0.0013739014432639224
8686, 8952, 0.0013689942259050238
109, 739, 0.0013622257797292845
1993, 5987, 0.0013537539001757407
5609, 5983, 0.0013490040964794058
349, 4425, 0.0013296979208115383
5534, 9382, 0.001305172111380274
9010, 9356, 0.0012915447671351776
109, 1106, 0.0012872882660202437
765, 8952, 0.0012529137613279267
89, 1952, 0.001243708311181525
557, 1952, 0.0012414713662906626
2218, 8374, 0.0012407598499169978
349, 2666, 0.0012394645232422562
1335, 8374, 0.0012320018793414377
349, 5640, 0.0012193366651055543
9153, 9356, 0.0011960674026559371
109, 1393, 0.0011741051263617886
756, 1373, 0.0011705880763180272
349, 788, 0.0011510216445651126
557, 1267, 0.0011495920348202568
5609, 9382, 0.0011138058517022964
349, 4158, 0.0010932943167022203
2727, 9356, 0.001089776835482692
349, 3684, 0.0010794799719213675
676, 9356, 0.0010596932672127326
190, 4405, 0.0010458345605249095
349, 3019, 0.0010438222000602496
349, 6007, 0.0010202368495508033
2218, 6926, 0.0010062762415581528
349, 2498, 0.0010049466366149854
109, 7799, 0.0009956186129045166
502, 2118, 0.0009895205137663394
2458, 9356, 0.0009650897387266382
109, 1666, 0.000962843524538329
1488, 9356, 0.0009592694541814527
1993, 8374, 0.00095228179578878
190, 1952, 0.0009419385564656941
109, 854, 0.0009404341586682603
2218, 6460, 0.0009249258304167365
349, 8894, 0.0009196315079340465
2218, 7474, 0.0009134233012430129
193, 1373, 0.0009129220298536444
109, 4299, 0.0009089985836667693
89, 3023, 0.0009067630380792088
2350, 4405, 0.0009053553385524622
89, 1267, 0.0009051212896300013
557, 3023, 0.0009037481871932359
5208, 9356, 0.0008902368946811767
21, 9356, 0.0008823634988534202
89, 1902, 0.0008776682793131428
557, 1902, 0.0008747501641293947
2401, 8374, 0.0008657403321253338
600, 8952, 0.0008642813512241761
349, 2333, 0.0008605542504112212
1335, 7474, 0.0008582844319894342
349, 3044, 0.0008518838250044655
349, 4557, 0.0008476067348320043
89, 2259, 0.0008349384976878287
557, 2259, 0.0008321624526090372
89, 1809, 0.0008153235010036735
557, 1809, 0.0008126126728422553
89, 5987, 0.0007640305508394289
2350, 3023, 0.0007618100227035783
557, 5987, 0.0007614902640319842
2218, 5983, 0.0007568563207176812
89, 2285, 0.0007529636520495377
557, 2285, 0.0007504601610180791
1627, 4405, 0.000734205260697533
564, 8952, 0.0007337458167249704
349, 9087, 0.0007309831549026319
349, 7404, 0.0007293609748632718
1335, 6926, 0.0007266704590633843
756, 4405, 0.0007265935914047977
349, 5866, 0.0007159145626429866
89, 2092, 0.0007083453457075659
557, 2092, 0.000705990203842049
1993, 7474, 0.0007010513611326164
349, 6387, 0.0006956624807607555
109, 4425, 0.0006928206280518938
349, 7028, 0.0006895411152766164
2703, 8952, 0.0006889140613354733
190, 3023, 0.0006867487010144415
193, 4405, 0.0006857326991708135
190, 1267, 0.000685505301617311
502, 1373, 0.0006848302448048436
1627, 1952, 0.0006825868776416464
1184, 8952, 0.0006814578498335829
2218, 5151, 0.0006716553876731602
1335, 6460, 0.0006679242240160448
756, 1952, 0.0006665880422688166
190, 1902, 0.0006647134095988897
109, 2666, 0.0006458057698673735
2401, 7474, 0.0006373412165472978
109, 5640, 0.000635318429022997
3279, 8952, 0.000634230083730006
190, 2259, 0.0006323514574752393
193, 1952, 0.0006176101777073523
190, 1809, 0.0006174957863378485
89, 8374, 0.0005979114457995141
5534, 7799, 0.0005972815881996044
557, 8374, 0.0005959234800616069
1993, 6926, 0.000593548356971155
1335, 5151, 0.00058749024413679
349, 2620, 0.0005809725064902927
190, 5987, 0.0005786484078969373
676, 2118, 0.000573026439513308
190, 2285, 0.0005702667491293772
109, 4158, 0.0005696458145026723
756, 1267, 0.0005680945796887473
109, 3684, 0.0005624480420782749
109, 788, 0.0005470206126113465
1627, 1809, 0.0005466473709509094
1335, 5983, 0.000546554819946187
1993, 6460, 0.0005455641147941278
109, 3019, 0.0005438690554459778
2401, 6926, 0.0005396078702428834
190, 2092, 0.0005364744984144371
349, 7912, 0.0005343077554669081
109, 6007, 0.0005315802362359661
349, 3381, 0.0005306005689286059
2401, 2498, 0.0005293082119101802
109, 2498, 0.0005236134832137664
1627, 3023, 0.0005105649419974189
5609, 7799, 0.0005097072809403082
1488, 2118, 0.0005070481550258545
756, 3023, 0.000505353472090089
2218, 5061, 0.0005048853032485869
2401, 6460, 0.0004979172098582308
502, 4405, 0.0004938830045755584
349, 6479, 0.0004846326509721545
1627, 1902, 0.00047669020361621573
756, 1902, 0.0004717414252916265
21, 2118, 0.00046721613823030216
2350, 5987, 0.00045496767082373713
756, 2259, 0.00045446131099159166
349, 5759, 0.0004533256072980374
193, 3023, 0.0004502873190213959
193, 1267, 0.0004494720470300858
109, 2333, 0.00044837983643589635
1993, 5983, 0.0004464289298230954
502, 1952, 0.00044481934519294465
109, 3044, 0.0004438622317365378
1335, 5061, 0.0004421390364036339
109, 4557, 0.0004416337133240922
756, 1809, 0.0004375226132756071
193, 1902, 0.00043583922136834427
676, 1373, 0.00043570042326759314
1627, 2259, 0.00041997526036591806
1993, 5151, 0.0004171621399381009
4483, 5987, 0.00041604835845231007
193, 2259, 0.00041462013986366604
1627, 2092, 0.00041413116302130954
765, 2118, 0.00041370905209609876
2727, 3023, 0.0004132000225668143
2218, 2333, 0.00041169697600292575
756, 2285, 0.0004102778720155741
2401, 5983, 0.0004074400077090733
193, 1809, 0.00040487957491052085
349, 7770, 0.0004004206496584449
756, 5987, 0.00039622516343957404
89, 7474, 0.0003956588103224294
557, 7474, 0.0003943433042147128
557, 1154, 0.00039187371144653086
756, 2092, 0.00038664233138929657
5534, 6007, 0.00038334643337604356
2401, 5151, 0.0003807292362967281
1627, 2285, 0.0003800832391963791
109, 7404, 0.00038002340288906375
193, 5987, 0.00037940812973220715
2727, 4405, 0.00037502726667585794
193, 2285, 0.0003739124445567976
109, 5866, 0.00037301733661363704
1627, 5987, 0.00036790008584809664
1335, 1666, 0.000367707467487763
109, 6387, 0.00036246527071250067
502, 1267, 0.0003618507616285636
109, 7028, 0.0003592758182715535
349, 6967, 0.00035758501240882315
2218, 7799, 0.00035702786142045346
193, 2092, 0.00035175554501603044
557, 739, 0.000348154457379348
5609, 6007, 0.0003458325444358399
349, 2646, 0.0003454310851361051
2218, 4299, 0.00034059742941925264
1184, 1373, 0.00033611949103659784
89, 6926, 0.0003349863502277904
89, 1154, 0.00033463793982688297
557, 6926, 0.0003338725709355594
5609, 5866, 0.00032745352487378377
502, 3023, 0.0003243089534879591
349, 2094, 0.00032231033546717576
765, 1373, 0.00032212679188295396
756, 854, 0.0003217758301968498
349, 1226, 0.000318900871442392
5534, 5866, 0.0003180334390020234
21, 1373, 0.00031045305861262775
349, 5815, 0.00030959018510798086
89, 6460, 0.00030790504174375307
557, 6460, 0.0003068813037340266
89, 5151, 0.0003056146140385673
557, 5151, 0.0003045984913568872
109, 2620, 0.0003027076530147733
190, 7474, 0.0002996573113626531
502, 2259, 0.00029862049845518195
1993, 5061, 0.00029735167949870167
502, 1902, 0.0002959196432307764
502, 1809, 0.0002916050834237275
1184, 1267, 0.0002847527714475762
676, 4405, 0.00028005914324420657
190, 1154, 0.0002785384091837486
349, 803, 0.00027680058357659764
109, 3381, 0.00027646205476913844
1335, 4299, 0.00027619597248784543
1184, 2118, 0.0002753469649706429
502, 5987, 0.0002732598683118351
349, 1163, 0.00027276925117934725
349, 2392, 0.00027142956807851056
2401, 5061, 0.0002713824362486224
349, 2868, 0.00026975541013018583
600, 2118, 0.0002684972371031068
349, 2098, 0.00026620675133204265
2218, 4158, 0.0002662037052128588
2218, 3684, 0.000262840082344277
5609, 5759, 0.00026172680198460914
2218, 3019, 0.00026018721938010495
2458, 3023, 0.00025833836342456095
349, 4131, 0.0002558961297079924
676, 1952, 0.0002557758250793925
190, 6926, 0.00025370623990565445
502, 2092, 0.0002533437382506324
109, 6479, 0.00025251110975345434
89, 5983, 0.0002519552047969114
557, 5983, 0.00025111749159014313
349, 3384, 0.0002500932715852393
2218, 2498, 0.00024956551010166646
349, 6587, 0.0002479666702266567
502, 2285, 0.0002475057106504269
5534, 5759, 0.0002456084729506924
349, 3625, 0.0002439715911782284
557, 1106, 0.00024032946608831983
2458, 4405, 0.00023956736275598065
89, 5061, 0.00023921243271128798
557, 5061, 0.00023841708730746135
349, 6281, 0.00023625161333753174
109, 5759, 0.00023619900959802055
1488, 4405, 0.00023384617141616678
349, 2547, 0.00023359973750693985
190, 6460, 0.00023319586107219405
21, 4405, 0.0002331938620019951
2218, 2666, 0.0002324457039269081
190, 5151, 0.00023146117606051062
5534, 6387, 0.00022925058983079392
2218, 5640, 0.00022827624943715888
564, 2118, 0.00022794512949697707
2401, 2666, 0.0002263311761057296
349, 3998, 0.0002218659617860399
756, 1154, 0.00022058224712731347
2218, 3044, 0.0002187153537634187
676, 1267, 0.00021502259055299587
1335, 4425, 0.00021181957763596318
21, 1952, 0.00021002775968751114
349, 3712, 0.00020892537359633672
349, 2643, 0.00020870079257091033
89, 739, 0.0002062913620122927
2401, 3019, 0.0002060045216226663
5609, 6387, 0.00020408143317610184
89, 1106, 0.0002035356378994743
2218, 4425, 0.00020241402748359943
349, 1210, 0.00020154479334294565
1993, 4299, 0.0002005945053641027
600, 1373, 0.0001979124385186853
557, 1393, 0.00019485671215254555
765, 4405, 0.0001942697304958297
349, 4366, 0.0001940393437231636
1993, 2094, 0.00019357531648771874
369, 2118, 0.0001927719517417103
1335, 4158, 0.0001919433901470125
190, 5983, 0.00019082152926594163
2218, 6007, 0.00019062415312127946
1335, 3684, 0.00018968929640572564
1335, 2666, 0.0001881096040542201
349, 1067, 0.00018449853659135634
676, 3023, 0.00018390122117751086
2401, 4299, 0.00018384979375007287
1335, 3019, 0.00018336404258502664
2350, 6460, 0.00018335240589938394
193, 1154, 0.00018329228232405345
89, 1393, 0.00018237480492093135
765, 1952, 0.00018209036948590754
281, 2118, 0.00018195143088973946
190, 5061, 0.00018117062620789205
2703, 3023, 0.00018034570338723403
109, 2646, 0.00017998206781174873
557, 854, 0.0001792238584808613
1488, 1952, 0.00017863019637379146
1993, 5640, 0.0001748551006277502
349, 5111, 0.00017280164154903998
109, 2094, 0.0001679353224149571
676, 1902, 0.00016780290268049417
2727, 5987, 0.00016601767980478903
676, 1809, 0.00016535630720779427
190, 739, 0.00016452245475338166
1488, 3023, 0.00016373484877987162
349, 3238, 0.00016294186360985856
2401, 3044, 0.00016216595908853196
109, 5815, 0.0001613076647922449
349, 4282, 0.00015988439133905107
2401, 5640, 0.0001595841102322205
2218, 4557, 0.00015868339890228486
349, 4581, 0.00015859401734158774
756, 5151, 0.00015849130674671516
1993, 4158, 0.00015678039809142018
1993, 2666, 0.00015636274525160834
564, 1373, 0.00015505097796735264
1993, 4425, 0.00015504514916194254
676, 5987, 0.00015495354951160136
1993, 3684, 0.00015479939586628545
676, 2259, 0.00015475621698099346
765, 1267, 0.0001543362458105698
190, 1106, 0.00015426217058208379
21, 3023, 0.00015312706986278328
21, 1267, 0.00015284982418897202
349, 4855, 0.00015228700247647985
1335, 2498, 0.0001514937652975476
109, 1226, 0.00015029245624505853
5534, 5815, 0.0001502112927663732
2350, 5983, 0.00015003519499635792
1993, 3019, 0.00014965754250322014
89, 1666, 0.0001495593503634451
1335, 3044, 0.00014951480554894304
557, 1666, 0.0001490620879905716
1335, 4557, 0.00014880943558349052
349, 3213, 0.00014854764776605205
5609, 5815, 0.00014786834771373956
1993, 6007, 0.00014630382411809256
2458, 5987, 0.0001460312007648608
756, 1106, 0.00014535959206862998
4483, 5151, 0.00014496168119392406
349, 1904, 0.00014461549095048636
349, 2261, 0.00014429545921290697
2401, 4158, 0.00014369308770867316
676, 2092, 0.0001436599956334434
349, 1559, 0.00014333868720328336
5208, 5987, 0.00014284552935654677
2401, 3684, 0.00014187745048646524
2401, 4425, 0.0001415042631641929
109, 2392, 0.0001414246054571827
89, 4299, 0.0001411955672856398
557, 4299, 0.00014072611323507687
109, 2868, 0.0001405523087174025
676, 2285, 0.0001403495091562777
1488, 5987, 0.00014026908678436831
2350, 5151, 0.00014019925419150723
89, 854, 0.00013987744367832002
21, 1902, 0.00013972265457188872
109, 2098, 0.00013870332935239687
349, 4482, 0.0001385375616052573
190, 1393, 0.00013812391453727423
109, 803, 0.00013777865116568387
109, 1163, 0.00013777453596828854
349, 4934, 0.00013771770236545677
4483, 5983, 0.00013720073005470834
502, 1154, 0.00013472449934759105
600, 4405, 0.00013401058425356857
2218, 5866, 0.0001337636523039691
109, 4131, 0.00013333112320137864
1993, 2498, 0.00013307704942673687
349, 3184, 0.00013256633197559041
557, 788, 0.00013135541571421562
109, 3384, 0.0001303076245960351
1488, 2092, 0.00012977844549292173
21, 2259, 0.00012885920983893152
349, 2910, 0.00012851804909514913
369, 1373, 0.00012809230782275994
765, 3023, 0.00012756748543237594
109, 3625, 0.00012711800806889956
1488, 1809, 0.00012635767470677635
349, 556, 0.00012411212474516315
756, 5061, 0.0001240552293932125
349, 2145, 0.00012391339631609007
349, 2566, 0.00012319287085953612
21, 1809, 0.00012186156849533847
1993, 3044, 0.00012182134255871765
109, 2547, 0.00012171389781036851
1993, 4557, 0.00012154835096259447
2703, 4405, 0.00012119392106200385
281, 1373, 0.00012090202717017403
600, 1952, 0.00012069761418055961
1993, 2333, 0.00011814261659979948
21, 2285, 0.0001168633299777611
765, 1902, 0.00011640050134600282
109, 3998, 0.00011560017698916736
502, 739, 0.0001139082778366669
3279, 4405, 0.00011384152037048731
564, 4405, 0.00011377048163037462
1184, 4405, 0.00011367460711578096
190, 1666, 0.00011327070609784564
2401, 4557, 0.0001109329117018671
4483, 4557, 0.00011079386145482667
1488, 2259, 0.00011037777452676493
109, 3712, 0.00010885766329742616
109, 2643, 0.00010874064847424816
193, 739, 0.00010848000434380192
756, 1393, 0.00010779050524755016
89, 4425, 0.00010761645107341681
765, 2259, 0.00010735035541844846
190, 854, 0.00010733448387860168
557, 4425, 0.00010725864253994273
4483, 5061, 0.00010714648527438646
349, 583, 0.0001069861038230174
190, 4299, 0.00010693628693535218
765, 1809, 0.00010632264276594215
1184, 1952, 0.00010600033094239301
1335, 2333, 0.00010397156550208072
193, 1106, 0.00010155862340141891
109, 4366, 0.00010110150424467184
109, 1210, 0.00010073041022515909
89, 2666, 0.0001003135908803466
557, 2666, 9.998006325996443e-05
2350, 5061, 9.993352633701613e-05
21, 2092, 9.959186829101324e-05
1184, 1902, 9.953977392212206e-05
2218, 3381, 9.93355742433609e-05
349, 1284, 9.906707745815346e-05
920, 2118, 9.865694351800224e-05
1488, 1902, 9.800274852950155e-05
765, 2285, 9.735679757913451e-05
109, 292, 9.712280661952348e-05
349, 2773, 9.65443176468634e-05
369, 4405, 9.621507528096828e-05
1488, 2285, 9.617615371925982e-05
1335, 3381, 9.331390528496771e-05
281, 4405, 9.081440771006223e-05
193, 1393, 9.056507435377257e-05
89, 788, 9.02835226622125e-05
349, 857, 9.013675516106418e-05
109, 5111, 9.003589458373866e-05
600, 1267, 8.946237969555862e-05
89, 4158, 8.848359653779209e-05
765, 2092, 8.838294825374601e-05
557, 4158, 8.818940187147507e-05
600, 3023, 8.799823426387198e-05
89, 3684, 8.736556007556117e-05
557, 3684, 8.707508271252753e-05
920, 1373, 8.582648488228767e-05
502, 1106, 8.550931125650136e-05
109, 3238, 8.48985942711182e-05
89, 3019, 8.447966937751672e-05
557, 3019, 8.41987871675302e-05
564, 1952, 8.403884297620586e-05
109, 4282, 8.330554082209177e-05
1993, 2098, 8.281954309360991e-05
109, 4581, 8.263320937797043e-05
564, 1267, 8.185423460418671e-05
190, 4425, 8.150470947625632e-05
109, 1067, 8.14367479967055e-05
89, 2498, 8.133335313081202e-05
349, 669, 8.122745091119595e-05
557, 2498, 8.106293194970028e-05
886, 2118, 8.057373218712426e-05
765, 854, 8.047050391247603e-05
600, 1902, 8.029505756235651e-05
109, 4855, 7.934702690630813e-05
349, 4719, 7.870338528122204e-05
756, 1666, 7.868713105699574e-05
2350, 2498, 7.814440587176475e-05
1184, 1809, 7.766318412378747e-05
109, 3213, 7.739868808555833e-05
1993, 3381, 7.608908886957925e-05
109, 1904, 7.534989240653968e-05
109, 2261, 7.518314431589744e-05
1184, 2259, 7.505406983515615e-05
349, 2424, 7.482282337496272e-05
564, 3023, 7.470754306898423e-05
109, 1559, 7.468463155278403e-05
193, 1666, 7.42693251506956e-05
600, 2259, 7.405211204410116e-05
213, 2118, 7.260307281188727e-05
109, 4482, 7.218307176230898e-05
349, 3526, 7.207355166338906e-05
2401, 3381, 7.178557285028078e-05
676, 1154, 7.177519189025694e-05
369, 1952, 7.10711907659039e-05
193, 854, 7.033295404474291e-05
886, 1373, 7.02577911141594e-05
600, 1809, 7.003074545751465e-05
1184, 3023, 6.938375729809788e-05
349, 3187, 6.93676445765914e-05
109, 3184, 6.907184552248525e-05
89, 3044, 6.894551953414826e-05
557, 3044, 6.871628603882193e-05
89, 4557, 6.859936176547225e-05
502, 1393, 6.847019579396329e-05
564, 1902, 6.81678049707082e-05
190, 788, 6.782575650588724e-05
2350, 4299, 6.741551390817622e-05
600, 2285, 6.715838484635308e-05
281, 1952, 6.708187958910335e-05
190, 4158, 6.701419492366463e-05
109, 2910, 6.69625439707108e-05
190, 3684, 6.616743556550827e-05
1335, 2620, 6.450033641180957e-05
190, 3019, 6.39817689636255e-05
369, 3023, 6.317976137071624e-05
564, 2259, 6.286775406532493e-05
2350, 2666, 6.261410934967007e-05
349, 2948, 6.211932208772107e-05
190, 2498, 6.159886570812632e-05
502, 854, 6.125156394005031e-05
193, 5151, 6.103175862646787e-05
1184, 2092, 6.1025854684879584e-05
862, 2118, 6.085380159643727e-05
2218, 2620, 6.0506085902836087e-05
89, 2333, 5.9816243680157905e-05
281, 3023, 5.9633405590439635e-05
557, 2333, 5.9617363655629646e-05
564, 1809, 5.94537490006016e-05
109, 369, 5.904848845696101e-05
369, 1267, 5.8942575977614865e-05
109, 272, 5.890025888046113e-05
2350, 3019, 5.816997770049943e-05
2401, 2620, 5.7964384736748315e-05
676, 788, 5.77881966190535e-05
369, 1902, 5.764914055918004e-05
213, 1373, 5.739083662722521e-05
600, 2092, 5.7232914888938836e-05
564, 2285, 5.7015211388306086e-05
2218, 2868, 5.686493147337004e-05
281, 1902, 5.441322515819554e-05
2218, 2392, 5.4132639138039195e-05
862, 1373, 5.3698481023525035e-05
502, 1666, 5.349075156774416e-05
281, 1267, 5.345549926313289e-05
369, 2259, 5.3166916439648024e-05
1184, 2285, 5.2952211072088244e-05
349, 563, 5.2345412896995404e-05
2350, 3684, 5.228759321546845e-05
765, 1154, 5.22256917857112e-05
190, 3044, 5.221677990000505e-05
676, 739, 5.140262887136715e-05
349, 1626, 5.129501465209687e-05
1476, 2118, 5.031928482930207e-05
109, 2773, 5.030307541288669e-05
369, 1809, 5.027971099228826e-05
281, 2259, 5.0182593654240656e-05
349, 648, 4.9984705186437694e-05
21, 1154, 4.9822528932550074e-05
349, 1987, 4.978148517356409e-05
676, 854, 4.865040878934179e-05
2425, 3023, 4.864110567640048e-05
564, 2092, 4.8588821012108934e-05
190, 2666, 4.841370612883949e-05
369, 2285, 4.8217453044706137e-05
676, 1393, 4.8135434194952696e-05
2350, 3044, 4.76913012617693e-05
349, 596, 4.746099601093289e-05
281, 1809, 4.7457450511405914e-05
492, 2118, 4.721816596801636e-05
1335, 2094, 4.693576823752111e-05
2218, 3384, 4.6820829456485723e-05
190, 8374, 4.5792738856990785e-05
2218, 3625, 4.567476841890968e-05
281, 2285, 4.550292158323704e-05
535, 2118, 4.542283958892022e-05
756, 3684, 4.530765593325616e-05
190, 2333, 4.530260489435997e-05
349, 893, 4.481374022311379e-05
109, 857, 4.471121102323093e-05
193, 788, 4.4434738607973755e-05
1629, 2118, 4.419927028537211e-05
502, 5151, 4.395670260645075e-05
756, 3019, 4.3811037097471414e-05
245, 2118, 4.38099425688353e-05
109, 2145, 4.3768030456598064e-05
109, 556, 4.3620684219911366e-05
2401, 2868, 4.299553735990715e-05
89, 3381, 4.2943099535556526e-05
600, 739, 4.2824209663213056e-05
557, 3381, 4.280032018059357e-05
1993, 2620, 4.219155277307228e-05
109, 1284, 4.2184313548750347e-05
109, 2566, 4.2094270367333604e-05
193, 3019, 4.1951559821401745e-05
349, 1530, 4.188301268044913e-05
369, 2092, 4.109130070031661e-05
502, 788, 4.104302797005495e-05
1627, 3019, 4.1012162917868554e-05
676, 1106, 4.075278546834755e-05
349, 2444, 4.0641478727413186e-05
1993, 2868, 4.059429885825972e-05
21, 739, 4.032139071154617e-05
492, 1373, 3.921704899890207e-05
575, 2118, 3.9160953703086215e-05
109, 2424, 3.898539260076399e-05
281, 2092, 3.878479670922691e-05
89, 2620, 3.876441458574002e-05
109, 583, 3.864531253485627e-05
557, 2620, 3.86355287305052e-05
535, 1373, 3.849466511581145e-05
2218, 2646, 3.781425953931435e-05
2401, 2646, 3.678234545931242e-05
920, 1952, 3.676174311898833e-05
1335, 2646, 3.625936641803076e-05
109, 3187, 3.61430474770564e-05
756, 3044, 3.575504895168186e-05
27, 2118, 3.562611658780914e-05
193, 5061, 3.54530444301027e-05
96, 2118, 3.490176464506606e-05
109, 669, 3.47199708389894e-05
245, 1373, 3.463061767551638e-05
193, 3044, 3.4237492978685994e-05
600, 1154, 3.3543587067070386e-05
756, 2666, 3.3150922670527e-05
1488, 1666, 3.278029125556448e-05
557, 803, 3.23682709689321e-05
109, 2948, 3.2366409745685855e-05
575, 1373, 3.199502720273896e-05
213, 1952, 3.1843016054036626e-05
193, 2666, 3.174389395195438e-05
765, 1106, 3.157407269323112e-05
756, 2333, 3.1020619401243096e-05
2202, 2285, 3.09913219365842e-05
21, 1393, 3.079803468113943e-05
886, 1952, 3.010204677275842e-05
433, 2118, 2.981047088685339e-05
193, 2333, 2.9704007408290705e-05
765, 1393, 2.9701588976148355e-05
920, 1902, 2.946353933835698e-05
190, 2620, 2.93587301691676e-05
564, 739, 2.9104517965007658e-05
349, 2376, 2.888227247324698e-05
564, 1154, 2.8444950558601067e-05
27, 1373, 2.816151655248769e-05
1335, 2098, 2.773283459601997e-05
96, 1373, 2.7588935222296833e-05
1993, 2392, 2.7447893571981345e-05
21, 1106, 2.6979515945484518e-05
920, 1809, 2.693825524097914e-05
109, 1626, 2.6726554739220188e-05
190, 292, 2.6657469377685048e-05
920, 1267, 2.66351003449217e-05
557, 1226, 2.628578854373909e-05
1993, 2646, 2.587828460716043e-05
213, 1902, 2.582855687892371e-05
644, 1373, 2.5788315677051435e-05
644, 2118, 2.5746853980722713e-05
1627, 5151, 2.5574453398317557e-05
502, 5061, 2.5534229482803613e-05
213, 1267, 2.5434699279391605e-05
920, 2092, 2.5290951778807213e-05
433, 1373, 2.4674318621045032e-05
89, 803, 2.4141191824760176e-05
886, 1902, 2.3733512981843874e-05
89, 1226, 2.3345062357162624e-05
862, 1952, 2.2931310633142524e-05
502, 2666, 2.2862800243996898e-05
21, 854, 2.262120227870846e-05
1627, 2333, 2.2596594834390943e-05
557, 1163, 2.2542046594533267e-05
213, 1809, 2.2527519618931975e-05
756, 2498, 2.2364661998593423e-05
369, 1154, 2.2180098947615334e-05
109, 648, 2.1885043218736798e-05
193, 2498, 2.1415435878224767e-05
502, 2333, 2.139361947371105e-05
109, 893, 2.1151032267985753e-05
89, 2094, 2.105151351626536e-05
557, 2094, 2.0981520396221457e-05
600, 854, 2.0962433686511738e-05
886, 1809, 2.0940831124734007e-05
492, 1952, 2.070943775144917e-05
886, 2092, 2.063215671653317e-05
2350, 2620, 2.050023490464554e-05
89, 2646, 2.0394973823431828e-05
557, 2646, 2.0327163599240123e-05
281, 1154, 2.024040553492532e-05
886, 1267, 1.9931667901628053e-05
535, 1952, 1.992202470544874e-05
535, 1267, 1.9864505546928892e-05
89, 1163, 1.9265278587793625e-05
245, 1952, 1.921462343832692e-05
600, 1106, 1.8793398012585896e-05
109, 563, 1.873260303426993e-05
213, 2092, 1.841070810521944e-05
492, 1267, 1.8295631834951137e-05
193, 292, 1.8053778870680677e-05
190, 1226, 1.7680684562135897e-05
1627, 2666, 1.760881125072684e-05
557, 1210, 1.756186739113087e-05
89, 2098, 1.7422631871328457e-05
557, 669, 1.7374545160680508e-05
557, 2098, 1.736470423761659e-05
1629, 1952, 1.7361795730364045e-05
862, 1809, 1.719548356243455e-05
575, 1952, 1.717562121220004e-05
349, 745, 1.7074235815411983e-05
109, 596, 1.7049396221828106e-05
1335, 2547, 1.6595355169030457e-05
492, 1902, 1.658028318740315e-05
190, 803, 1.654484130609523e-05
369, 739, 1.6384094611518064e-05
349, 873, 1.6064013363066496e-05
862, 1267, 1.5970965462735757e-05
535, 1902, 1.5949868617735308e-05
190, 2094, 1.5943635718001406e-05
564, 1106, 1.576529264261206e-05
118, 2118, 1.5760056206603975e-05
89, 1210, 1.564654518743503e-05
27, 1952, 1.5625275329432685e-05
575, 1267, 1.5581661764119752e-05
190, 1163, 1.5554878293788833e-05
1476, 1952, 1.554009801902667e-05
1335, 1904, 1.553487075306291e-05
190, 2646, 1.544639690004866e-05
502, 2498, 1.5423968885576273e-05
245, 1902, 1.5383512665595233e-05
245, 1267, 1.5347734903353843e-05
96, 1952, 1.530758146816449e-05
564, 854, 1.5227832326000085e-05
349, 524, 1.5116997130772244e-05
492, 1809, 1.4651007443865574e-05
756, 1226, 1.457206200704677e-05
756, 4299, 1.4512566393013812e-05
281, 739, 1.4501305792307863e-05
1450, 2118, 1.4420732107997097e-05
21, 788, 1.4362669087972446e-05
89, 292, 1.434679781506102e-05
349, 814, 1.428387605680398e-05
535, 1809, 1.4093947685082798e-05
756, 857, 1.4025824802915358e-05
600, 788, 1.3943969326310906e-05
193, 4299, 1.3896607739370822e-05
3385, 4405, 1.3849707843692857e-05
575, 1902, 1.3751057225004462e-05
1335, 1559, 1.3660286086510935e-05
676, 1666, 1.3657139566262474e-05
349, 1757, 1.3631576016467031e-05
245, 1809, 1.3593492706304997e-05
89, 2547, 1.3535028021184443e-05
1476, 2092, 1.3525341633712253e-05
369, 1106, 1.3524870946885024e-05
557, 2547, 1.3490026086271242e-05
190, 2098, 1.3195255324073326e-05
433, 1952, 1.3074588529991845e-05
862, 2092, 1.300014903691276e-05
676, 2666, 1.296447982452827e-05
109, 1530, 1.2859930048847669e-05
756, 1163, 1.2857456782941708e-05
3323, 4405, 1.268861703923118e-05
2458, 2666, 1.2659778506770705e-05
1335, 2392, 1.2624076711481087e-05
1476, 1902, 1.2606365752790345e-05
27, 1902, 1.2509827304462146e-05
27, 1267, 1.2480732933318884e-05
862, 1902, 1.2434949644125484e-05
213, 4405, 1.2401637642678533e-05
1476, 1809, 1.2351260311293645e-05
96, 1902, 1.2255476884622397e-05
96, 1267, 1.2226974061654434e-05
575, 1809, 1.2150989189233272e-05
349, 1764, 1.2121740391820647e-05
920, 1154, 1.204418724500743e-05
492, 2092, 1.1957939895828197e-05
2425, 4405, 1.1938741793224544e-05
1629, 1809, 1.1931175998877869e-05
190, 1210, 1.185011312944154e-05
89, 1904, 1.1704166534932076e-05
193, 1226, 1.1592869470574747e-05
21, 1666, 1.1552035693165965e-05
535, 2092, 1.1503275795804312e-05
349, 1915, 1.1429468653309128e-05
2350, 2646, 1.1417077610688215e-05
1629, 1902, 1.141093491991127e-05
644, 1952, 1.1292324868581255e-05
433, 1267, 1.1186347386822866e-05
281, 1106, 1.111866256047153e-05
245, 2092, 1.1094811696681952e-05
27, 1809, 1.105418833246433e-05
756, 2094, 1.0917285145820883e-05
96, 1809, 1.0829434035308997e-05
21, 2666, 1.0794995243174354e-05
502, 1226, 1.0784670649494001e-05
89, 2392, 1.0704383975285449e-05
557, 2392, 1.0668793506600178e-05
644, 1267, 1.0502218392097852e-05
349, 2196, 1.0494635317873986e-05
193, 2094, 1.0453921459636915e-05
756, 4425, 1.0430154827212046e-05
1184, 1393, 1.0374967189895826e-05
193, 1163, 1.033301734696969e-05
1627, 2094, 1.0191315464297898e-05
765, 1666, 1.0033992189575175e-05
502, 4299, 1.0008708046192789e-05
193, 4425, 9.987466473500212e-06
1627, 2498, 9.97167471673425e-06
756, 1210, 9.745219759704074e-06
213, 1154, 9.68312802406982e-06
1629, 2092, 9.681618819024927e-06
349, 1533, 9.487716875451254e-06
886, 1154, 9.470875082786887e-06
557, 1067, 9.395277952562434e-06
433, 1809, 9.227804562234146e-06
635, 2118, 9.132963731122724e-06
756, 2098, 9.035352255456394e-06
765, 2666, 8.993121854027631e-06
575, 2092, 8.869651502444223e-06
708, 2118, 8.778423871237088e-06
676, 2498, 8.746248547734623e-06
193, 2098, 8.573302464084734e-06
557, 1284, 8.34753146196577e-06
109, 1987, 8.199765073642857e-06
190, 2392, 8.107103489528105e-06
89, 1067, 8.089681402735943e-06
644, 1809, 7.96991558866209e-06
502, 1163, 7.798388728247664e-06
600, 1393, 7.779621636531653e-06
193, 1210, 7.769880981608561e-06
1335, 2145, 7.718157073713733e-06
502, 2094, 7.423249456084513e-06
27, 2092, 7.417169452921553e-06
21, 2498, 7.282645562823521e-06
96, 2092, 7.266363201287693e-06
89, 1559, 7.214137989847743e-06
502, 4425, 7.193240100690079e-06
557, 1559, 7.190152064752782e-06
920, 1106, 7.121165570860386e-06
109, 1757, 7.102543298933518e-06
349, 1117, 7.061654724746146e-06
502, 1210, 7.05436935094919e-06
369, 8952, 6.895759200581609e-06
190, 272, 6.882441502974135e-06
89, 2145, 6.798527522854758e-06
492, 1154, 6.781824995249482e-06
557, 2145, 6.775923440128768e-06
118, 1952, 6.75846109622625e-06
1488, 2666, 6.741585462084754e-06
535, 1154, 6.729464916183505e-06
564, 1393, 6.707127400642886e-06
600, 1666, 6.638661237773101e-06
862, 1154, 6.595890330172525e-06
1184, 1666, 6.572380456051344e-06
89, 1284, 6.552527351631814e-06
109, 1764, 6.315864422964275e-06
433, 2092, 6.206382710677969e-06
190, 1067, 6.175212635253799e-06
502, 2098, 6.167594463611989e-06
2401, 2547, 6.073446562280441e-06
765, 2498, 6.067044726821632e-06
109, 1915, 5.955165851392939e-06
575, 1154, 5.736939503773043e-06
756, 1067, 5.678063610182482e-06
564, 1666, 5.63600025034761e-06
245, 1154, 5.627302702508018e-06
676, 1226, 5.597316660820909e-06
756, 2392, 5.551278395173485e-06
118, 1267, 5.521147724420398e-06
109, 2196, 5.468083929669894e-06
190, 1559, 5.463720603302843e-06
2218, 2547, 5.425441297040325e-06
886, 1106, 5.381076726934128e-06
213, 2259, 5.344418055077673e-06
369, 1393, 5.322436729568804e-06
193, 2392, 5.315664798398883e-06
213, 1106, 5.223186207538706e-06
190, 2145, 5.148952647012917e-06
281, 1393, 5.023681972482737e-06
190, 1284, 4.962641239355023e-06
109, 1533, 4.943443064434437e-06
433, 1154, 4.916313363330939e-06
2401, 2566, 4.86793950542032e-06
2218, 2566, 4.8215951736558075e-06
369, 1666, 4.766334646736485e-06
676, 1163, 4.688186876169407e-06
109, 251, 4.63517092531758e-06
118, 1373, 4.614090860499892e-06
2218, 2643, 4.6112788717491485e-06
27, 1154, 4.519452890852402e-06
281, 1666, 4.498794566519909e-06
1450, 1952, 4.4940234745698235e-06
2401, 2643, 4.4480678906864245e-06
96, 1154, 4.427563153907444e-06
1278, 1373, 4.408251116608837e-06
635, 1267, 4.375747220219396e-06
89, 272, 4.323314642596966e-06
862, 1106, 4.248880656870318e-06
708, 1267, 4.238161013156945e-06
557, 648, 4.203061731529066e-06
635, 1952, 4.1747469295240384e-06
349, 2193, 4.102169575704894e-06
193, 272, 4.096515172451453e-06
756, 1284, 4.082300802012475e-06
1335, 1530, 4.052666628751963e-06
193, 1067, 4.037292725429893e-06
708, 1952, 4.0126840729282545e-06
644, 1154, 3.954113762378301e-06
765, 1226, 3.953797790245262e-06
21, 1226, 3.942332058537208e-06
635, 1373, 3.842433745399262e-06
756, 1559, 3.831327422549497e-06
676, 1210, 3.8136972791388892e-06
492, 1106, 3.797275336335854e-06
502, 2392, 3.786280917588332e-06
1719, 1809, 3.7831021133948103e-06
1488, 2498, 3.6654092539225977e-06
193, 1559, 3.582451774148276e-06
535, 1106, 3.578970066540446e-06
1291, 1373, 3.5523459941717152e-06
708, 1373, 3.460819535953853e-06
1993, 2547, 3.4535412927489905e-06
765, 1163, 3.4442184076460616e-06
281, 8952, 3.374999906108034e-06
1450, 1809, 3.3394531496176265e-06
109, 1117, 3.299492441353393e-06
193, 1284, 3.253904107329658e-06
21, 1163, 3.2533699945336226e-06
575, 1106, 3.2325018074926524e-06
502, 1067, 3.199538028783198e-06
756, 2145, 3.182277068194884e-06
245, 1106, 3.1374531475481104e-06
1993, 2643, 3.1268131995355455e-06
1627, 2098, 3.1063380146066855e-06
1993, 2566, 3.074605932212368e-06
193, 2145, 3.047211288279643e-06
349, 2217, 2.8326116237881113e-06
109, 225, 2.6839850833479546e-06
2425, 2498, 2.661292237332407e-06
765, 1210, 2.6564251894003208e-06
21, 1210, 2.6422665210337565e-06
600, 1226, 2.629422967959738e-06
502, 1559, 2.5801774483014135e-06
502, 1284, 2.5518504616419233e-06
27, 1106, 2.447339666332292e-06
669, 1267, 2.411842395148307e-06
349, 1467, 2.408469809602473e-06
96, 1106, 2.3975802366877315e-06
349, 1419, 2.3860168446550955e-06
213, 1393, 2.3846855019567437e-06
433, 1106, 2.302217011684859e-06
1184, 1284, 2.276657495482999e-06
564, 1226, 2.1776384119314874e-06
920, 1393, 2.161389899986267e-06
600, 1163, 2.152619854694608e-06
109, 2193, 2.1373784656899153e-06
213, 1666, 2.1355273358914097e-06
644, 1106, 2.1298393905238787e-06
557, 1530, 2.1224495634170995e-06
358, 1267, 2.1220579577397743e-06
669, 1373, 2.10645836023761e-06
920, 1666, 2.08300397445617e-06
118, 1154, 1.999286995184467e-06
89, 1530, 1.997544496907961e-06
676, 1067, 1.9897396399171695e-06
685, 1267, 1.9274502602202702e-06
2350, 2547, 1.8733920612316362e-06
564, 1163, 1.865440658767193e-06
886, 1393, 1.800761473119761e-06
600, 1210, 1.780269965209268e-06
358, 1373, 1.7514744319732953e-06
369, 1226, 1.7040298508159195e-06
109, 222, 1.6629721601837685e-06
635, 1154, 1.6589207155112106e-06
1719, 1952, 1.643393822858896e-06
281, 1226, 1.6399924109842228e-06
452, 1267, 1.635657242802678e-06
886, 1666, 1.6160590121098511e-06
492, 1393, 1.5998075827331393e-06
708, 1154, 1.5959849827660464e-06
349, 1233, 1.5858893234646976e-06
685, 1373, 1.5704610796563031e-06
1335, 1987, 1.5683129608361878e-06
535, 1393, 1.5607670188326367e-06
676, 1284, 1.559146567128045e-06
765, 1067, 1.5540494476320305e-06
1335, 1757, 1.549737031928043e-06
1335, 1533, 1.5442893940806632e-06
676, 1559, 1.539001179089569e-06
89, 170, 1.5297121956586005e-06
570, 1267, 1.529472760073108e-06
190, 1530, 1.5128661302471959e-06
2458, 2547, 1.4906676565273114e-06
89, 669, 1.4763792807881078e-06
109, 2217, 1.4758929329018005e-06
564, 1210, 1.4516916768769642e-06
1235, 1373, 1.4474984799436584e-06
245, 1393, 1.4389602373462325e-06
502, 583, 1.428275180653882e-06
369, 1163, 1.4039539039129224e-06
862, 1393, 1.4007899934463781e-06
492, 1666, 1.3888624857052417e-06
1335, 1764, 1.3538606881187767e-06
575, 1393, 1.3390697982393643e-06
535, 1666, 1.3360552364949938e-06
452, 1373, 1.3325709263229643e-06
281, 1163, 1.3320487808412753e-06
349, 618, 1.3303367262387886e-06
21, 1067, 1.3149418718845377e-06
311, 1267, 1.3045389272321766e-06
245, 1666, 1.2886139155843333e-06
89, 1987, 1.2736768813342876e-06
557, 1987, 1.269442097037971e-06
109, 1467, 1.254899733252501e-06
109, 1419, 1.2432009278072996e-06
89, 583, 1.2404408307423898e-06
21, 1559, 1.2182673593656922e-06
109, 2376, 1.2098127859578907e-06
862, 1666, 1.1750971177468391e-06
27, 1393, 1.1701582374907292e-06
190, 669, 1.1595169206451401e-06
575, 1666, 1.1518698023870092e-06
756, 1530, 1.147546401142265e-06
96, 1393, 1.146366523045679e-06
570, 1373, 1.1306726901987367e-06
765, 1284, 1.109945710282816e-06
21, 1284, 1.1065397148041578e-06
89, 1757, 1.1032444365516953e-06
557, 1757, 1.0995763145316047e-06
433, 1393, 1.0804416625248438e-06
118, 1106, 1.071925933000964e-06
765, 1559, 1.0615098148682792e-06
89, 648, 1.0515624815082714e-06
567, 1267, 1.0514069795213952e-06
27, 1666, 1.047897050336197e-06
89, 556, 1.041543958266211e-06
96, 1666, 1.0265911563206356e-06
311, 1373, 1.0008134716554553e-06
193, 1530, 9.919559117054097e-07
190, 583, 9.837265111921383e-07
89, 1764, 9.81048899440911e-07
557, 1764, 9.77787059225268e-07
644, 1393, 9.720318952540302e-07
190, 1987, 9.6463564022339e-07
708, 1106, 9.112999057073976e-07
600, 1067, 9.10250868470348e-07
213, 3023, 9.09971706596709e-07
635, 1106, 8.976631246707782e-07
502, 669, 8.968690501900516e-07
502, 596, 8.948642567425534e-07
669, 1154, 8.90548940409219e-07
1335, 1419, 8.886808354720707e-07
349, 2038, 8.816227043753217e-07
433, 1666, 8.768372054942452e-07
624, 1267, 8.732163309106141e-07
369, 854, 8.711002938835739e-07
190, 556, 8.510814907732654e-07
1335, 1626, 8.384778597378303e-07
190, 1757, 8.355564264156771e-07
190, 648, 8.264146294304841e-07
557, 1533, 8.03672442304281e-07
358, 1154, 7.8831548313822e-07
920, 1163, 7.877549683967349e-07
281, 854, 7.873001428090114e-07
109, 1233, 7.852812039447524e-07
21, 292, 7.830686991313657e-07
564, 1067, 7.775408815093761e-07
89, 1533, 7.678694558703044e-07
193, 669, 7.61130288103121e-07
567, 1373, 7.610428650684359e-07
644, 1666, 7.5731106631668e-07
600, 1559, 7.528360285744044e-07
624, 1373, 7.509475209589383e-07
685, 1154, 7.312884437478581e-07
502, 648, 7.274675812016643e-07
502, 1530, 7.144331408899611e-07
600, 1284, 7.077979056092105e-07
564, 1284, 7.026136336827804e-07
452, 1154, 6.997355052189863e-07
109, 404, 6.920334656613721e-07
920, 3023, 6.843829133935944e-07
1184, 1559, 6.812429237265228e-07
644, 739, 6.657371497832982e-07
21, 272, 6.656859443435303e-07
756, 1987, 6.605270298699676e-07
89, 596, 6.466648228956254e-07
193, 583, 6.43107903714079e-07
369, 1067, 6.382812887336782e-07
193, 1987, 6.324921992965597e-07
89, 251, 6.185912105522781e-07
492, 3023, 5.918095943350693e-07
557, 1117, 5.908622194529058e-07
349, 476, 5.883139836797107e-07
1305, 1373, 5.876241076247176e-07
190, 1533, 5.815558522154199e-07
349, 961, 5.728099486423093e-07
535, 3023, 5.693078441224133e-07
564, 1559, 5.675220711663419e-07
886, 3023, 5.65599814871534e-07
193, 556, 5.643378762089672e-07
1335, 2643, 5.623045046171906e-07
1335, 1467, 5.590923155143104e-07
281, 1067, 5.507090549206402e-07
245, 3023, 5.490925750285827e-07
193, 648, 5.412960382861555e-07
89, 1626, 5.213154340915986e-07
557, 1626, 5.195821385862241e-07
190, 596, 5.194300236199317e-07
118, 1393, 5.17647202664382e-07
89, 1117, 5.125131275037898e-07
109, 618, 5.113452362632104e-07
669, 1106, 4.946992161071614e-07
575, 3023, 4.908244030591173e-07
369, 1559, 4.898149493758685e-07
213, 739, 4.814671408083158e-07
1267, 1373, 4.812875924611872e-07
358, 1106, 4.7392102257732585e-07
564, 788, 4.7319044840014827e-07
89, 563, 4.709817853566546e-07
281, 1559, 4.6232104880868265e-07
1627, 2392, 4.62042865312253e-07
109, 2038, 4.593572616683731e-07
369, 1284, 4.574165763290989e-07
492, 739, 4.5360048303558983e-07
535, 739, 4.519912606415362e-07
564, 669, 4.4707108962267147e-07
27, 3023, 4.4652046883494966e-07
862, 3023, 4.4384781739180426e-07
1291, 1393, 4.424405240818761e-07
193, 803, 4.389014646045561e-07
756, 1533, 4.388554134336765e-07
96, 3023, 4.374417928507782e-07
676, 803, 4.3148703424276917e-07
281, 1284, 4.309279324287747e-07
575, 739, 4.291511249927188e-07
349, 689, 4.271641431130149e-07
676, 1530, 4.2640793389368883e-07
685, 1106, 4.2321627948726476e-07
920, 1067, 4.0607801269773257e-07
635, 1393, 3.9936638235784163e-07
190, 1626, 3.948249786841349e-07
190, 1117, 3.898815672271374e-07
349, 418, 3.861380807243622e-07
502, 803, 3.832858876887324e-07
502, 1987, 3.821791185428271e-07
193, 1533, 3.813144825297278e-07
708, 1393, 3.7989116210441775e-07
190, 563, 3.7762838964742546e-07
433, 3023, 3.7362998584985446e-07
1278, 1393, 3.69810925593279e-07
213, 854, 3.6851775010593736e-07
109, 524, 3.550943273880228e-07
109, 382, 3.5298020981120085e-07
452, 1106, 3.527965907425638e-07
756, 1117, 3.520433166397549e-07
1476, 1666, 3.510880535804542e-07
349, 947, 3.4636195095330627e-07
193, 596, 3.3918775299200217e-07
89, 369, 3.3873708036548e-07
1993, 2145, 3.327132320292375e-07
213, 292, 3.229990429254504e-07
644, 3023, 3.190017536213812e-07
1993, 2261, 3.183440913689232e-07
190, 369, 3.1602488786982177e-07
1335, 3184, 3.14553036434013e-07
564, 648, 3.145120968859438e-07
570, 1106, 3.112255145543845e-07
89, 225, 3.0096247678400067e-07
369, 788, 2.990359648265022e-07
1335, 2196, 2.974284268643008e-07
245, 739, 2.9158406331148354e-07
886, 1067, 2.88279138717485e-07
89, 3184, 2.875533061029591e-07
535, 854, 2.8700250625364656e-07
557, 3184, 2.865972345569615e-07
349, 1120, 2.8184460132089266e-07
349, 1585, 2.814346881515384e-07
756, 1626, 2.8141018399834904e-07
492, 854, 2.793281287215709e-07
502, 1533, 2.74632874511713e-07
575, 854, 2.742441465065137e-07
600, 669, 2.6972159693633815e-07
109, 961, 2.6902279704515294e-07
281, 788, 2.652051713135993e-07
193, 1626, 2.588788022048571e-07
635, 739, 2.5874535161229617e-07
213, 1067, 2.558533913402764e-07
193, 1117, 2.545505224646751e-07
906, 1373, 2.5306346853396507e-07
27, 739, 2.5282706029609233e-07
193, 563, 2.4963014703354134e-07
669, 1393, 2.4721033256482845e-07
21, 669, 2.426159936171533e-07
1335, 3238, 2.385572243021149e-07
557, 857, 2.3715701340154368e-07
433, 739, 2.3204346512577187e-07
245, 854, 2.303791854890518e-07
89, 3238, 2.180806115257731e-07
96, 739, 2.175290168831742e-07
557, 3238, 2.1735552625292666e-07
502, 1117, 2.145004229452897e-07
862, 1067, 2.130170532660711e-07
193, 369, 2.082162765604601e-07
349, 656, 2.0597613862083837e-07
644, 854, 2.0406348623174383e-07
557, 1419, 2.0047386135417176e-07
21, 583, 2.002997081046595e-07
685, 1393, 1.97255744485327e-07
557, 1467, 1.9629853154930271e-07
358, 1393, 1.9541156784763468e-07
89, 1467, 1.9492470385205775e-07
814, 1373, 1.9468783249927018e-07
89, 1419, 1.9310751788380578e-07
502, 1626, 1.864514275146271e-07
89, 857, 1.8622015228650173e-07
1335, 3213, 1.8339337702520974e-07
109, 689, 1.829870126942936e-07
535, 1067, 1.8275539029465657e-07
89, 222, 1.8233875527156373e-07
492, 1067, 1.8177460659846602e-07
21, 648, 1.7761585101499726e-07
96, 854, 1.7613815843498557e-07
21, 556, 1.7547886133673073e-07
433, 854, 1.7193088819890305e-07
27, 854, 1.6968377628434595e-07
89, 3213, 1.676517654346286e-07
557, 3213, 1.670943484995198e-07
349, 527, 1.6593341376197797e-07
109, 947, 1.6464336523947032e-07
575, 1067, 1.5784123408577963e-07
245, 1067, 1.5419438368156212e-07
606, 1373, 1.5315854911010116e-07
109, 745, 1.4929970934965104e-07
190, 1467, 1.476287426201104e-07
109, 1585, 1.466376342693948e-07
190, 1419, 1.4625247335152423e-07
21, 170, 1.452491380025787e-07
190, 857, 1.431007862140854e-07
109, 476, 1.4065765885931174e-07
21, 803, 1.386191646229952e-07
502, 3044, 1.3697830283232968e-07
600, 803, 1.3233053149282514e-07
109, 1120, 1.3206265875938263e-07
109, 418, 1.3004868822310663e-07
756, 1467, 1.2942390421433087e-07
369, 669, 1.2676815402813652e-07
676, 1117, 1.264098067836024e-07
369, 583, 1.2533986085566234e-07
557, 893, 1.2475647289963827e-07
213, 788, 1.1943825284972985e-07
676, 1626, 1.149137741869224e-07
502, 3019, 1.1423385635611328e-07
369, 556, 1.1380683145100998e-07
756, 1419, 1.1340805976309687e-07
756, 893, 1.1316398358883045e-07
535, 788, 1.1237612051737142e-07
765, 857, 1.0973607332663372e-07
564, 803, 1.0801250048053194e-07
281, 669, 1.0555913109312737e-07
349, 698, 1.0532573590008926e-07
708, 854, 1.0491810505903856e-07
89, 404, 1.0451682115411876e-07
21, 596, 1.0360718661059346e-07
118, 739, 1.0146006332270215e-07
575, 669, 1.0081669333127359e-07
1335, 2424, 9.914211346926748e-08
369, 648, 9.874900138415837e-08
765, 1117, 9.867445525755619e-08
190, 404, 9.839671673083348e-08
575, 788, 9.821463798011035e-08
492, 788, 9.739641839152732e-08
492, 583, 9.707117801677389e-08
281, 583, 9.598003958849312e-08
193, 1419, 9.589480697732128e-08
193, 857, 9.391439465623314e-08
1450, 1666, 9.328036256066011e-08
89, 893, 9.068473567767165e-08
281, 556, 9.06817182854384e-08
89, 2424, 9.063222795531058e-08
109, 656, 9.059730735702747e-08
557, 2424, 9.033088941230172e-08
21, 251, 9.015866749922386e-08
21, 1117, 8.654921979077253e-08
118, 854, 8.632490009678902e-08
635, 854, 8.436785336949977e-08
644, 788, 8.415851938404153e-08
190, 893, 8.185473447726526e-08
502, 618, 8.094743425163687e-08
502, 857, 8.091594920505059e-08
21, 563, 7.928469438704133e-08
96, 292, 7.912603997075712e-08
89, 618, 7.878787192650838e-08
676, 3044, 7.767431917855945e-08
281, 648, 7.728066843812343e-08
669, 739, 7.509717366711745e-08
245, 788, 7.499297544726731e-08
27, 292, 7.293702769624719e-08
502, 1419, 6.905080878352639e-08
190, 2424, 6.86414886850704e-08
109, 814, 6.734906620879541e-08
96, 272, 6.560131219465613e-08
369, 803, 6.519799252661994e-08
193, 404, 6.502945809328376e-08
535, 648, 6.495583279178392e-08
676, 3019, 6.477695252556601e-08
281, 369, 6.477255114968946e-08
21, 3044, 6.467624751615251e-08
676, 857, 6.46203042861797e-08
557, 689, 6.42418594298021e-08
369, 596, 6.417445321905121e-08
535, 669, 6.369011461053788e-08
190, 618, 6.284955770646742e-08
27, 272, 6.063705594174971e-08
281, 803, 5.961183226552593e-08
109, 527, 5.823152749559036e-08
433, 788, 5.7783099036493154e-08
27, 788, 5.716923689907927e-08
96, 788, 5.67151127753041e-08
708, 788, 5.613845257884129e-08
557, 656, 5.405691164747116e-08
21, 3019, 5.393713468224397e-08
89, 524, 5.277707088715337e-08
193, 893, 5.251686958914325e-08
1627, 2145, 5.166269563539426e-08
21, 369, 5.0971691326141684e-08
369, 563, 5.079258011389924e-08
557, 961, 5.055601074622201e-08
669, 854, 4.9797176775876815e-08
492, 669, 4.977336562885234e-08
89, 382, 4.962482706667556e-08
281, 596, 4.936298120066028e-08
190, 382, 4.818336147974875e-08
349, 935, 4.805148179865579e-08
213, 669, 4.789881976356543e-08
756, 2424, 4.700174527711085e-08
492, 596, 4.675690694953781e-08
109, 698, 4.646652320420206e-08
190, 524, 4.568274837569615e-08
765, 3019, 4.493408414989583e-08
624, 739, 4.337113498844491e-08
1335, 1585, 4.326126587644858e-08
575, 648, 4.229998218586808e-08
685, 854, 4.193219280977745e-08
193, 618, 4.1549225044398826e-08
358, 739, 4.150287127049571e-08
89, 961, 4.124400253984462e-08
213, 583, 4.11855599963577e-08
349, 920, 4.111545340422467e-08
570, 739, 4.0638825570286046e-08
502, 893, 3.9940479700982957e-08
281, 563, 3.963241937211421e-08
349, 886, 3.871167556980007e-08
557, 745, 3.817126977150235e-08
492, 648, 3.8144728931298995e-08
213, 556, 3.778286645176807e-08
452, 739, 3.7703604687664893e-08
118, 292, 3.7287229163436005e-08
756, 961, 3.6868087435632043e-08
21, 225, 3.677537553432179e-08
213, 648, 3.504730125939484e-08
765, 893, 3.4644167145314537e-08
109, 235, 3.370985611165499e-08
433, 556, 3.3462740576152926e-08
190, 961, 3.3324666878950864e-08
635, 788, 3.2852588181154405e-08
358, 854, 3.2392728990054385e-08
118, 272, 3.232943389762301e-08
193, 382, 3.180488568889179e-08
676, 893, 3.123812866240887e-08
245, 669, 3.076036224591634e-08
21, 857, 3.023100289068926e-08
685, 788, 3.0012547051462734e-08
193, 524, 2.9979610656230785e-08
557, 947, 2.992885365888226e-08
89, 2196, 2.9568337493441547e-08
557, 2196, 2.947002721308674e-08
89, 689, 2.8891309065724466e-08
433, 583, 2.854143288073614e-08
433, 669, 2.8407504042416415e-08
109, 873, 2.78233346297656e-08
452, 1393, 2.7818539928747418e-08
600, 857, 2.7788972402190592e-08
213, 803, 2.7539469810415614e-08
245, 583, 2.7319487746902517e-08
669, 788, 2.7265573249092313e-08
567, 739, 2.719899607781655e-08
492, 556, 2.6379454722509456e-08
452, 854, 2.612714447215807e-08
109, 232, 2.5995850588711458e-08
1305, 1393, 2.583375889043707e-08
570, 854, 2.5723995187020832e-08
118, 788, 2.5447695372282994e-08
89, 947, 2.4954626164198234e-08
535, 803, 2.428118367299342e-08
1235, 1393, 2.4076027379373608e-08
311, 739, 2.387699952436094e-08
557, 1120, 2.353983541237986e-08
756, 947, 2.3176193173053457e-08
570, 1393, 2.3062950054006616e-08
89, 745, 2.2918851920443503e-08
245, 556, 2.29027711912767e-08
109, 935, 2.278306181423535e-08
89, 1585, 2.277735557361604e-08
557, 1585, 2.2701624287990662e-08
190, 689, 2.2529275115256982e-08
27, 669, 2.2112359340821327e-08
96, 669, 2.1999026819840485e-08
575, 803, 2.1917719432532476e-08
193, 961, 2.1912268667538236e-08
245, 648, 2.188046371639569e-08
21, 222, 2.16722503965585e-08
492, 803, 2.152104161923365e-08
89, 476, 2.1197040401982564e-08
213, 596, 2.0918184808585385e-08
190, 947, 2.0365156381541982e-08
89, 418, 2.03195658722372e-08
433, 648, 2.0291688699647666e-08
564, 857, 2.0058836548911104e-08
492, 563, 1.9657030829470138e-08
190, 476, 1.9240747230256462e-08
109, 920, 1.9164697232531186e-08
190, 418, 1.8775365744518265e-08
96, 583, 1.8524685465403468e-08
109, 886, 1.850259178391836e-08
27, 583, 1.837866287623186e-08
311, 854, 1.8337550228853718e-08
190, 745, 1.7982167672734483e-08
624, 854, 1.7292623995445323e-08
96, 170, 1.725523773838928e-08
190, 1585, 1.7250724495629915e-08
567, 854, 1.7080840936845943e-08
502, 961, 1.7025344849635e-08
644, 803, 1.6969733045752935e-08
213, 563, 1.684885399819658e-08
502, 689, 1.6608392361465614e-08
245, 803, 1.648978230096208e-08
27, 648, 1.6211429293495315e-08
96, 648, 1.6027107069521165e-08
27, 556, 1.5912908294884798e-08
708, 803, 1.5850709488848635e-08
21, 404, 1.575643629331166e-08
96, 556, 1.5615995114425966e-08
21, 893, 1.560076100478136e-08
281, 404, 1.4752990273066096e-08
193, 689, 1.4742129205229163e-08
557, 698, 1.4491617858920122e-08
557, 814, 1.4457099041580896e-08
96, 803, 1.4175181688438948e-08
213, 369, 1.4092398921175147e-08
369, 857, 1.3968510537128669e-08
27, 170, 1.3928311523576312e-08
245, 596, 1.3798464254681988e-08
433, 596, 1.3635300160155578e-08
89, 656, 1.3576014119233173e-08
433, 563, 1.3549146292659066e-08
193, 947, 1.342811348274654e-08
21, 618, 1.3011972379968672e-08
193, 476, 1.2812545773193107e-08
27, 803, 1.2750384970769006e-08
502, 745, 1.2652600135159672e-08
281, 857, 1.263959164843529e-08
600, 893, 1.2540268002092374e-08
433, 803, 1.2391612070594452e-08
193, 418, 1.230435539179109e-08
245, 369, 1.2183836870360447e-08
676, 961, 1.2146310712915327e-08
193, 745, 1.1872252762763636e-08
600, 689, 1.090424343286284e-08
89, 814, 1.0892760142734169e-08
96, 1067, 1.086447023664424e-08
190, 656, 1.0796071994406554e-08
358, 788, 1.076420775045577e-08
245, 563, 1.0400412915829818e-08
564, 893, 1.0334756683160275e-08
27, 1067, 1.0309651388176903e-08
502, 947, 1.0295832150630689e-08
765, 961, 1.0295755817948024e-08
118, 669, 1.0206876501518016e-08
281, 382, 1.005505214817013e-08
433, 1067, 9.88534648365372e-09
96, 596, 9.695153462638145e-09
1488, 1559, 9.670773854867163e-09
96, 251, 9.662484791328505e-09
644, 1067, 9.549184495017116e-09
570, 669, 9.490328497176948e-09
27, 596, 9.373015202202139e-09
570, 788, 9.361223235500008e-09
452, 788, 9.21157282563255e-09
676, 745, 8.967224673191573e-09
502, 656, 8.882665719149944e-09
21, 524, 8.730787743780566e-09
89, 527, 8.588162891405322e-09
349, 1311, 8.51833401958943e-09
118, 583, 8.398617189033891e-09
27, 251, 8.167542535442336e-09
369, 618, 7.941413150388178e-09
676, 947, 7.869033356627956e-09
311, 1106, 7.821548028144817e-09
21, 382, 7.613447767497917e-09
190, 527, 7.487286386747693e-09
190, 814, 7.452496361733631e-09
369, 893, 7.421312883495464e-09
118, 648, 7.387938265470999e-09
452, 556, 7.315244291502003e-09
89, 698, 7.240798194976513e-09
27, 563, 7.215492315476419e-09
118, 556, 7.1827462265331034e-09
96, 563, 7.0860712182236004e-09
193, 656, 7.077389332144529e-09
21, 961, 6.996989411007417e-09
635, 803, 6.8924368888945304e-09
281, 893, 6.8290272740484e-09
606, 739, 6.800320245244478e-09
756, 873, 6.778306275972332e-09
567, 1106, 6.69865855807372e-09
765, 947, 6.393150864646051e-09
624, 788, 6.338559350159778e-09
567, 788, 6.289187719794548e-09
369, 524, 6.195071924391932e-09
567, 669, 6.194794893374952e-09
281, 618, 6.085930565874475e-09
564, 689, 5.906399341894447e-09
213, 857, 5.880059870353543e-09
624, 1106, 5.869362544855115e-09
311, 788, 5.868416770211797e-09
118, 803, 5.690483642839272e-09
190, 698, 5.6650884836727284e-09
557, 873, 5.418621926858441e-09
118, 251, 5.415801628221388e-09
452, 583, 5.361055827661493e-09
96, 369, 5.2703814141188326e-09
535, 618, 5.259910615303166e-09
685, 803, 5.150495388747304e-09
570, 648, 5.141686802022291e-09
600, 961, 5.0863261559674064e-09
96, 225, 4.961038613040434e-09
193, 527, 4.919436428346473e-09
193, 814, 4.899345485420852e-09
281, 524, 4.885698760501687e-09
669, 803, 4.84979400659129e-09
632, 739, 4.8318697646493055e-09
369, 476, 4.8307171734336135e-09
21, 689, 4.693812648876977e-09
27, 369, 4.682895251721293e-09
358, 669, 4.618371845254253e-09
535, 857, 4.60390030611064e-09
358, 583, 4.566959038897502e-09
564, 656, 4.553639891411403e-09
600, 745, 4.460499200859969e-09
21, 745, 4.430775269335828e-09
492, 857, 4.422529974295116e-09
452, 669, 4.349596519261373e-09
213, 404, 4.345488155083141e-09
118, 596, 4.3369221419514535e-09
575, 857, 4.322963214958401e-09
502, 814, 4.2538824574578e-09
557, 935, 4.192512722103338e-09
89, 873, 4.181909217797228e-09
676, 814, 4.175414031122239e-09
564, 961, 4.1370753882367085e-09
89, 235, 4.0922537741833814e-09
358, 556, 4.089178021511192e-09
502, 698, 4.08375756039397e-09
21, 947, 4.03932208720766e-09
109, 1311, 4.027187708777289e-09
567, 648, 3.850819629758155e-09
492, 618, 3.81888973703584e-09
557, 920, 3.800358950724673e-09
193, 698, 3.7164073116253783e-09
245, 857, 3.685478887601021e-09
557, 886, 3.678576869182269e-09
756, 886, 3.6470065461623927e-09
89, 935, 3.5570477546711554e-09
358, 648, 3.44736769469047e-09
21, 476, 3.4224985930537546e-09
27, 225, 3.4021788996934886e-09
118, 225, 3.3640800122624875e-09
756, 935, 3.3126634388536485e-09
452, 648, 3.2896063272315164e-09
190, 873, 3.2557621925123088e-09
644, 857, 3.24066332172421e-09
600, 947, 3.212958095511123e-09
118, 563, 3.2056512511024655e-09
564, 745, 3.193185618570725e-09
89, 920, 3.0997260183205906e-09
89, 232, 3.0857903182532044e-09
213, 893, 3.0821236291764478e-09
21, 418, 3.0767526442144186e-09
96, 222, 3.033518204997189e-09
756, 920, 2.9869719924657704e-09
190, 935, 2.95066994584135e-09
452, 563, 2.930133524858854e-09
245, 404, 2.8459420894401354e-09
96, 857, 2.81078792670353e-09
190, 920, 2.770842927406104e-09
600, 698, 2.768066659328593e-09
433, 857, 2.7374358227704194e-09
27, 857, 2.7299205184119975e-09
349, 622, 2.7071512339027436e-09
89, 886, 2.702641482825638e-09
213, 618, 2.628016617040119e-09
118, 369, 2.5622538939321934e-09
433, 524, 2.541126158030008e-09
311, 669, 2.509786730125285e-09
564, 947, 2.4680130904582874e-09
311, 583, 2.4477403598700892e-09
369, 689, 2.4150515850887405e-09
452, 596, 2.389569517193722e-09
358, 596, 2.3855749524250197e-09
281, 418, 2.3246496836660257e-09
535, 893, 2.3194985815474287e-09
492, 893, 2.2967812592011464e-09
190, 886, 2.2931404669127908e-09
21, 656, 2.2855309562498797e-09
600, 1117, 2.232099355796808e-09
311, 556, 2.2133124565868297e-09
765, 873, 2.1940265127254585e-09
193, 873, 2.1371251597883605e-09
575, 893, 2.1020665276865653e-09
1476, 1559, 2.1002541947470455e-09
281, 689, 2.0828376527429883e-09
213, 382, 2.074456882530915e-09
349, 432, 2.0645451809897687e-09
118, 222, 2.061260897448557e-09
281, 476, 2.0578156762214712e-09
27, 222, 2.0023107897552864e-09
358, 803, 1.963242570701635e-09
193, 935, 1.961724590566919e-09
311, 648, 1.876377208159245e-09
213, 524, 1.8724765196900454e-09
570, 1154, 1.858348699038742e-09
564, 1117, 1.8459139748979715e-09
193, 920, 1.8414682636009922e-09
358, 563, 1.8115736404743685e-09
369, 745, 1.7891630808253572e-09
570, 803, 1.7760049439886487e-09
502, 873, 1.7668617791252233e-09
452, 803, 1.70184899455771e-09
281, 745, 1.6092640745870902e-09
433, 618, 1.5936041033979988e-09
245, 382, 1.5785985300781245e-09
245, 618, 1.571376947041783e-09
96, 404, 1.5696975566370167e-09
311, 1154, 1.5491908694851968e-09
21, 814, 1.4991492026770996e-09
575, 689, 1.4870279188473346e-09
502, 935, 1.4865789490397522e-09
193, 886, 1.4779872613081261e-09
676, 873, 1.4449397209916551e-09
27, 404, 1.4364691264227548e-09
600, 814, 1.43550603409791e-09
21, 527, 1.4340677360695883e-09
349, 416, 1.4166843723809583e-09
502, 920, 1.3396507082493174e-09
564, 698, 1.2990399329999674e-09
567, 1154, 1.2570484417942056e-09
245, 524, 1.2550657443285062e-09
369, 656, 1.2352889068293872e-09
564, 814, 1.2101125176259514e-09
311, 596, 1.187047293019334e-09
96, 618, 1.1833768644333702e-09
27, 618, 1.1766178215135007e-09
502, 886, 1.171145309721893e-09
21, 698, 1.1652837787225046e-09
676, 935, 1.1543799026442678e-09
765, 886, 1.1488916215633045e-09
624, 1154, 1.136265265016735e-09
567, 803, 1.129482231315163e-09
624, 803, 1.093070513474336e-09
109, 622, 1.0583077220346342e-09
311, 803, 1.0532315608775921e-09
606, 788, 1.0422091979925507e-09
676, 920, 1.0247707127074286e-09
349, 580, 1.0203971092593603e-09
644, 745, 1.0101221206352743e-09
535, 689, 1.0077232265454566e-09
369, 527, 9.982704254772131e-10
311, 563, 9.978626653314636e-10
369, 961, 9.966448871040562e-10
281, 656, 9.855309386825873e-10
676, 886, 9.349501616824075e-10
213, 689, 9.211875389719669e-10
492, 689, 9.203675589143633e-10
765, 935, 9.142479970237267e-10
281, 961, 8.939768013939437e-10
213, 476, 8.864080103840394e-10
862, 961, 8.517271847695694e-10
765, 920, 8.507266442659633e-10
349, 539, 8.110961263406068e-10
96, 524, 8.100527609558467e-10
213, 418, 8.05259182418387e-10
281, 527, 8.02182485722667e-10
695, 788, 8.007575702882247e-10
27, 524, 7.897112317269708e-10
606, 854, 7.820316731069367e-10
575, 656, 7.734268627236657e-10
96, 382, 7.691954687399923e-10
213, 745, 7.620392942246296e-10
109, 398, 7.619375236540965e-10
118, 404, 7.581760570784575e-10
708, 857, 7.446247584471336e-10
349, 682, 7.401002625596463e-10
886, 961, 7.259582068622847e-10
535, 656, 7.236916647625661e-10
492, 745, 7.131337289353932e-10
369, 814, 7.112983818444846e-10
557, 1311, 7.06755302300781e-10
27, 382, 7.064007865379796e-10
535, 745, 7.013081212391153e-10
21, 873, 6.890023281704134e-10
281, 814, 6.685851549808845e-10
575, 745, 6.659887116277612e-10
369, 947, 6.384865524408273e-10
118, 857, 6.190731410008031e-10
635, 857, 6.131774697800584e-10
369, 698, 6.087931284833041e-10
600, 873, 6.039552981719498e-10
281, 947, 5.914642992843472e-10
213, 1163, 5.913930671622053e-10
118, 1666, 5.682185146425777e-10
21, 935, 5.654532756752275e-10
245, 689, 5.597165799158211e-10
245, 476, 5.496173627854317e-10
109, 416, 5.489015495248746e-10
433, 689, 5.416048972839721e-10
21, 235, 5.390858962084475e-10
118, 618, 5.380620871644932e-10
886, 1163, 5.338015139918024e-10
408, 739, 5.292776206453207e-10
281, 698, 5.245878292123726e-10
245, 418, 5.230335464486911e-10
862, 947, 5.20026359259708e-10
311, 404, 5.116153612171346e-10
21, 920, 5.076264428556912e-10
632, 788, 5.06715753418773e-10
245, 893, 5.035822799174743e-10
492, 656, 4.76947191503252e-10
245, 745, 4.6328585739462765e-10
21, 886, 4.5801170769363803e-10
600, 935, 4.5773198565675197e-10
644, 893, 4.57134855190045e-10
564, 873, 4.4785603823848836e-10
213, 656, 4.47302984576917e-10
96, 689, 4.3270680496589956e-10
27, 689, 4.263455098918148e-10
433, 527, 4.2108249466008947e-10
708, 1666, 4.151911141107062e-10
27, 745, 4.0518886142936196e-10
492, 1163, 3.9890475735855e-10
21, 232, 3.9806136325632167e-10
600, 920, 3.9696895807119224e-10
535, 1163, 3.940400772765843e-10
635, 1666, 3.9157879111737924e-10
118, 382, 3.8674770446859415e-10
600, 886, 3.8110440018529664e-10
27, 893, 3.784501280570188e-10
862, 1163, 3.7729023150243936e-10
118, 524, 3.715487749050606e-10
109, 432, 3.699521752878485e-10
109, 580, 3.698851525139661e-10
96, 893, 3.695113641479279e-10
635, 745, 3.688249860038651e-10
433, 893, 3.665016701764111e-10
433, 745, 3.66082613878559e-10
606, 669, 3.5876753344154165e-10
349, 752, 3.58119779147361e-10
564, 935, 3.5159430993417523e-10
96, 745, 3.429470768079261e-10
369, 873, 3.263093732840031e-10
564, 920, 3.226549970422069e-10
96, 476, 3.184373198904463e-10
575, 698, 3.1386864762513815e-10
109, 682, 3.1295539489719027e-10
27, 476, 3.106214189875254e-10
213, 814, 3.103561743087838e-10
213, 527, 3.075735326262855e-10
96, 418, 3.0414130435107455e-10
564, 886, 3.0329180071219036e-10
281, 873, 2.97821246926394e-10
245, 656, 2.8791845756776437e-10
358, 618, 2.868236867092552e-10
109, 539, 2.830539402470783e-10
27, 418, 2.7710937547376505e-10
433, 656, 2.618796343551772e-10
535, 814, 2.5805465962440714e-10
452, 618, 2.533076878121054e-10
575, 814, 2.4771781887308125e-10
669, 857, 2.429523097553092e-10
492, 814, 2.4243534254788096e-10
535, 698, 2.403872400485668e-10
213, 698, 2.3107577988009395e-10
492, 698, 2.2443899896928422e-10
557, 622, 2.2076098658641797e-10
369, 886, 2.1904314365211713e-10
452, 524, 2.1898683282046206e-10
358, 524, 2.1621650101433447e-10
632, 854, 2.119531482446071e-10
27, 656, 2.0949927653239089e-10
96, 656, 2.054040873135939e-10
685, 857, 2.041987952970486e-10
245, 527, 2.0289146479748325e-10
281, 886, 2.014060790961884e-10
118, 689, 1.9106841749658385e-10
245, 814, 1.8273108775045732e-10
644, 814, 1.8234658763383766e-10
695, 854, 1.742448839128475e-10
96, 814, 1.6530890960664344e-10
109, 752, 1.6458776822770835e-10
89, 622, 1.6346306279838841e-10
358, 857, 1.5922941689501141e-10
708, 814, 1.5874509131942702e-10
502, 622, 1.5523472543218064e-10
118, 476, 1.5318924273154512e-10
177, 272, 1.521361478564095e-10
358, 476, 1.4394683488832167e-10
177, 292, 1.4340524388514563e-10
669, 745, 1.4261602524059504e-10
245, 698, 1.3965368965228545e-10
27, 814, 1.3888489401410427e-10
118, 418, 1.3863288680800899e-10
118, 745, 1.38453857555364e-10
433, 814, 1.3627811669984688e-10
433, 698, 1.321663702567703e-10
96, 527, 1.3179690863388543e-10
27, 527, 1.2993684938033522e-10
570, 689, 1.296628109388854e-10
452, 857, 1.2871560021814005e-10
190, 622, 1.2871295413561833e-10
570, 857, 1.2428053787577194e-10
311, 382, 1.2357232070462648e-10
557, 682, 1.23072096892749e-10
177, 739, 1.190024846474925e-10
89, 398, 1.1222151556317547e-10
311, 524, 1.0990717898531305e-10
96, 698, 1.0887155330418366e-10
190, 398, 1.0745361406489158e-10
27, 698, 1.066067941683902e-10
637, 739, 9.750423399462607e-11
606, 803, 9.397371834606006e-11
311, 857, 8.957641116834213e-11
358, 689, 8.949268846488863e-11
311, 418, 8.672336340979924e-11
89, 416, 8.561673013849446e-11
193, 622, 8.521128666261436e-11
452, 689, 8.369572077925134e-11
118, 656, 8.359186176978689e-11
190, 416, 7.910319064111601e-11
567, 689, 7.299219713058211e-11
193, 398, 7.11605202993764e-11
96, 235, 6.593303424732653e-11
118, 527, 6.12269821191544e-11
502, 580, 5.968277817258907e-11
89, 580, 5.744265674143793e-11
89, 432, 5.6952652419804656e-11
190, 432, 5.365758117249204e-11
193, 416, 5.189060655883312e-11
96, 232, 5.0003504031947714e-11
27, 235, 4.974583019396791e-11
89, 682, 4.966499237027719e-11
311, 476, 4.904014665679154e-11
118, 698, 4.837370582152181e-11
466, 739, 4.724460295441783e-11
190, 580, 4.552770811783793e-11
452, 527, 4.2103115711400075e-11
89, 539, 4.199961036502444e-11
557, 752, 4.185410360014822e-11
118, 235, 4.18530557178618e-11
635, 698, 3.9851066687455834e-11
190, 682, 3.8605593796958275e-11
27, 232, 3.6807582947696214e-11
190, 539, 3.6559486377276006e-11
358, 527, 3.518226000019527e-11
193, 432, 3.5138586568350563e-11
358, 745, 3.485084898390208e-11
570, 745, 3.368653424317281e-11
118, 232, 3.255849415967034e-11
624, 745, 3.240042023158545e-11
452, 745, 3.081718564012684e-11
193, 580, 2.979394731092248e-11
502, 682, 2.8939374273756082e-11
21, 622, 2.6994325641975876e-11
89, 752, 2.564064369722938e-11
193, 682, 2.5258153890806355e-11
207, 292, 2.4987427745836175e-11
193, 539, 2.4152574656064233e-11
567, 745, 2.259850548795932e-11
190, 752, 1.9770918160728886e-11
311, 745, 1.9674125099504016e-11
635, 814, 1.883332392533458e-11
311, 527, 1.7928495956841894e-11
281, 398, 1.7745735487822942e-11
21, 398, 1.6999572605701085e-11
118, 814, 1.6578490472236552e-11
708, 893, 1.6454834406194647e-11
600, 682, 1.6428544858809577e-11
369, 622, 1.6387580173021595e-11
109, 193, 1.5603246922571555e-11
635, 893, 1.5443834276688128e-11
109, 174, 1.523767726528927e-11
676, 752, 1.4749268019404347e-11
118, 893, 1.449315366971808e-11
408, 556, 1.4242754396041334e-11
502, 752, 1.4060509183945009e-11
21, 108, 1.4031327334323903e-11
193, 752, 1.3030194874413776e-11
21, 416, 1.2934586854101138e-11
177, 251, 1.2879555144743473e-11
564, 682, 1.157132147192435e-11
281, 416, 1.0037660676937945e-11
21, 580, 9.345366333447913e-12
21, 432, 8.875437268556848e-12
408, 583, 8.87179922919883e-12
669, 893, 8.407674299079448e-12
207, 272, 7.548369613673555e-12
21, 539, 7.112702462229351e-12
685, 893, 7.085123678973279e-12
89, 174, 6.247913349304255e-12
408, 563, 5.768141983934123e-12
281, 432, 5.744969539460311e-12
177, 369, 5.5870898081442326e-12
624, 857, 5.157353317040612e-12
567, 857, 5.011518724088251e-12
21, 752, 4.797833661333776e-12
369, 539, 4.743032312072492e-12
213, 398, 4.7204314453226866e-12
600, 752, 4.680785019701631e-12
369, 432, 3.9186333279885e-12
564, 752, 3.5171775639031774e-12
466, 556, 3.4887905164981985e-12
213, 416, 3.4173925418554364e-12
177, 556, 3.3497870138262947e-12
245, 398, 3.1765536888942803e-12
109, 338, 3.1436671640528305e-12
408, 596, 2.8752346859959247e-12
89, 193, 2.4864677009696797e-12
245, 416, 2.2143410297650472e-12
213, 432, 2.2006853058329094e-12
369, 752, 1.981130667470837e-12
177, 404, 1.8132545674638872e-12
281, 752, 1.7915849041392113e-12
96, 398, 1.6980701095648689e-12
27, 398, 1.5622986085696648e-12
245, 432, 1.447872921728723e-12
96, 416, 1.2805899773159131e-12
27, 416, 1.1661395271836896e-12
27, 108, 1.1092260542291197e-12
408, 476, 1.0649131011646702e-12
644, 752, 1.0118247115313114e-12
177, 382, 8.639775789611626e-13
207, 369, 8.542093716874475e-13
118, 398, 8.397661742588183e-13
21, 174, 5.189255372320323e-13
89, 338, 4.912903142427434e-13
190, 338, 4.713328374768103e-13
177, 418, 3.533171254870547e-13
193, 338, 3.17630413037758e-13
177, 476, 3.07641023026392e-13
408, 524, 2.841965366978988e-13
207, 404, 2.764775341270704e-13
213, 873, 2.2046753226097855e-13
96, 432, 2.0287179874798424e-13
21, 193, 1.8854056424573933e-13
27, 432, 1.8822384051481802e-13
535, 873, 1.7188711719768662e-13
118, 416, 1.6435789699430042e-13
492, 873, 1.5929998804918293e-13
311, 398, 1.5689491305657748e-13
575, 873, 1.505932722300831e-13
245, 873, 1.3612318213974506e-13
207, 382, 1.3222650363658996e-13
408, 648, 1.31419855187698e-13
644, 873, 1.193863593341729e-13
311, 416, 1.0575523126261889e-13
96, 873, 1.0324854589366761e-13
27, 873, 1.019208792375276e-13
433, 873, 9.755731516113339e-14
118, 432, 9.122115025013473e-14
96, 174, 7.622259390789925e-14
358, 432, 7.184181578261841e-14
21, 338, 6.720439132263359e-14
207, 418, 5.1057911001183174e-14
207, 476, 5.0453891679325166e-14
27, 174, 4.945436586965154e-14
177, 524, 4.7008262871539565e-14
311, 432, 4.405811183655015e-14
96, 193, 4.019684134356032e-14
213, 886, 3.56309280732484e-14
535, 886, 2.722057314904231e-14
492, 886, 2.605500984545037e-14
213, 338, 2.5735421463994877e-14
245, 338, 2.494610773284947e-14
575, 886, 2.403777511959493e-14
245, 886, 2.1650374243080085e-14
644, 886, 1.957054082504076e-14
311, 618, 1.828211674506523e-14
27, 193, 1.738971837297179e-14
27, 886, 1.6248571747308075e-14
96, 886, 1.6158000505843207e-14
433, 886, 1.562687787811715e-14
118, 193, 1.1969016714449993e-14
393, 476, 8.219438774508839e-15
96, 338, 7.386743838816371e-15
207, 524, 6.794375233937514e-15
669, 814, 6.5121784086973425e-15
685, 814, 6.440143053199532e-15
27, 338, 6.088867009873707e-15
118, 338, 3.3149440679453552e-15
408, 527, 1.9558162085131248e-15
408, 669, 1.2910162598056344e-15
393, 524, 8.356433300742097e-16
177, 398, 5.920413045502924e-16
177, 416, 4.2074446931320684e-16
177, 527, 3.4049386612063966e-16
177, 432, 2.3563404697753067e-16
466, 563, 1.122953309865697e-16
177, 583, 1.1054998477130619e-16
177, 563, 1.0675363849375267e-16
207, 398, 9.156713325360925e-17
466, 583, 8.268184052757742e-17
207, 416, 6.122654455122227e-17
207, 527, 4.467493376694634e-17
207, 556, 3.82064001928478e-17
207, 432, 3.3691611794971754e-17
207, 563, 1.040770314940627e-17
207, 583, 9.13713160543835e-18
177, 338, 8.128136184915229e-18
393, 527, 5.270238597904656e-18
207, 338, 1.5327066796459961e-18
393, 556, 5.748684944468404e-19
