Gene = CCDC24
index = 302
Annotated 5SS: [ 139  397  780 1032 2357 3555 4063 4249]
Annotated 3SS: [ 238  603  914 2278 3499 3992 4169 4329]
SMsplice 5SS: [ 139  412  780 1032 4063 4249]
SMsplice 3SS: [ 238  603  874 3992 4169 4357]
length: 4921
Partition function (logZ) = -1.5773448464841011
#Introns = 1482
5SS, 3SS, prob
139, 238, 0.9427192198824724
4063, 4169, 0.6150370829276591
4249, 4357, 0.37350566621065784
780, 874, 0.3210732494591459
3555, 3992, 0.288473762834596
1032, 3499, 0.2305040919676439
412, 603, 0.20571600063014545
2357, 3499, 0.20141716755451816
397, 603, 0.19548126907426858
780, 914, 0.18185779290887652
1032, 2281, 0.17855858496256988
1032, 3992, 0.16896516899764194
2357, 3992, 0.14870416324431662
1032, 2231, 0.11459069206840981
412, 544, 0.10345841962326918
397, 544, 0.08714396626214953
1032, 2278, 0.06499495472326508
4249, 4590, 0.06239417863161266
4249, 4329, 0.05874430533684971
412, 914, 0.05855044312781019
397, 914, 0.05796987514869163
4249, 4716, 0.05640921558468286
412, 874, 0.05593641279157815
397, 874, 0.05547025413546207
3615, 3992, 0.05437425272339149
4249, 4789, 0.05354852603259174
3555, 4169, 0.04692913872274016
4249, 4402, 0.04617631925211311
4063, 4248, 0.0426710762213737
819, 914, 0.031607568924699375
770, 874, 0.029726364864198836
1032, 4169, 0.028750377936657336
2357, 4169, 0.025332434165684002
4063, 4357, 0.02443160047415588
3555, 3834, 0.02412871701285769
4063, 4131, 0.019712329599364108
4249, 4333, 0.017838201079279983
412, 575, 0.017577034506535135
397, 575, 0.016803830192539004
770, 914, 0.0163638070928548
583, 914, 0.013318896111886809
583, 874, 0.013308824944009971
483, 603, 0.011480884826010607
412, 711, 0.011179845637160447
1032, 3834, 0.011079054399809806
397, 711, 0.010943850677716142
4063, 4789, 0.010410968664633266
780, 878, 0.009844792729792908
2357, 3834, 0.009837428703801818
4063, 4590, 0.00970335948034963
4249, 4527, 0.009607109952303539
4063, 4716, 0.009587311073471322
3663, 3992, 0.009243593510142293
1032, 2143, 0.008881347393182599
604, 874, 0.008669743947343291
3615, 4169, 0.008610913510267207
3555, 3980, 0.008600764645631542
780, 3499, 0.008093811290373587
604, 914, 0.007760477294342892
3555, 4248, 0.006987540323759941
4249, 4311, 0.006320851465735218
780, 2281, 0.006316109327826266
264, 603, 0.0061405502454283155
780, 3992, 0.005952904786977615
4249, 4617, 0.005790435241989272
4063, 4402, 0.005551726294466006
3555, 3963, 0.005473320323041508
139, 603, 0.005451435628545888
1032, 2195, 0.005356440296553853
412, 3499, 0.005277173705419872
397, 3499, 0.005259820237051166
1037, 3499, 0.004964883923535199
3615, 3834, 0.004916121702799996
1032, 3980, 0.004798847819635996
4063, 4329, 0.0046933823246787
3555, 4357, 0.004690872107324608
2771, 3499, 0.004556685329777135
1032, 4248, 0.004381563921573681
4063, 4152, 0.004351586674289693
1043, 3499, 0.004090417873818878
780, 2231, 0.004064584435422544
412, 2281, 0.004057913241656438
397, 2281, 0.004040524296240791
1032, 1266, 0.004013132691088167
2357, 3980, 0.004009368276311587
397, 811, 0.003986761018202993
412, 811, 0.003942137107468522
397, 3992, 0.0039039327712007124
412, 3992, 0.0038951181671788653
412, 656, 0.0038894757988752362
2357, 4248, 0.0038752782177767266
1037, 2281, 0.0038709539157709815
2340, 3499, 0.0038473684377573914
397, 656, 0.003787033421331583
3279, 3499, 0.0037546108303321392
2441, 3499, 0.0036681046563593507
1037, 3992, 0.0036209265319729154
583, 711, 0.0033158497741082316
1032, 4357, 0.0032719004596983747
1043, 2281, 0.0031936854226919885
4249, 4448, 0.003159949284290884
1032, 3963, 0.003132133439576238
4249, 4365, 0.0031152359530691406
2357, 2531, 0.0030704986224436657
446, 603, 0.003004921567192969
1043, 3992, 0.0029542685164881525
1032, 1541, 0.002946648761401152
1032, 1116, 0.0029347977894231218
1032, 3446, 0.0029340422693910424
2357, 4357, 0.00289555709201188
3555, 4131, 0.0028952692806069645
3555, 3686, 0.002884284530248566
604, 711, 0.002846205867867688
981, 3499, 0.0027598940590122046
2771, 3992, 0.0027374786235819957
3555, 3645, 0.0027115669662035433
2340, 3992, 0.0026353612364845872
2357, 3963, 0.002616894390886401
397, 2231, 0.002539533882575265
412, 2231, 0.002533799924823713
2441, 3992, 0.0025145813448735716
4684, 4789, 0.0025138254101534007
1037, 2231, 0.00248726646961109
2357, 3446, 0.0024430693932157087
1695, 3499, 0.0024411090356860404
446, 544, 0.0024262818997855505
264, 544, 0.002424413806030119
1032, 1503, 0.0024088573766638905
1032, 2290, 0.002377173301795564
3555, 4716, 0.0023129130750636825
1032, 3554, 0.002310753240257009
3933, 4169, 0.002307342380451033
1032, 3165, 0.0022957881757458168
3555, 4789, 0.0022045450668041716
1032, 2263, 0.0021864627556793456
780, 2278, 0.0021786772757576693
3555, 4590, 0.002162733746930188
4063, 4134, 0.002158989498791663
981, 2281, 0.002154994194803195
264, 874, 0.0020927036752161144
264, 914, 0.0020919864074229696
3279, 3992, 0.0020686140907165505
139, 544, 0.002066265189556856
139, 874, 0.002057659871074008
1043, 2231, 0.0020526399392418555
981, 3992, 0.001999565799391867
91, 238, 0.00199328008766191
2357, 3554, 0.001976162456482795
483, 914, 0.0019706634709273094
1695, 2281, 0.001970620239523637
2357, 3165, 0.0019610496237832523
139, 914, 0.0019383095793857595
483, 874, 0.0019032559307807907
1032, 4131, 0.0018463895354207528
2357, 2589, 0.0018388996085947754
3555, 3796, 0.0017844806410852925
1032, 2531, 0.0017701504029972682
1695, 3992, 0.0017686224179651912
412, 878, 0.0017415697031658906
397, 878, 0.0017244169693114045
1032, 4716, 0.0016560542620680369
1032, 4789, 0.0015781825658832884
3555, 3807, 0.001578134209772541
4063, 4311, 0.0015535446152289505
2357, 4131, 0.0015446588489278653
3615, 3980, 0.0015264789202723403
1032, 4590, 0.0015245935033152463
340, 603, 0.0014585685063273617
4249, 4532, 0.0014475617215989876
2357, 4716, 0.0014391679647858461
397, 2278, 0.0014342061928092668
412, 2278, 0.0014309679301607514
1037, 2278, 0.0014101908852596726
3555, 4041, 0.0014018260226803976
1032, 2339, 0.0014001008798597038
981, 2231, 0.0013844693516874122
2357, 4789, 0.0013717379486835586
2357, 4590, 0.0013633200602352787
483, 575, 0.0013474383753783795
1695, 2231, 0.001313119774089756
4063, 4527, 0.001312542226316159
3663, 4169, 0.0012793822818263567
3615, 4248, 0.0012742279089907806
4063, 4177, 0.001263668630732892
1032, 2190, 0.0012388096190724205
2782, 3499, 0.0012334549128812417
4063, 4333, 0.001230073372359154
1032, 2589, 0.0011689583099473869
1043, 2278, 0.0011639526769467374
3555, 4402, 0.0010937663097247557
3555, 3846, 0.0010570616457490263
583, 811, 0.0010320188677186328
3882, 3992, 0.0010058172636831931
780, 850, 0.0009842864740870218
1032, 1584, 0.0009750438975679304
583, 3499, 0.0009665535374000082
780, 4169, 0.000958029248973783
1032, 1435, 0.0009507637953206655
3615, 4357, 0.0009469477571864413
4063, 4617, 0.0009412305410835338
583, 656, 0.0009214821125862406
1374, 3499, 0.000873093035414504
4249, 4571, 0.0008686384643567629
770, 878, 0.0008637460767972661
2357, 2629, 0.0008344928495730083
1032, 4041, 0.0008322908242467088
1032, 2201, 0.0008279674218983893
1513, 3499, 0.0008186012818825292
3555, 4329, 0.0008147386687542017
2742, 3499, 0.0008032587927988362
981, 2278, 0.0007849449772340986
4249, 4429, 0.0007832198954415274
446, 874, 0.000780049790568429
446, 914, 0.0007725067716659625
3663, 3834, 0.000771200444778762
770, 3499, 0.0007656761018324781
583, 2281, 0.000760541391970649
1032, 4402, 0.0007551514391380188
1032, 3686, 0.0007406810375847526
4249, 4856, 0.0007266592479189144
1032, 3796, 0.0007256840923125368
1695, 2278, 0.0007163783499938834
819, 3499, 0.0007050020582822261
583, 3992, 0.0006979943159540484
2357, 3686, 0.0006965788684995847
2357, 4041, 0.000693952234348767
1032, 3518, 0.0006722746105965151
397, 726, 0.0006640479672393922
412, 726, 0.0006632621026553416
2357, 2853, 0.0006617386000290173
397, 4169, 0.0006535658678601213
412, 4169, 0.0006520901958480723
780, 843, 0.0006461427296155602
1513, 2281, 0.0006407584203524165
2357, 4402, 0.0006307767163743441
1032, 2853, 0.0006287206886616487
1032, 3807, 0.0006266528805158583
2357, 3796, 0.0006259508463986339
604, 811, 0.000625285962856913
1374, 2281, 0.000621679368998611
1374, 3992, 0.0006130212004797088
4249, 4480, 0.0006116624025187773
1032, 2629, 0.000606675541843008
770, 2281, 0.0006025214641575066
1037, 4169, 0.0005895545118390125
604, 3499, 0.0005855383492504916
3646, 3992, 0.0005827151163010924
1513, 3992, 0.0005717890138440485
340, 544, 0.0005609776395468014
2782, 3992, 0.0005560870477297235
819, 2281, 0.0005541290172547508
770, 3992, 0.0005529311582455528
2357, 3518, 0.000551901016517705
4249, 4453, 0.0005425230036282028
1032, 4329, 0.0005408097766191064
1032, 3195, 0.0005314702432472603
3615, 3963, 0.00052997120804854
2357, 3807, 0.0005294824298801466
3615, 4131, 0.0005099286974498139
1032, 3846, 0.0005095813298798169
819, 3992, 0.0005029893477539355
264, 575, 0.0004914781827512117
583, 2231, 0.000489402213249048
1043, 4169, 0.0004847633452562813
3615, 3686, 0.00048434913872002437
3555, 3769, 0.00048313559220690926
2742, 3992, 0.00047825250766951746
1032, 1162, 0.000476807835849592
780, 921, 0.0004685972817115044
604, 2281, 0.00046023098262396186
2357, 4329, 0.00045165284858713706
2357, 3195, 0.0004470660726286508
139, 575, 0.00044638419185227807
483, 711, 0.0004420908273587756
340, 874, 0.00044139727035811307
340, 914, 0.0004389769997870479
749, 874, 0.0004361701136030158
2357, 3846, 0.0004305690655634347
2340, 4169, 0.0004298692606263614
780, 972, 0.0004277278983793867
604, 3992, 0.0004228451128008431
2441, 4169, 0.00040786598604306587
583, 878, 0.0004075519814916984
1032, 3317, 0.0004070947626985353
3615, 4590, 0.00040466262466867385
3615, 4716, 0.0004040245542791662
1032, 3645, 0.00040030903420081997
412, 843, 0.0003997552954997684
4249, 4801, 0.000394846752069234
770, 2231, 0.0003880990808201305
4063, 4448, 0.0003877501222978709
3615, 4789, 0.0003850946010927654
3555, 4062, 0.00038320733275533077
397, 843, 0.00038250134559088267
2357, 3645, 0.00037316796102500435
264, 711, 0.000372441761672914
780, 3834, 0.00036484263410300094
139, 711, 0.0003639160124657995
2357, 3317, 0.00035937792455627597
412, 582, 0.0003579907002971604
819, 2231, 0.0003569728961740336
412, 850, 0.00035271954146234006
397, 582, 0.0003466656332578925
397, 850, 0.0003438972371768226
2771, 4169, 0.0003431758776315427
367, 603, 0.0003427188100227523
446, 575, 0.0003207721520972629
1032, 2209, 0.00031882431068440935
3615, 3796, 0.0003159922824600642
3555, 4527, 0.0003092458110406526
749, 914, 0.0003076178426102575
780, 980, 0.00030736074005738957
2418, 3499, 0.0003066011950254159
981, 4169, 0.0002978185176386451
780, 2143, 0.00029728099993656484
604, 2231, 0.0002961547766760245
1513, 2231, 0.0002908436953374723
780, 944, 0.00028773869582098845
1032, 3313, 0.0002868299187803687
3615, 3807, 0.0002771741007112477
583, 2278, 0.00027699818076837383
3394, 3499, 0.0002694986878101531
2357, 3086, 0.0002681759739444783
3555, 4311, 0.0002674433346960972
3851, 3992, 0.00026480503386726165
604, 878, 0.00026312133484491005
1695, 4169, 0.00026288768203548024
1032, 1539, 0.00026279053164041956
3933, 4248, 0.00025995807626571295
1032, 3086, 0.000256760824823641
235, 603, 0.00025220886180166353
2357, 3313, 0.0002515533376460991
1032, 1364, 0.0002507616818188521
1374, 2231, 0.0002487164143805825
1032, 4062, 0.00024056990080097146
397, 3834, 0.0002277073607776475
412, 3834, 0.00022719322533122755
1037, 3834, 0.00022325867929670788
3555, 4333, 0.00021948215902005603
770, 2278, 0.0002194454518945729
1426, 3499, 0.0002147699782111243
3555, 4617, 0.00021291980066077352
1032, 4527, 0.0002111733983936973
2418, 3992, 0.0002091898253119264
3615, 4041, 0.00020815675773561845
3615, 4402, 0.00020236322716226887
819, 2278, 0.00020204421237278637
3279, 4169, 0.00019772762270164548
397, 2143, 0.0001955652123057332
412, 2143, 0.00019512364991007883
1037, 2143, 0.00019216720756236582
3663, 4248, 0.0001878592545811098
780, 2195, 0.00018467302151763332
780, 999, 0.00017961343214877265
2357, 4527, 0.0001772483853227888
412, 972, 0.00017704297225285874
397, 972, 0.00017543861514810895
2357, 2510, 0.0001753629176618893
1032, 4311, 0.00017423829072036942
446, 711, 0.00017384087585028182
2357, 4062, 0.00017374622850242994
1032, 3769, 0.00017311473719353732
2357, 2535, 0.00017117662727986882
583, 726, 0.00016960255351362993
4063, 4365, 0.0001672289208207339
604, 2278, 0.0001644985167083774
412, 921, 0.0001624005012724995
397, 921, 0.00016064558795608196
770, 850, 0.00015988150774364513
1032, 4617, 0.00015601225935315177
1426, 2281, 0.00015231474638407043
412, 649, 0.00015200474574920421
139, 3499, 0.00015093549136986208
397, 649, 0.00015072320688156235
2357, 3769, 0.0001503939800595451
4680, 4789, 0.0001503662242032563
3555, 4037, 0.0001496988758147302
4063, 4532, 0.00014923574101808766
780, 4248, 0.00014730958202012817
1032, 4333, 0.00014682966010197055
2357, 4311, 0.00014545393693092337
3933, 4357, 0.00014349414567459365
483, 811, 0.00014236782999709998
483, 656, 0.00014140627362803948
264, 811, 0.00014120986885914093
1513, 2278, 0.00014037504973562885
2357, 2643, 0.00013886417776265222
1374, 2278, 0.00013697361515498105
139, 2281, 0.0001369026171654952
3615, 4329, 0.00013677328260535231
367, 544, 0.00013613274471228738
3555, 4152, 0.00013224848492451372
397, 980, 0.00013194392143165012
604, 726, 0.00013133243916119036
2357, 4617, 0.00013082588757630078
412, 980, 0.00013076039440296192
770, 843, 0.0001298758725646173
2441, 2531, 0.00012830080340420227
2357, 3110, 0.0001256932382527274
183, 603, 0.00012550736622814646
1043, 3834, 0.00012524332076836037
139, 811, 0.00012479091257737584
3555, 4134, 0.00012361842384762449
1032, 3110, 0.0001235629375504287
4249, 4635, 0.00012304672948774097
2357, 4333, 0.00012255303316127024
340, 575, 0.00012064556839186207
4249, 4631, 0.000120154052199694
1032, 2643, 0.00012003124666494906
412, 944, 0.00011832955203296632
397, 944, 0.00011675434343967138
1032, 1897, 0.00011668488821687488
1032, 3016, 0.00011398043201137023
780, 939, 0.00011342353270227476
4262, 4357, 0.00011305996787433465
3615, 3846, 0.00011170885674287899
264, 656, 0.00011147204623072009
1032, 4152, 0.00011131719679917642
2340, 3834, 0.000110243431385523
780, 4357, 0.0001097939567595223
139, 656, 0.00010935880265719493
1043, 2143, 0.00010642705758214217
583, 4169, 0.00010631647210083259
1032, 4134, 0.00010586611695127819
583, 843, 0.0001056230414497979
397, 4248, 0.00010469704497770063
412, 4248, 0.00010446065182038402
2441, 3834, 0.00010396733991737908
2357, 3016, 0.0001033498603233243
367, 874, 0.00010147172294498459
367, 914, 0.00010116551293588025
4063, 4571, 0.00010070839078270246
235, 544, 9.771165001468348e-05
780, 1541, 9.701048397704026e-05
1032, 2535, 9.452100849012437e-05
4568, 4716, 9.388872868315608e-05
1032, 2101, 9.362302286519079e-05
583, 850, 9.327130919164804e-05
2357, 2724, 9.322385285610431e-05
4249, 4667, 9.280975166813706e-05
1032, 2510, 9.251107947744497e-05
780, 1503, 9.034375367090274e-05
1032, 3220, 8.952793001481967e-05
1037, 1266, 8.519150102944783e-05
4063, 4856, 8.483700878390049e-05
235, 914, 8.446433676832216e-05
2771, 3834, 8.406429540191449e-05
780, 994, 8.402224250986603e-05
770, 4169, 8.328372370786354e-05
981, 3834, 8.314174137443504e-05
780, 1266, 8.288019978607918e-05
235, 874, 8.22307543923119e-05
397, 999, 8.191677684116965e-05
819, 921, 8.165733106966632e-05
412, 999, 8.140589051083342e-05
1032, 2724, 8.010427085920828e-05
340, 711, 7.90150368606815e-05
2357, 3220, 7.820642518353297e-05
397, 4357, 7.816322387654061e-05
412, 4357, 7.798674085085283e-05
819, 4169, 7.557417844605683e-05
3615, 3769, 7.5131243563572e-05
780, 3165, 7.321588404331103e-05
1695, 3834, 7.196303553776925e-05
981, 2143, 7.079919240292104e-05
780, 3554, 7.03244762299269e-05
4568, 4789, 7.0275051325896e-05
1043, 1266, 7.02354359340794e-05
780, 975, 6.913333981385543e-05
3663, 4357, 6.778294972012165e-05
264, 878, 6.507807063005851e-05
1037, 1541, 6.504274415437838e-05
2357, 2538, 6.332856235095077e-05
604, 843, 6.296179182368821e-05
139, 878, 6.275623049035252e-05
1037, 4248, 6.270500073977512e-05
1032, 1466, 6.230007850262711e-05
1032, 4037, 6.226848804296908e-05
412, 631, 6.031709017368106e-05
1695, 2143, 6.0314203084089475e-05
397, 631, 5.9991717834110514e-05
483, 878, 5.952997585330859e-05
780, 889, 5.760381406101876e-05
604, 850, 5.7151859003357915e-05
1032, 1224, 5.6095024137232764e-05
780, 4716, 5.564540295591434e-05
1037, 1116, 5.559018253456391e-05
1032, 1919, 5.552472871889676e-05
4063, 4801, 5.498946503879188e-05
2340, 2531, 5.4605190309536586e-05
1032, 2877, 5.443606277093456e-05
446, 811, 5.356762740160353e-05
1043, 1541, 5.3558212032008885e-05
780, 4789, 5.303822262036961e-05
1037, 1503, 5.256380750134417e-05
446, 656, 5.2542977820912286e-05
1043, 4248, 5.158250187564237e-05
780, 4590, 5.157231349059521e-05
2357, 4037, 5.138401909670021e-05
2357, 2877, 4.9278778032992726e-05
239, 603, 4.753786690978675e-05
183, 914, 4.739045804170266e-05
780, 2531, 4.737019971656523e-05
780, 2339, 4.70722887991639e-05
1037, 4357, 4.685929738963211e-05
183, 544, 4.5859317248717364e-05
819, 972, 4.528113324001355e-05
2340, 4248, 4.3945992501086206e-05
412, 939, 4.362673206547623e-05
397, 939, 4.3593185993917825e-05
1043, 1503, 4.333918928759311e-05
397, 3554, 4.2674975281338116e-05
412, 3554, 4.257862039235992e-05
412, 818, 4.199381825090744e-05
397, 818, 4.197973872135445e-05
2441, 4248, 4.1876490949079185e-05
770, 972, 4.1733314390183356e-05
3933, 4041, 4.11138568862244e-05
183, 874, 4.082420322461933e-05
770, 921, 4.0519338836150635e-05
1032, 2538, 4.03957867340038e-05
1032, 2010, 3.9688621005132114e-05
397, 4716, 3.961442157030396e-05
412, 4716, 3.9524977038299546e-05
981, 1266, 3.784092605925923e-05
583, 972, 3.781879027496828e-05
397, 4789, 3.775834837403469e-05
412, 4789, 3.7673094628916096e-05
397, 994, 3.7576054077748695e-05
2357, 3019, 3.73606391831209e-05
412, 994, 3.711629665590187e-05
819, 944, 3.697543081834115e-05
1032, 3019, 3.683088435317606e-05
583, 921, 3.679678019462671e-05
506, 603, 3.61893908799278e-05
1043, 1116, 3.4992594816604994e-05
981, 1541, 3.455248414257863e-05
397, 494, 3.4430641494510365e-05
780, 881, 3.265107942136169e-05
819, 980, 3.1684866204529006e-05
1032, 2387, 3.146192041211345e-05
1037, 3554, 3.143638521342964e-05
780, 1116, 3.135412850120052e-05
412, 779, 3.075185173997833e-05
780, 1584, 3.0510023503625127e-05
780, 846, 2.9990354940786048e-05
770, 980, 2.9880531929302714e-05
397, 779, 2.982697735793186e-05
412, 494, 2.9784243120207876e-05
3933, 4789, 2.9697360591719177e-05
340, 811, 2.9443933520532837e-05
981, 1503, 2.921237647174384e-05
4249, 4759, 2.8625463315224275e-05
397, 2339, 2.856276094328704e-05
412, 2339, 2.8498269712971074e-05
3663, 4789, 2.8482507022176976e-05
397, 975, 2.8395609554154214e-05
412, 975, 2.828482996220997e-05
1037, 2531, 2.8220935297565644e-05
367, 575, 2.8191639656345664e-05
412, 747, 2.813863141576177e-05
583, 980, 2.806129208051358e-05
1032, 1476, 2.7965579822607574e-05
483, 582, 2.7549298188501255e-05
397, 747, 2.7319795045369072e-05
483, 726, 2.6798443642300684e-05
780, 1435, 2.6726646346480187e-05
770, 944, 2.6590949630600038e-05
1043, 3554, 2.5805776848037197e-05
340, 656, 2.4817249120771144e-05
139, 300, 2.4412950603322898e-05
91, 603, 2.385673207592909e-05
207, 603, 2.382540261238009e-05
1043, 2531, 2.3235813820152327e-05
583, 649, 2.2991739197589417e-05
583, 944, 2.2990978915397807e-05
604, 972, 2.287920299662768e-05
446, 878, 2.266646276396767e-05
2357, 2479, 2.2282822947908652e-05
264, 726, 2.211750607496201e-05
235, 575, 2.200334365812706e-05
1037, 1584, 2.1998537313272368e-05
2771, 2853, 2.1958284267683745e-05
412, 591, 2.191890563546448e-05
260, 603, 2.1881194921792848e-05
466, 603, 2.1557251355857125e-05
780, 2853, 2.1334579869038524e-05
397, 591, 2.1172023085081257e-05
139, 726, 2.0952011376187944e-05
604, 921, 2.0285809068031738e-05
1037, 1435, 2.0223765758869505e-05
139, 245, 2.0221569655252306e-05
1032, 1722, 1.9636041655232228e-05
367, 711, 1.9623200051312177e-05
819, 999, 1.8397844603142606e-05
239, 544, 1.821648245260841e-05
770, 999, 1.806028960240809e-05
583, 999, 1.7681150737294692e-05
981, 1116, 1.733421493369956e-05
412, 633, 1.7304223771550154e-05
397, 633, 1.7269905551986126e-05
1043, 1435, 1.6561282113074796e-05
604, 980, 1.6475701291222302e-05
235, 711, 1.6456946519384006e-05
239, 914, 1.5776735921479164e-05
819, 939, 1.5607303014260617e-05
239, 874, 1.5387870799054745e-05
1032, 1343, 1.480575308665642e-05
604, 944, 1.479329730014602e-05
780, 3686, 1.4619956176799542e-05
264, 843, 1.4144432263106472e-05
139, 843, 1.4074235083959218e-05
412, 846, 1.3963351863205883e-05
483, 843, 1.3792923249537386e-05
2340, 3554, 1.3682245600773533e-05
397, 846, 1.3550863208127137e-05
340, 878, 1.335882795138427e-05
139, 850, 1.3174336037623808e-05
780, 1011, 1.3098854795050886e-05
2441, 3554, 1.3077844259494318e-05
264, 850, 1.286261924905048e-05
397, 1116, 1.2516221894973809e-05
749, 811, 1.2494826963859045e-05
1032, 1196, 1.2222471218447027e-05
583, 1541, 1.2134081701166573e-05
749, 878, 1.2028675306582658e-05
1043, 1584, 1.1823736037136455e-05
1032, 2022, 1.1791349678168548e-05
412, 1116, 1.1777840207615851e-05
483, 850, 1.109991504911418e-05
466, 544, 1.0981267001062771e-05
780, 1074, 1.0718237220856417e-05
981, 1435, 1.0639648751953503e-05
819, 1541, 1.0413289979241921e-05
770, 939, 1.0375418986325911e-05
604, 999, 1.0202350691889048e-05
264, 582, 1.0175236153402312e-05
1032, 1285, 1.0078110203359258e-05
183, 575, 9.837548626749893e-06
770, 1541, 9.699675678764499e-06
446, 726, 9.668226272055247e-06
207, 544, 9.428065911713562e-06
139, 309, 9.218921995765924e-06
207, 914, 9.131954127428386e-06
583, 939, 9.03900995053176e-06
304, 603, 8.95188551925397e-06
397, 889, 8.924256886181052e-06
412, 889, 8.874923789601959e-06
583, 1503, 8.857056160115797e-06
397, 3686, 8.8013813281513e-06
139, 582, 8.789432448492426e-06
412, 3686, 8.781508882645772e-06
780, 1539, 8.773532643952579e-06
770, 1503, 8.740021409320103e-06
260, 544, 8.512927829137879e-06
583, 818, 8.419105779771866e-06
91, 544, 8.418695905750934e-06
183, 711, 8.211142578974856e-06
583, 1266, 8.198127349927978e-06
583, 994, 8.18520105119107e-06
819, 994, 8.113937396288747e-06
91, 914, 8.057776582024152e-06
981, 1074, 8.048851900770767e-06
91, 874, 7.936433762543831e-06
770, 994, 7.899085764433968e-06
207, 874, 7.882183298466906e-06
981, 1584, 7.82005931403333e-06
412, 1266, 7.640896691230285e-06
1032, 1244, 7.634081138548266e-06
397, 1266, 7.569691562434631e-06
780, 3645, 7.545825369963467e-06
1374, 1503, 7.47416193133673e-06
260, 874, 7.45934205599685e-06
1037, 3686, 7.392626787416929e-06
2357, 2512, 7.2312025709319405e-06
819, 1503, 7.206161345508564e-06
770, 1266, 7.06085129010472e-06
264, 972, 7.007334933182333e-06
604, 1541, 6.89732751066251e-06
1037, 1162, 6.8373431104044655e-06
738, 874, 6.820247163529371e-06
819, 975, 6.762314528473913e-06
819, 1266, 6.743619449030374e-06
367, 811, 6.590524594975236e-06
1374, 1541, 6.550511007454083e-06
1032, 2479, 6.511544031183193e-06
770, 975, 6.375902913937828e-06
1043, 1162, 6.292187862959374e-06
446, 582, 6.092959141854723e-06
367, 656, 5.9631915467821235e-06
780, 1364, 5.856395954887608e-06
583, 747, 5.813743383193077e-06
612, 874, 5.7811538633025244e-06
412, 1011, 5.776789891386829e-06
397, 1011, 5.766462724478817e-06
604, 939, 5.703534513533923e-06
483, 649, 5.642765247075052e-06
583, 975, 5.639158266482093e-06
412, 1074, 5.592715655186066e-06
604, 1503, 5.570174262073681e-06
397, 1074, 5.533499830195006e-06
483, 972, 5.523087232974869e-06
235, 811, 5.514645214054096e-06
738, 914, 5.376637822044054e-06
1037, 1364, 5.374187519956945e-06
264, 980, 5.3641538066749385e-06
770, 846, 5.212680259566804e-06
260, 914, 5.166194799276633e-06
446, 843, 5.079073899582293e-06
139, 312, 5.076742348015637e-06
604, 1266, 5.055025941309022e-06
235, 656, 5.044328531256108e-06
780, 950, 4.960906664765639e-06
483, 921, 4.896308287590447e-06
612, 914, 4.8468949262599135e-06
412, 881, 4.706503293361252e-06
397, 881, 4.696035867958003e-06
583, 779, 4.672376055599529e-06
340, 726, 4.6662773252346615e-06
1426, 1541, 4.6588278901555546e-06
446, 850, 4.630222763764489e-06
770, 889, 4.5630489123419656e-06
749, 843, 4.546676255337854e-06
604, 818, 4.526326756854976e-06
139, 972, 4.515658203471849e-06
1037, 2853, 4.433130042599625e-06
1043, 1364, 4.421875730915305e-06
604, 994, 4.3985681481626165e-06
466, 874, 4.355609649375856e-06
264, 649, 4.3371386677231825e-06
3663, 3796, 4.303877073460403e-06
1022, 1266, 4.2893852275768115e-06
139, 649, 4.2574006801718495e-06
264, 921, 4.254201437433806e-06
483, 980, 4.14115662572904e-06
466, 914, 4.129173910056861e-06
239, 575, 4.105271934742617e-06
1019, 1266, 4.1025056748275395e-06
139, 921, 3.977764313283583e-06
749, 850, 3.946126876605486e-06
304, 544, 3.914969617755419e-06
780, 1162, 3.880193749127772e-06
2441, 2853, 3.819932586810575e-06
604, 747, 3.814289232354316e-06
2340, 2853, 3.7443606314642284e-06
506, 914, 3.7363427173466266e-06
506, 874, 3.6857122683530676e-06
1043, 2853, 3.6565129464871217e-06
1426, 1503, 3.651141873356355e-06
3279, 3834, 3.628794398078375e-06
780, 1897, 3.497579993339509e-06
483, 944, 3.487374170761018e-06
604, 975, 3.464625708307385e-06
583, 846, 3.4413361579125613e-06
1032, 1601, 3.322681993261296e-06
139, 980, 3.306658191885464e-06
583, 1435, 3.183481148305507e-06
264, 944, 3.075552823745796e-06
239, 711, 3.063368807377235e-06
819, 889, 2.9971121277461383e-06
367, 878, 2.976126554510532e-06
340, 843, 2.9744172713191247e-06
264, 999, 2.881641634889789e-06
770, 881, 2.7971279038734553e-06
466, 575, 2.7796690023680378e-06
183, 811, 2.765125682211996e-06
304, 874, 2.7374441671024174e-06
139, 944, 2.726931257544223e-06
770, 1435, 2.7082267196658706e-06
981, 1364, 2.6558629883751643e-06
340, 850, 2.6499337830790244e-06
819, 1435, 2.5731940617206435e-06
483, 999, 2.556498530414949e-06
235, 878, 2.5483531470253335e-06
340, 582, 2.530314741906456e-06
483, 631, 2.510906635524508e-06
981, 1162, 2.4910463144033495e-06
604, 779, 2.4786491641119425e-06
981, 2853, 2.4712567457788405e-06
412, 729, 2.4265866227470506e-06
397, 729, 2.424897040595781e-06
183, 656, 2.350148835580483e-06
446, 972, 2.2996709607208626e-06
612, 711, 2.1646884846234886e-06
604, 846, 2.1572474422295877e-06
412, 950, 2.1377146513556257e-06
446, 649, 2.1064376866535977e-06
397, 950, 2.09483052892906e-06
1695, 2853, 2.0845577330511047e-06
604, 1435, 1.9517653648545455e-06
1022, 2281, 1.947845597404139e-06
207, 575, 1.942635552834391e-06
178, 603, 1.9299294310327675e-06
91, 575, 1.8931901310121594e-06
26, 238, 1.8745589206915063e-06
1032, 1675, 1.860930539711611e-06
2742, 2853, 1.8587137884888487e-06
1032, 1652, 1.830700503281921e-06
264, 631, 1.7835397428836564e-06
260, 575, 1.7505041372661658e-06
139, 631, 1.7192673680852746e-06
446, 980, 1.713761549868664e-06
780, 1466, 1.699907740463445e-06
1022, 1116, 1.68046219020547e-06
49, 238, 1.6617473352009852e-06
2340, 3686, 1.6438971262048308e-06
91, 711, 1.6152759782416474e-06
207, 711, 1.5988252329237382e-06
1019, 1116, 1.595277412417351e-06
1037, 1897, 1.5862401864160008e-06
483, 591, 1.5166820960472802e-06
294, 603, 1.4789145318498377e-06
1092, 1266, 1.4571782066983072e-06
483, 818, 1.401457899905234e-06
2782, 2853, 1.3621633117009954e-06
506, 575, 1.3553200865160895e-06
340, 972, 1.3338099702949752e-06
1032, 1213, 1.3277929415242424e-06
1043, 1897, 1.317735191737917e-06
583, 1116, 1.3017465030320284e-06
2441, 3686, 1.2682058037305407e-06
770, 1011, 1.2563986823798916e-06
1037, 3645, 1.2440219343186663e-06
819, 1011, 1.2415493747379648e-06
139, 999, 1.2191753518521153e-06
780, 1919, 1.210375196828536e-06
260, 711, 1.19750149102687e-06
770, 1116, 1.1958827080888163e-06
819, 1116, 1.190278836801896e-06
268, 603, 1.1900446795591544e-06
483, 994, 1.1755015760736036e-06
1043, 3686, 1.1713903379365371e-06
264, 994, 1.16771358994987e-06
583, 1011, 1.1507275298907215e-06
367, 726, 1.127601482855392e-06
264, 818, 1.106917837769609e-06
483, 747, 1.0756776932068088e-06
483, 779, 1.0545663005945544e-06
446, 999, 1.0351085645659328e-06
239, 811, 1.0214972438632195e-06
340, 980, 9.794652242654849e-07
466, 711, 9.737602767357775e-07
340, 649, 9.617897000900023e-07
139, 330, 9.47040970582922e-07
235, 726, 9.338986249977295e-07
239, 656, 9.24471611937504e-07
1037, 1224, 9.24469016609619e-07
1043, 3645, 8.968616218986716e-07
506, 711, 8.927829404294916e-07
183, 300, 8.845742825846024e-07
264, 747, 8.766059306962653e-07
446, 631, 8.751948822050193e-07
264, 779, 8.632444377700184e-07
235, 300, 8.540636551403916e-07
583, 2853, 8.395123962349175e-07
304, 575, 8.175661972524286e-07
604, 1116, 7.937766523784237e-07
3933, 4590, 7.871012100701569e-07
412, 738, 7.728089697265149e-07
1043, 1224, 7.700744092697195e-07
397, 738, 7.631121863613187e-07
2340, 3645, 7.553052693094687e-07
483, 633, 7.106203071574334e-07
604, 1011, 7.091959396234817e-07
178, 544, 6.98652563803503e-07
139, 747, 6.84142437531683e-07
770, 2853, 6.650377388491972e-07
294, 544, 6.553513382690828e-07
264, 591, 6.469408638487818e-07
91, 811, 6.295358830048881e-07
139, 818, 6.289498290131693e-07
819, 2853, 6.123385248696475e-07
780, 1224, 6.046965050546275e-07
340, 999, 6.036793950378764e-07
583, 729, 6.006817324674714e-07
235, 309, 5.971599862682992e-07
139, 994, 5.808785874713948e-07
139, 591, 5.784597517365163e-07
367, 582, 5.669140108628046e-07
264, 330, 5.265035141409257e-07
412, 763, 5.26391822999062e-07
304, 711, 5.158935826379316e-07
264, 494, 5.14706641819748e-07
264, 633, 5.141385741800027e-07
583, 1364, 5.094563059514231e-07
604, 2853, 5.085767975036485e-07
139, 633, 5.076065383474076e-07
397, 763, 4.956040993263961e-07
268, 544, 4.817205065592133e-07
981, 1224, 4.7443283573207216e-07
1374, 2853, 4.6655640093249585e-07
604, 729, 4.538405931364464e-07
583, 1162, 4.473425674529032e-07
91, 656, 4.466460839655641e-07
207, 656, 4.45311332262638e-07
235, 582, 4.3544338909055476e-07
446, 779, 4.344607457048089e-07
770, 1364, 4.344472447662769e-07
1513, 2853, 4.338057103581279e-07
139, 494, 4.260823843598188e-07
183, 726, 4.043217472449174e-07
340, 631, 4.027828110968456e-07
819, 1162, 3.9597812918508206e-07
260, 656, 3.9179621329365534e-07
770, 1162, 3.8769189899533804e-07
235, 312, 3.8072561233073123e-07
1032, 3226, 3.7773272774342327e-07
446, 591, 3.45096816659685e-07
506, 656, 3.33404823220705e-07
466, 656, 3.2557719455075413e-07
139, 779, 3.2134512106170274e-07
2418, 2853, 3.1122510882912683e-07
1022, 1162, 3.06269860284879e-07
264, 340, 3.0071521297233374e-07
183, 309, 2.9265720588610605e-07
139, 340, 2.867754764407076e-07
1019, 1162, 2.843025830992717e-07
12, 238, 2.8310861137920986e-07
604, 1162, 2.7258164810622684e-07
446, 747, 2.619407638043765e-07
446, 633, 2.5180885536947583e-07
367, 649, 2.394563595433531e-07
207, 300, 2.3637616684844796e-07
1037, 1285, 2.001257920406072e-07
183, 582, 1.9905556289424125e-07
235, 649, 1.9656126824043083e-07
583, 738, 1.7526739073127752e-07
1037, 1244, 1.7299920171603966e-07
304, 656, 1.701283676495254e-07
780, 1343, 1.5740075207354657e-07
340, 591, 1.5684203100889215e-07
183, 312, 1.548172096740482e-07
1037, 1196, 1.5162416278369954e-07
239, 726, 1.511134372975337e-07
178, 575, 1.5025567753034968e-07
780, 1285, 1.4624205751501892e-07
1043, 1244, 1.4495995563155207e-07
340, 747, 1.4060726872920254e-07
1043, 1285, 1.392056429963814e-07
183, 245, 1.321186731131684e-07
1043, 1196, 1.2996503281968596e-07
294, 575, 1.2749145023058053e-07
604, 738, 1.24682733841117e-07
340, 494, 1.2349954188401998e-07
1032, 1925, 1.1792888208144868e-07
178, 711, 1.1558657637017081e-07
340, 633, 1.152403600235076e-07
1032, 1835, 1.1190979000355859e-07
583, 763, 1.1113072381609165e-07
367, 631, 1.0452867204534735e-07
235, 330, 1.0235844697005068e-07
483, 729, 9.816063190652532e-08
268, 575, 9.52619865246262e-08
91, 300, 9.387826166686145e-08
183, 649, 9.12964546102959e-08
780, 1244, 9.031674377567555e-08
239, 309, 8.830506031628511e-08
207, 309, 8.737894273708817e-08
294, 711, 8.680766441934782e-08
1037, 1466, 8.374247301801305e-08
139, 729, 8.357201719403877e-08
264, 729, 8.24659785498586e-08
612, 726, 8.245767620814919e-08
239, 582, 8.159193810500016e-08
207, 726, 7.852087473527362e-08
91, 726, 7.826731633388825e-08
235, 631, 7.823395617514116e-08
264, 360, 7.704927159031134e-08
139, 396, 7.499369602227495e-08
780, 1196, 7.308620068031957e-08
264, 396, 7.244187468398903e-08
981, 1196, 7.239952636543153e-08
583, 1224, 7.202288940689446e-08
604, 763, 6.865511211909945e-08
268, 711, 6.665765035818388e-08
260, 726, 6.61404062573101e-08
819, 1074, 6.506645452657226e-08
583, 1074, 6.224703426000904e-08
1092, 1162, 5.9287523578001074e-08
264, 345, 5.857670888340802e-08
239, 312, 5.836884603155747e-08
770, 1074, 5.802418802588063e-08
264, 384, 5.5383084656075286e-08
466, 726, 5.25225031102027e-08
1022, 1503, 5.094698704931795e-08
466, 582, 4.966468111907875e-08
770, 1224, 4.9004203139772654e-08
1019, 1503, 4.8831664039083115e-08
139, 384, 4.826108133868024e-08
819, 1224, 4.8202215048399406e-08
1032, 1778, 4.791186181873166e-08
506, 726, 4.746073528393169e-08
316, 603, 4.669490872190157e-08
981, 1244, 4.643320881460009e-08
207, 312, 4.639555847376425e-08
139, 360, 4.5982289739058134e-08
91, 245, 4.430128489638476e-08
139, 345, 4.365360671054341e-08
506, 582, 4.102470442110726e-08
207, 582, 3.822666847825918e-08
91, 582, 3.809864729349194e-08
367, 494, 3.781771976649879e-08
1043, 4357, 3.775332131095807e-08
604, 1074, 3.7725717381406676e-08
183, 631, 3.701733741146566e-08
239, 649, 3.645440657954156e-08
1032, 1509, 3.627744841688922e-08
260, 582, 3.604148674118295e-08
91, 309, 3.584621286704527e-08
178, 656, 3.575488226545259e-08
367, 591, 3.5515235742746135e-08
2340, 4357, 3.5058868859914784e-08
446, 729, 3.502324533161964e-08
367, 747, 3.130550491555344e-08
483, 738, 3.077181202885922e-08
235, 747, 3.043446156861196e-08
367, 633, 2.9917321901553105e-08
1037, 1213, 2.934325339826322e-08
235, 340, 2.8930562022558098e-08
304, 726, 2.8441046227653837e-08
235, 591, 2.8109948196523702e-08
294, 656, 2.7398685169834415e-08
26, 603, 2.6379138772978073e-08
139, 738, 2.5962594774793407e-08
264, 738, 2.592584170522805e-08
264, 347, 2.4922409104147728e-08
1043, 1213, 2.4464578197709536e-08
183, 330, 2.4197436995699563e-08
397, 1897, 2.367875488292383e-08
412, 1897, 2.3625291142573782e-08
235, 494, 2.3184987498678192e-08
235, 633, 2.312537251326932e-08
139, 411, 2.2864805553618644e-08
264, 411, 2.2640260919793276e-08
49, 603, 2.2211028622937158e-08
268, 656, 2.1496849539790803e-08
749, 1116, 2.028204517701329e-08
340, 779, 2.0187698124728088e-08
91, 312, 1.980455152237029e-08
316, 544, 1.9452080576970134e-08
483, 763, 1.9195877467246117e-08
239, 330, 1.8867898598704286e-08
264, 763, 1.806202502448152e-08
738, 811, 1.8001764610731907e-08
91, 649, 1.7818831421192997e-08
139, 763, 1.7783331772968202e-08
207, 649, 1.7744950815849236e-08
340, 729, 1.6972052162662313e-08
260, 811, 1.6647986746007212e-08
139, 347, 1.6611164261755298e-08
304, 582, 1.6143973864087787e-08
260, 649, 1.5444936585808466e-08
612, 811, 1.496881376992824e-08
239, 631, 1.4465911197720214e-08
183, 747, 1.442892480604381e-08
506, 649, 1.4054663686178127e-08
304, 914, 1.3981565211859068e-08
780, 2589, 1.3713376999136049e-08
183, 591, 1.3375052688222651e-08
466, 649, 1.3076727036302706e-08
466, 811, 1.2962152437566607e-08
178, 300, 1.2480305814762067e-08
367, 843, 1.2004904978215294e-08
91, 168, 1.1802872018069638e-08
506, 811, 1.1340768198864768e-08
183, 633, 1.0899116882684092e-08
446, 738, 1.0469357563563357e-08
367, 850, 1.0395590433938894e-08
207, 811, 1.0338528997601512e-08
26, 544, 9.860067297858206e-09
183, 494, 9.530322207531005e-09
49, 544, 8.17772540199316e-09
304, 811, 8.096763466809952e-09
207, 631, 7.595561085244608e-09
91, 631, 7.476726107139995e-09
506, 631, 7.132805915059211e-09
446, 763, 7.071307292073592e-09
183, 340, 6.982749329404371e-09
304, 649, 6.424753513727223e-09
207, 330, 6.347152312546511e-09
178, 726, 6.228576970170473e-09
260, 631, 6.227472225496359e-09
239, 340, 5.681345527924358e-09
239, 747, 5.665164515267541e-09
340, 738, 5.311395890106906e-09
239, 591, 5.294626809242578e-09
91, 187, 5.188055126574162e-09
466, 631, 5.074929022056041e-09
367, 779, 4.8523080831733025e-09
294, 726, 4.54895944506499e-09
235, 779, 4.531362730685111e-09
340, 411, 4.396235938714221e-09
239, 494, 4.351182072266316e-09
239, 633, 4.273790038682123e-09
178, 309, 4.211701050228997e-09
12, 603, 4.124560235368162e-09
235, 345, 4.097467665211694e-09
316, 575, 4.080969420474169e-09
367, 729, 3.9770577640533974e-09
91, 330, 3.836170907519e-09
235, 396, 3.80403469989832e-09
340, 763, 3.787866920376982e-09
235, 729, 3.72227668399913e-09
264, 377, 3.5122564271343027e-09
506, 591, 3.4758892507397334e-09
268, 726, 3.46826057347326e-09
235, 360, 3.352887738925344e-09
178, 582, 3.113191810276863e-09
178, 245, 3.0662254016102446e-09
139, 975, 3.0150707907434687e-09
207, 747, 2.9047656284149282e-09
91, 747, 2.8664639713879794e-09
2441, 4357, 2.7249029724392847e-09
235, 384, 2.614598930322039e-09
260, 330, 2.573267185572501e-09
294, 582, 2.569864409376453e-09
91, 591, 2.545101431866336e-09
207, 591, 2.5154397466391135e-09
304, 631, 2.501946198491012e-09
466, 591, 2.472258346704848e-09
316, 711, 2.4484544445374414e-09
260, 747, 2.3801723503069055e-09
139, 377, 2.344756371234325e-09
260, 591, 2.2865805360130847e-09
178, 312, 2.2433280421614183e-09
183, 779, 2.220686586310141e-09
26, 575, 2.1742624627609135e-09
207, 633, 2.1305952883744912e-09
612, 747, 2.116256786832086e-09
91, 633, 2.1041471119019775e-09
1037, 1722, 2.051105472258331e-09
268, 582, 1.9650933702346862e-09
207, 494, 1.959674023807451e-09
260, 494, 1.8456790723269227e-09
183, 729, 1.8335710473329888e-09
49, 575, 1.825683937257713e-09
91, 494, 1.7567890968813961e-09
260, 633, 1.7453631760606178e-09
506, 633, 1.695306328184355e-09
207, 340, 1.6944737420760703e-09
1043, 1722, 1.6906455951092555e-09
506, 747, 1.6545779045751767e-09
183, 396, 1.6521723347018122e-09
466, 747, 1.5753466011862573e-09
12, 544, 1.512693130209132e-09
235, 347, 1.5092983967884502e-09
780, 1213, 1.4880146733791966e-09
26, 711, 1.4066701446980085e-09
466, 633, 1.3804064299044414e-09
178, 649, 1.345398806169395e-09
260, 340, 1.3024932348607966e-09
367, 738, 1.2233723951376142e-09
981, 1722, 1.2172514756832441e-09
91, 340, 1.1943677317849353e-09
49, 711, 1.1838445174459343e-09
235, 411, 1.1742589379116033e-09
235, 738, 1.1573648927565195e-09
183, 360, 1.100511274055432e-09
183, 384, 1.0875228133714948e-09
183, 345, 1.05214087830446e-09
294, 649, 9.605024060085104e-10
304, 747, 8.884744479051902e-10
304, 591, 8.644473399232938e-10
819, 1364, 8.6193536753358e-10
239, 779, 8.452762550491434e-10
367, 763, 8.385566259176492e-10
239, 345, 8.185832234910582e-10
178, 811, 8.129689479183704e-10
316, 656, 7.988366711208968e-10
235, 763, 7.939048297357613e-10
304, 494, 7.764781186417155e-10
239, 396, 7.226709004997889e-10
304, 633, 7.161828060020892e-10
604, 1364, 6.732191536090921e-10
239, 360, 6.689095585191865e-10
264, 406, 6.294269802127038e-10
294, 811, 6.172282394600019e-10
139, 406, 6.167815833926596e-10
178, 631, 5.488131555772931e-10
239, 729, 5.392812520329948e-10
183, 411, 5.25609234506379e-10
239, 384, 5.036026438579145e-10
268, 811, 4.990636960998397e-10
91, 779, 4.286558814414754e-10
207, 779, 4.186182360111251e-10
183, 738, 4.1783766523047813e-10
183, 347, 3.995409764474848e-10
178, 330, 3.603120198810327e-10
260, 779, 3.6015363351708974e-10
207, 396, 3.4223634838405095e-10
12, 575, 3.107997949887145e-10
239, 347, 3.027420472172047e-10
207, 729, 2.7933286165658296e-10
91, 729, 2.772953656403052e-10
260, 360, 2.763075192908542e-10
183, 763, 2.698529546490014e-10
91, 396, 2.6944063675014573e-10
612, 729, 2.6075239694905287e-10
260, 396, 2.535597925366914e-10
207, 345, 2.4675245417786956e-10
260, 345, 2.3933052002065623e-10
612, 779, 2.3434826457166044e-10
207, 360, 2.338523955229339e-10
207, 384, 2.2127306325685493e-10
239, 411, 2.1984780822328833e-10
466, 779, 2.154826552766924e-10
583, 889, 2.1245263834985768e-10
506, 779, 2.085329902824186e-10
91, 360, 1.9054949230212696e-10
260, 384, 1.8979572954352608e-10
91, 345, 1.8363179031598592e-10
91, 384, 1.7630577682105185e-10
446, 818, 1.6826908122429877e-10
178, 747, 1.6535737373501632e-10
483, 1074, 1.6484883232235934e-10
239, 738, 1.61208084130262e-10
304, 396, 1.5643149498483653e-10
604, 889, 1.3818187680634386e-10
264, 1074, 1.3748073720610252e-10
235, 377, 1.359227393430735e-10
91, 170, 1.3387989284778842e-10
304, 779, 1.32504122674816e-10
178, 494, 1.1368794122297789e-10
207, 411, 1.0589540251588087e-10
178, 340, 1.055256477306015e-10
264, 404, 1.0482511894766262e-10
239, 763, 1.0452025137387572e-10
446, 921, 1.0385810537329459e-10
139, 404, 1.0147641985830356e-10
26, 300, 1.0083008274960476e-10
294, 494, 1.0027815329362363e-10
260, 347, 9.936839871145027e-11
340, 818, 9.704391365506405e-11
207, 347, 9.244354957952283e-11
49, 300, 9.033727841278537e-11
91, 411, 8.690955389007584e-11
340, 406, 8.318686997385285e-11
260, 411, 7.985130960182746e-11
304, 384, 7.870282259439867e-11
268, 494, 7.763606163166942e-11
268, 330, 7.299180617238805e-11
91, 347, 7.004368282694692e-11
583, 881, 6.977396044901691e-11
446, 1074, 6.865561080428566e-11
340, 921, 5.958898150667378e-11
304, 411, 5.423323193281426e-11
183, 377, 5.406779949369913e-11
749, 921, 5.336896792827163e-11
483, 846, 5.220777167179072e-11
268, 340, 4.719734060758576e-11
604, 881, 4.658520732806745e-11
819, 881, 4.5091815247126273e-11
340, 1074, 4.4921526804622965e-11
268, 649, 4.470455885185976e-11
264, 846, 4.3889334640731925e-11
26, 245, 4.346253239056443e-11
49, 245, 3.84165705960082e-11
26, 309, 3.755380120570672e-11
26, 656, 3.5945874592562256e-11
91, 154, 3.577537276764752e-11
49, 309, 3.457107968560508e-11
26, 91, 3.44463348031134e-11
294, 631, 3.2310426714082854e-11
235, 406, 3.126504282865261e-11
49, 656, 3.027086061706571e-11
749, 1074, 2.742730409513272e-11
239, 377, 2.6369088387034053e-11
294, 396, 2.5629312815162748e-11
178, 396, 2.5389920883046467e-11
749, 818, 2.0847892462248985e-11
268, 631, 2.0578049384050507e-11
26, 312, 2.050196515037212e-11
178, 591, 1.9124515135501477e-11
49, 312, 1.8973461921410706e-11
178, 360, 1.695416165333407e-11
294, 384, 1.6674186535601975e-11
178, 384, 1.6603537615742368e-11
178, 345, 1.602074953316698e-11
446, 944, 1.500244400459017e-11
268, 360, 1.487978715669612e-11
268, 396, 1.4844725345759607e-11
12, 300, 1.442605782746123e-11
183, 406, 1.3856040380805159e-11
294, 591, 1.3337274875395892e-11
749, 972, 1.2134231727149251e-11
12, 711, 1.1973514603570077e-11
260, 377, 1.1841964767147974e-11
12, 91, 1.1807459360047284e-11
340, 404, 1.1583292339975814e-11
268, 384, 1.1576102396635218e-11
49, 168, 1.1261576193325285e-11
207, 377, 1.0924061136875784e-11
412, 774, 1.084931985935678e-11
260, 729, 1.0641648322900524e-11
367, 1074, 1.0432071156732468e-11
397, 774, 1.0401401079660792e-11
268, 345, 9.776019432627634e-12
26, 168, 9.745292183811445e-12
268, 591, 9.233233725208902e-12
26, 112, 9.200526872774111e-12
340, 944, 8.934695753809453e-12
91, 377, 8.86479339140534e-12
466, 729, 8.608627218098029e-12
934, 1074, 8.49224803043741e-12
575, 711, 8.257950157507192e-12
178, 411, 8.185203049403974e-12
316, 582, 8.086366427881293e-12
294, 411, 7.619393842641569e-12
506, 729, 7.460634384504345e-12
12, 245, 6.681916498169127e-12
178, 347, 6.100168619420103e-12
294, 360, 6.014667598130533e-12
239, 406, 5.87332160307857e-12
316, 726, 5.474250647078445e-12
12, 309, 5.427084861463583e-12
294, 747, 5.369342728635525e-12
235, 404, 5.127429293261472e-12
304, 729, 4.698296900979e-12
268, 411, 4.590286778611827e-12
268, 347, 4.268400053453991e-12
26, 726, 3.953281410047853e-12
26, 330, 3.706466145323389e-12
268, 747, 3.656129665650937e-12
304, 377, 3.4104168114086678e-12
49, 330, 3.3550311197558118e-12
316, 494, 3.115808576687914e-12
483, 939, 3.0166961807987127e-12
12, 312, 2.983794812704503e-12
207, 406, 2.8382385010426226e-12
264, 939, 2.6820914858834984e-12
49, 187, 2.6602468569087174e-12
26, 187, 2.6562364299047686e-12
466, 738, 2.5106593239059132e-12
26, 125, 2.4717916129754298e-12
260, 738, 2.4317233042684955e-12
49, 112, 2.403489998123738e-12
367, 972, 2.3060967492244913e-12
91, 406, 2.2857790410922077e-12
183, 404, 2.2637413312432787e-12
612, 738, 2.242285970482429e-12
260, 406, 2.208071497155032e-12
260, 763, 1.6047871481813023e-12
304, 406, 1.555055428844694e-12
26, 494, 1.4693737903616352e-12
506, 763, 1.4672413132975763e-12
12, 112, 1.4666019671899504e-12
466, 763, 1.4555291697304991e-12
49, 125, 1.43417721356427e-12
12, 168, 1.3314922008605157e-12
49, 494, 1.219139278290768e-12
26, 340, 1.1486509449615297e-12
612, 763, 1.0653668323252533e-12
26, 582, 9.965865350467242e-13
49, 340, 9.944015868275339e-13
239, 404, 9.650169699067244e-13
294, 377, 8.642855798283685e-13
49, 582, 8.503555316618934e-13
12, 82, 8.357765711118737e-13
178, 377, 8.273353183666006e-13
26, 117, 7.954459544085416e-13
268, 377, 7.40400268526126e-13
12, 75, 7.148172960399719e-13
749, 980, 6.681345671159676e-13
316, 396, 6.292664333157695e-13
12, 330, 5.679448952891223e-13
207, 404, 4.659599635926698e-13
12, 187, 3.9115726567136716e-13
483, 774, 3.7346889029343794e-13
91, 404, 3.7279936203415486e-13
260, 404, 3.6700003238336615e-13
316, 411, 3.116030354590484e-13
12, 125, 3.039931887773622e-13
264, 774, 2.930793088190513e-13
26, 396, 2.908861188516353e-13
49, 117, 2.882442727326925e-13
583, 774, 2.7973478630526175e-13
49, 396, 2.6067494283652736e-13
304, 404, 2.5940524263206417e-13
12, 494, 2.2489149794750895e-13
294, 406, 2.2352310557884705e-13
178, 406, 2.151395225054311e-13
316, 384, 2.1276427957476556e-13
26, 360, 1.9505605238001753e-13
26, 384, 1.9258328650944418e-13
26, 131, 1.9217555960309514e-13
26, 345, 1.7818605926639212e-13
12, 340, 1.777641979607415e-13
49, 384, 1.681888580753766e-13
49, 360, 1.6060643350767888e-13
446, 774, 1.51466974412208e-13
49, 345, 1.5094020282495886e-13
49, 131, 1.496984356748365e-13
12, 582, 1.419400441918432e-13
268, 406, 1.2832064269707397e-13
294, 633, 1.243586609477908e-13
49, 170, 1.1368085736243547e-13
12, 117, 1.1187258487210346e-13
49, 154, 1.082465616863914e-13
26, 170, 1.001644171823519e-13
26, 411, 9.198914678035918e-14
26, 154, 8.546810904368484e-14
49, 411, 8.003349489024963e-14
189, 544, 7.379370141172131e-14
316, 591, 6.904545548473001e-14
26, 347, 6.832800322692393e-14
49, 347, 5.745073563912005e-14
49, 152, 4.731508782122662e-14
12, 396, 4.3804870390051726e-14
26, 591, 3.862925319200393e-14
294, 404, 3.7895514252921284e-14
26, 152, 3.7428682319459197e-14
178, 404, 3.50865038358718e-14
49, 591, 3.334556254922481e-14
12, 360, 2.9372428960256976e-14
12, 384, 2.818913796012955e-14
12, 345, 2.7510552883971658e-14
207, 738, 2.7395164412016186e-14
91, 738, 2.6926035560197745e-14
183, 878, 2.3213731654882833e-14
12, 131, 2.262400189425918e-14
268, 404, 2.1420163493407945e-14
235, 843, 1.8631367066311053e-14
49, 726, 1.6342145247546873e-14
235, 850, 1.6122821339609784e-14
12, 411, 1.4338997287864346e-14
12, 170, 1.3790198864011021e-14
178, 874, 1.2803329180516683e-14
12, 154, 1.1027601650096251e-14
12, 347, 1.0522392606471198e-14
26, 377, 9.587233313486367e-15
183, 843, 8.956177225733953e-15
239, 878, 8.513748027907309e-15
49, 377, 8.182804730530149e-15
316, 406, 8.147298154234814e-15
91, 763, 7.90614919666546e-15
207, 763, 7.805338990989307e-15
12, 591, 5.971988400080446e-15
189, 300, 5.931541003967128e-15
12, 152, 4.777622314874043e-15
178, 914, 4.491761577947335e-15
189, 575, 3.973909894209057e-15
178, 633, 2.751557105348443e-15
26, 406, 2.410653656277495e-15
49, 406, 2.134524141010818e-15
189, 309, 1.937670890661729e-15
26, 133, 1.6557020591207921e-15
49, 133, 1.4034848300212543e-15
12, 377, 1.401102582370744e-15
316, 404, 1.2909456872556998e-15
189, 312, 1.0135229475499268e-15
26, 404, 3.94409727146109e-16
12, 406, 3.7263033349661417e-16
49, 404, 3.5104700651878813e-16
12, 133, 1.9404768920986505e-16
189, 330, 1.5222809206023619e-16
12, 404, 5.895467538675212e-17
189, 340, 4.317044523796789e-17
294, 874, 1.1170326953237358e-17
189, 396, 9.431106816188459e-18
397, 792, 7.866308672443742e-18
412, 792, 7.799801977430737e-18
268, 874, 7.734210703641728e-18
189, 360, 6.598472389292913e-18
189, 345, 6.461209177353895e-18
189, 384, 6.38810281976022e-18
189, 411, 2.5158232578033015e-18
189, 347, 2.443407882918105e-18
294, 914, 1.8747885436439473e-18
268, 633, 1.5675538922140144e-18
268, 914, 1.2335711076158495e-18
189, 603, 5.755537988079225e-19
316, 649, 4.596942216962167e-19
12, 656, 4.542550704829885e-19
189, 377, 3.2325394263558575e-19
483, 792, 2.695238890465025e-19
264, 792, 2.1933745895370574e-19
583, 792, 1.9967150003031424e-19
446, 792, 1.1230566454094172e-19
604, 792, 9.219508292385488e-20
189, 406, 7.977431681210093e-20
189, 494, 2.082072163381056e-20
189, 404, 1.311692992983997e-20
