Gene = HACD4
index = 637
Annotated 5SS: [   84  2342  5041 15739 20048 23616]
Annotated 3SS: [ 2237  4912 15625 19940 23489 24516]
SMsplice 5SS: [   84  1814  2342  5041 13688 13828 15739 20048 23616]
SMsplice 3SS: [ 1726  2150  4912 13633 13756 15625 19940 23489 24516]
length: 32122
Partition function (logZ) = 1.5927484889484473
#Introns = 1697
5SS, 3SS, prob
13688, 13756, 0.6184834970033014
15739, 19940, 0.529299603718129
5041, 13633, 0.5144725335036145
13828, 15625, 0.484995495602058
2342, 4912, 0.48420917315474427
1814, 2150, 0.3129533394887892
508, 1726, 0.26544053121148226
23616, 24516, 0.24164263524730034
84, 303, 0.2268330536526403
13859, 15625, 0.22388096926462986
13688, 15625, 0.22285387050214794
20048, 23489, 0.21465907123261932
84, 1726, 0.20932105457665665
22311, 23489, 0.20508471508140175
20048, 20853, 0.17228626338336664
873, 1726, 0.1716598468112029
1814, 2237, 0.16578693304922984
19588, 19940, 0.16241545066993532
21402, 23489, 0.15125873180182034
2342, 13633, 0.14313864110535626
23616, 23694, 0.14009359215321923
20912, 23489, 0.1331849543659726
5328, 13633, 0.1324161047162685
2342, 2728, 0.12815468237929845
20048, 20153, 0.11455022944270095
84, 189, 0.10908683997858563
237, 1726, 0.09892754188809084
547, 1726, 0.09613898520432476
5041, 5147, 0.09560679970200715
20048, 20197, 0.09328252785099557
2974, 4912, 0.0901477776517636
237, 303, 0.08983455804799999
20048, 22226, 0.08480348618638693
2061, 2150, 0.082766151918961
84, 399, 0.0767570883344277
23616, 24786, 0.0765327223989399
508, 673, 0.07302061180354694
23616, 24157, 0.07041567953054866
16818, 19940, 0.06884048239224393
84, 376, 0.06540238219813171
1902, 2150, 0.06444469261491204
1868, 2150, 0.06145198138316998
20048, 21233, 0.057573905973230255
15739, 19467, 0.05729717618077068
9671, 13633, 0.05401462994257432
84, 673, 0.05335918127429638
15739, 19346, 0.05335580770022201
20293, 23489, 0.05124324357698114
21402, 22226, 0.05025243787282703
2753, 4912, 0.05003389409934518
15739, 19895, 0.04981868610883797
15739, 16240, 0.04924356626742216
23900, 24516, 0.04910205164493118
20048, 21316, 0.04461308409672332
24652, 24786, 0.04435331236665063
20912, 22226, 0.044295748702154004
16436, 19940, 0.04428118381639639
237, 399, 0.04261575001027694
1814, 1974, 0.04207200914291281
237, 376, 0.0419605405786938
23616, 24535, 0.040890780334949896
24885, 29447, 0.04041951484955525
20912, 21233, 0.03954011770294
23616, 29447, 0.03864137668596325
547, 673, 0.038394287280752344
20293, 20853, 0.03784312609277522
15739, 16723, 0.03712446201799776
999, 1726, 0.036795931570091686
2974, 13633, 0.03605843058105876
5041, 9529, 0.035644796261273856
20048, 20674, 0.03444166113298963
24202, 24516, 0.0342435583440164
15739, 19431, 0.03266575918884984
1878, 2150, 0.03125522209210653
1902, 2237, 0.030541333895471683
15739, 16597, 0.030273139723783298
1868, 2237, 0.030004338400495274
21725, 23489, 0.029939915393629748
2342, 2893, 0.028482328202039435
13294, 13633, 0.02807879113667644
23616, 24000, 0.027230161262631333
15739, 19500, 0.026661391755706577
23616, 29423, 0.026580254179250466
24885, 30056, 0.026477931217962162
24885, 29423, 0.026285604328102827
20912, 21316, 0.025963377142906155
2056, 2150, 0.025033614517096934
16691, 19940, 0.02452784385418489
24670, 24786, 0.023655336065537314
5041, 12985, 0.02355758074720295
20048, 21330, 0.02334734324202157
237, 673, 0.022753003191998106
2736, 4912, 0.022738270682170537
23616, 30056, 0.022454166020720527
2342, 2466, 0.022242104360344895
24885, 28225, 0.021514655132938532
24885, 28464, 0.02097439947201746
23616, 28225, 0.020603187376217837
2061, 2237, 0.020365965080556492
13828, 19940, 0.020286207571769806
3276, 4912, 0.020263793071133115
23616, 28464, 0.02006992543183258
20410, 23489, 0.019693652683324722
1814, 4912, 0.019462754296277935
24885, 25150, 0.019417838014108072
1814, 1932, 0.019168783472803035
11930, 13633, 0.019000295277015772
24321, 24516, 0.018876240806503564
1814, 1990, 0.018677936060769278
24270, 24516, 0.018535497062876997
2342, 4292, 0.017971746611142807
20293, 22226, 0.017930668097077797
5041, 13756, 0.01779600486945413
23900, 24157, 0.017634005997034317
23900, 24000, 0.01746743988016562
5041, 13725, 0.017454202479092948
23301, 23489, 0.017278314651786197
25271, 29447, 0.017047461584079427
5041, 11691, 0.015927940854378722
24885, 28951, 0.01580088275502447
1868, 1974, 0.015698941288426548
19588, 19895, 0.015597411356034013
20048, 21153, 0.015421700957719648
20410, 20853, 0.01535789616190694
2342, 4842, 0.01528609479600103
24885, 25884, 0.015104186352546466
1878, 2237, 0.015039685606807034
15739, 16635, 0.014907307915278098
2151, 2237, 0.01489897949744733
2753, 13633, 0.01445105678098016
20048, 21659, 0.014399696289319835
1825, 2150, 0.014277988819727586
1538, 1726, 0.014136994424285388
16299, 19940, 0.013830796522328475
20912, 21330, 0.0137566720920446
22311, 24516, 0.013580438698108668
20632, 20853, 0.013470694913592027
23616, 28951, 0.013429571682286532
21759, 23489, 0.013390991798548801
26011, 29447, 0.013375391356236926
21402, 21659, 0.013362650230187366
20912, 21153, 0.013091824918373482
24885, 25155, 0.013084058515336611
2342, 4870, 0.013071139879645609
5041, 5258, 0.01299587383785423
23900, 24786, 0.012454811361651587
23616, 23787, 0.012303559773986271
20632, 23489, 0.0122811639738187
24885, 25215, 0.012172359867667465
20048, 20324, 0.01214110114787169
23616, 25884, 0.012082613300345034
22595, 23489, 0.01187556883733807
24885, 29013, 0.011870847540745784
20048, 24516, 0.0117684051437024
25271, 29423, 0.01172644198726077
24652, 24747, 0.01116248072501564
24885, 28150, 0.01113641759471771
21725, 22226, 0.011132805845902038
20293, 21233, 0.010916691576155425
1550, 1726, 0.010895366233388718
21067, 23489, 0.01086036847805876
17721, 19940, 0.010805250510226629
508, 2150, 0.010788895181954498
20048, 20563, 0.010694004314301672
5041, 5123, 0.010683619074143303
23616, 24747, 0.010648442703226972
2342, 2635, 0.01029637751292434
1814, 2280, 0.010258279369741925
2342, 9529, 0.010185251209581653
23616, 29013, 0.010089334909294674
20048, 20790, 0.010047602955438587
20304, 23489, 0.010017174988157873
5041, 15625, 0.009963131058581664
13688, 13779, 0.009800191170377942
23616, 25150, 0.009756970029920714
25271, 30056, 0.009608599216715792
21402, 24516, 0.009515874205567997
23616, 28150, 0.009359679094543459
26011, 29423, 0.00920053405149182
1902, 1974, 0.009119119578724673
24885, 28168, 0.009109598869532087
25271, 28225, 0.009074088549519618
873, 2150, 0.008890304892600108
25271, 28464, 0.00884622862444594
2342, 5147, 0.008681273689804378
20048, 20457, 0.008644726449946223
508, 751, 0.008496604862556302
20912, 21659, 0.008486298666549303
1878, 1974, 0.00847558907554352
4580, 4912, 0.00824065839354856
23900, 24535, 0.008211228492412116
20304, 20853, 0.008134809311130293
20912, 24516, 0.0080341377473639
15824, 19940, 0.008010995391557574
21473, 23489, 0.008005370399781728
23616, 25215, 0.007844067148098908
13859, 19940, 0.007833609860859476
23264, 23489, 0.007804194712477303
23616, 27140, 0.007792751324302262
23616, 28168, 0.007690504686762112
24885, 27140, 0.0076874059053185445
1825, 2237, 0.007602321780623222
2342, 2632, 0.0075549849700207086
4406, 4912, 0.007531710725487768
24885, 24986, 0.007482547520017083
15739, 19817, 0.00742483797911898
1902, 1990, 0.007343703509133531
24885, 25950, 0.007323890520932175
15739, 17623, 0.0072766126817182175
23616, 27068, 0.007272346761874626
24885, 27068, 0.0071690573670919735
25271, 25884, 0.0071628182205041736
26011, 28225, 0.007119504857211105
1814, 2052, 0.007107669905448604
15739, 16094, 0.007089688592837143
20293, 20674, 0.007063030689835452
26011, 28464, 0.006940726588245271
24885, 25168, 0.006923736227292715
2342, 3178, 0.0069052203206518056
5328, 9529, 0.006879345384479927
20048, 21683, 0.0068530372242981644
20410, 22226, 0.006837460521189713
84, 751, 0.006819394877297868
23616, 25155, 0.006504814926580466
24885, 25137, 0.00648913794773206
2342, 2679, 0.006481472400199255
24652, 29447, 0.006439110046688486
508, 2237, 0.006277855229235468
24885, 25199, 0.006064531513292502
23616, 30391, 0.005998628822847034
15739, 16299, 0.005966780642957844
415, 1726, 0.00596573774197931
28226, 28464, 0.005963267282092606
2056, 2237, 0.005955768956555007
20048, 20392, 0.0058989050325401835
24202, 24535, 0.005846035062691004
25271, 28951, 0.00573399592338056
21402, 21683, 0.005732573112849023
23616, 25950, 0.005714912912396278
26011, 30056, 0.005667065921336773
23616, 24112, 0.005634854324780477
20048, 20721, 0.00560002694624679
84, 1495, 0.005542532538353704
13688, 19940, 0.005520927534819484
23616, 26066, 0.005519808504503037
16818, 19895, 0.00548763102111692
2342, 3095, 0.005479905396223079
24885, 26066, 0.005437770737250101
1868, 1990, 0.005388827410136836
15739, 20853, 0.005340224250832676
13828, 15632, 0.005340111755477665
23616, 28393, 0.005294693684228145
84, 193, 0.005237363141442799
873, 2237, 0.005171739044892034
20293, 21316, 0.005097120791715889
344, 1726, 0.004957516836052741
2342, 4706, 0.004929267001998494
24202, 24786, 0.004920568128243004
84, 425, 0.004918396898293425
21759, 22226, 0.004916852856993491
2342, 2834, 0.004916360158561921
3929, 4912, 0.004869254899297654
24885, 28667, 0.004866820968136213
20048, 23253, 0.004858095930384454
2753, 2893, 0.004794368248968942
84, 815, 0.004766514598614507
508, 1495, 0.004682965061568596
1814, 2728, 0.004662955496131201
16818, 19346, 0.00460887528664508
20778, 20853, 0.0045757141572879394
24885, 28393, 0.004529929584496265
2342, 12985, 0.004521210389473497
23616, 28667, 0.0045177074360280445
22311, 22521, 0.004508863494425284
5328, 13756, 0.004458059105858626
20048, 23079, 0.004440268071865228
24054, 24516, 0.004384752470244161
4533, 4912, 0.004380387578509149
508, 815, 0.00433096958202181
4599, 4912, 0.004303878528383768
20632, 22226, 0.0042935170776810935
24885, 26386, 0.004243921605644133
16436, 16597, 0.004151928705827266
15739, 23489, 0.004144893634741806
24054, 24157, 0.004100589839527331
22311, 23253, 0.004050070662787255
2342, 2805, 0.0040041549600496615
15739, 16139, 0.004003459670275164
28226, 29447, 0.003960876617151868
22311, 23079, 0.0039208478206651754
16436, 16723, 0.003917026003050998
20048, 20566, 0.0039095672203994
547, 2150, 0.0038951013427058656
20912, 21683, 0.0038822754538989077
21067, 22226, 0.0038481635318279245
15739, 16186, 0.0038247684941881146
15739, 19226, 0.0038177073567051602
20410, 20674, 0.003699514447571318
23616, 26386, 0.003619568605506149
20304, 22226, 0.0035913546585857412
23900, 29447, 0.00352121553125399
20293, 20392, 0.0034870191511937407
25271, 27140, 0.003429478670378736
24652, 28225, 0.003427434310708132
2065, 2150, 0.003427069815026224
2342, 3802, 0.003404410590884223
26011, 28951, 0.003381859536189578
13688, 13799, 0.003368514801357009
25271, 28150, 0.0033657719257649374
23769, 24516, 0.0033465125203930276
20048, 24157, 0.003316457015465369
23616, 25199, 0.0033072793582863205
21473, 22226, 0.0033061018668525434
2342, 13756, 0.0032814178779672107
24885, 30391, 0.0032346415499060416
22311, 24157, 0.0032210562149166833
25271, 27068, 0.0031982348310960794
1367, 1726, 0.0031954844960490657
547, 751, 0.0031885006749461037
1878, 1990, 0.0031670764324874495
2974, 4292, 0.0031633239938361046
24885, 25762, 0.003152272286252489
25271, 29013, 0.0030892984779482603
2342, 11691, 0.003072354422637047
16436, 19346, 0.003043666358922124
15739, 19849, 0.0030181131305756265
20293, 21659, 0.0030102062554101467
23616, 26973, 0.0029839554548795146
23616, 25168, 0.0029540617591704175
25271, 25950, 0.0029496471843025356
237, 751, 0.0029429836131975363
20293, 21153, 0.00292179592256227
13828, 15666, 0.0029140220828903036
20048, 22521, 0.0029001921608743735
2342, 2854, 0.0028941846151870534
2342, 5258, 0.0028343082611131925
21402, 23253, 0.002830902529017249
24885, 26582, 0.0028109910181585936
20293, 24516, 0.002768123236468647
23616, 26582, 0.0027536098690153447
24270, 24535, 0.002748347950294476
21067, 21153, 0.0027356231338801903
24321, 24535, 0.002732864832557233
17212, 19940, 0.002725687250420759
20048, 20581, 0.0026945759688351343
873, 1495, 0.002645773573245553
20293, 20563, 0.0026428045300334506
21402, 23079, 0.002632207038030891
25271, 28168, 0.0026228650556382152
5041, 5205, 0.00261978733739043
20651, 20853, 0.002597996095657985
19588, 19817, 0.002575626407920822
237, 425, 0.002570644950646154
24885, 26973, 0.002544100705372224
25271, 26066, 0.002529057973973392
2342, 4772, 0.002523331398386134
20912, 23253, 0.0025132901732402998
23616, 25137, 0.002444798810660469
20048, 20544, 0.0024418549891891154
20912, 23079, 0.0024364942984396155
15739, 22226, 0.0024323993775203136
20293, 20457, 0.0024207100698726714
84, 2150, 0.002419835167885986
2342, 2554, 0.0024198132123415587
24652, 28464, 0.002385430366595209
21970, 22226, 0.0023652690004336433
20048, 20199, 0.0023395309074440355
84, 270, 0.0023096206037012306
23616, 25762, 0.002286910034531444
237, 2150, 0.00228124423865667
237, 1495, 0.0022760776166032563
547, 2237, 0.0022661814973864215
21402, 24157, 0.002225443029377593
20048, 23694, 0.0021725192434372295
20048, 22150, 0.0021453212422459563
22311, 23694, 0.002145060147876288
2238, 2728, 0.0021176583988254225
5328, 13725, 0.002092077586233768
1825, 1974, 0.0020736687154977768
2974, 3095, 0.002063709278553841
20048, 21089, 0.002058328584276501
22311, 24535, 0.0020142586893501712
1868, 2280, 0.0019839887480224863
1814, 1937, 0.0019420483681486032
15739, 17087, 0.0019268513268178666
21402, 22521, 0.0019134434919215002
20912, 24157, 0.0019089436028248933
2736, 2893, 0.0019008520194043652
16436, 16635, 0.0018634835454631761
2974, 5147, 0.0018600705830256312
547, 1495, 0.0018447127782802006
2342, 4775, 0.0018443532710836978
20912, 21089, 0.001843388866788654
547, 815, 0.0018379758940373484
2753, 4292, 0.0018241175025275921
2102, 2237, 0.0018175658011614323
1902, 2280, 0.0017918707742398093
15739, 16218, 0.0017871673986788092
237, 815, 0.0017716221142887651
1742, 2150, 0.0017638293776440037
456, 1726, 0.001755396482287288
20912, 22521, 0.0016877275590062427
20048, 24535, 0.0016717861870258787
21725, 24516, 0.0016670395856192915
901, 1726, 0.0016590920523681866
2342, 13725, 0.0016510741642625539
508, 854, 0.0016483482194485138
13828, 16240, 0.001646439342122336
26011, 27140, 0.0016453338318199108
84, 854, 0.0016340712401357027
13828, 16723, 0.0016101327685102344
15739, 16269, 0.0015990647247498138
2974, 3178, 0.0015837941263354496
5041, 5209, 0.0015794261025043202
21402, 23694, 0.0015782455090672656
14061, 15625, 0.0015714610043900193
1868, 1932, 0.0015675144372307042
26011, 27068, 0.0015470872663520341
25271, 26386, 0.0015400803590022243
999, 2150, 0.001527344432774199
23616, 24468, 0.0014960985851407511
5328, 15625, 0.0014890695206257216
2342, 4522, 0.0014888213249039874
21402, 24535, 0.0014823792177071945
1902, 2052, 0.0014810827513396217
21970, 23489, 0.0014805549535403361
24652, 25215, 0.001464124090320615
24885, 26349, 0.001456395346432428
20293, 21683, 0.001435323921830642
5031, 5147, 0.0014345734220476533
415, 673, 0.0014320452217504273
84, 2237, 0.0014152236022597687
2342, 2547, 0.0014120066217997221
1868, 2052, 0.0014015905818450646
2974, 4842, 0.0013928059238370745
508, 1974, 0.0013774462319918834
20304, 20674, 0.001368661028970235
13924, 15625, 0.001364433997202271
21402, 22150, 0.001359396595639182
20410, 20563, 0.001337857569877332
237, 2237, 0.0013311345157217482
508, 1687, 0.00131006359774843
84, 1058, 0.0013069276119905603
2974, 9529, 0.0013052370872388727
20912, 23694, 0.0012839123717794168
21067, 21233, 0.0012811229814050581
15739, 20197, 0.0012728444329280616
13828, 16597, 0.0012655244546625761
13828, 15484, 0.0012568651601498637
15739, 17503, 0.001251819947265343
2753, 2834, 0.00123182167866279
16299, 16723, 0.0012290833466260405
15739, 19725, 0.0012281223803686124
428, 1726, 0.0012182915704171157
2061, 2280, 0.0012067755143096402
23616, 24201, 0.001190214842062551
23616, 24198, 0.00118566714205216
508, 1058, 0.0011822150364881273
23754, 24516, 0.0011672149759851787
26011, 26386, 0.001159872480117257
20048, 21663, 0.0011045404859419707
16299, 16597, 0.0011038522580292308
2342, 5102, 0.0010987686415498033
20912, 22150, 0.0010913268011322466
1825, 1932, 0.0010848834972893462
2342, 3130, 0.0010844117743007903
84, 827, 0.0010722298515454334
23616, 24986, 0.0010708631616276171
20912, 24535, 0.001057036657777998
21402, 21598, 0.0010512681650538174
21402, 21663, 0.0010445461102757965
508, 827, 0.0010342169911596313
21416, 22226, 0.0010333983359893783
2753, 5147, 0.0010326752904883346
84, 1371, 0.0010255207545247455
1814, 2893, 0.0010250485672073087
84, 1687, 0.001023898798449624
2342, 3200, 0.0010224622125284677
2342, 5123, 0.001012921772205154
25271, 25762, 0.0010095829024596291
23616, 26349, 0.001004693862921968
20293, 23253, 0.0009971495108408517
344, 673, 0.0009944340752876537
20410, 21659, 0.0009913062658138585
84, 1974, 0.0009833149170316365
23616, 26657, 0.0009820891754988158
24885, 26657, 0.0009803962433346989
1814, 2243, 0.000979454298364659
84, 1441, 0.0009777725871572423
20293, 20566, 0.000969157596059238
22311, 24000, 0.0009578087609139804
20293, 23079, 0.0009486217235724489
1878, 2280, 0.0009471713138038376
1742, 2237, 0.0009420150304261805
2974, 4706, 0.0009273834839777578
20048, 24000, 0.0009193279785605182
84, 359, 0.000911432981945538
2011, 2150, 0.0009010389121342359
23900, 24112, 0.0008958600837153303
20048, 21806, 0.000895715340316588
20048, 21598, 0.0008953538792223579
999, 2237, 0.0008911455497156821
23616, 26562, 0.0008906231158365592
873, 1058, 0.0008777205255081292
1825, 1990, 0.000877015594286329
873, 1974, 0.0008740018835440534
1868, 2728, 0.0008718731689733887
508, 1371, 0.0008692744508405182
2065, 2237, 0.0008662992389713868
2753, 2854, 0.0008365699169361591
2736, 4292, 0.0008320065076431149
20410, 21153, 0.0008221719619757601
15739, 20674, 0.000821144581697569
1902, 2728, 0.0008200758225849564
873, 1687, 0.0008082353722968257
508, 1441, 0.000806330223011047
16818, 17623, 0.0008060149182899166
508, 1779, 0.0007970178314085977
937, 1726, 0.0007907829836174822
23616, 23899, 0.0007698765440345271
15739, 20153, 0.0007694383813224668
21473, 21659, 0.0007555209361210112
13859, 16723, 0.000748647771162929
84, 379, 0.0007459765876074384
2218, 2280, 0.0007456396991307851
20778, 22226, 0.0007407955255042496
13688, 13827, 0.0007403014985490461
84, 214, 0.0007392449754385717
20410, 24516, 0.0007341732683142609
20048, 23668, 0.0007301724724020598
20304, 20392, 0.0007202524890507993
2342, 2709, 0.0007105894542912492
508, 1731, 0.0006980579737782008
237, 854, 0.0006937662034316854
1878, 2052, 0.0006880537022239844
15824, 16723, 0.0006877427948370783
237, 359, 0.0006821674872602079
2736, 2834, 0.0006728796263656611
2753, 3178, 0.0006493273851377059
84, 1779, 0.0006455260128981318
508, 1990, 0.0006422804568286918
16400, 16597, 0.0006358994069601215
3276, 4292, 0.0006293311961700172
13828, 16635, 0.0006249358544236676
13688, 16723, 0.0006211946954616313
20293, 20581, 0.0006202520551651906
20293, 22521, 0.0006175101545816027
2342, 2784, 0.0006094789553403076
26011, 28150, 0.000607313423150357
19588, 19725, 0.0006061428103129603
547, 854, 0.0006051560116886593
2151, 2280, 0.0005985881937059451
2974, 5258, 0.0005914136201405875
13859, 16597, 0.0005893159763565915
23616, 24017, 0.0005889791789692281
16400, 16723, 0.0005871282453645972
19588, 22226, 0.0005857239545957726
13859, 15484, 0.0005789672644071478
15824, 16597, 0.0005775869026556702
2061, 2728, 0.0005775346406178974
84, 405, 0.0005768899497811148
20048, 23350, 0.0005694763423573944
21402, 21806, 0.0005650676575533272
84, 1731, 0.0005624735817775783
1272, 1726, 0.0005602927474561927
20293, 20544, 0.0005550725641314546
1312, 1726, 0.0005515466426150322
20651, 22226, 0.0005387065332107667
20304, 20457, 0.0005385156212099463
2753, 3095, 0.0005352516384373864
16436, 17623, 0.0005300948459150079
16299, 16635, 0.0005298415217574011
20912, 21663, 0.0005276954147072173
2342, 5030, 0.0005269561613532847
2218, 2728, 0.000526764339755319
237, 1058, 0.0005231973870993252
20304, 20563, 0.0005160209678698551
2753, 4706, 0.0005144351268657506
1814, 2007, 0.0005141203714490771
84, 1257, 0.0005085501759712663
23769, 24157, 0.0005036477712690779
22311, 23668, 0.0004996263037810393
22311, 23350, 0.0004978733231614937
547, 1974, 0.0004965686044141442
5045, 5147, 0.0004938056116932909
13688, 16597, 0.0004933272120580016
999, 1495, 0.0004890573877242168
508, 1741, 0.0004885249024517261
237, 1687, 0.0004878474620241284
237, 1974, 0.0004856616014568018
21402, 24000, 0.00048055858386105647
508, 614, 0.00047998357800322673
873, 1779, 0.00047969625761232004
24885, 26562, 0.0004774193093517565
2974, 3802, 0.0004762212183155923
20293, 24157, 0.0004746490026033275
508, 1257, 0.000474515269696577
547, 1687, 0.0004733022538961714
1538, 2150, 0.0004716055578775619
20048, 23332, 0.00047094486076874106
873, 1371, 0.00047080158370558904
2238, 2893, 0.00046884517235666265
237, 379, 0.00046605650001136414
13688, 15484, 0.000461521328408216
1825, 2280, 0.000457037274896398
1814, 4292, 0.0004506463890626334
2736, 5147, 0.0004461172507063916
20912, 21806, 0.000443749699927525
84, 1990, 0.0004421081353087097
20410, 20566, 0.0004392951819424948
547, 1058, 0.0004386500496821447
25271, 26582, 0.0004384957259535802
873, 1731, 0.0004366741161667885
21725, 23253, 0.00043583571524255895
3929, 4292, 0.0004325926031958532
237, 827, 0.00043052528744082805
456, 673, 0.0004292676270162512
508, 596, 0.0004277501004408865
21725, 23079, 0.00042447763385691534
873, 1441, 0.00042401587330817266
3276, 5147, 0.0004236078370622826
20410, 21683, 0.00042167435065861556
20293, 20721, 0.00042092364393247957
1878, 2728, 0.00041677660538267774
237, 1371, 0.00041595803812178526
547, 827, 0.0004133676643996095
508, 2280, 0.0004131189701295811
1814, 2466, 0.00041215828018040517
873, 1990, 0.0004072216702632336
22311, 23332, 0.00040354463546325736
20293, 22150, 0.0004023259718002549
20048, 20234, 0.0004004822523018179
15824, 16240, 0.00039869003618892457
20912, 24000, 0.000398335374034431
237, 1441, 0.00039637117299194056
84, 1741, 0.0003929010769378788
21067, 21659, 0.0003872255400821545
21402, 23350, 0.00038701358152388836
508, 1932, 0.0003837772969527469
21759, 24516, 0.00038191406420911466
21402, 23668, 0.00038133432258345636
2342, 5205, 0.00037740148853956544
508, 1221, 0.0003772218384915739
20293, 23694, 0.00037694065214677563
22595, 24516, 0.00037689204694000167
84, 944, 0.0003763915558575795
767, 1726, 0.0003672661421761385
508, 944, 0.00035984793899161645
84, 1221, 0.0003587998900877962
1814, 2635, 0.0003518889463675501
1550, 2150, 0.0003485368402902189
2011, 2237, 0.00034834044060950455
13859, 16240, 0.0003453071594315378
407, 1726, 0.00034482213452633175
2056, 2280, 0.0003440601926311766
508, 720, 0.0003402230303803362
873, 2280, 0.00033992363782518167
873, 944, 0.00033636297141895476
21725, 22521, 0.00033597952273416024
16818, 19226, 0.0003299713709773703
20912, 23668, 0.0003296301883264249
16818, 17087, 0.0003296169629827038
508, 676, 0.00032910506180069846
26011, 28168, 0.0003275010696558065
698, 1726, 0.000324187678384233
1825, 2052, 0.0003221138665466304
13688, 16240, 0.0003214212653802955
2753, 5258, 0.0003209817328210909
2342, 2808, 0.00031947835777187456
21067, 24516, 0.00031789542959457964
547, 1371, 0.00031679441526207247
21402, 23332, 0.00031474485930552197
20632, 21659, 0.0003137172426220319
24054, 24535, 0.00031331451699834727
21725, 21806, 0.0003103821515078997
237, 405, 0.00030793289776495566
2238, 4292, 0.0003064553750389103
20410, 23253, 0.0003036949927091988
237, 1779, 0.00030268236356041005
20410, 20581, 0.0003024544672457213
547, 1441, 0.0002985211435639925
20410, 20544, 0.000298340601078574
428, 673, 0.0002983248186328567
873, 1741, 0.00029795859736533707
2342, 2905, 0.0002957779844621493
20048, 20162, 0.000293115698138051
13859, 16635, 0.00029046374718820825
1814, 2109, 0.0002897622064738494
547, 1779, 0.00028792247825497623
2974, 3130, 0.00028753415160608325
2736, 2854, 0.00028295826813567066
2736, 3178, 0.00028233421029616234
1814, 3178, 0.00028173405234981487
16400, 16635, 0.0002798570668674885
84, 720, 0.0002749217568791561
2974, 4522, 0.0002726998916558525
21473, 21683, 0.00027222615793819744
20912, 23350, 0.00026912076560285723
84, 461, 0.000268811738969244
1814, 5147, 0.0002676147527816286
1538, 2237, 0.00026464768930362895
237, 1731, 0.0002643206941873256
2753, 3802, 0.0002641265564955108
15739, 16683, 0.00026318672044527304
84, 1932, 0.0002631664522444463
23695, 24516, 0.0002600764797313904
1662, 1726, 0.0002594461330541385
2736, 2805, 0.00025806176137662393
508, 2052, 0.0002574138288778647
1868, 1937, 0.0002527115373655296
13828, 17623, 0.0002524908825682231
547, 1731, 0.00024629604357723466
84, 676, 0.000245187938875459
15734, 16723, 0.00024460220038214985
20632, 24516, 0.00024359666354010077
873, 1932, 0.0002424144445709294
13688, 16635, 0.0002420474499626558
20410, 22521, 0.000241602792425031
2342, 5209, 0.00024074024084861414
21725, 24157, 0.00024067075584244732
20410, 23079, 0.00023968788128311212
20304, 24516, 0.0002396653894198068
873, 1257, 0.0002372704143053547
415, 2150, 0.00023561754218528048
2736, 3095, 0.0002333043665266108
15824, 16635, 0.00023213004340729717
547, 1990, 0.00023134655284287942
2974, 3200, 0.00022976659931853182
84, 1271, 0.00022764525116165076
2508, 2728, 0.00022705292036408797
1814, 2679, 0.00022685703375674752
16691, 17623, 0.0002254666952036206
20912, 23332, 0.0002243471268565373
2342, 3503, 0.000224149678843531
5031, 5123, 0.00022333825600411874
2238, 2466, 0.0002229918335630143
1742, 1974, 0.00022231760389862558
237, 1990, 0.0002220353101021731
359, 1726, 0.00022079671046668046
4406, 5147, 0.00022007786437144595
5031, 5258, 0.00021709556671066437
1814, 3095, 0.00021581774648936035
23769, 24000, 0.00021066594557033518
1825, 2728, 0.00021039346176292913
21473, 24516, 0.00020888369949125324
508, 1271, 0.00020668335736127814
2974, 5123, 0.0002065514949285951
237, 1257, 0.00020604483597615064
13828, 16094, 0.00020325624793207365
1814, 2632, 0.00020239244294129255
15734, 16597, 0.00019997613044837344
23754, 24157, 0.0001987937600854518
21725, 23694, 0.00019765910717421323
1902, 2007, 0.00019614459663812862
23301, 24516, 0.00019576182269055365
344, 2150, 0.00019416979558364446
2342, 3528, 0.00019397758408700765
547, 1257, 0.00019028643901266193
2974, 5102, 0.00018908883861699523
15739, 20457, 0.00018893555467598054
4580, 5147, 0.00018703380910891295
2151, 2728, 0.00018568228946076485
873, 1221, 0.0001850214113817477
237, 1741, 0.0001849221068933202
2342, 15625, 0.00018373855397389995
508, 1624, 0.00018312732361620937
237, 944, 0.0001827260843920453
1902, 2243, 0.0001821232650236537
3929, 5147, 0.00018071393489960238
23769, 24535, 0.0001797737169489587
508, 653, 0.00017765148804151955
344, 425, 0.0001773622752408725
1868, 2243, 0.00017730957588224814
4533, 5147, 0.00017441518183655935
1882, 2150, 0.0001711863573539126
2587, 2728, 0.00017078045918804646
873, 2728, 0.00017068561961920115
508, 1545, 0.00016942122035115638
873, 2052, 0.00016831863513514832
2056, 2728, 0.00016826637032858695
84, 614, 0.00016826574668406152
547, 1741, 0.0001679519918426822
547, 676, 0.0001667648836854833
2342, 3828, 0.00016532852636223742
1628, 1726, 0.0001647721500927358
2753, 4522, 0.00015638020075860518
16299, 17623, 0.00015637083019384137
415, 751, 0.00015624819352657687
4599, 5147, 0.0001552749095680712
23900, 24017, 0.00015513651898953416
999, 1974, 0.00015485602202977575
20293, 21089, 0.00015384815224410398
16436, 17087, 0.00015327464905609924
16818, 17503, 0.00015104766656055292
84, 1545, 0.000150267017691934
999, 1687, 0.00014949132241415838
547, 2280, 0.00014915676185778707
84, 1624, 0.0001489328670213348
1550, 2237, 0.0001485925729568923
1814, 2026, 0.00014748332931294438
237, 1221, 0.00014653584747090226
508, 1608, 0.00014626374807657155
844, 1726, 0.00014558286954054764
84, 596, 0.00014185554764030268
2238, 5147, 0.0001414874377030777
84, 2052, 0.00014004920174764954
1367, 2150, 0.00013990615537983367
237, 461, 0.00013989792825514548
20293, 21806, 0.00013881618679238778
21759, 22521, 0.00013854173082634665
2253, 2728, 0.00013794772757976832
2342, 3668, 0.00013602282576867248
547, 720, 0.00013571599678471316
23616, 23744, 0.00013538100340859617
547, 944, 0.0001342322926158557
237, 1932, 0.00013238962277621488
20293, 24535, 0.00013065050323369943
547, 1932, 0.00012683727498981638
20632, 22521, 0.0001226327274059787
1868, 2893, 0.00012260807458794413
2736, 3802, 0.00012051976566057332
2736, 5258, 0.00011964824570550904
1868, 2007, 0.00011962264924496806
344, 751, 0.00011947321897970854
547, 653, 0.00011898139932511312
547, 1221, 0.00011875336135053639
415, 2237, 0.00011760655356591957
15739, 20563, 0.00011735169783204646
873, 1624, 0.0001172083649440667
2342, 3665, 0.0001170198825343367
237, 720, 0.0001165473368351831
1814, 2834, 0.00011564289341804332
2238, 3178, 0.0001155774320933333
2753, 5123, 0.00011506824693988476
2342, 4684, 0.00011445776595419592
84, 1201, 0.00011378363652084363
84, 653, 0.00011344337658624593
1902, 2893, 0.00011117479344715111
84, 1608, 0.00011109724686834687
20293, 23668, 0.00011102012772453824
1825, 1937, 0.00010975253639652887
20048, 21752, 0.00010920257812418411
2753, 5102, 0.00010760939556788675
508, 1201, 0.00010737960280416661
873, 1271, 0.00010674616453345634
20293, 24000, 0.00010674357661257907
2590, 2728, 0.00010609489218271641
415, 1495, 0.00010604912827604353
21725, 22150, 0.00010518805177769957
1814, 3802, 0.0001045794663924374
20410, 24157, 0.0001042582623424826
1742, 1990, 0.00010347642122901248
237, 676, 0.00010324690530087194
23900, 24198, 0.00010303186052682331
23900, 24201, 0.00010273229429247652
15739, 20392, 0.00010170815049384783
873, 1545, 0.00010054588760662648
2061, 2243, 0.00010030358742884606
3276, 3802, 9.898513955063761e-05
873, 1608, 9.867402239074498e-05
3276, 5258, 9.832856401809214e-05
344, 2237, 9.8315428806502e-05
958, 1726, 9.802345278986458e-05
2342, 3578, 9.798844058720901e-05
20410, 23694, 9.703742642073561e-05
5031, 5102, 9.519569168209505e-05
2753, 3130, 9.347144021237095e-05
84, 2280, 9.306718504704382e-05
1814, 2805, 9.247242816012468e-05
237, 1271, 9.241830126874916e-05
2342, 2876, 9.231972351357266e-05
3627, 4292, 9.106090671894282e-05
547, 2052, 9.058226519474528e-05
22595, 23253, 9.05658336378887e-05
2102, 2280, 9.012389798078152e-05
999, 1779, 8.949643465727576e-05
21067, 22521, 8.915744158288902e-05
415, 815, 8.885606485501976e-05
1367, 1495, 8.866519977993894e-05
999, 1371, 8.853406896329859e-05
23616, 23847, 8.842958132564809e-05
16691, 17087, 8.840150950045505e-05
237, 2280, 8.760803948778922e-05
16343, 16597, 8.690166471035322e-05
2238, 3095, 8.689081663284139e-05
4406, 4522, 8.632661512727186e-05
344, 1495, 8.588200472630674e-05
547, 1271, 8.587271231102349e-05
2753, 3200, 8.547943962872779e-05
508, 599, 8.457750036409646e-05
20304, 22521, 8.38415317938822e-05
999, 1731, 8.382867050671167e-05
407, 673, 8.356239243850958e-05
1868, 4292, 8.098107565373183e-05
2061, 4292, 8.067212157254137e-05
999, 1441, 8.000087116872024e-05
677, 1726, 7.925617285788308e-05
547, 614, 7.884695309207424e-05
237, 2052, 7.864464247834445e-05
21402, 21752, 7.8360317282912e-05
901, 2150, 7.710977828775008e-05
84, 1387, 7.703306810919003e-05
21473, 22521, 7.647810171580504e-05
1868, 2466, 7.62918136205781e-05
2238, 2635, 7.534269552217246e-05
2218, 4292, 7.453764063279307e-05
1902, 4292, 7.45290026290122e-05
4018, 4292, 7.316925891638675e-05
508, 2728, 7.286014939343907e-05
16436, 17503, 7.269535169901741e-05
237, 614, 7.189058309233533e-05
2736, 4522, 7.086855870650071e-05
344, 815, 7.039479335483951e-05
237, 1624, 6.995657362075314e-05
1902, 2466, 6.913694258625405e-05
237, 1545, 6.840994729155821e-05
2729, 2893, 6.82578673917063e-05
13828, 17087, 6.79893832914911e-05
547, 1624, 6.603674523326311e-05
1878, 2007, 6.546356454747572e-05
1538, 1687, 6.538331020718781e-05
999, 1990, 6.531608717242884e-05
1814, 2554, 6.440195363008314e-05
508, 1387, 6.36061999416987e-05
237, 596, 6.349875673777229e-05
84, 542, 6.344272052389097e-05
508, 767, 6.30195617193309e-05
1868, 2109, 6.290679145568576e-05
84, 1413, 6.280735711666963e-05
2517, 2728, 6.146270069844113e-05
20912, 21752, 6.028738983925176e-05
547, 1545, 6.025924337626122e-05
2729, 4292, 5.9957342943744903e-05
456, 2150, 5.99507583080759e-05
873, 1201, 5.99287247464658e-05
1902, 2109, 5.9806361725175024e-05
23664, 24516, 5.97926036211687e-05
994, 1726, 5.950919631863566e-05
15824, 16094, 5.8763431748561334e-05
999, 1257, 5.770011996854418e-05
1742, 1932, 5.753222512637692e-05
508, 692, 5.6481970097847285e-05
2218, 2466, 5.563318542579465e-05
3276, 4522, 5.5091656616705566e-05
21759, 23253, 5.457584019244565e-05
3335, 4292, 5.413776328580214e-05
16299, 17087, 5.4104408435479755e-05
237, 1608, 5.385818078831548e-05
999, 2280, 5.382369343493692e-05
1550, 1687, 5.2924542633372626e-05
547, 1608, 5.274964394821939e-05
1814, 5258, 5.228574272514623e-05
237, 653, 5.1640852892817054e-05
237, 1201, 5.1103373762083094e-05
84, 767, 5.1079048810193426e-05
2026, 2150, 5.0440654285519886e-05
1868, 3178, 5.024037120319856e-05
521, 1726, 4.973520897257729e-05
1878, 2243, 4.8986944898534e-05
20048, 20500, 4.882830991520612e-05
2736, 5102, 4.8713784087714874e-05
2061, 2466, 4.8707434681223585e-05
508, 1413, 4.721657814418662e-05
456, 751, 4.7186551761709305e-05
84, 199, 4.715632444057104e-05
999, 1741, 4.671221054361726e-05
15739, 20047, 4.6661315703487596e-05
359, 673, 4.581862246941821e-05
20304, 20566, 4.5638897365378036e-05
13828, 15182, 4.497738781608257e-05
2065, 2280, 4.476772065779433e-05
4145, 4292, 4.440429628745955e-05
1814, 3130, 4.425556332680974e-05
2238, 2679, 4.371805540638522e-05
13828, 17503, 4.343684858967907e-05
2736, 3130, 4.2865610843557557e-05
1814, 3200, 4.270281572778496e-05
1814, 2131, 4.195602660428761e-05
1902, 2026, 4.160926684328246e-05
999, 1221, 4.122482025961205e-05
15734, 16635, 4.089796889199553e-05
2159, 2237, 3.997191484933642e-05
428, 2150, 3.9859610042514286e-05
23754, 24000, 3.9424143899322194e-05
1538, 1974, 3.9265799981882236e-05
16691, 17503, 3.919984222320881e-05
84, 913, 3.913844840760893e-05
2736, 3200, 3.912888815334513e-05
1878, 4292, 3.9074331853768165e-05
547, 1201, 3.8120565766971786e-05
84, 692, 3.80702674418002e-05
1868, 3095, 3.7720370864898665e-05
508, 1937, 3.704524425448219e-05
508, 913, 3.6949210377541025e-05
1882, 1974, 3.6834072905580295e-05
2151, 2243, 3.682714823101269e-05
1878, 2466, 3.65419239698201e-05
15739, 15889, 3.586137721084211e-05
1902, 3095, 3.4953104458266705e-05
508, 1786, 3.437926377425008e-05
84, 315, 3.429034662865943e-05
1814, 4522, 3.42367455635365e-05
15824, 17087, 3.39837721953485e-05
873, 1387, 3.393610074499417e-05
1902, 3178, 3.3319436404316815e-05
2342, 2507, 3.3022906544004506e-05
84, 1786, 3.273224110071946e-05
415, 854, 3.270669865908635e-05
13859, 17087, 3.253312050295465e-05
2342, 4636, 3.235625314583567e-05
1742, 2052, 3.223438206080107e-05
1742, 2280, 3.220933410862152e-05
428, 751, 3.194734910281759e-05
2974, 3503, 3.1391144762121396e-05
237, 1387, 3.096551497225813e-05
4728, 5147, 3.0924311463234975e-05
456, 1495, 3.006216114304231e-05
1814, 2547, 2.9997838559924106e-05
84, 348, 2.9992633321304468e-05
1878, 2109, 2.9034549830038256e-05
1868, 5147, 2.8905336542307933e-05
237, 542, 2.886402539486495e-05
1868, 2026, 2.884345359414585e-05
84, 468, 2.8756912591992094e-05
2974, 3528, 2.8573749176295235e-05
456, 815, 2.737631396401728e-05
344, 854, 2.7312222855782624e-05
15739, 16656, 2.7265777894400733e-05
1902, 5147, 2.6607659858281122e-05
999, 2052, 2.6553260265002097e-05
3276, 5102, 2.6258160334288796e-05
415, 1974, 2.613330474445997e-05
2151, 4292, 2.60701490559223e-05
2970, 4292, 2.5698300349453814e-05
415, 1058, 2.5589747016334236e-05
901, 1495, 2.5584307336504114e-05
2736, 5123, 2.5405820186601454e-05
237, 315, 2.5059397853452496e-05
16400, 17087, 2.4833417800095784e-05
237, 348, 2.4805472679749224e-05
344, 1058, 2.4634664352128277e-05
1278, 1726, 2.463229448419829e-05
547, 692, 2.4383150079570286e-05
999, 1271, 2.4294612756408163e-05
999, 1932, 2.4115790966443918e-05
84, 599, 2.398508584103945e-05
2508, 4292, 2.3656299160172195e-05
2342, 4023, 2.364430131771863e-05
547, 767, 2.313462712645736e-05
84, 1518, 2.2853086984641976e-05
3276, 5123, 2.279607418242914e-05
873, 1413, 2.2795242200101454e-05
237, 767, 2.2388015843632128e-05
2056, 4292, 2.2172085632845626e-05
937, 2150, 2.2124157109633812e-05
13688, 15182, 2.1929741697918106e-05
415, 1687, 2.189626905386865e-05
547, 1387, 2.1888550748886463e-05
344, 1974, 2.1454322504155944e-05
415, 827, 2.144588986323321e-05
1814, 5102, 2.125592054378953e-05
2061, 3095, 2.096883258844525e-05
13859, 15182, 2.0641882508346275e-05
2974, 3668, 2.0633124337784633e-05
428, 1495, 2.032166578803311e-05
2253, 4292, 2.0225565669591402e-05
508, 1080, 2.0073911120049906e-05
999, 1624, 2.0037293253546542e-05
1825, 4292, 1.9599627297162507e-05
415, 1371, 1.9556977483763755e-05
84, 491, 1.9147933905917956e-05
999, 1545, 1.8834064035086698e-05
1814, 5123, 1.879581715426462e-05
2342, 3936, 1.84137628390007e-05
1538, 1624, 1.8205375447123104e-05
13688, 17087, 1.813861115421095e-05
84, 1937, 1.8056153665363543e-05
428, 815, 1.7876940419575013e-05
3415, 4292, 1.7852206321258348e-05
2753, 3503, 1.775540202790622e-05
1814, 2169, 1.7624452013590416e-05
2218, 3095, 1.7614146563665343e-05
2342, 3899, 1.7517430870807043e-05
2974, 3665, 1.7477174065575903e-05
2342, 4066, 1.733661434111641e-05
547, 1413, 1.7334399243579877e-05
521, 673, 1.7247906155391414e-05
1550, 1974, 1.7164034372097837e-05
1878, 3178, 1.7093270445285236e-05
2587, 4292, 1.7086577797054877e-05
2729, 3095, 1.7050231717756566e-05
237, 1413, 1.689058573337101e-05
508, 1518, 1.6807771369364162e-05
415, 1441, 1.67608336560382e-05
344, 827, 1.6750683469770712e-05
237, 692, 1.6555995260353644e-05
237, 913, 1.646469012021931e-05
508, 2007, 1.6143826602812312e-05
1825, 2007, 1.613559436096414e-05
2753, 3528, 1.5976762215389405e-05
3929, 4522, 1.5910247816043882e-05
999, 1608, 1.5847369067834595e-05
2342, 2681, 1.5494359853127495e-05
84, 434, 1.543233194268572e-05
2974, 3578, 1.5201147425059613e-05
2970, 3095, 1.5168740227513777e-05
508, 1809, 1.5074306754483902e-05
15734, 17087, 1.4805648988575232e-05
2061, 3178, 1.479448376687373e-05
344, 1371, 1.4518269964986493e-05
2815, 4292, 1.444557861538252e-05
84, 1809, 1.4054868343245625e-05
2218, 3178, 1.398415943770807e-05
344, 1441, 1.3777165664481005e-05
873, 994, 1.3773971273606229e-05
999, 1201, 1.3741530993280334e-05
3579, 4292, 1.3606982464525751e-05
84, 320, 1.3501577436267848e-05
1825, 2466, 1.348207021815021e-05
547, 913, 1.3398557487345912e-05
2808, 4292, 1.3071050761177153e-05
1878, 3095, 1.2915256871607061e-05
873, 2466, 1.281186201412625e-05
3543, 4292, 1.2798626069390627e-05
84, 994, 1.2388243027991612e-05
84, 1295, 1.2306290042523733e-05
1814, 2709, 1.2253036368827869e-05
2238, 4522, 1.1965243960989715e-05
237, 468, 1.1661389157926304e-05
508, 994, 1.1524264201403333e-05
873, 1080, 1.1220713858826974e-05
937, 1495, 1.121163277278688e-05
23616, 25717, 1.1175482653144762e-05
1538, 1779, 1.1162082960994253e-05
1878, 2026, 1.1142380265076247e-05
237, 599, 1.1132538655626684e-05
84, 1080, 1.1124925103889361e-05
24885, 25717, 1.1037938432941659e-05
2151, 2466, 1.0964803439107144e-05
415, 1990, 1.0835364553711958e-05
698, 815, 1.0826732721314603e-05
508, 2109, 1.0783060748723956e-05
999, 2728, 1.0753506132861081e-05
2753, 3668, 1.064460441473598e-05
2590, 4292, 1.0589209917290027e-05
456, 854, 1.0024453801618957e-05
2729, 3178, 9.8916532687235e-06
21725, 24000, 9.890025941556742e-06
508, 1295, 9.658835930519583e-06
415, 1257, 9.640745370303884e-06
237, 320, 9.51121323602867e-06
1272, 1495, 9.38884182752446e-06
2342, 3865, 9.386443889693812e-06
1312, 1495, 9.384267910568613e-06
901, 1058, 9.382140872083724e-06
407, 751, 9.266120605980639e-06
547, 2728, 9.199536586583022e-06
2753, 3665, 9.190151702029228e-06
237, 1518, 9.04326086506871e-06
1814, 3503, 8.888080274660481e-06
1538, 1990, 8.874383107706984e-06
344, 461, 8.74281755820042e-06
3276, 3503, 8.321680630512478e-06
2342, 2643, 8.30414324920769e-06
2342, 2500, 8.216458035762744e-06
2753, 3578, 8.090786442031744e-06
475, 673, 8.043967988281638e-06
2102, 2728, 7.931851703187605e-06
415, 944, 7.909573228932527e-06
2736, 3503, 7.901292162444287e-06
456, 1058, 7.81072064585566e-06
3276, 3528, 7.70656301571693e-06
873, 4292, 7.70601063378436e-06
523, 673, 7.703495368572358e-06
547, 1080, 7.604249005447671e-06
237, 491, 7.567134603278445e-06
873, 3095, 7.5515961034682786e-06
344, 1257, 7.415482038677386e-06
2253, 2466, 7.391504172244035e-06
2056, 2466, 6.966363268807306e-06
428, 854, 6.963229767711803e-06
937, 1058, 6.785936046354202e-06
2736, 3528, 6.736117048353327e-06
1814, 3528, 6.697705506383932e-06
1367, 1441, 6.601499797258482e-06
415, 1221, 6.570516533563931e-06
344, 944, 6.526534041324633e-06
237, 1080, 6.523897557334351e-06
547, 1518, 6.5228429091127885e-06
1814, 2317, 6.460904541890193e-06
415, 676, 6.4594040595786005e-06
84, 407, 6.399180686169955e-06
15739, 16048, 6.379730290872638e-06
456, 827, 6.255732655228332e-06
415, 720, 6.168611141902788e-06
237, 434, 6.048127461301603e-06
2517, 4292, 5.8183016196475905e-06
508, 695, 5.698018515834184e-06
20048, 20610, 5.65460074545289e-06
15739, 16429, 5.5979836061378585e-06
237, 994, 5.534858590680709e-06
15695, 17087, 5.512162514449313e-06
344, 1221, 5.50778532409882e-06
359, 751, 5.41537157860409e-06
407, 815, 5.35869312655803e-06
16343, 17087, 5.339423001711819e-06
428, 1058, 5.321531239088521e-06
873, 2007, 5.222246414520814e-06
407, 1495, 5.221366715631296e-06
767, 854, 5.164134698491184e-06
508, 879, 5.057419603509957e-06
873, 1518, 4.951262455264324e-06
237, 1295, 4.940760992948986e-06
677, 751, 4.889712764118509e-06
84, 695, 4.824138959896459e-06
1868, 2131, 4.812646375532282e-06
415, 614, 4.772174196581272e-06
84, 546, 4.670257026541223e-06
237, 2728, 4.660735202237395e-06
344, 720, 4.644549743237843e-06
1902, 2131, 4.5792315903154806e-06
344, 676, 4.530649488354176e-06
3764, 4292, 4.512038258342686e-06
999, 1080, 4.469006188594009e-06
428, 827, 4.313455049534535e-06
547, 994, 4.193765882575898e-06
415, 1271, 4.147464465201257e-06
415, 596, 4.100714232850311e-06
873, 1937, 3.9229465920507286e-06
2238, 3503, 3.830193007662262e-06
2238, 2317, 3.808326864787622e-06
547, 1295, 3.750279545602931e-06
2736, 3578, 3.746748584741559e-06
359, 425, 3.705962551788016e-06
344, 614, 3.5731615082326068e-06
415, 1779, 3.5275420325232594e-06
3276, 3578, 3.365320597724952e-06
2238, 3528, 3.320506278116158e-06
415, 1545, 3.2758791734752227e-06
344, 1271, 3.262707678574783e-06
359, 815, 3.2269775119438772e-06
303, 399, 3.1892581432163356e-06
344, 596, 3.12893910796742e-06
415, 653, 3.0987353673731436e-06
1825, 2109, 3.091331214938264e-06
873, 1295, 3.0254814608511586e-06
1550, 1779, 3.001705669691706e-06
1814, 3578, 2.932292123662933e-06
508, 2466, 2.8767258646991047e-06
456, 1257, 2.64964772560304e-06
237, 407, 2.638590894521515e-06
508, 2026, 2.634768798436325e-06
677, 815, 2.5405459109341083e-06
698, 854, 2.512379837135605e-06
767, 1495, 2.4712183888517627e-06
547, 695, 2.4060160885624725e-06
547, 1786, 2.330780790869885e-06
456, 944, 2.3303764891431663e-06
415, 542, 2.2527348396333506e-06
415, 1201, 2.1669340677024486e-06
456, 720, 2.159905258376786e-06
344, 653, 2.110595241171124e-06
698, 827, 2.049836892624028e-06
456, 1221, 2.0430988881047112e-06
547, 879, 2.019220226053867e-06
237, 695, 1.98192814212367e-06
456, 676, 1.935756857574495e-06
407, 854, 1.930025284856299e-06
428, 1257, 1.9116290086295515e-06
521, 751, 1.831955828221622e-06
698, 1495, 1.8210738653089353e-06
123, 303, 1.8156459379936507e-06
2238, 2341, 1.7680245226222944e-06
901, 1257, 1.7443884338665275e-06
415, 2052, 1.7408847626606657e-06
344, 1201, 1.7342225243267483e-06
1814, 2341, 1.7152307830448238e-06
873, 1786, 1.7126638886670817e-06
901, 1221, 1.7038337178585597e-06
2342, 3325, 1.7004511692275612e-06
359, 1495, 1.690417012251027e-06
237, 1786, 1.6302177245364152e-06
428, 944, 1.6245068467991776e-06
2905, 4292, 1.592994919756301e-06
1868, 3503, 1.5924104821097402e-06
456, 614, 1.5704351207431411e-06
303, 376, 1.5502437588125436e-06
407, 1058, 1.5200209569516462e-06
456, 596, 1.5084431970295296e-06
958, 1058, 1.4925835428868294e-06
84, 1851, 1.4900992427098258e-06
237, 546, 1.4771957281283138e-06
767, 1058, 1.4287996085196164e-06
1538, 2052, 1.4215311529197442e-06
698, 1058, 1.3572838709530612e-06
428, 676, 1.3504055473854637e-06
428, 1221, 1.3335573928168973e-06
344, 2052, 1.3103243722227833e-06
428, 720, 1.3089364738791015e-06
84, 1835, 1.2861944082181424e-06
407, 827, 1.2794405417716434e-06
2342, 2662, 1.2618401797154742e-06
344, 542, 1.2474323556484787e-06
2974, 4023, 1.2382726749164378e-06
873, 2109, 1.2242079178622604e-06
359, 854, 1.175942395443621e-06
415, 767, 1.1434369871393938e-06
2974, 3936, 1.062744350237094e-06
415, 692, 1.0622376860499899e-06
508, 1851, 1.0563018145771574e-06
456, 542, 1.0288998604670166e-06
547, 2109, 1.0271031645571468e-06
84, 2243, 1.02594666696054e-06
359, 1058, 1.0242509435582734e-06
547, 2466, 1.0085934765289732e-06
428, 614, 1.0038929337751e-06
508, 1835, 9.85482934471372e-07
456, 653, 9.644385766826637e-07
521, 815, 9.363713338770567e-07
84, 236, 9.158589147843878e-07
2974, 4066, 9.079336084285819e-07
475, 751, 9.040815103289783e-07
2061, 3503, 8.920436093358235e-07
344, 767, 8.748663452674984e-07
237, 879, 8.655519228193078e-07
428, 596, 8.572925527699304e-07
3415, 3503, 8.198076105773858e-07
508, 4292, 8.162593575104096e-07
1902, 3503, 8.136607706401389e-07
523, 751, 7.981090559557082e-07
303, 673, 7.953289708473668e-07
344, 692, 7.837886638623917e-07
415, 599, 7.819772203332444e-07
344, 1545, 7.81279324908785e-07
677, 854, 7.584162924734967e-07
415, 913, 7.41148209936655e-07
844, 1058, 7.396970799613439e-07
359, 827, 7.370286551333591e-07
2753, 4023, 7.292562580786682e-07
5041, 15182, 7.128762637925821e-07
13828, 15889, 7.043944226221326e-07
123, 399, 6.281420898590697e-07
428, 653, 6.266982686316023e-07
84, 274, 6.049327703834127e-07
344, 599, 5.967545004711541e-07
428, 542, 5.85160481192649e-07
344, 913, 5.773060127889338e-07
844, 944, 5.745544075391993e-07
123, 376, 5.605251920353849e-07
767, 944, 5.522165944818827e-07
2753, 4066, 5.346946769993964e-07
84, 277, 5.324314461098759e-07
677, 827, 5.282965041327853e-07
359, 461, 5.281071596821435e-07
698, 944, 5.236631565581059e-07
475, 815, 4.925376020999298e-07
207, 303, 4.7147175199609335e-07
415, 1080, 4.5073137629826865e-07
407, 944, 4.457910318897513e-07
15824, 15889, 4.4462896172487367e-07
456, 1271, 4.224792231423439e-07
523, 815, 4.1488007956697044e-07
677, 1058, 4.128723221272511e-07
1868, 3528, 4.051042761283722e-07
456, 1201, 3.938953748074673e-07
123, 673, 3.9157314692078006e-07
344, 1080, 3.8804516930814813e-07
1902, 3528, 3.7668006361413756e-07
407, 676, 3.711334462493468e-07
407, 720, 3.662651823295637e-07
1538, 1608, 3.579308840395815e-07
1878, 3503, 3.562879013739869e-07
456, 767, 3.4618491564266844e-07
456, 692, 3.44237278377086e-07
521, 854, 3.416267326452777e-07
994, 1058, 3.344908820813689e-07
123, 189, 3.27713240287957e-07
1868, 2341, 3.094059784800132e-07
84, 505, 3.0616729156379107e-07
428, 1271, 3.0352081635127447e-07
2218, 2341, 3.030588949521322e-07
2974, 3325, 2.994285167819193e-07
1902, 2341, 2.913781762633475e-07
1742, 4292, 2.851569811949265e-07
999, 4292, 2.819853596003834e-07
456, 599, 2.799924901195953e-07
407, 614, 2.7744446701896425e-07
359, 944, 2.7733431993535594e-07
599, 673, 2.7480899180588806e-07
937, 1221, 2.723659501708008e-07
344, 1687, 2.704656815586806e-07
428, 1201, 2.602347550617188e-07
415, 994, 2.5039903110298105e-07
937, 1257, 2.425443881158777e-07
407, 596, 2.4149437070079324e-07
521, 1058, 2.3984683768116323e-07
1367, 1545, 2.3952934991587565e-07
84, 227, 2.3470605328181256e-07
428, 692, 2.308904225730997e-07
428, 767, 2.2960445768039588e-07
84, 2109, 2.2644850025145084e-07
456, 913, 2.1662044001467206e-07
344, 468, 2.1494757330061606e-07
521, 827, 2.146490958359738e-07
359, 720, 2.1005946975748195e-07
1550, 2052, 2.098063207574293e-07
359, 676, 2.0363298438954222e-07
901, 994, 2.0310682389828632e-07
344, 994, 1.990288054378056e-07
84, 879, 1.926740688331702e-07
497, 673, 1.8571841710324318e-07
407, 653, 1.8531585830205926e-07
547, 1809, 1.7663185785720581e-07
2061, 2341, 1.7656363351717795e-07
21725, 23668, 1.7299015180376368e-07
359, 614, 1.7028936834935967e-07
901, 1271, 1.6632125116095133e-07
428, 599, 1.6365732887520054e-07
677, 944, 1.6084501083833976e-07
415, 491, 1.6025518342706285e-07
344, 434, 1.5389472020043654e-07
1272, 2150, 1.491441154711608e-07
2753, 3325, 1.4807452461030148e-07
901, 1201, 1.45400550614663e-07
359, 596, 1.418954206491435e-07
237, 505, 1.369019999769471e-07
303, 425, 1.3408056065558057e-07
456, 1080, 1.32178371562251e-07
84, 1196, 1.2784465915277234e-07
475, 1058, 1.2582862798052402e-07
84, 475, 1.2413521006334365e-07
407, 2150, 1.216099749762676e-07
407, 542, 1.2055995865175183e-07
521, 614, 1.1605165616520927e-07
2253, 2341, 1.0917041482753512e-07
3335, 3503, 1.0887107731661283e-07
84, 511, 1.0886646484862098e-07
415, 695, 1.0660971573001611e-07
767, 2150, 1.0550227431917844e-07
344, 491, 1.0531048391601114e-07
1878, 2341, 1.0287940812411856e-07
2218, 3503, 1.0278414026513905e-07
84, 698, 1.0121224777460562e-07
359, 653, 9.893071415049091e-08
508, 698, 9.176156003973326e-08
508, 3178, 9.04537993788472e-08
901, 1080, 9.021648773528755e-08
523, 1058, 8.955313312247578e-08
283, 376, 8.896023505291512e-08
428, 1080, 8.892315008600846e-08
84, 497, 8.823869659955349e-08
283, 399, 7.989930864113628e-08
508, 1196, 7.887946830982981e-08
207, 399, 7.851115769044723e-08
344, 695, 7.736703857688447e-08
521, 944, 7.529306043019879e-08
456, 994, 7.219339008247396e-08
521, 676, 7.11211996292731e-08
547, 4292, 7.048007401902933e-08
698, 767, 6.833681468149412e-08
508, 3095, 6.819358938542864e-08
207, 376, 6.717583731905491e-08
303, 751, 6.470870729841776e-08
521, 720, 6.451155374316341e-08
521, 596, 6.265814628149772e-08
237, 475, 5.974541589695808e-08
359, 542, 5.903328938052611e-08
407, 767, 5.389798073111722e-08
1825, 2341, 5.374194223606635e-08
237, 1196, 5.201002787919718e-08
937, 1080, 5.185000139873121e-08
407, 692, 5.131592492894936e-08
523, 614, 5.0654407753973407e-08
237, 511, 4.8017758711737264e-08
428, 994, 4.7987580189749526e-08
407, 599, 4.615986631811552e-08
123, 751, 4.372448232551349e-08
344, 1990, 4.369673542173068e-08
237, 497, 4.04691769761988e-08
237, 698, 3.851690193875056e-08
475, 827, 3.821179028485246e-08
521, 653, 3.742930192659932e-08
547, 698, 3.742293909065034e-08
1882, 1990, 3.599280745811635e-08
123, 425, 3.59833978292432e-08
456, 695, 3.508262721587823e-08
475, 596, 3.472884465735377e-08
359, 767, 3.351842094561515e-08
475, 720, 3.336493162856942e-08
1550, 1990, 3.3255886401049295e-08
207, 673, 3.298982633534391e-08
523, 827, 3.189584647674477e-08
359, 692, 3.078705539401633e-08
475, 614, 3.058656325431264e-08
475, 676, 2.9917895086350086e-08
2151, 2341, 2.9692062536026016e-08
237, 2466, 2.966879492312148e-08
547, 1196, 2.8591401971565167e-08
523, 720, 2.8541712910180828e-08
523, 676, 2.8069942722578503e-08
359, 599, 2.628261720940354e-08
873, 1196, 2.6011705902998658e-08
1312, 2150, 2.5777514613389806e-08
523, 596, 2.489445729598285e-08
428, 695, 2.3240597524504417e-08
344, 407, 2.2854734832374287e-08
1895, 2150, 2.2808194418046762e-08
303, 815, 2.2799307812847078e-08
698, 2150, 2.2663983741977957e-08
359, 2150, 2.232376401193538e-08
123, 193, 2.227407554615343e-08
303, 405, 2.1968595129426856e-08
303, 379, 2.0446879177014582e-08
123, 270, 1.967211188722098e-08
475, 854, 1.843683757282182e-08
2974, 3899, 1.776567946338968e-08
523, 653, 1.693486909883631e-08
523, 854, 1.6748597281403837e-08
283, 673, 1.588038075470876e-08
677, 767, 1.5638503166588778e-08
508, 3503, 1.548567554734405e-08
3335, 3528, 1.539602518370871e-08
475, 653, 1.4897398999238113e-08
3415, 3528, 1.4767303543064679e-08
407, 994, 1.4288800238078089e-08
428, 491, 1.4083759980797245e-08
3929, 4023, 1.3223410201449605e-08
407, 491, 1.2622087900228165e-08
359, 468, 1.2550422296504832e-08
521, 599, 1.1534979491932414e-08
415, 505, 1.1220211307861e-08
2729, 3503, 1.1053201234802117e-08
2342, 3211, 1.0245184508689434e-08
123, 214, 9.24591011491974e-09
475, 542, 7.848208570808463e-09
767, 994, 7.628757851251359e-09
123, 359, 7.199039391106006e-09
731, 815, 7.162237497936589e-09
123, 379, 6.431690042468202e-09
999, 1196, 6.365944300185017e-09
999, 1295, 6.104668607398659e-09
698, 994, 5.925273487738261e-09
359, 491, 5.437005781090443e-09
475, 599, 5.331362162657359e-09
2061, 2131, 5.226690480756409e-09
303, 461, 5.137986566023101e-09
1878, 2131, 5.1325209633404e-09
344, 546, 4.8855705475902e-09
207, 425, 4.67293211969671e-09
523, 599, 4.664236335522337e-09
123, 405, 4.562098899390702e-09
359, 434, 4.449375384473017e-09
344, 505, 4.22629532499518e-09
415, 511, 4.117105652846889e-09
283, 425, 3.452391537339458e-09
84, 562, 2.8145191137157705e-09
415, 497, 2.7867370839007344e-09
2974, 3211, 2.3905784826608945e-09
415, 546, 2.3424622716303864e-09
344, 475, 2.3148917808996914e-09
123, 461, 2.1786788572882563e-09
508, 948, 1.953750265098417e-09
415, 698, 1.6955465429191616e-09
428, 505, 1.667783905652951e-09
344, 511, 1.4947757890078599e-09
873, 948, 1.2845690226024664e-09
344, 497, 1.2729066448395904e-09
2736, 3325, 1.256080166582714e-09
344, 698, 1.2381960577376812e-09
456, 546, 1.1959543935431094e-09
207, 270, 1.152068487400262e-09
2342, 3312, 1.1270163573145333e-09
2342, 3111, 1.0157158031572084e-09
283, 379, 1.0107804578741846e-09
207, 359, 9.370448241130045e-10
237, 562, 8.921140272214974e-10
283, 359, 7.723868323417655e-10
207, 379, 7.687364713313795e-10
428, 511, 7.399333843723558e-10
547, 948, 7.379514442244744e-10
303, 542, 7.369474182882413e-10
407, 505, 6.744770306401664e-10
428, 546, 5.97602065971021e-10
207, 405, 5.766313907840217e-10
456, 698, 5.676539594247737e-10
283, 405, 5.182098456498373e-10
237, 948, 4.2547190170354654e-10
123, 542, 3.315422080394028e-10
1882, 2237, 3.193212289014861e-10
2974, 3111, 3.138707947479941e-10
123, 199, 3.121738089013056e-10
428, 497, 3.1014885905753967e-10
1367, 2237, 2.894707472724058e-10
207, 461, 2.808492135309362e-10
123, 315, 2.6894752746323744e-10
303, 468, 2.3888379371724016e-10
123, 468, 2.3171114422839057e-10
407, 511, 2.2838730205861214e-10
123, 348, 2.240304969353402e-10
359, 505, 2.1535493068494773e-10
2974, 3312, 2.0559410977941713e-10
407, 497, 1.9308566494347081e-10
283, 461, 1.6436288204232294e-10
84, 948, 1.6342152674549819e-10
303, 434, 1.5309580091684107e-10
303, 491, 1.4838172959495686e-10
123, 491, 1.3929298360785193e-10
359, 475, 1.374612155431282e-10
407, 546, 1.269642570278898e-10
407, 475, 1.2310476551190095e-10
303, 596, 1.147526049943852e-10
123, 434, 1.143732759497572e-10
303, 407, 1.1005236709001597e-10
123, 320, 1.0410091506601896e-10
359, 511, 7.417155770950447e-11
359, 497, 6.702277966760768e-11
359, 546, 6.486395947778922e-11
207, 315, 6.005357721737145e-11
497, 596, 5.5854145584395795e-11
123, 407, 5.002467833016895e-11
303, 614, 4.8926756803266434e-11
123, 596, 4.183156028661616e-11
207, 542, 3.813586776800538e-11
529, 673, 3.619727863594336e-11
207, 348, 3.1670450426793886e-11
207, 468, 2.7222953485105643e-11
437, 673, 2.5412565604514164e-11
283, 542, 2.4533196110439354e-11
497, 614, 2.2197704977601143e-11
207, 320, 2.006660450956396e-11
207, 491, 1.5873637941868612e-11
623, 751, 1.475919812641364e-11
207, 434, 1.354469899723564e-11
123, 236, 1.1435793958767127e-11
437, 542, 1.093002097127083e-11
283, 348, 1.0570420482104855e-11
599, 751, 9.604377820390755e-12
283, 468, 8.685029174975758e-12
207, 407, 5.83412010432021e-12
283, 491, 5.3062031685787604e-12
123, 274, 5.0196952645326394e-12
475, 546, 4.834658338117886e-12
283, 434, 4.711699593600447e-12
123, 277, 4.34969818104519e-12
303, 505, 4.056577709214504e-12
123, 227, 3.186143151758406e-12
283, 407, 2.8363265347008615e-12
123, 614, 2.8034796250084724e-12
84, 568, 2.28080047068453e-12
123, 505, 2.169788590187764e-12
303, 475, 1.7948754948294704e-12
344, 562, 1.5167097488130503e-12
303, 511, 1.4382778166575727e-12
456, 2237, 1.428910098337777e-12
303, 497, 1.1916230614178386e-12
303, 599, 1.034286906571072e-12
123, 475, 9.78484059140516e-13
123, 511, 7.825789929198664e-13
237, 568, 7.242047432488178e-13
123, 497, 6.285659142842206e-13
937, 1201, 6.128849155492944e-13
497, 599, 5.262846516341214e-13
207, 277, 4.528382033601922e-13
207, 274, 4.1680027124906556e-13
303, 546, 3.9308433530968274e-13
521, 692, 3.5690449972652724e-13
303, 653, 3.354052388711607e-13
123, 653, 3.056709526383876e-13
123, 599, 2.7889252575463225e-13
303, 676, 2.654318303288399e-13
207, 505, 2.526430536319534e-13
123, 546, 1.8911247088699175e-13
415, 562, 1.768734694273679e-13
475, 692, 1.7384736027183928e-13
523, 692, 1.5779430687936152e-13
207, 596, 1.4757627026562796e-13
283, 505, 1.3482264806820848e-13
123, 676, 1.2932205065091276e-13
207, 475, 1.2040350166001956e-13
207, 511, 8.990047405037497e-14
207, 614, 8.791733710685756e-14
497, 653, 8.540006915878836e-14
207, 497, 7.468627041051559e-14
599, 676, 6.255314842888542e-14
283, 475, 6.043633269713521e-14
283, 511, 4.872752867162892e-14
283, 497, 3.912270360719909e-14
497, 676, 3.675463093833903e-14
123, 815, 3.344641844476214e-14
437, 505, 2.48114046796567e-14
497, 751, 1.7382447973109008e-14
437, 511, 1.290168839821542e-14
207, 546, 1.8126553442137245e-16
283, 596, 1.500344427732146e-16
283, 546, 4.4441070343619114e-17
437, 596, 3.1940672851164e-17
529, 596, 2.6734649223603975e-17
