Gene = RIC1
index = 1140
Annotated 5SS: [   335  27572  60920  84885  91206  91632 103361 109420 113895 114619
 116965 118387 124120 124528 125812 127254 128333 133542 134750 136454
 136680 140138 141160 143623 143962]
Annotated 3SS: [ 27463  60839  84776  91062  91494 103268 109330 113749 114569 116811
 118182 124080 124416 125721 127092 128193 133421 134020 136294 136542
 139850 140967 143444 143772 144838]
SMsplice 5SS: [   121  11757  13609  27572  30335  35623  54828  55045  60920 103361
 109420 113895 114619 116326 116965 118387 119596 124528 125812 127254
 128333 132569 133542 134750 136454 136680 140138 143252 143623 143962
 144946 145239]
SMsplice 3SS: [ 11622  13523  27463  30241  35548  54622  54976  60839 103268 109330
 113749 114569 116282 116811 118182 119465 124416 125721 127092 128193
 132477 133421 134605 136349 136542 139850 143047 143444 143772 144838
 145130 146863]
length: 147439
Partition function (logZ) = -70.9975013293117
#Introns = 1418
5SS, 3SS, prob
11757, 13523, 0.38468429707505636
13609, 24499, 0.2523582378992276
9612, 11622, 0.24253333212332692
12896, 13523, 0.2205995565461168
11757, 12792, 0.18864772946701286
7706, 11622, 0.15014435113102195
492, 7632, 0.1464480147960708
7706, 7964, 0.11034003638466529
7706, 9484, 0.10868033248090242
492, 6708, 0.09673686077372835
8084, 11622, 0.0940326684961694
6864, 7632, 0.09093347755439848
335, 441, 0.08145328961985611
335, 412, 0.07836199983021516
9612, 13523, 0.06686159713075389
121, 7632, 0.06666365297430193
4110, 7632, 0.0657928270015492
8084, 9484, 0.06252723861009374
11757, 11906, 0.05558391934154988
492, 3795, 0.05347897811315185
335, 459, 0.05212088798641915
335, 7632, 0.051819255438402906
121, 6708, 0.04811648769386229
121, 268, 0.04761852865528412
121, 412, 0.04761407185309456
8785, 11622, 0.04612565857343995
492, 11622, 0.045231346622282904
13609, 14208, 0.0394690761005133
6746, 7632, 0.03862517275742032
121, 441, 0.03813665136428883
13024, 13523, 0.03788254178128648
8785, 9484, 0.037340329956994184
335, 6708, 0.03675187366515677
4110, 6708, 0.036617988631913644
7706, 8564, 0.036188391659769205
492, 9484, 0.03516189227307871
7706, 13523, 0.034989791386275504
121, 459, 0.03440921306241992
6864, 11622, 0.03287270506409899
9612, 12792, 0.03258926543318071
121, 3795, 0.029996596334926687
13609, 18908, 0.028311670474092953
7846, 7964, 0.026236384086700076
492, 4020, 0.02584247207268605
492, 7964, 0.025020368791653716
8084, 13523, 0.024870539384319396
6864, 9484, 0.024470040925894228
4110, 11622, 0.02319588949076111
335, 3795, 0.022410785259218587
8084, 8564, 0.021722602578796664
7706, 12792, 0.019221551340860878
11969, 13523, 0.019089347998705097
4110, 9484, 0.017814841686432298
7846, 11622, 0.01714739158185713
121, 11622, 0.015846379613250586
121, 9484, 0.015681357211843445
13609, 19785, 0.015372590527357195
6864, 7964, 0.015255876661766607
11871, 13523, 0.01477176907328931
121, 280, 0.014354396073733832
1454, 7632, 0.014292178596708083
121, 4020, 0.014207203187714748
492, 7737, 0.01299934030471648
492, 8564, 0.012834992546469795
8894, 11622, 0.012779055635029702
7846, 9484, 0.012768400411812528
8785, 13523, 0.012552689314708734
4110, 7964, 0.012073504243700652
6746, 11622, 0.011791294885331514
13609, 17975, 0.011352866181286702
11757, 14208, 0.011099632498845607
12280, 13523, 0.011002007036817129
335, 4020, 0.010659347357347256
492, 1321, 0.010385860027568297
121, 7964, 0.01029773881856726
335, 11622, 0.01025242295556328
335, 9484, 0.010145655384820875
12900, 13523, 0.010140437215885593
13609, 17638, 0.009845721055342573
8894, 9484, 0.009697507085164092
11757, 12741, 0.00961652696394936
13677, 14208, 0.009611554866269112
6746, 9484, 0.009333930017672742
8084, 12792, 0.009059895275666602
7706, 8808, 0.009025826028279107
6629, 6708, 0.008860755760086164
13609, 17739, 0.008631444819315876
1454, 6708, 0.00834923132045822
335, 7964, 0.008196185553616474
6864, 8564, 0.008117289332925682
11757, 12685, 0.008046722864423872
492, 13523, 0.007891627924534132
13609, 16902, 0.007692954032011198
13609, 16623, 0.0073945368344872225
6864, 13523, 0.007200507876138422
6864, 7737, 0.00683107574093827
6746, 7964, 0.0067295674953347035
11701, 13523, 0.0066318845944687834
856, 7632, 0.006471055604362009
4110, 8564, 0.006395648597082098
492, 739, 0.0063431884984323445
492, 6629, 0.0062741787827451136
7706, 9281, 0.006182507544722785
13609, 17663, 0.006179462816645399
121, 1321, 0.006135400968855206
9612, 11786, 0.006052273059316537
121, 7737, 0.005987837112360325
13692, 14208, 0.005979113758141916
13609, 16829, 0.005898187880941287
121, 204, 0.0058804774663155455
11757, 18908, 0.005527685212301429
4110, 7737, 0.005520250062559358
7846, 8564, 0.005484735286898145
12896, 14208, 0.0053828186742668465
4110, 13523, 0.005152518599685367
7706, 7960, 0.005133171722773544
121, 8564, 0.005039380921317778
8084, 8808, 0.004986650913780006
11822, 13523, 0.004941875818844162
335, 7737, 0.0046381488509554016
492, 1229, 0.004573434497445356
9612, 11906, 0.004558468258150301
528, 7632, 0.004555625181272176
335, 1321, 0.004482665545573436
6629, 7632, 0.004244962634521744
13609, 18487, 0.0042250114875118415
7344, 7632, 0.004156538231466736
13609, 17221, 0.004153714234589536
492, 3822, 0.00413797825989501
492, 12792, 0.004137726038387988
335, 8564, 0.0040531074382537564
1454, 3795, 0.003992607342666452
8894, 13523, 0.003925507436760963
7846, 13523, 0.003923620867535192
13609, 15120, 0.0038089981419413906
492, 6347, 0.003788140009878847
856, 6708, 0.003783149343283061
6576, 6708, 0.0037665625220049876
3607, 7632, 0.0037214213690788724
7706, 11786, 0.0036235390192005143
13609, 15652, 0.003576266115997492
6746, 8564, 0.003475080925805709
4472, 7632, 0.003459328164191329
8084, 9281, 0.0034264558808423115
121, 6629, 0.0032725113032900095
11969, 12792, 0.003237275403692529
121, 13523, 0.003208143933534563
11757, 12866, 0.003200455886939107
6746, 13523, 0.0029857002197682457
528, 6708, 0.0029641800486485243
11757, 12955, 0.002950893518352457
3910, 7632, 0.0029331807163262527
6746, 7737, 0.0029010065221357602
121, 739, 0.002829083192768522
9387, 9484, 0.002828218798449889
121, 219, 0.0027494374962665743
121, 318, 0.0027182798137975585
7706, 8492, 0.002640546683121796
1454, 7964, 0.0026080964252287783
492, 7523, 0.0025768000522634416
7706, 11906, 0.0025341841206914643
335, 13523, 0.0025202789883732005
112, 7632, 0.00251986315554147
11701, 11786, 0.002480698098649457
121, 6347, 0.0024664675968123764
121, 1229, 0.0023791086642240998
492, 8808, 0.002326302989351335
121, 3822, 0.00230478967870299
8084, 11786, 0.0022806997364121606
335, 739, 0.002248923902577162
492, 6464, 0.0022475810416499875
3607, 6708, 0.002169429023922882
335, 491, 0.0021493534703841514
335, 6629, 0.0021172766794085663
492, 7607, 0.002044304236788816
8785, 9281, 0.0020414747630215662
11757, 12467, 0.0020349878805851385
492, 3302, 0.002017298881336057
492, 6488, 0.0020141159287874865
856, 3795, 0.0019902896835554498
121, 491, 0.0019837630245698643
4472, 6708, 0.001971696140372724
528, 3795, 0.0019293646506810904
1454, 4020, 0.001867676931468935
3607, 3795, 0.0018631635519701642
335, 1229, 0.0018207300755899432
112, 6708, 0.0018199776758964072
335, 6347, 0.0017911558467224014
492, 7220, 0.0017634849626532027
112, 412, 0.0017468561380934037
335, 3822, 0.0017251091726106186
112, 268, 0.0016804155134247801
8084, 11906, 0.001674941872724662
9612, 9821, 0.0016733010898867496
492, 9281, 0.0016726430261937576
492, 3756, 0.0016701770214449748
492, 7665, 0.0016634263857523914
4110, 6629, 0.0016552221843984052
325, 412, 0.0015981212788072445
8084, 8492, 0.0015716799097498066
9612, 14208, 0.0015643639319775364
9446, 13523, 0.0015271104400698793
11822, 11906, 0.0014998463706932545
121, 6464, 0.00149144328941395
112, 441, 0.0014490089455570622
335, 414, 0.0014257348377061455
121, 12792, 0.0014086543298862202
6864, 9281, 0.001397392674968202
1454, 8564, 0.0013557988755397011
121, 3302, 0.0013387015679615225
121, 6488, 0.0013258477114573709
7846, 7960, 0.0012872239273885066
112, 459, 0.0012825991513676167
7706, 9611, 0.0012617706828239466
3910, 4020, 0.0012447651394770075
121, 7523, 0.0012441396979850812
1454, 7737, 0.001231849465963884
3910, 6708, 0.0012283739590469754
2756, 7632, 0.001222080905838255
6576, 7632, 0.0012193261987715283
6864, 7523, 0.0011952219865953245
856, 7964, 0.001158323988800872
112, 3795, 0.0011345897540165578
492, 6439, 0.001105823807268289
492, 7960, 0.0010604718867646538
325, 441, 0.0010331056718840955
13570, 14208, 0.0010185641106382076
1454, 13523, 0.0010086214923118097
4110, 9281, 0.0009936062301446108
8785, 11786, 0.0009935429366830523
13609, 15229, 0.0009933754859299505
492, 1232, 0.0009741600277571802
6864, 7220, 0.0009725811156570393
335, 3302, 0.0009697888095534672
335, 6464, 0.0009649464288058896
492, 3952, 0.0009589975745341693
121, 3756, 0.0009487376929585203
9612, 10313, 0.0009393338749497717
7706, 7791, 0.0009376220157995192
492, 11786, 0.0009213582651959188
4110, 4206, 0.000904973985579504
11757, 12585, 0.0008847128106236114
492, 4345, 0.000879946200219511
4110, 6347, 0.0008758600748886247
121, 7220, 0.0008725756983396824
11757, 16623, 0.000869412337110928
335, 6488, 0.0008578080195150656
335, 7523, 0.0008049438869231579
121, 7665, 0.0008031252993388046
121, 414, 0.0007966230311266152
528, 7964, 0.0007957540274799316
8084, 9611, 0.0007953925302042953
8785, 11906, 0.0007836335003375214
7706, 14208, 0.0007769252449496083
121, 6439, 0.0007753048654208184
121, 2634, 0.0007671539125288788
492, 4206, 0.0007646956549472793
7706, 8462, 0.0007601069054206024
492, 8492, 0.0007550494948642039
6629, 7964, 0.0007256003177689714
7846, 9281, 0.0007104612245418369
335, 3756, 0.0007077281455077421
11701, 11906, 0.0007056556608329482
13609, 16257, 0.0007028104072807247
325, 459, 0.0006894111144629254
492, 11906, 0.0006715543329378999
3607, 7964, 0.0006694934782509718
335, 7220, 0.0006621179648663503
121, 9281, 0.000660746437509379
9612, 10828, 0.0006464659280511775
6864, 7960, 0.0006286785167300737
4110, 7220, 0.0006283380800347792
492, 2634, 0.0006177168529949743
4472, 7964, 0.0006074339242848658
9612, 9841, 0.0006030779472010134
492, 3325, 0.0006014973070177533
121, 240, 0.0005940161016077584
6864, 11786, 0.0005690842009395624
2756, 3795, 0.0005652008210964809
6864, 7665, 0.0005599073578661883
13609, 13949, 0.0005375399573600423
4110, 7960, 0.0005318063303160202
3910, 7964, 0.0005285591219635875
8894, 9281, 0.0005237438201401975
112, 280, 0.0005232213630502056
6746, 9281, 0.0005213308450898647
492, 3299, 0.000520319585609229
335, 7665, 0.0005196127100381655
121, 1232, 0.0005147451794417133
6864, 11906, 0.0005132098663506711
121, 4345, 0.0005124729248657298
6864, 8492, 0.0005100957402870883
7706, 9821, 0.0005082795628091378
335, 2634, 0.0005054943875409661
4110, 6464, 0.000505034425445823
335, 6439, 0.0005016132134783483
7344, 7964, 0.0005013907476269182
1425, 3795, 0.0004955750640952406
492, 1406, 0.0004832369660284664
4110, 7665, 0.0004566016273075894
4110, 6488, 0.0004555146391369789
11757, 15120, 0.00044784278593239425
492, 3555, 0.0004472138722848145
9612, 10373, 0.0004467764991326014
11757, 12425, 0.000446376057022838
121, 4206, 0.00044406365608929343
121, 7960, 0.0004440267035447343
492, 4246, 0.00043809618806698583
8785, 9611, 0.00043350440394497884
4110, 8492, 0.0004299902567424887
335, 9281, 0.00042749524554260037
7706, 10313, 0.0004202058265297658
335, 508, 0.00041276586749272397
121, 508, 0.0004087038137570308
528, 7737, 0.00040234499082511077
121, 3325, 0.0003999123690532132
492, 1345, 0.0003994717983171345
4110, 11786, 0.00039669004428100833
492, 9611, 0.0003944175085561167
6746, 7220, 0.00039230923922978326
335, 1232, 0.0003917878195751296
4110, 11906, 0.000387610542697684
492, 6569, 0.0003835410332229276
112, 7964, 0.00038324875676301276
8084, 8462, 0.00038266325046345677
4110, 4345, 0.00037891547460094254
856, 1321, 0.00036168915527140993
856, 7737, 0.00035987715127322375
528, 1321, 0.00035223394502588494
492, 3341, 0.0003503678255285527
121, 11786, 0.00034874095214316054
492, 2317, 0.000348073025453928
7706, 10828, 0.00034757044382168893
121, 3299, 0.0003432774105585788
8084, 9821, 0.00033861596731112764
11757, 12017, 0.0003366109187912349
492, 3770, 0.0003344676967108086
335, 4345, 0.00033156401065923273
335, 4206, 0.00032994348750212035
121, 2317, 0.00032538894850729584
1572, 3795, 0.00032205018803711674
13024, 14208, 0.00031501902853289424
325, 3795, 0.00030606734558850696
121, 1406, 0.0003038068715212307
121, 3555, 0.00029834896402999443
335, 419, 0.00029425449687487374
1629, 3795, 0.00029309203051891395
1454, 3822, 0.00029077199374090315
335, 3325, 0.0002897421657369764
335, 7960, 0.0002872801030525923
11757, 12353, 0.00027807544352548546
4110, 4246, 0.0002744435390006372
6864, 9611, 0.0002735348080314885
2386, 3795, 0.00027073379548975317
492, 1484, 0.00025905525165479775
121, 4246, 0.0002534894464189629
112, 204, 0.0002532165897817007
492, 696, 0.000250133153994699
335, 3299, 0.0002490843259924684
8084, 10313, 0.00024893830708815783
2635, 3795, 0.0002387133496685073
4110, 6439, 0.00023747728004794928
121, 1345, 0.00023674788750482025
528, 13523, 0.00023421326190357187
7706, 10373, 0.00023339004505941178
112, 1321, 0.0002321618713059552
121, 1484, 0.00023164553894452103
121, 3341, 0.0002313908791675036
2756, 7964, 0.00022572224150401094
335, 11786, 0.0002256313322386766
121, 3770, 0.00022349438133877642
335, 1406, 0.0002223542976787081
335, 2317, 0.00022225725570320756
528, 739, 0.00021590660430600696
121, 11906, 0.0002108375354401312
492, 1276, 0.00020194074546105764
1454, 6347, 0.0002008512475115842
2752, 3795, 0.0001976478491966022
4110, 9611, 0.00019373336806361992
335, 3555, 0.00019302830313568282
121, 9611, 0.00019238428205010474
5318, 7964, 0.00019043903884904232
1425, 7964, 0.0001893817758937213
335, 4246, 0.0001887129907926065
7706, 9841, 0.00018770417256615816
121, 8492, 0.0001848645211129867
335, 1345, 0.0001736663942965824
2510, 3795, 0.00017069176420011868
121, 217, 0.0001706763772969188
492, 1299, 0.00016965076398452883
492, 9821, 0.00016791214540306322
335, 3341, 0.000167864953373989
8084, 10828, 0.00016643087610919
335, 1484, 0.00015985703791839093
7846, 8492, 0.00015570418632853574
528, 1229, 0.00015507327580762583
121, 419, 0.00015340870044711262
8785, 9821, 0.00015301931077425838
1633, 3795, 0.00015122936615905556
6864, 8462, 0.00014817598961416038
8894, 9611, 0.00014812317398941733
7846, 11786, 0.00014753454619451602
856, 1229, 0.00014680397207120097
7846, 9611, 0.0001453006354667711
335, 3770, 0.00014459826039766669
492, 10313, 0.00013906553447214616
492, 758, 0.0001365677629720808
335, 11906, 0.00013640942858855173
106, 412, 0.00013367594358556115
492, 5897, 0.00013249918052228493
9612, 9817, 0.00013079046000561643
1454, 7220, 0.0001305123283346735
106, 268, 0.0001256690039809599
492, 1109, 0.00012565033425707335
335, 9611, 0.00012447038867671384
528, 3822, 0.00012369251333703923
492, 783, 0.00012095519248690181
335, 8492, 0.00011960519097643802
121, 1276, 0.00011924861343111125
121, 250, 0.00011862802059257283
4110, 8462, 0.0001183639706745653
492, 4091, 0.00011674865506256532
492, 8462, 0.00011616685629374516
106, 441, 0.00011188153113375163
8084, 10373, 0.00011175665355000257
1454, 3756, 0.00011139058347005584
121, 8808, 0.0001108738766942096
856, 3822, 0.00011030539406702595
3607, 3822, 0.00010836175281197857
121, 282, 0.00010813219234626786
1434, 3795, 0.00010810314640915579
1454, 3302, 0.00010645790392815917
112, 739, 0.00010600248688601009
121, 1299, 0.00010590564099470908
9612, 10354, 0.00010582983748196139
121, 696, 0.00010578317753478645
528, 6347, 0.00010303055862893668
6746, 9611, 0.00010181752353222989
492, 1191, 0.0001005235899052801
112, 318, 9.993034423012716e-05
7846, 11906, 9.985142864595506e-05
6864, 9821, 9.754643205654495e-05
106, 459, 9.743866394874971e-05
8785, 10313, 9.688942820914486e-05
492, 4164, 9.280879084079932e-05
112, 219, 9.259127803291235e-05
112, 6347, 9.25344641083574e-05
856, 6347, 9.177496602231622e-05
335, 1276, 9.154376809038958e-05
121, 4164, 9.10143757884227e-05
6746, 11906, 9.02238796970778e-05
8084, 9841, 8.98803981893321e-05
112, 1229, 8.985487700495104e-05
335, 696, 8.827729170148307e-05
106, 3795, 8.772981394277279e-05
11757, 11826, 8.631995376610224e-05
335, 1299, 8.501186660857818e-05
121, 330, 8.4604863807706e-05
3486, 3795, 8.29703162857249e-05
4110, 9821, 8.247652490582974e-05
121, 9821, 8.190218953291012e-05
492, 10828, 7.709944419297827e-05
3630, 3795, 7.42575205448333e-05
112, 491, 7.373009606515694e-05
492, 665, 7.222073035657539e-05
2229, 3795, 7.056723105602192e-05
9446, 9611, 6.95738529428709e-05
740, 3795, 6.825003940195038e-05
121, 1109, 6.785669415702932e-05
121, 10313, 6.783173268671259e-05
325, 1321, 6.742471489998009e-05
3607, 3756, 6.314740043537402e-05
7846, 8462, 6.306508954457201e-05
121, 758, 6.210623494545066e-05
121, 783, 6.159225576743897e-05
492, 7791, 6.116766152330428e-05
4110, 5897, 6.095409688633428e-05
121, 5897, 6.0167931221521276e-05
335, 4164, 5.98041651893792e-05
492, 5707, 5.958301791033942e-05
856, 7220, 5.941187969944795e-05
193, 268, 5.837263625867618e-05
9612, 10874, 5.627507170852691e-05
121, 1191, 5.611028324566883e-05
121, 10828, 5.6106564799012926e-05
8894, 11906, 5.5439972573083594e-05
335, 1109, 5.530576506176769e-05
528, 3302, 5.4811833899583135e-05
335, 9821, 5.298976224045176e-05
6864, 6948, 5.192716981408814e-05
492, 10373, 5.1771498624567494e-05
528, 7220, 5.124034089345238e-05
335, 758, 5.0622521614472085e-05
112, 3302, 5.0544801928418306e-05
193, 412, 4.982898855803849e-05
528, 3756, 4.965205641860537e-05
856, 3302, 4.899523097044959e-05
121, 5216, 4.867387229764302e-05
335, 783, 4.7420034360382917e-05
335, 5897, 4.666436965762605e-05
856, 3756, 4.427826310367677e-05
492, 5022, 4.4178528569757736e-05
6629, 7220, 4.4109146264115654e-05
335, 10313, 4.388634062075381e-05
1454, 4206, 4.3760626019549575e-05
335, 1191, 4.269746857833204e-05
6864, 10313, 4.234849555741791e-05
193, 441, 4.1776638967589805e-05
492, 9841, 4.163727852814282e-05
3607, 6347, 4.112781285557355e-05
106, 280, 3.988359341640497e-05
492, 2342, 3.7730800725127255e-05
492, 5216, 3.657353812280077e-05
339, 441, 3.6070163511513755e-05
193, 459, 3.604848304687479e-05
121, 5022, 3.491762034296164e-05
325, 739, 3.472761403844672e-05
528, 1232, 3.432136404853976e-05
3607, 7220, 3.396437759558012e-05
121, 2342, 3.2102686816196945e-05
325, 491, 3.1889190090295744e-05
1454, 3325, 3.1818720256755055e-05
856, 1232, 3.159946322676615e-05
335, 5216, 3.1491428191158e-05
121, 665, 3.129601795772226e-05
492, 4928, 3.099960476350679e-05
856, 13523, 3.0886825198041425e-05
112, 7220, 3.077514408443077e-05
4110, 5707, 2.9423950588764495e-05
112, 414, 2.934792748441917e-05
112, 2634, 2.9045068594306732e-05
121, 5707, 2.904445026216336e-05
193, 280, 2.792556679652362e-05
1454, 3299, 2.7715072998622648e-05
325, 414, 2.7606810828573354e-05
325, 1229, 2.7232511672699134e-05
339, 412, 2.6982600186010974e-05
335, 665, 2.6554189088922942e-05
263, 412, 2.6290996308026796e-05
4472, 7220, 2.6163096501358797e-05
121, 2157, 2.6127698503042878e-05
492, 2157, 2.6048477261623053e-05
1454, 4246, 2.535794462818445e-05
492, 5545, 2.4077165321229573e-05
339, 459, 2.3383048999678226e-05
335, 5022, 2.2591293474913063e-05
528, 4206, 2.2516791964350842e-05
335, 2342, 2.198614264000475e-05
856, 4206, 2.010525099748795e-05
492, 2011, 1.9643732314640536e-05
112, 1232, 1.944309935807125e-05
106, 204, 1.9366277004007606e-05
263, 441, 1.928237049012377e-05
740, 1321, 1.9248888803642677e-05
112, 240, 1.9209394998215392e-05
335, 5707, 1.879142087133406e-05
2756, 3302, 1.8779287849855166e-05
1454, 3341, 1.8635185279705634e-05
492, 1896, 1.8118421325047016e-05
106, 1321, 1.7951438131866096e-05
492, 5823, 1.7675413359331006e-05
856, 1406, 1.7498400285865463e-05
147, 268, 1.749511265147996e-05
528, 1406, 1.7344565468713126e-05
335, 2157, 1.7176627424969103e-05
492, 5433, 1.7166496213015642e-05
263, 459, 1.678575358979371e-05
112, 4206, 1.656224718913296e-05
1454, 2317, 1.6456189519293904e-05
3910, 7220, 1.6405194777819375e-05
528, 3325, 1.6392883224214548e-05
492, 1067, 1.6165379535261724e-05
121, 1067, 1.603356015913594e-05
4110, 4928, 1.5945784637365247e-05
121, 2011, 1.5678586584424027e-05
112, 508, 1.5607470859502e-05
4110, 5022, 1.525263984222783e-05
121, 4928, 1.510999232256438e-05
856, 3325, 1.4653279095047915e-05
528, 3299, 1.4269621340097656e-05
147, 412, 1.409498241932759e-05
856, 1345, 1.4079212815900233e-05
1425, 3302, 1.3917132129086502e-05
1454, 5897, 1.374705686450342e-05
528, 1345, 1.3608264004291546e-05
3910, 4206, 1.3411348067018044e-05
3607, 4206, 1.3305165537357368e-05
528, 4246, 1.3047792405466924e-05
121, 5133, 1.3021967105857172e-05
856, 3299, 1.275533664317439e-05
492, 1752, 1.2526862071182856e-05
335, 1067, 1.2390473872373175e-05
4110, 5545, 1.1890054374141433e-05
492, 6948, 1.1839936385792506e-05
121, 5545, 1.173670040813737e-05
856, 4246, 1.1650378157348333e-05
112, 2317, 1.1622859618952046e-05
112, 1406, 1.1502374267593538e-05
492, 6901, 1.135280742635791e-05
147, 441, 1.0235025934543624e-05
335, 2011, 1.0143862821165993e-05
335, 4928, 9.775988959440704e-06
121, 1896, 9.686599812156917e-06
1454, 2634, 9.410576902105746e-06
149, 268, 9.40626570909193e-06
528, 2317, 9.126981150880628e-06
528, 696, 9.099869196534445e-06
112, 1345, 8.963466808723163e-06
147, 459, 8.94123835901168e-06
492, 855, 8.803765925888396e-06
492, 5133, 8.802767681684113e-06
121, 5823, 8.616090325447947e-06
121, 6948, 8.60805351293146e-06
112, 1484, 8.544685156784308e-06
335, 5133, 8.425060975507807e-06
121, 5433, 8.368012613675082e-06
121, 6901, 8.253893489272488e-06
114, 412, 8.242598726666085e-06
856, 2317, 8.157267164701459e-06
106, 739, 8.117798221303985e-06
114, 268, 7.994694050610422e-06
528, 1484, 7.736601718450394e-06
740, 1229, 7.694157719639777e-06
335, 5545, 7.593508398999734e-06
106, 318, 7.584414270026364e-06
528, 1276, 7.367682935980883e-06
856, 1276, 7.360265341128833e-06
149, 412, 7.3514798887267675e-06
856, 1484, 7.274726185578825e-06
535, 1321, 7.245776437069347e-06
335, 1896, 7.2435366039550755e-06
106, 1229, 6.94784314205975e-06
114, 441, 6.797801639680082e-06
492, 3398, 6.688562593186859e-06
2756, 4206, 6.48365808123966e-06
106, 219, 6.385446420464238e-06
325, 508, 6.168216600997857e-06
114, 459, 6.0448849700630055e-06
112, 217, 5.879232793378311e-06
325, 1232, 5.851763277360471e-06
112, 419, 5.711887786168325e-06
121, 1752, 5.6878087847279355e-06
335, 5823, 5.574510039249831e-06
856, 1109, 5.566392668647923e-06
106, 491, 5.562944523560985e-06
492, 1549, 5.509374680034914e-06
193, 1321, 5.44646047747644e-06
335, 5433, 5.414006650525192e-06
149, 441, 5.340494044218272e-06
535, 739, 5.201887971308889e-06
528, 1299, 5.2014722805271276e-06
325, 419, 5.1646418673243704e-06
856, 1299, 5.066084027617404e-06
121, 1549, 4.95429036383018e-06
121, 4091, 4.9232630150693594e-06
528, 2634, 4.844045357298941e-06
492, 603, 4.789201184421047e-06
528, 758, 4.774654127752009e-06
147, 280, 4.759676447600798e-06
528, 783, 4.750146677714119e-06
4110, 5433, 4.713645288477872e-06
149, 459, 4.629239823052694e-06
112, 1276, 4.514849106960932e-06
335, 1752, 4.412613601064593e-06
856, 2634, 4.326832217038416e-06
492, 4794, 4.268359334278662e-06
528, 1109, 4.166572550966065e-06
112, 696, 4.048529248474669e-06
112, 1299, 4.009673361471065e-06
112, 250, 3.99437546575292e-06
112, 282, 3.961639789213259e-06
121, 855, 3.901732291404401e-06
193, 318, 3.818187675383625e-06
492, 4717, 3.6966266706817093e-06
856, 1191, 3.615560152945317e-06
535, 1229, 3.501736692362677e-06
335, 1549, 3.4076486354771423e-06
492, 4955, 3.245120820058603e-06
325, 2317, 3.241803749254844e-06
528, 1191, 3.23889526593896e-06
121, 1516, 3.2227330049106e-06
492, 4506, 3.219252224234465e-06
112, 330, 3.1342503257954524e-06
121, 4794, 3.1029014028903644e-06
325, 1406, 3.1028846749100154e-06
492, 1516, 3.079939093210515e-06
528, 665, 2.981486659337979e-06
492, 2057, 2.8513467706041066e-06
1454, 4164, 2.8163753197690125e-06
861, 1321, 2.7122270550003706e-06
121, 2057, 2.678821424807295e-06
492, 952, 2.5824223868105594e-06
193, 739, 2.5559502420594968e-06
149, 280, 2.5313602511684744e-06
112, 1109, 2.508611207164392e-06
114, 280, 2.4714496858084848e-06
335, 855, 2.45976111842331e-06
325, 1345, 2.417969350346095e-06
325, 1484, 2.4121981312380786e-06
112, 758, 2.3235992760153216e-06
112, 783, 2.321750259941763e-06
263, 1321, 2.265175046110342e-06
106, 414, 2.251894060507772e-06
1248, 1321, 2.239727591041461e-06
335, 1516, 2.1694726492089134e-06
1454, 1896, 2.125899459913247e-06
112, 1191, 2.1243807782249714e-06
193, 1229, 2.1079733444732062e-06
193, 491, 1.9255687679748313e-06
1454, 1752, 1.8693423646580372e-06
335, 2057, 1.7331662461615888e-06
106, 1232, 1.5033975788305442e-06
544, 1321, 1.5031125058438007e-06
528, 4164, 1.4491505935139195e-06
121, 603, 1.4415512136232674e-06
106, 240, 1.3653185699690874e-06
335, 603, 1.3324977070965736e-06
325, 1276, 1.3275491221657456e-06
1425, 2317, 1.3241993868896074e-06
1454, 2342, 1.3155317481360622e-06
325, 696, 1.3078656035571805e-06
740, 1232, 1.2941386057939394e-06
856, 4164, 1.293947044582732e-06
492, 1900, 1.284472641739153e-06
226, 412, 1.246844249824914e-06
106, 508, 1.1807979493473217e-06
114, 204, 1.1739490715743287e-06
121, 952, 1.166916759067165e-06
112, 665, 1.1643995972439984e-06
112, 2342, 1.1317626741695375e-06
1454, 1549, 1.1232711452801334e-06
861, 1229, 1.1227003483729688e-06
121, 3736, 1.110845926472541e-06
121, 3633, 1.105916476842161e-06
263, 739, 1.0788245901744657e-06
544, 739, 1.062081367952763e-06
2229, 2317, 1.05246309777725e-06
3910, 4164, 1.0334063607649912e-06
1572, 2317, 9.961922164557825e-07
1454, 2011, 9.860217856290603e-07
263, 491, 9.688761847958793e-07
263, 1229, 9.61650434768203e-07
226, 441, 9.5992657828003e-07
268, 412, 9.399319480199011e-07
121, 1900, 9.336878065095566e-07
339, 739, 9.312305896518113e-07
528, 2342, 9.275964505289105e-07
106, 2317, 8.987136612541181e-07
339, 491, 8.920783951003634e-07
106, 1406, 8.599236399664497e-07
226, 459, 8.597633487272813e-07
1629, 2317, 8.468737748323704e-07
193, 414, 8.390438334948484e-07
112, 2157, 8.384639230916224e-07
335, 952, 8.262959031675527e-07
325, 1109, 8.162036907792491e-07
856, 2342, 7.912371348716125e-07
492, 3633, 7.75001465196567e-07
492, 3736, 7.700891847081247e-07
112, 5022, 7.556743200060964e-07
325, 758, 7.548166018739153e-07
147, 318, 7.462217774809884e-07
147, 739, 7.37909367249468e-07
325, 783, 7.275509325417123e-07
335, 3736, 7.187043699961464e-07
335, 3633, 7.180811285790939e-07
740, 1406, 7.088797571417785e-07
268, 441, 6.644233313789727e-07
339, 1229, 6.634779803296723e-07
106, 1484, 6.607001661618389e-07
535, 1232, 6.553618342597607e-07
147, 1229, 6.171783349183216e-07
956, 1229, 6.03236203605483e-07
325, 1191, 5.958967471355057e-07
544, 1229, 5.870197120421943e-07
112, 1067, 5.840866635870305e-07
268, 459, 5.807476844187844e-07
1300, 1406, 5.591317388917741e-07
147, 491, 5.510339656885334e-07
803, 1229, 5.233650818448444e-07
1454, 2157, 5.138661980694292e-07
339, 414, 5.024546085372547e-07
114, 739, 4.987194007107984e-07
114, 318, 4.721741372505034e-07
193, 1232, 4.561272850726319e-07
114, 219, 4.4938496028432314e-07
1633, 2317, 4.452669968600804e-07
106, 419, 4.407963771525665e-07
263, 414, 4.363389556922208e-07
740, 1484, 4.292448602571406e-07
856, 1067, 4.1985166821267934e-07
106, 217, 4.079201544157165e-07
147, 219, 4.062034137958728e-07
325, 665, 4.06026828257739e-07
193, 508, 3.9425991298162366e-07
149, 318, 3.88199111291067e-07
149, 739, 3.8130135928214256e-07
112, 2011, 3.69251010211208e-07
528, 2157, 3.5458750139595533e-07
114, 491, 3.393751760846606e-07
578, 739, 3.2823576876664696e-07
12, 412, 3.244368498740408e-07
528, 1067, 3.196395172491658e-07
856, 2157, 3.1720380739906406e-07
106, 696, 3.1517797569147583e-07
1434, 2317, 3.054719194041423e-07
325, 2342, 3.053047114985365e-07
106, 282, 3.0256104438052225e-07
106, 250, 2.89930969198107e-07
12, 268, 2.896697245014316e-07
149, 491, 2.8623747738507574e-07
121, 829, 2.855367311906228e-07
121, 521, 2.761271962416621e-07
12, 441, 2.6820458912554347e-07
335, 521, 2.6528141875680675e-07
598, 739, 2.6465251901928097e-07
121, 798, 2.619046841762761e-07
2198, 2317, 2.5279844065558354e-07
106, 330, 2.411013018017781e-07
147, 414, 2.358827113171974e-07
12, 459, 2.3091948395661896e-07
325, 2157, 2.2618433350371485e-07
740, 2317, 2.2469056071774443e-07
492, 798, 2.233726604088624e-07
147, 240, 2.229658746459638e-07
535, 696, 2.2098741387980027e-07
193, 282, 2.181732460240649e-07
492, 829, 2.1606683075091156e-07
263, 508, 2.035570010762787e-07
636, 739, 2.0122595482984278e-07
193, 1484, 2.0045621504133507e-07
106, 1109, 1.9744607510687982e-07
112, 1549, 1.8757344661022446e-07
149, 219, 1.864260389207494e-07
335, 798, 1.8260223590117806e-07
106, 758, 1.7959004085800202e-07
106, 783, 1.78004412032106e-07
740, 1109, 1.7719782188737796e-07
335, 829, 1.7670344783157086e-07
325, 1067, 1.7307087024324121e-07
339, 508, 1.6583555110367264e-07
193, 419, 1.641499588899453e-07
1425, 2342, 1.6395693297043666e-07
226, 318, 1.399557570259115e-07
114, 414, 1.3834432890382885e-07
535, 1484, 1.277407458222599e-07
1629, 2342, 1.2672554509630263e-07
149, 414, 1.2310503502076087e-07
1572, 2342, 1.2283046429009524e-07
112, 1516, 1.2201528227914888e-07
535, 2317, 1.1886093862733012e-07
35, 412, 1.1492319544262691e-07
149, 240, 1.1448556038503726e-07
535, 783, 1.1333964075372335e-07
535, 758, 1.1272169632383057e-07
2229, 2342, 1.1088739521864724e-07
1454, 1516, 1.1010108854104636e-07
856, 1549, 1.093472674454233e-07
147, 508, 1.0893164710375075e-07
339, 419, 1.0848445970419106e-07
528, 1549, 1.0712798782659167e-07
35, 268, 1.043955337010435e-07
193, 330, 1.0433929098228844e-07
112, 2057, 1.0142234923751032e-07
325, 2011, 9.960928710234782e-08
193, 696, 9.903945325875092e-08
35, 441, 9.774431646812843e-08
114, 240, 9.306734177497186e-08
528, 2011, 9.270196028277797e-08
121, 789, 9.266922176208439e-08
12, 280, 9.151570691021021e-08
1300, 1484, 9.135782716616745e-08
106, 665, 8.885556666476935e-08
35, 459, 8.774950212933867e-08
121, 754, 8.493294529526534e-08
492, 754, 8.447336375127076e-08
528, 603, 8.338974810693236e-08
856, 2011, 8.295641945933317e-08
535, 1109, 8.270564191097253e-08
263, 419, 8.21342422128629e-08
1425, 1549, 8.108447245498439e-08
112, 1896, 7.975414059730814e-08
492, 789, 7.961183271513374e-08
535, 665, 7.694539337384776e-08
114, 508, 7.087488606934765e-08
193, 2317, 7.078805461850381e-08
1391, 1484, 6.822497819613771e-08
121, 544, 6.384369679944438e-08
335, 789, 6.368389037161274e-08
1324, 1484, 6.193011163736979e-08
335, 754, 6.173868153167218e-08
226, 739, 5.9339859448211334e-08
335, 544, 5.714713823708092e-08
149, 508, 5.681900041425228e-08
193, 783, 5.6543973118126865e-08
193, 758, 5.5612595573269076e-08
112, 603, 5.47809851093818e-08
1276, 1484, 5.415983919158886e-08
1425, 1516, 5.300186816593078e-08
226, 491, 5.137814671325114e-08
147, 250, 4.9473189388936704e-08
544, 696, 4.642752117131595e-08
1425, 2157, 4.5841704088379556e-08
861, 1484, 4.5395185299898043e-08
106, 1067, 4.530239956740606e-08
856, 1516, 4.521602792780646e-08
147, 419, 4.517854806432617e-08
528, 1516, 4.424864727508281e-08
263, 696, 4.242587911061525e-08
861, 1109, 4.214877914110482e-08
339, 696, 3.7427065332174193e-08
339, 1321, 3.6992099903536146e-08
268, 739, 3.6720770120352636e-08
147, 1321, 3.555577128301471e-08
147, 282, 3.532348721951882e-08
35, 280, 3.456787975244929e-08
263, 1484, 3.374801448402167e-08
263, 330, 3.347339606028532e-08
268, 491, 3.3069050672832905e-08
492, 626, 3.2900082195386906e-08
492, 631, 3.177794013069914e-08
1572, 2157, 2.888017251058948e-08
106, 2011, 2.8551573209022138e-08
114, 217, 2.843081942523805e-08
147, 696, 2.8406890660248295e-08
193, 665, 2.7976811829433865e-08
114, 419, 2.686376326199835e-08
1629, 2157, 2.6420459845643193e-08
149, 250, 2.626716933614593e-08
263, 758, 2.4352207011744226e-08
12, 739, 2.427221992680421e-08
263, 783, 2.424231431821159e-08
1290, 1484, 2.398929657815772e-08
325, 1299, 2.3929884540872666e-08
147, 330, 2.3653405534952635e-08
121, 631, 2.3648001324305226e-08
149, 419, 2.3607457208822316e-08
121, 626, 2.3100952019718428e-08
544, 758, 2.2656222341679518e-08
1434, 1549, 2.2523967381919073e-08
544, 783, 2.24909914866277e-08
2206, 2317, 2.215123611763018e-08
147, 217, 2.2115748293353156e-08
325, 1896, 2.1514506037002435e-08
339, 758, 2.1272064230310324e-08
12, 204, 2.1039912227173413e-08
226, 414, 2.096059111538144e-08
578, 696, 2.0592252496207926e-08
528, 1896, 2.0022599721013134e-08
339, 783, 1.98985762271527e-08
325, 603, 1.9834714830838276e-08
598, 696, 1.9758162762934337e-08
114, 250, 1.9190462605192534e-08
114, 696, 1.8951136119751912e-08
149, 282, 1.8755730388226126e-08
114, 282, 1.8695408582518247e-08
335, 631, 1.8220263533683387e-08
335, 626, 1.812848398227654e-08
856, 1896, 1.7917670522348936e-08
544, 665, 1.7679054812692484e-08
147, 758, 1.6647244633738654e-08
12, 318, 1.6341843469759663e-08
147, 783, 1.618724071711996e-08
114, 1229, 1.591505520715306e-08
268, 414, 1.555934443045935e-08
114, 330, 1.476103999030686e-08
149, 696, 1.4759876716932256e-08
121, 2160, 1.4349796937517706e-08
12, 491, 1.4265034275203251e-08
1633, 2157, 1.3979162455035442e-08
121, 764, 1.278315422450106e-08
121, 2033, 1.267229901128818e-08
263, 665, 1.2396552789044198e-08
492, 764, 1.238844286833929e-08
149, 330, 1.2280912054644811e-08
296, 412, 1.138963995630242e-08
112, 829, 1.116017711828543e-08
339, 665, 1.1065062621117005e-08
1434, 2157, 1.0936508990756726e-08
803, 1321, 1.0928907176362045e-08
114, 758, 1.0922568028361935e-08
114, 783, 1.0920427030230654e-08
956, 1321, 1.0622058832266689e-08
112, 521, 1.0578937799687288e-08
121, 344, 1.0436276226037404e-08
149, 217, 1.0025306951809469e-08
112, 798, 9.894697050559097e-09
226, 508, 9.861393359735823e-09
492, 2160, 9.700372278124843e-09
121, 1500, 9.54671116142784e-09
335, 2160, 9.284151403697141e-09
335, 764, 9.240647307849223e-09
740, 1067, 8.826841927917818e-09
149, 758, 8.62241009819767e-09
492, 2033, 8.566394253831948e-09
149, 783, 8.409238842500501e-09
12, 219, 8.349441813765623e-09
35, 739, 8.341792077306374e-09
147, 665, 8.223662550354654e-09
335, 2033, 8.198829792923394e-09
35, 204, 7.860793572616774e-09
112, 855, 7.589168922420397e-09
459, 739, 7.327282804080278e-09
578, 665, 7.117111311305328e-09
268, 508, 6.939065948385523e-09
121, 342, 6.572844243498853e-09
578, 758, 6.481112488578641e-09
492, 1500, 6.4535165689668064e-09
35, 318, 6.33934076088887e-09
296, 441, 6.228994564253734e-09
335, 1500, 6.17661087581868e-09
492, 1183, 6.169889751681692e-09
106, 1896, 6.166824520491374e-09
578, 783, 6.081895331031501e-09
121, 1183, 5.9782904074987245e-09
121, 1447, 5.920894658902451e-09
12, 414, 5.490798241453891e-09
114, 665, 5.489721455932508e-09
35, 491, 5.113705247445393e-09
492, 1447, 4.978296296346575e-09
296, 459, 4.944517605645372e-09
598, 758, 4.7844562527602735e-09
598, 783, 4.476435470096564e-09
149, 665, 4.261713888133268e-09
106, 603, 4.255605219199269e-09
335, 1183, 4.251619364923355e-09
226, 330, 4.186024633494195e-09
325, 521, 4.092559371457812e-09
226, 419, 4.0588159297412915e-09
713, 783, 4.004306110501707e-09
535, 1067, 3.888564683125366e-09
335, 1447, 3.879894584888087e-09
528, 798, 3.63989194114093e-09
112, 789, 3.4682282262497483e-09
986, 1229, 3.215134996831319e-09
35, 219, 3.177918153903242e-09
112, 754, 3.166634446874529e-09
856, 952, 3.1047121812732017e-09
528, 829, 3.060682915881003e-09
121, 909, 3.00521289251306e-09
12, 508, 2.9958921638496057e-09
636, 758, 2.9436678444372577e-09
268, 419, 2.9063178826882286e-09
325, 798, 2.8768770362715278e-09
112, 952, 2.8450765249303663e-09
325, 829, 2.8042771611769485e-09
1454, 3633, 2.633526123572718e-09
121, 1252, 2.5984610504246146e-09
1067, 1229, 2.5256245041883658e-09
492, 1252, 2.508370447247799e-09
861, 1232, 2.4920009271293767e-09
12, 240, 2.4788780086905624e-09
492, 909, 2.4575367828295958e-09
112, 544, 2.356492820885565e-09
528, 855, 2.3216942275123868e-09
226, 696, 2.250863638281911e-09
636, 783, 2.122820535729684e-09
335, 909, 2.0914329931449725e-09
325, 855, 2.0888219813261264e-09
121, 339, 1.994617289131707e-09
35, 414, 1.9343450366469823e-09
598, 665, 1.92173932361865e-09
193, 1109, 1.7318700863806242e-09
335, 1252, 1.680804214369994e-09
268, 696, 1.4709408843225488e-09
193, 603, 1.3790132061809201e-09
226, 758, 1.330651596724986e-09
528, 789, 1.3202881788816673e-09
226, 783, 1.2866676135903778e-09
535, 603, 1.2578106015816674e-09
528, 754, 1.2136331090677173e-09
12, 419, 1.0834168815948319e-09
35, 508, 1.0666884445696994e-09
325, 789, 1.0083608858374312e-09
325, 754, 9.53257478607656e-10
528, 952, 9.499561837707403e-10
35, 240, 9.226087839533962e-10
112, 631, 8.904785050887259e-10
325, 544, 8.814623080542473e-10
112, 626, 8.714432516914462e-10
106, 829, 8.58778782973528e-10
528, 626, 8.368661530218879e-10
325, 952, 8.32201592989388e-10
268, 783, 8.292440860379006e-10
106, 521, 8.20139910882034e-10
528, 631, 8.130253725640714e-10
12, 696, 8.047593971753721e-10
106, 798, 7.791192552426732e-10
268, 330, 7.641388913298589e-10
676, 739, 7.532012166160267e-10
12, 282, 6.904407738128672e-10
226, 665, 6.505436569992428e-10
740, 829, 6.503402766189901e-10
263, 603, 6.263936940146616e-10
12, 250, 5.923290055774516e-10
106, 855, 5.726134475862565e-10
339, 603, 5.608998961818666e-10
12, 330, 5.283440208413102e-10
12, 217, 5.161058011960693e-10
112, 764, 4.824874048075673e-10
112, 2033, 4.797835063072496e-10
121, 335, 4.346751800588805e-10
268, 665, 4.197971933904532e-10
112, 344, 3.960292797015266e-10
740, 855, 3.802118342637712e-10
35, 419, 3.7811247408878633e-10
147, 603, 3.7670881802158296e-10
389, 459, 3.745647571665026e-10
20, 412, 3.0958972789930416e-10
12, 147, 3.0185089419593025e-10
492, 1106, 2.9090218672962495e-10
20, 268, 2.8265884667855554e-10
325, 631, 2.8133610165353656e-10
296, 491, 2.775950114166234e-10
325, 626, 2.766886883103883e-10
193, 521, 2.7231016190990606e-10
106, 789, 2.669674462854863e-10
20, 441, 2.63484600452509e-10
35, 282, 2.630039160956204e-10
114, 603, 2.5674020889002406e-10
112, 342, 2.48781454980067e-10
193, 798, 2.4441014406731024e-10
106, 754, 2.4369730252152973e-10
193, 829, 2.2969033316997969e-10
20, 459, 2.256275017169832e-10
121, 1106, 2.2329975361700981e-10
106, 952, 2.1881351471274084e-10
35, 250, 2.126770247493535e-10
35, 217, 1.9575146106493381e-10
149, 603, 1.9487188108602e-10
35, 330, 1.941238549644105e-10
528, 764, 1.8677835946564203e-10
296, 414, 1.845481699834886e-10
106, 544, 1.7876710391616907e-10
193, 855, 1.7112619815641029e-10
335, 1106, 1.705185448104164e-10
35, 147, 1.6007219506711537e-10
106, 1191, 1.5445981620787695e-10
193, 1067, 1.529305461257994e-10
263, 1109, 1.496760540744621e-10
325, 764, 1.413439435724737e-10
263, 521, 1.372083324381944e-10
112, 1447, 1.1639461609054638e-10
339, 1109, 1.1125909298548e-10
112, 909, 1.1040091628461484e-10
339, 521, 1.1006951461967092e-10
112, 1500, 1.0723087144227523e-10
263, 798, 1.0427604326737975e-10
263, 829, 9.628207344952342e-11
20, 280, 9.098562493724398e-11
856, 1183, 8.876481560796544e-11
193, 789, 8.550585072269134e-11
740, 952, 8.360905445430046e-11
528, 1183, 7.909788174665315e-11
535, 798, 7.687463021277311e-11
193, 754, 7.588027378640765e-11
339, 798, 7.51736744969913e-11
112, 339, 7.513229138574738e-11
263, 855, 7.385998785558293e-11
339, 829, 7.260486215754414e-11
147, 521, 7.166261706747114e-11
193, 952, 7.002110694118679e-11
147, 798, 6.872157249808765e-11
106, 631, 6.870903578830093e-11
106, 626, 6.713819633497538e-11
147, 829, 6.568622477269173e-11
535, 829, 6.324802597098582e-11
121, 1002, 6.254709029144655e-11
193, 544, 6.073895014041736e-11
106, 2157, 6.048190845495344e-11
149, 1229, 5.839945859346146e-11
263, 1067, 5.684467912284743e-11
147, 855, 5.590909760477614e-11
339, 855, 5.473935837249779e-11
114, 829, 5.150782156249438e-11
339, 1067, 5.0926957741715045e-11
114, 521, 4.95437505134361e-11
492, 1002, 4.8716841760140215e-11
535, 855, 4.6425517085433306e-11
114, 798, 4.634451204129767e-11
121, 1236, 4.403091201060163e-11
335, 1002, 4.357764869194125e-11
149, 521, 3.7269893811475613e-11
263, 789, 3.646021100146607e-11
149, 798, 3.5558087020533407e-11
114, 855, 3.507273250877872e-11
492, 1236, 3.4898820524162364e-11
528, 909, 3.361336248805443e-11
149, 829, 3.3574053775775926e-11
325, 909, 3.340156129518805e-11
296, 508, 3.240586623145075e-11
296, 419, 3.200521641251234e-11
106, 344, 3.075440490766412e-11
335, 1236, 2.938574238537976e-11
263, 544, 2.8508012097381863e-11
149, 855, 2.7867582250552752e-11
535, 789, 2.757613944002671e-11
856, 1447, 2.7258701672180043e-11
389, 491, 2.710468419317853e-11
528, 1447, 2.5987083764122407e-11
339, 544, 2.3866509230938237e-11
325, 1549, 2.1905400710047042e-11
193, 631, 2.126856244418527e-11
193, 626, 2.107933479198738e-11
20, 204, 2.0613614901125596e-11
106, 342, 1.9318299107381402e-11
12, 132, 1.8362904502298016e-11
535, 631, 1.7785717887616587e-11
754, 855, 1.7399533201169586e-11
535, 626, 1.726415028677531e-11
263, 1232, 1.6874548521297782e-11
147, 544, 1.647535364948527e-11
112, 335, 1.6250374202029328e-11
20, 318, 1.600929649146434e-11
754, 829, 1.5838371067819547e-11
861, 952, 1.4017244304729863e-11
263, 952, 1.2923123679886473e-11
193, 344, 1.1526121510890846e-11
114, 544, 1.1131579840933075e-11
544, 829, 1.0995439879312195e-11
20, 491, 1.0677692523419354e-11
339, 952, 9.600785068882202e-12
35, 132, 9.57017705285774e-12
263, 344, 8.688100437505461e-12
149, 544, 8.50462150042612e-12
106, 909, 8.340416745687102e-12
20, 219, 8.26885462113842e-12
856, 1106, 7.534648430412785e-12
193, 342, 7.370386484079973e-12
544, 855, 6.91539348355964e-12
226, 521, 6.371616942679962e-12
106, 339, 5.8286276393269615e-12
528, 1106, 5.596256482027995e-12
20, 414, 5.2361507708170265e-12
263, 342, 5.109371248568697e-12
268, 521, 4.733735138489019e-12
12, 75, 3.97689035317165e-12
226, 855, 3.4682211445922512e-12
740, 909, 3.411563396656991e-12
193, 909, 3.2116681554805966e-12
389, 508, 3.1603924439440522e-12
535, 952, 3.0744943178009993e-12
147, 344, 2.905030267404332e-12
20, 240, 2.3957470829261425e-12
112, 1002, 2.3679740862334528e-12
193, 339, 2.2889209603192086e-12
268, 855, 2.171587966777586e-12
713, 855, 2.1128640979547013e-12
226, 603, 2.1017717550607855e-12
114, 344, 1.8562514111703244e-12
147, 342, 1.8377780412256473e-12
20, 508, 1.6956961635129727e-12
149, 344, 1.5122336864274545e-12
268, 603, 1.4629417020114203e-12
112, 1183, 1.4201786718234287e-12
263, 339, 1.36733467191219e-12
578, 855, 1.2738166368536678e-12
106, 335, 1.257099474678685e-12
12, 855, 1.2324520470264344e-12
114, 342, 1.1664578574405129e-12
263, 909, 1.160078697807814e-12
856, 1002, 1.1350108126702656e-12
12, 521, 1.1036941916805626e-12
20, 419, 1.0331542643543783e-12
12, 120, 9.887873578141403e-13
12, 665, 9.622551470980844e-13
149, 342, 9.562320058839776e-13
339, 909, 8.507558865765965e-13
492, 568, 8.457677534507869e-13
147, 909, 8.124547565376901e-13
12, 603, 7.543654455461228e-13
147, 952, 7.165696329808266e-13
535, 909, 6.882144791413961e-13
20, 282, 6.881417665112437e-13
263, 626, 6.853867648173922e-13
528, 1002, 6.798519012536629e-13
325, 1002, 6.795531020383164e-13
803, 909, 6.36456022445416e-13
263, 631, 6.345111308645744e-13
20, 250, 5.680058011739429e-13
339, 626, 5.626960081035407e-13
147, 339, 5.600398932998706e-13
339, 631, 5.183433133031335e-13
193, 335, 5.146252509824919e-13
114, 952, 5.121935406516652e-13
20, 217, 5.108414208369635e-13
20, 330, 5.087530423457912e-13
114, 909, 5.033454482204794e-13
121, 568, 4.689234511773652e-13
147, 626, 4.400945676742954e-13
335, 568, 4.364598830316079e-13
147, 631, 4.147853466021433e-13
226, 344, 4.075246321136871e-13
149, 909, 4.0546034785797745e-13
35, 521, 3.9094488227804655e-13
35, 120, 3.7664883424131753e-13
149, 952, 3.7142476547821176e-13
114, 339, 3.5254358909734603e-13
35, 665, 3.381578506710134e-13
803, 952, 3.287875269234562e-13
20, 147, 3.2573632564423343e-13
226, 544, 3.186343396928964e-13
114, 626, 3.0261695634664486e-13
149, 339, 2.9119427333437287e-13
114, 631, 2.843927456054853e-13
435, 508, 2.8307405016497784e-13
35, 696, 2.760039256223531e-13
226, 342, 2.6670804262044455e-13
35, 603, 2.6166287236623917e-13
459, 665, 2.5546813793453443e-13
459, 603, 2.537723040148084e-13
268, 344, 2.45300514016198e-13
263, 335, 2.4107106094720913e-13
149, 626, 2.279440250137996e-13
268, 544, 2.2310450213481813e-13
149, 631, 2.1464889947672364e-13
459, 696, 2.0622765768991925e-13
459, 521, 2.0115018380613136e-13
544, 631, 1.9230245700090764e-13
544, 626, 1.8308290250327512e-13
598, 855, 1.566457433071798e-13
268, 342, 1.4016281782890974e-13
147, 335, 1.2215398272631225e-13
12, 544, 1.0514335175194983e-13
754, 952, 9.71185873884799e-14
544, 952, 9.571336952925515e-14
226, 339, 8.565149579230508e-14
35, 855, 8.257223128076796e-14
114, 335, 7.636422260443176e-14
636, 855, 7.349910111520663e-14
12, 344, 6.72400580275895e-14
459, 544, 6.550169024898004e-14
149, 335, 6.346132048256381e-14
226, 952, 5.85149940520139e-14
106, 1002, 4.55925667292114e-14
12, 342, 4.230360337652992e-14
35, 544, 3.790521077502458e-14
226, 626, 3.648322668175461e-14
268, 339, 3.5878583154798577e-14
226, 631, 3.464348734441583e-14
35, 344, 2.391477756291448e-14
268, 626, 2.3842829867427518e-14
268, 631, 2.2048814080928338e-14
20, 132, 2.074839678350713e-14
226, 335, 2.0023072013540897e-14
296, 521, 1.9748915191696495e-14
112, 568, 1.7721933287833687e-14
740, 1002, 1.5852680473252317e-14
35, 342, 1.506222885564837e-14
268, 758, 1.4362704220725686e-14
193, 1002, 1.358553835138283e-14
296, 665, 1.323393375799424e-14
12, 626, 1.2961171702811255e-14
12, 339, 1.2786298980699174e-14
12, 631, 1.219001052476044e-14
296, 603, 1.1283989831803289e-14
296, 696, 9.679265622601399e-15
12, 758, 8.641783100673073e-15
325, 568, 6.928706748551966e-15
268, 335, 5.95068467799687e-15
35, 626, 4.6383870296595384e-15
35, 339, 4.570556602283983e-15
35, 631, 4.385531923309672e-15
459, 626, 3.786714515026914e-15
459, 631, 3.522856026567462e-15
12, 335, 2.7601011504062817e-15
106, 568, 1.3720542650612226e-15
389, 521, 1.1619354601489349e-15
20, 120, 1.0725936883675504e-15
35, 335, 9.960683547247991e-16
20, 521, 7.972010758608342e-16
193, 568, 4.378038867913896e-16
435, 521, 2.04533862787122e-16
263, 568, 2.034681216162536e-16
339, 568, 1.7928969292961144e-16
147, 568, 1.3048327498900757e-16
114, 568, 8.305756978313745e-17
149, 568, 6.771827180536671e-17
20, 344, 6.474977755887003e-17
20, 342, 4.068560075079007e-17
296, 544, 1.3968530884897986e-17
20, 339, 1.2282416360488381e-17
226, 568, 1.1090937682142989e-17
268, 568, 7.006007686930128e-18
12, 568, 3.567769513631555e-18
20, 335, 2.6510230308537243e-18
459, 568, 2.1112267923036e-18
35, 568, 1.2344772485972774e-18
389, 544, 8.472609230396808e-19
20, 544, 7.25527793271466e-19
389, 603, 2.014636093463599e-19
20, 603, 1.986377061263341e-19
435, 544, 1.6885537277926962e-19
296, 626, 6.476904235207762e-20
296, 568, 5.837451925952021e-20
513, 603, 5.474463622202336e-20
296, 631, 5.162765264014889e-20
471, 544, 4.8458847905045016e-20
20, 665, 3.7586895675997135e-20
435, 603, 2.3098989112816283e-20
20, 696, 2.292319361322851e-20
389, 696, 1.9426429164996522e-20
471, 603, 1.2707415457683792e-20
20, 626, 3.989864214276018e-21
389, 626, 3.974370978435967e-21
389, 631, 3.179992961179303e-21
20, 631, 3.179083795212341e-21
389, 568, 1.215313465544113e-21
389, 665, 1.182943667809089e-21
20, 568, 1.1195652552808175e-21
465, 544, 5.124996900540368e-22
296, 739, 4.272750000787301e-22
435, 568, 1.730847827042799e-22
513, 665, 1.6356119779156037e-22
435, 665, 1.357667466836979e-22
471, 568, 1.2776680146896143e-22
20, 739, 3.5284869395076495e-23
389, 739, 2.511880593914273e-23
