Gene = DESI2
index = 440
Annotated 5SS: [  421 33735 36408 39086]
Annotated 3SS: [33661 36313 38943 52620]
SMsplice 5SS: [  421  2759  5026 33735 39086 46256]
SMsplice 3SS: [ 2619  4910 33661 38943 46056 46372]
length: 56099
Partition function (logZ) = -29.96379905448054
#Introns = 1877
5SS, 3SS, prob
2759, 4910, 0.3694626668255333
421, 2619, 0.29305764330648515
5026, 6337, 0.20577983795107135
5026, 6573, 0.11839916212871268
421, 4910, 0.11500254560753356
6418, 6573, 0.10485194368442685
2308, 2619, 0.08670087623302826
1739, 2619, 0.08223700211582194
6734, 11872, 0.07348588020181313
3482, 4910, 0.07316330498117989
4993, 6337, 0.06582920011213031
2843, 4910, 0.06444001935637181
421, 2138, 0.05848598673040499
421, 1599, 0.05697616880573717
421, 977, 0.05633843257985753
5026, 11872, 0.04958660665422746
3655, 4910, 0.048146062761832566
1739, 4910, 0.04730515306075106
2759, 3360, 0.046113341744347364
5026, 6255, 0.04475341697950131
2308, 4910, 0.04110547526399028
6734, 11420, 0.0388091505047461
4993, 6573, 0.03779415579729758
6734, 14681, 0.0337279184136335
6734, 8643, 0.03301560399562908
2759, 4949, 0.03195100958538928
5026, 6624, 0.031059217907331446
1103, 2619, 0.027914807128200356
6734, 15215, 0.027452395468783718
1244, 2619, 0.02734620446105699
5026, 11420, 0.02661406570950433
6734, 16410, 0.025472324088398265
11580, 11872, 0.024951657547904828
4785, 4910, 0.024297265804934878
421, 817, 0.024296890046082823
421, 1090, 0.023616015067828035
6418, 6624, 0.023309532059637254
6734, 14858, 0.023197350451345838
6734, 13002, 0.022847240015165117
6418, 6543, 0.02249305380493339
5026, 8643, 0.0223831670514063
6418, 11872, 0.02188636076394495
5026, 14681, 0.021378495588409104
6734, 12154, 0.020816121041684253
1091, 2619, 0.020475802192088974
421, 3360, 0.01992157874586034
421, 1078, 0.01858853648392606
938, 2619, 0.018458275964618093
5026, 6543, 0.018252868821889763
15, 192, 0.017187989083001533
2759, 3527, 0.016822949787397866
310, 2619, 0.016192792749338467
5026, 15215, 0.01585275936187805
4993, 11872, 0.01582046980040913
6734, 11212, 0.015625065490653768
1739, 2138, 0.015523752219664611
6468, 6573, 0.01529662243104018
421, 1961, 0.015134429426602019
5026, 12154, 0.014836437952460585
5026, 13002, 0.01448681414762304
1244, 4910, 0.014413516244714422
1103, 4910, 0.014361621147324677
4993, 6255, 0.014316089766900847
3790, 4910, 0.013838504098081971
2759, 6337, 0.01343848833811065
5026, 14858, 0.013395625709840178
6734, 7264, 0.012949675058991904
5026, 6590, 0.012857601928330216
11314, 11420, 0.012387302469573832
6418, 11420, 0.011793939226602022
5026, 6012, 0.011512176955692894
2759, 3316, 0.011418055645641552
421, 1570, 0.011099562313504154
5037, 6337, 0.010860684129866294
5026, 16410, 0.01084980867823132
2759, 4603, 0.01056313765084253
6418, 6590, 0.010520709640407183
1091, 4910, 0.010497792105371278
6734, 8421, 0.010196238798013759
6734, 12812, 0.010055787313400295
4993, 6624, 0.009782627438981856
6418, 8643, 0.009768344712555678
421, 4949, 0.009482359058857793
6734, 11928, 0.009459014912109936
6118, 6337, 0.009423158819419497
421, 1573, 0.009415138473106672
938, 4910, 0.009273640658774753
5026, 11212, 0.009252800810984833
6734, 9584, 0.008994875947330578
421, 1532, 0.008652567513401084
2843, 3360, 0.008315694451640982
6635, 11872, 0.007964786711776226
421, 3527, 0.007851152316219228
6734, 6836, 0.007735900876254428
266, 2619, 0.007550793428347778
4993, 11420, 0.007543272890462862
5026, 7264, 0.007405546126152694
6734, 8748, 0.007279399926727256
421, 674, 0.007114517749899551
4993, 8643, 0.0070226139990275
5026, 8421, 0.006979455661302577
6734, 13216, 0.0069041632182858005
421, 2102, 0.006828693267008433
2759, 6573, 0.006617975581977017
15, 139, 0.006337350660942715
3482, 4949, 0.006197183049014043
5037, 6573, 0.006157473697595121
5026, 9584, 0.006028265576811024
8841, 11872, 0.006021716031434648
5026, 11928, 0.00599770435993039
421, 1512, 0.005990133192030416
5026, 12812, 0.005806524330585799
6418, 12154, 0.005801164336522508
4993, 6543, 0.005799889064780473
310, 4910, 0.0057548936320962725
11314, 11872, 0.005739727691486536
1739, 3360, 0.005729255586158427
5026, 5503, 0.005698617975977661
1244, 1599, 0.005570205012621483
421, 1102, 0.005535336156999331
1739, 1961, 0.005419514445471017
1103, 1599, 0.005348900017136796
5606, 6337, 0.005283744697933942
2843, 4949, 0.005203839294763974
8529, 8643, 0.005173851883402981
421, 4603, 0.005136860482735031
5026, 13216, 0.005090036265681955
6418, 13002, 0.004937338231821079
5026, 8748, 0.00493716507813569
15, 2619, 0.004897838091170909
11580, 12154, 0.004840952835774748
1103, 2138, 0.004724648695691725
1244, 2138, 0.004673371667053484
2308, 3360, 0.004594538291975726
411, 2619, 0.004577604809749022
421, 3316, 0.004512959571395102
6418, 14681, 0.004176871441757251
6734, 8034, 0.0041146613135079075
3655, 4949, 0.004071744237905943
6118, 6573, 0.004050403563438052
4993, 6590, 0.004016156698588996
1091, 1599, 0.003969339419044173
6734, 12097, 0.003931368139258376
1739, 4949, 0.00379101184367313
421, 2122, 0.0037070886700957323
3404, 4910, 0.003702729409985483
4993, 6012, 0.0035689722437309774
6635, 8643, 0.0035482250881133767
1091, 2138, 0.003485792531076124
6734, 11939, 0.003439665588507646
938, 1599, 0.003428762371770424
2308, 4949, 0.0034226402554099885
6418, 7264, 0.0034153438031904884
4993, 12154, 0.003344250457289609
938, 2138, 0.003201706314123993
310, 2138, 0.0031975872486231464
421, 2627, 0.0031870889048275113
310, 1599, 0.0031122339091493078
6418, 8421, 0.003101234337548068
5026, 5355, 0.0030939437980491992
421, 1305, 0.0030712553381504904
4026, 4910, 0.003011885480068711
6635, 11420, 0.002973724582931659
421, 1370, 0.0029512609382556804
3482, 6337, 0.0029512450117241667
2759, 3747, 0.002950840075822262
310, 977, 0.002926448469328049
2843, 3527, 0.0029255951573442258
2759, 6255, 0.002920657779395971
6118, 6255, 0.002912002497527982
5026, 12097, 0.0028977214129081537
421, 1325, 0.0028703316554455115
5606, 6573, 0.002868783891295804
2181, 2619, 0.0028301324247377757
2759, 11872, 0.002783180928356434
5026, 8034, 0.002773326147556504
266, 4910, 0.0027399377393474015
421, 6337, 0.002574695291732263
6418, 9584, 0.002487752814040923
173, 2619, 0.0024532311931967686
5037, 6255, 0.0023567817665204626
4993, 7264, 0.002322399971408329
646, 2619, 0.0023126111402740858
6734, 6935, 0.002264703499463013
2843, 6337, 0.002253209698056409
1739, 3527, 0.002197291411950937
4993, 13002, 0.002117717651555968
2843, 3316, 0.0020667994639858933
4993, 8421, 0.002044022554167412
2277, 2619, 0.0020173705021683625
6418, 8748, 0.002005720456687913
1103, 3360, 0.0019874873232673595
1366, 2619, 0.0019718702690680297
1244, 3360, 0.001960372340846289
3655, 6337, 0.0019235569944623557
15, 4910, 0.0018870829167482058
1739, 2102, 0.0018619194174874106
6734, 8595, 0.0018392526383378318
421, 1628, 0.0018145942637433357
393, 2619, 0.0018034634508127378
2843, 4603, 0.0018026591737698055
4993, 5503, 0.0017893215566841935
938, 1090, 0.0017728132737761862
3482, 4603, 0.0017454200250993843
2308, 3527, 0.0017435404953777597
411, 4910, 0.0017079823403022036
2759, 4453, 0.0016831603194620438
421, 1990, 0.0016705993531885687
6734, 7260, 0.0016386297868768314
6734, 9129, 0.001622821857876427
421, 1216, 0.0015674718166483288
3655, 3747, 0.001564443666825442
266, 977, 0.001564015856834116
938, 1078, 0.001545269513740494
421, 1018, 0.0015390235995826125
6468, 6543, 0.0015334959959077677
6418, 11212, 0.0015271074641460712
1739, 6337, 0.0015249168137319784
6734, 8392, 0.0015084063449088173
6734, 8150, 0.001500825396191969
266, 2138, 0.0014970035601045999
1244, 1961, 0.0014911449308500219
421, 2545, 0.0014817877734100847
6734, 7918, 0.0014804777963744343
1739, 4603, 0.0014739926014672505
5026, 11939, 0.0014639804704740828
266, 1599, 0.001458048274110065
421, 3747, 0.0014553214886071696
1091, 3360, 0.001451550447997957
421, 1635, 0.0014416174357486555
6422, 6573, 0.0014409476789353866
4993, 9584, 0.0014232310460485008
2759, 6624, 0.0014194892769152116
2308, 6337, 0.0014174169449224238
1280, 2619, 0.0014169560785389996
3482, 6573, 0.0014165528599727666
1739, 3316, 0.001408474280515921
4993, 8748, 0.0014031752854278894
6635, 7264, 0.0013626421529245969
2759, 3162, 0.0013452768857987456
2759, 3884, 0.0013242459943896131
6468, 6624, 0.0013141320917070543
8841, 11420, 0.0013127945541216068
938, 3360, 0.0012801338844779916
1103, 1961, 0.0012677011476453866
9697, 11872, 0.0012534139891670886
9882, 11872, 0.001253261864694323
3655, 4603, 0.0012448356865820721
310, 817, 0.0012414791429371822
5026, 5397, 0.0012389369695978128
310, 1090, 0.0012271517596441032
421, 868, 0.0012270027005427523
2759, 8643, 0.0011947493682601827
2759, 3198, 0.0011945247771958337
421, 2580, 0.0011840872106467016
5026, 6836, 0.0011748283036199531
5037, 6624, 0.0011742492510152342
6418, 11928, 0.0011707900586471539
2308, 4603, 0.0011656024082803264
5026, 8595, 0.001164467992414552
2759, 4764, 0.0011628395396122532
421, 11872, 0.0011465711546108635
1244, 1570, 0.0011332016195315466
2308, 3316, 0.0011266903044435663
8529, 11872, 0.001104454873365048
310, 3360, 0.0011038057128978766
5026, 6701, 0.0010918452928873048
5026, 6610, 0.001087691221084447
421, 1025, 0.0010875807507277726
6418, 8034, 0.0010840813730963851
421, 722, 0.0010815429123631484
5037, 11872, 0.0010746701852072287
5026, 6726, 0.0010733349551740044
1244, 4949, 0.0010667260155996416
421, 1043, 0.001044539658508999
1103, 1570, 0.0010396484218657093
5606, 6255, 0.0009907085632801312
1103, 4949, 0.0009849424038035257
310, 1078, 0.0009839618591955838
15, 2138, 0.0009826203711208064
1739, 2122, 0.0009658663537722864
1244, 1573, 0.0009618869598197077
15, 1599, 0.0009589982402478024
5026, 8150, 0.0009502028702526848
145, 2619, 0.0009380758657561167
5026, 7918, 0.0009373203938510817
5026, 9129, 0.0009370678106336784
421, 1918, 0.0009347469678731623
1244, 1532, 0.00093099403257808
1091, 1961, 0.0009305543833716001
4993, 5355, 0.0009226992643273387
6734, 8255, 0.00090973903095985
15, 977, 0.0009065763690079912
2843, 6573, 0.0009008729806481457
2308, 2627, 0.0008945786497797127
5026, 8392, 0.0008919682954722499
411, 2138, 0.0008893611542981662
1103, 1573, 0.0008811955533905624
2759, 3725, 0.00087687760685727
6734, 7018, 0.000876212008517269
1739, 2627, 0.0008750343644371545
898, 2619, 0.0008694513979856162
411, 1599, 0.0008679809690326805
411, 977, 0.0008653752489704716
5026, 7260, 0.0008635455982830866
2759, 6543, 0.0008540540504421241
1103, 1532, 0.000848627235609585
5026, 6037, 0.0008465607072843545
5037, 8643, 0.0008371089575445608
421, 1350, 0.0008357852580942806
310, 1961, 0.0008273152141770734
6635, 8421, 0.0008263237113504236
938, 1961, 0.0008211073573743287
3482, 3747, 0.0008075712914974592
6468, 6590, 0.0008029904416328516
421, 530, 0.0008001454097633666
5026, 5547, 0.0007984512377749536
3655, 6573, 0.0007803125324828081
421, 4453, 0.0007743443009565187
1091, 1570, 0.0007620167756763563
1244, 1325, 0.000758433515150205
6734, 7749, 0.0007504150253622949
1103, 3527, 0.000747774097463979
5026, 6935, 0.0007453234759971606
2759, 6012, 0.0007332651808349011
421, 924, 0.0007200373371550116
5026, 5602, 0.0007160422026115782
421, 738, 0.0007144032276558673
1244, 1512, 0.0007127424384516931
1244, 3527, 0.0007012186599881324
6635, 6726, 0.0006917160350742827
938, 1570, 0.0006771127375303819
421, 2697, 0.000675449805973468
421, 2171, 0.0006596253890889037
6418, 6701, 0.0006509522783586424
5026, 5191, 0.0006499383408510293
1091, 1573, 0.0006460770063201694
5026, 6122, 0.00064242024291402
5037, 6543, 0.0006408912019055822
421, 1580, 0.0006363128198367894
4993, 8034, 0.0006257771312295525
310, 1570, 0.0006064040158837004
1091, 1532, 0.0006050677488823711
1103, 1512, 0.0006004731765813764
912, 2619, 0.0005996156392585592
421, 6255, 0.0005986193560084467
6418, 6726, 0.0005938119161391079
6418, 6836, 0.0005928159057564557
6734, 6938, 0.0005849429356984482
938, 1573, 0.0005711643350654376
266, 817, 0.0005710284834288682
1244, 1370, 0.0005598787936193253
266, 1090, 0.0005585630533354209
2759, 3500, 0.0005567463031528531
1739, 1990, 0.0005537619163845509
1091, 3527, 0.0005503248533155377
1244, 2102, 0.0005441409551963198
938, 1532, 0.0005385324599259122
1103, 2102, 0.0005347195038034484
3482, 6255, 0.0005272459543513056
421, 1604, 0.0005263590903456661
421, 2264, 0.0005251404520711589
5026, 8255, 0.0005248497354768504
3404, 3527, 0.0005208615764977016
2843, 3747, 0.0005096083693322748
266, 3360, 0.0005037741524841914
2308, 2545, 0.0005010509074382724
938, 3527, 0.0004981063153116146
6418, 6610, 0.0004949444426100717
173, 2138, 0.000494144987385701
1103, 4603, 0.0004939883668952248
6118, 6624, 0.0004894377267659179
310, 1573, 0.00048336117140135467
173, 1599, 0.0004822657734946372
6734, 8500, 0.00048157009464950824
1366, 1599, 0.0004809312229322589
646, 977, 0.000480591420131706
421, 8643, 0.00047766092884865124
646, 1599, 0.00047693184784412996
6734, 8362, 0.0004766381871662758
310, 1532, 0.00047271010832359005
5026, 5973, 0.00047225918544901914
1103, 3316, 0.00047207950388418316
421, 1497, 0.00047186011221358564
1244, 3316, 0.0004699260855396125
2759, 3333, 0.0004695021325426779
5026, 6600, 0.00045679238745154917
5037, 6012, 0.00045379579632335806
646, 2138, 0.0004486494854711163
607, 2619, 0.00044762351738121705
1091, 1512, 0.0004430040714232884
421, 6573, 0.0004379689098697175
5026, 7749, 0.0004329319883568187
2843, 6255, 0.0004323665258990407
6118, 6543, 0.0004316272617583747
266, 1078, 0.0004279616068800034
173, 977, 0.0004237933519361549
3790, 6337, 0.00042163813821135805
1739, 3747, 0.0004128994490592362
5026, 6445, 0.00041177434230097625
1244, 6337, 0.00041010732372830566
2759, 7264, 0.00040989916436402036
1739, 6573, 0.00040641166280833504
1091, 2102, 0.00040027793755036334
310, 3527, 0.0003971607999896242
421, 3725, 0.00039538913588760407
1103, 6337, 0.00039505273072702214
938, 1102, 0.00039304750980726606
1244, 4603, 0.00039129732806846115
1739, 2545, 0.0003871614453473761
411, 817, 0.00038420788938549783
266, 1961, 0.00038214214231549064
2038, 2619, 0.00037921083443662445
1103, 1305, 0.0003784171115956813
421, 1419, 0.0003766611380793126
2308, 2580, 0.00037542099178783226
11300, 11420, 0.0003722571393501501
938, 2102, 0.00036970550669648535
6734, 7062, 0.0003696206561315322
5026, 5855, 0.0003658484417501284
421, 3162, 0.0003652084434477402
938, 1512, 0.00036492500883072873
411, 1090, 0.0003634759323541254
421, 4764, 0.000363360979804602
1103, 1325, 0.0003607550782554357
15, 1090, 0.0003551927356956801
310, 2102, 0.0003501603459443341
393, 2138, 0.00034953464210368205
1103, 1370, 0.0003483491941782148
421, 3198, 0.0003462614368939707
393, 977, 0.0003451270938228351
1739, 1918, 0.0003427975371120862
393, 1599, 0.0003411318516638691
1091, 3316, 0.0003357395028967418
15, 817, 0.000334727035563313
2308, 6573, 0.00033469514731355234
898, 977, 0.00033463852791459095
4993, 5397, 0.00033455026169768753
2308, 3747, 0.00033012743304939446
310, 1512, 0.0003272742444388906
1739, 2580, 0.00032725047098680615
15, 3360, 0.00032572732788910356
5026, 5161, 0.0003254285460088379
421, 937, 0.0003202755593868186
938, 4603, 0.0003170241045719872
6418, 7260, 0.00031496766305857005
1103, 1216, 0.0003123374975328392
5026, 5280, 0.0003116822855215402
1280, 1599, 0.0003083742890488617
6418, 6935, 0.0003062122767340642
425, 2619, 0.000306056486733668
1739, 6255, 0.0003020769031444722
938, 3316, 0.00030164845044636934
6468, 8643, 0.0002995973365469394
6118, 8643, 0.0002954337942363598
1103, 2627, 0.0002949979017293912
411, 3360, 0.00029481297236641057
1103, 2122, 0.00029440791615545147
411, 1078, 0.0002904651181322078
5026, 7018, 0.00028957526572741233
2759, 6590, 0.0002871255163524456
1244, 2122, 0.00028587757752736634
310, 674, 0.000284657287992571
1366, 2138, 0.00028453774803497144
310, 1102, 0.00028087183738789647
421, 2515, 0.0002799862895070086
15, 1078, 0.000279797683287428
1244, 2627, 0.000279791533006746
3655, 6255, 0.0002785477709035329
266, 1570, 0.00027130218129841434
1091, 1305, 0.0002703476490747843
1091, 1325, 0.0002679808975335898
266, 336, 0.0002672955845668957
6734, 7158, 0.0002670456179840123
2759, 5503, 0.00026514940914339045
4993, 6836, 0.0002650476415378227
2843, 4453, 0.000261132373918461
1091, 4603, 0.0002603187462784972
646, 817, 0.0002601142742096967
3482, 4453, 0.0002558974392194745
310, 4603, 0.0002554298197260702
5026, 5372, 0.00025362525676587803
2843, 3162, 0.00025191230992167575
15, 1961, 0.00025100201262722366
3482, 3884, 0.00025063768243189355
1244, 1350, 0.00024704080944139533
310, 3316, 0.0002429906660833412
1091, 1370, 0.00024296943216358782
421, 3500, 0.00024147627302195714
1280, 2138, 0.00023915397374347743
2264, 2619, 0.00023862678911182122
6635, 6836, 0.00023805471034627127
411, 1961, 0.00023300545434331294
266, 1573, 0.00023013101543204758
3482, 3725, 0.0002301161210538488
5037, 5503, 0.00022979579286606347
2843, 3198, 0.00022772706943271966
6418, 8595, 0.0002273115624438001
2759, 3935, 0.0002247977042967934
3790, 4603, 0.0002241509583312429
1739, 4453, 0.00022410662913812583
1091, 2122, 0.00021772677121166664
4993, 6701, 0.00021766083636668514
1091, 2627, 0.00021721252928808715
2038, 2138, 0.00021595593385501528
266, 1532, 0.0002114931635600265
1091, 6337, 0.00020941365151086136
7, 192, 0.00020845606209795954
2308, 6255, 0.00020591199768472664
3655, 3725, 0.00020519264152873965
421, 3333, 0.00020244407167502556
3655, 3884, 0.00020183947991056663
2843, 3884, 0.0002012935487428191
938, 2122, 0.00020105138298914427
5026, 5323, 0.00019847854748173508
938, 2627, 0.0001973933281696642
1624, 2619, 0.00019555199976939588
2759, 4336, 0.0001954940000835259
310, 2122, 0.00019013034531777174
266, 3527, 0.00018909052608928782
145, 2138, 0.00018895303799184443
15, 1570, 0.00018685450557964255
938, 1305, 0.00018684889621467575
938, 1018, 0.0001865906683947544
938, 6337, 0.00018600438636272353
1091, 1216, 0.00018590591910473946
6418, 8150, 0.00018548564707893448
173, 817, 0.00018540457088267914
421, 2428, 0.00018479303251183057
145, 1599, 0.00018441061904402243
4785, 6337, 0.00018355403004535466
6418, 7918, 0.00018297090570513209
938, 1325, 0.0001803505918669405
938, 1370, 0.00017977245106930902
646, 1090, 0.0001794052444976344
173, 1090, 0.0001786049551402231
898, 1599, 0.00017823297651290392
555, 2619, 0.00017238765147508875
6635, 6701, 0.00017172755658813584
4993, 5602, 0.000171538793172542
5606, 6543, 0.00017118007555707112
421, 2276, 0.00016980753819806718
145, 977, 0.0001691784448921606
411, 1570, 0.00016912038835361495
421, 7264, 0.00016788079958106631
266, 2102, 0.00016645843771003963
2181, 3360, 0.00016639443199098527
173, 3360, 0.0001638033680772855
310, 2627, 0.0001624531445649763
15, 1573, 0.00015849860440229224
5037, 7264, 0.00015735306897700038
646, 3360, 0.000156742789630037
173, 275, 0.00015642396220282042
938, 1025, 0.00015623904002589202
1739, 3884, 0.00015380867166808553
839, 2619, 0.00015379744932432238
898, 2138, 0.00015369242866997946
310, 1305, 0.0001536784011047447
310, 1325, 0.0001511003869256899
393, 817, 0.0001505584469519215
393, 1090, 0.00015009747733754853
1198, 2619, 0.0001500163079159906
421, 6012, 0.0001497307027560268
2308, 4453, 0.0001492004783785644
310, 1370, 0.00014783439379069293
266, 1512, 0.00014641634273127952
1739, 2697, 0.00014579828514223758
646, 1078, 0.00014573002654242034
15, 1532, 0.00014566211860646944
938, 1043, 0.00014420129669313132
4993, 5547, 0.00014383612075446824
173, 1078, 0.00014382568230153215
411, 1573, 0.0001434557087444513
2843, 3725, 0.0001432329747850628
2759, 3461, 0.0001426773044635012
3790, 3884, 0.00014217869430063214
1244, 1990, 0.00014162820436109647
6734, 7544, 0.0001412631943526711
4993, 6726, 0.00014104753746618033
1103, 3747, 0.0001393860485292686
1103, 1990, 0.000137576344895502
4993, 5191, 0.00013641349779533517
2308, 3884, 0.00013524426334242254
5026, 5950, 0.00013510478057249972
266, 1102, 0.00013490555042934492
1103, 2545, 0.0001348063768861339
1739, 3162, 0.00013452834466132457
1244, 2545, 0.00013438173060449797
2308, 2697, 0.00013386821989385024
1244, 3747, 0.00013342163340820704
3655, 4453, 0.000132633392575449
266, 674, 0.0001324255752519065
411, 1532, 0.00013183751706022625
1739, 3198, 0.00013136438476709706
1244, 1628, 0.00012809088137086445
6635, 9584, 0.0001276819337632679
4993, 7260, 0.0001262351913797153
173, 1961, 0.00012622513231838655
2759, 4273, 0.00012304940729572844
15, 3527, 0.00012038085507002395
1880, 2619, 0.00011922846804329404
15, 275, 0.00011917781297696818
421, 1668, 0.0001186765411138934
1366, 3360, 0.00011747466817122594
393, 3360, 0.00011586670531493579
15, 2102, 0.00011464525986857949
646, 1961, 0.00011446832003905039
1103, 1628, 0.00011376650802199424
2308, 3162, 0.00011375033535759028
393, 1078, 0.00011266854986512395
15, 336, 0.00011183943242769494
5026, 7062, 0.00011111152316897586
1103, 1350, 0.00011104879192281824
2759, 3555, 0.00011068530994962894
266, 4603, 0.00011052139432784792
1103, 2580, 0.00010939214464076775
411, 3527, 0.00010895566524675095
4993, 6935, 0.00010895319461920598
5026, 6938, 0.0001080965804954456
411, 674, 0.0001068849823326896
266, 3316, 0.00010506682988438085
6635, 8748, 0.00010409523800222498
411, 2102, 0.0001037644278992845
1091, 3747, 0.0001024428562263972
2277, 3360, 0.00010158674388484149
912, 977, 0.000101452801781799
2759, 5355, 0.00010109686016820345
15, 1512, 0.00010084162684906738
1244, 1635, 0.00010041317907316846
1091, 1990, 9.95864469896308e-05
1091, 2545, 9.927067849865176e-05
2779, 3360, 9.810246372037959e-05
938, 1216, 9.650400008288735e-05
310, 1628, 9.535425522536853e-05
2308, 3198, 9.515615812308034e-05
173, 1570, 9.396631701955911e-05
6418, 8392, 9.365885765109363e-05
4993, 5855, 9.332568367197273e-05
938, 3747, 9.250256905035418e-05
1366, 1961, 9.246999220600819e-05
421, 3884, 9.163739991110593e-05
411, 1512, 9.127087967196786e-05
266, 2122, 9.052214373275172e-05
310, 1990, 9.05018619242967e-05
938, 2545, 9.02489935544066e-05
393, 1961, 8.954535832168669e-05
607, 977, 8.932802963636156e-05
938, 1990, 8.88914572126839e-05
1103, 1635, 8.889080139568417e-05
310, 1018, 8.844406826291166e-05
5026, 6409, 8.82436720363303e-05
411, 1102, 8.770362716911331e-05
2843, 3333, 8.641592094158512e-05
1739, 3725, 8.619232299464025e-05
967, 2619, 8.549484786623721e-05
2308, 2428, 8.476218127268317e-05
15, 1102, 8.449390195396576e-05
1244, 2580, 8.442294713676786e-05
517, 2619, 8.418769696507381e-05
421, 500, 8.360080850310444e-05
4993, 6122, 8.357192448830786e-05
421, 1045, 8.247323010250914e-05
310, 1216, 8.202179007867264e-05
1091, 1628, 8.17142769869649e-05
3404, 6337, 8.101658948736193e-05
1739, 2171, 8.090580419466176e-05
1091, 2580, 8.055144429350911e-05
1091, 1350, 8.05206402716973e-05
421, 1804, 7.997011609687153e-05
421, 4336, 7.983230360275977e-05
173, 1573, 7.970656132814226e-05
173, 336, 7.947713024987306e-05
15, 674, 7.847476528382167e-05
607, 2138, 7.829712258997558e-05
898, 1090, 7.787960511771581e-05
266, 2627, 7.734487031815076e-05
2308, 2515, 7.618916881117484e-05
421, 640, 7.593865932151429e-05
607, 1599, 7.494562217408278e-05
1366, 1570, 7.471514721088425e-05
310, 2545, 7.454512594275803e-05
1244, 1918, 7.439144616604034e-05
421, 1002, 7.370124021576645e-05
1103, 1918, 7.365000285071099e-05
266, 1305, 7.35964216952439e-05
173, 1532, 7.325128592568088e-05
938, 2580, 7.321561600913245e-05
145, 1090, 7.295972484584891e-05
15, 3316, 7.236289239146371e-05
310, 3747, 7.093059853611874e-05
266, 1325, 7.083950766658693e-05
145, 817, 7.069660058098623e-05
646, 1570, 6.989311830637073e-05
1280, 3360, 6.988071641623736e-05
266, 1370, 6.925879734570141e-05
421, 1676, 6.919682780505678e-05
421, 1642, 6.914698467806924e-05
2308, 3725, 6.879381607631838e-05
7, 139, 6.873262404859673e-05
2729, 3360, 6.823517698649099e-05
1739, 2515, 6.808651719485292e-05
1739, 2264, 6.748717830250519e-05
1280, 1961, 6.741560186768646e-05
421, 1944, 6.695555267541368e-05
393, 1570, 6.64672997352419e-05
1366, 1532, 6.622340379775766e-05
2843, 3500, 6.589336184556809e-05
411, 3316, 6.549502472884666e-05
310, 1025, 6.433966416213079e-05
1091, 1635, 6.34941306534014e-05
1103, 4453, 6.314575719179245e-05
310, 868, 6.27950102231243e-05
912, 1599, 6.278070592588378e-05
938, 1628, 6.270678950242191e-05
1366, 1573, 6.268084427506574e-05
145, 3360, 6.263575432637246e-05
15, 2122, 6.23455009843355e-05
898, 1078, 6.215815611617906e-05
425, 977, 6.136775656226997e-05
310, 6337, 6.133299535345257e-05
1244, 4453, 6.0633588929183226e-05
310, 2580, 6.036059307346476e-05
7, 2619, 5.9970291536952847e-05
421, 535, 5.9721268319328886e-05
310, 1043, 5.961138003575637e-05
646, 1573, 5.9539730650127715e-05
912, 2138, 5.899206784226664e-05
1108, 2619, 5.832617251059641e-05
1244, 6255, 5.826353126101396e-05
173, 2102, 5.765337474834901e-05
646, 1532, 5.7334077034989475e-05
938, 1350, 5.650474065903611e-05
411, 2122, 5.642837086461052e-05
393, 1573, 5.6380627342884135e-05
1091, 1918, 5.5953708578848724e-05
5026, 6065, 5.5121466764336935e-05
1739, 3333, 5.510324968721742e-05
145, 1078, 5.4885061192719864e-05
1103, 6255, 5.466025436754247e-05
912, 1090, 5.4097948334344417e-05
15, 2627, 5.326989054512331e-05
1366, 1512, 5.213534640143701e-05
310, 722, 5.207925557067997e-05
393, 1532, 5.181447280306472e-05
421, 1937, 5.161127665954856e-05
5037, 5355, 5.083485857149015e-05
173, 1512, 5.071173557133595e-05
421, 4273, 5.024869119857948e-05
4993, 6445, 5.013129170944015e-05
938, 1918, 4.985008301339036e-05
1145, 2619, 4.9743729837821636e-05
310, 1918, 4.973530123748532e-05
607, 817, 4.867484647652598e-05
1280, 1370, 4.866351677914216e-05
15, 1305, 4.863754503339336e-05
2308, 3333, 4.836168420599066e-05
145, 1961, 4.826644574230046e-05
411, 2627, 4.821411476591801e-05
2759, 8421, 4.758162784585274e-05
421, 6624, 4.7542722548916315e-05
1244, 2697, 4.738419047095437e-05
173, 287, 4.726005299414068e-05
411, 1305, 4.709751528234506e-05
15, 1325, 4.66897836410156e-05
411, 1370, 4.6669238174673665e-05
1091, 4453, 4.636561832149659e-05
1244, 3884, 4.589424382285378e-05
15, 1370, 4.555195349153583e-05
400, 2619, 4.554660279195115e-05
310, 1350, 4.524811581693178e-05
1103, 2697, 4.399342750300883e-05
411, 1325, 4.343830377217347e-05
912, 1078, 4.338967509804292e-05
1280, 1570, 4.327667739376806e-05
646, 2102, 4.2875959754066015e-05
173, 1102, 4.285861735826893e-05
1739, 2428, 4.284497628917513e-05
1103, 3884, 4.266423768554938e-05
646, 1102, 4.242994274764861e-05
15, 287, 4.2345647764008294e-05
173, 674, 4.233082385686085e-05
839, 977, 4.17934949405908e-05
938, 4453, 4.170079465105535e-05
266, 1216, 4.123366995332621e-05
3482, 3935, 4.120391271308547e-05
393, 2102, 4.0781252917990765e-05
266, 1990, 4.043245269951899e-05
421, 616, 4.027595000904364e-05
1244, 1497, 4.0237968233479423e-05
421, 1163, 3.9553040261010474e-05
1280, 1532, 3.9543861114896624e-05
2843, 3935, 3.945213152518555e-05
898, 1961, 3.937046367219512e-05
646, 1512, 3.92155316091845e-05
3790, 6255, 3.9204414886238753e-05
2181, 3316, 3.906544410953942e-05
1263, 2619, 3.874255549798215e-05
393, 1102, 3.8738656891699775e-05
1244, 3198, 3.8686407878450546e-05
393, 674, 3.865189211093222e-05
555, 977, 3.784826686493396e-05
266, 1018, 3.7747890418259805e-05
3790, 4453, 3.756459490178978e-05
1091, 6255, 3.74501847766128e-05
898, 3360, 3.699919326768304e-05
1103, 3198, 3.692933712269689e-05
310, 924, 3.6649790509259554e-05
173, 3316, 3.63902088730224e-05
145, 275, 3.634664681765126e-05
607, 1090, 3.6311229856490956e-05
1280, 1573, 3.623641346849363e-05
1244, 1419, 3.6156301677930105e-05
1244, 3162, 3.614110143895415e-05
393, 1512, 3.587106779563052e-05
3231, 3360, 3.5772816634033293e-05
421, 1899, 3.5716817123032345e-05
3655, 3935, 3.5506175143761875e-05
266, 2545, 3.549136038168063e-05
1103, 3162, 3.5302032995850804e-05
421, 2692, 3.45751412664527e-05
421, 1826, 3.421333709932482e-05
310, 738, 3.4209849120856524e-05
1103, 1497, 3.400816383563172e-05
266, 3747, 3.377046323144996e-05
421, 1534, 3.3653073981186734e-05
1366, 2102, 3.217989932807293e-05
310, 4453, 3.1558556209583015e-05
4993, 8392, 3.1124813586687226e-05
938, 6255, 3.070275113798591e-05
2759, 5397, 3.06552302237734e-05
1091, 3884, 3.063863738294987e-05
1103, 1419, 3.056593942123672e-05
5037, 5397, 3.0427085682017998e-05
266, 868, 3.0133460160984933e-05
1244, 1580, 2.9337635525073224e-05
266, 6337, 2.920098951940669e-05
3404, 3747, 2.91092241637004e-05
266, 2580, 2.873802323799593e-05
607, 1078, 2.8671879986342933e-05
3482, 5503, 2.85870107574569e-05
145, 336, 2.8559378276322916e-05
145, 1532, 2.801010506186318e-05
421, 2000, 2.7852753239354066e-05
15, 1990, 2.784712574880083e-05
4993, 5372, 2.775914915831622e-05
1739, 2276, 2.764499249335216e-05
1280, 1512, 2.7348029746547215e-05
646, 3316, 2.7062858642571008e-05
1091, 3198, 2.6937829238999146e-05
912, 1961, 2.687625077574661e-05
646, 1370, 2.6722123507065922e-05
3122, 3360, 2.6563752561489067e-05
2308, 3935, 2.6506932282410867e-05
266, 1025, 2.6330707790723035e-05
2759, 3120, 2.631379456781265e-05
2759, 5547, 2.6203879638341e-05
425, 817, 2.6095295368535176e-05
889, 977, 2.6063810128417222e-05
393, 3316, 2.5740701533377902e-05
15, 1216, 2.5426090797432348e-05
1739, 1826, 2.528520945663026e-05
425, 1090, 2.5259855684038044e-05
411, 1990, 2.5204191392440475e-05
1091, 3162, 2.5072358854164137e-05
938, 3884, 2.5041980656183336e-05
266, 1043, 2.498930793393405e-05
1103, 2515, 2.497235721524398e-05
1739, 3935, 2.4801902092800014e-05
1366, 3316, 2.479721189332917e-05
646, 1305, 2.4508540280191777e-05
173, 1305, 2.4459088965949e-05
310, 1497, 2.4455210086240104e-05
15, 2545, 2.4444037142382562e-05
411, 1018, 2.396186152612602e-05
411, 1216, 2.3866697157729744e-05
125, 192, 2.366881304688508e-05
938, 3198, 2.36466053236274e-05
173, 1325, 2.347958909300329e-05
646, 1325, 2.34481395107734e-05
15, 3747, 2.325880013241499e-05
1103, 1580, 2.3134804512820016e-05
1091, 1419, 2.300357347411851e-05
266, 722, 2.2923034156995138e-05
173, 1370, 2.2907391445380297e-05
421, 6543, 2.2718443467587818e-05
421, 2022, 2.250735209335205e-05
15, 1018, 2.2318500006122422e-05
266, 1918, 2.2289404159961574e-05
411, 2545, 2.2124085483654067e-05
938, 3162, 2.194873779664616e-05
5026, 5385, 2.161401456455831e-05
266, 1350, 2.1202649152134358e-05
2759, 3164, 2.089827228384771e-05
51, 192, 2.061957314399727e-05
607, 1961, 2.0204310399234665e-05
5606, 8643, 1.9909938707446754e-05
1880, 1961, 1.9889134048160666e-05
310, 1419, 1.9827577367400646e-05
425, 1078, 1.9818231452761988e-05
15, 6337, 1.9783575734973805e-05
555, 817, 1.975474185731428e-05
145, 1512, 1.9391346148703818e-05
1739, 1944, 1.9270550847862448e-05
411, 868, 1.9118911013747136e-05
1244, 2515, 1.8987384461757406e-05
1244, 2264, 1.897105061966313e-05
938, 1419, 1.8806685090504552e-05
2277, 3316, 1.878337285604546e-05
15, 868, 1.8413089155614174e-05
310, 530, 1.803647612408831e-05
145, 1102, 1.7910548883569763e-05
411, 6337, 1.7905942385188164e-05
898, 1102, 1.786945324212373e-05
421, 1179, 1.7842675752129868e-05
1103, 2264, 1.761261553438068e-05
393, 1305, 1.7519142765082663e-05
2779, 3316, 1.724013147331912e-05
1280, 3316, 1.708546191475385e-05
517, 977, 1.7083897614028884e-05
393, 1325, 1.693576839599075e-05
393, 1370, 1.6925421514007246e-05
411, 1025, 1.6887565045563754e-05
266, 924, 1.682088975100275e-05
646, 722, 1.6668879307211242e-05
411, 722, 1.6601336285008276e-05
938, 2515, 1.6579551265091184e-05
1244, 3333, 1.6578023759574176e-05
1739, 1804, 1.646600929426272e-05
646, 738, 1.626844142215022e-05
15, 722, 1.620207934054534e-05
310, 937, 1.6191595101351188e-05
145, 674, 1.6041408885192036e-05
411, 1043, 1.602742953529987e-05
15, 1025, 1.577602222488186e-05
1739, 1937, 1.5768823442208428e-05
425, 1961, 1.5747403115528202e-05
266, 738, 1.539143560664659e-05
1103, 2428, 1.5359778524444035e-05
15, 1918, 1.5316420790788915e-05
15, 1043, 1.527232166404551e-05
1103, 3333, 1.5213691621488763e-05
555, 1090, 1.5105327012136457e-05
266, 4453, 1.5025208924053819e-05
1244, 2428, 1.4617775117363687e-05
310, 2515, 1.4294213322946854e-05
967, 1090, 1.4178395695816222e-05
173, 1990, 1.4003900190033363e-05
967, 1078, 1.399273010905654e-05
15, 1350, 1.395365403873227e-05
411, 1918, 1.3862759285841991e-05
310, 3162, 1.3733100747534009e-05
310, 6255, 1.3719867827101939e-05
421, 2672, 1.3704412699900256e-05
839, 1090, 1.3455672663774361e-05
310, 3198, 1.3271445022904053e-05
1091, 1497, 1.324500215365068e-05
411, 1350, 1.3180079555081507e-05
173, 1216, 1.2786398171283402e-05
1091, 2515, 1.2659222209772733e-05
912, 1102, 1.2601655620714787e-05
1624, 1961, 1.2556176999146584e-05
173, 2545, 1.2292538176875743e-05
646, 1216, 1.227630833899564e-05
1739, 1899, 1.2140411234290651e-05
3231, 3316, 1.1996969738571489e-05
173, 1018, 1.1976445131605565e-05
5037, 5547, 1.1933382489655372e-05
555, 1078, 1.1925163998679368e-05
646, 868, 1.1862038097402744e-05
646, 1018, 1.1741180967318362e-05
145, 287, 1.1724761194653917e-05
1091, 2428, 1.1312941884185419e-05
15, 738, 1.123358066499647e-05
411, 738, 1.120500827112357e-05
411, 924, 1.1199578268639696e-05
2181, 2545, 1.1081105146590268e-05
607, 674, 1.1052314973213081e-05
7, 977, 1.0922020472512894e-05
839, 1078, 1.0531206640041915e-05
646, 1990, 1.0414492882136406e-05
15, 924, 1.034820753623983e-05
938, 2428, 1.029220820655108e-05
15, 4453, 1.0263408483889954e-05
173, 868, 1.014055660269581e-05
411, 530, 1.0058300126567718e-05
393, 1990, 9.90569238974868e-06
938, 1497, 9.777547906342846e-06
393, 1216, 9.647575274873283e-06
266, 1419, 9.440022871279756e-06
51, 139, 9.428759613075154e-06
145, 1305, 9.352759381572953e-06
266, 342, 9.297598084279262e-06
411, 4453, 9.289321781365503e-06
393, 1018, 9.266965723083535e-06
898, 1305, 9.134121226342171e-06
1244, 3935, 8.994951675582405e-06
145, 1325, 8.978214498127127e-06
898, 1325, 8.93181445672439e-06
555, 1961, 8.869793510632869e-06
400, 977, 8.84831628959565e-06
3404, 3884, 8.796667168064152e-06
145, 1370, 8.759415387319206e-06
607, 1102, 8.696900656206902e-06
310, 2428, 8.556675641497638e-06
898, 1370, 8.46872359160122e-06
173, 1025, 8.378162994150923e-06
1244, 2276, 8.371523715102696e-06
266, 530, 8.318895134673077e-06
3790, 3935, 8.301258234272428e-06
646, 1025, 8.192512744781145e-06
3404, 4453, 8.127547245191578e-06
555, 674, 8.081971917959983e-06
517, 817, 8.056639873986035e-06
173, 1043, 7.994321174465809e-06
646, 1043, 7.993094713814356e-06
898, 1018, 7.963477548023827e-06
646, 1350, 7.76430114516888e-06
173, 722, 7.7110226912405e-06
173, 1918, 7.702397366162514e-06
425, 674, 7.640760790707567e-06
393, 868, 7.5153857522371015e-06
266, 937, 7.493253975586336e-06
15, 298, 7.438661860797908e-06
1280, 1350, 7.33732196607467e-06
938, 1045, 7.321122489347692e-06
1366, 1990, 7.309225390219689e-06
173, 298, 7.13336597227197e-06
4026, 4453, 7.1167831874933055e-06
912, 1018, 7.047988707638937e-06
517, 1090, 7.025951397760089e-06
173, 1350, 7.017082488417222e-06
4993, 5323, 6.842998543015099e-06
266, 2515, 6.805556634338385e-06
1198, 1961, 6.765769532716352e-06
393, 722, 6.577617229382369e-06
4993, 5385, 6.513766796927261e-06
15, 1419, 6.501646237533656e-06
393, 1025, 6.45388240963961e-06
266, 3198, 6.318610803008626e-06
912, 1325, 6.235338606325621e-06
393, 1043, 6.130712785955658e-06
912, 1305, 6.128541685923863e-06
646, 924, 6.0908887019385675e-06
425, 1102, 5.922485546924215e-06
411, 1419, 5.884583479635926e-06
173, 924, 5.8705580528749936e-06
646, 1918, 5.8677438278488655e-06
912, 1370, 5.808419948131792e-06
477, 977, 5.782905214243443e-06
127, 192, 5.7100480599585714e-06
266, 3162, 5.667603232821844e-06
1280, 1990, 5.658253093206851e-06
1103, 1804, 5.642960961604682e-06
517, 1078, 5.567977932623741e-06
421, 2732, 5.540732329115459e-06
393, 1350, 5.471517919384571e-06
393, 1918, 5.448309252240859e-06
1198, 1305, 5.420688958042035e-06
3482, 5355, 5.40895501307079e-06
1103, 1944, 5.0210402888080986e-06
173, 738, 5.0162562526913575e-06
898, 1025, 4.976387660614992e-06
411, 937, 4.971430464049196e-06
2843, 5355, 4.9196728910522184e-06
607, 1325, 4.9047129631774936e-06
145, 1216, 4.889311520125874e-06
2759, 3438, 4.783501554139337e-06
1244, 1804, 4.731996678147601e-06
889, 1090, 4.723516807156673e-06
421, 548, 4.7160475162733174e-06
607, 1305, 4.67582769451752e-06
310, 1045, 4.57969532929171e-06
15, 937, 4.5661589446846565e-06
1091, 1804, 4.527891259059886e-06
145, 1018, 4.476576361225815e-06
1739, 5355, 4.4661060039129035e-06
393, 924, 4.368446009062798e-06
912, 1025, 4.366021433110327e-06
421, 3461, 4.362508194575044e-06
7, 1090, 4.3594282125675625e-06
15, 3198, 4.3518297268967276e-06
145, 868, 4.349431616294846e-06
393, 738, 4.347097818079158e-06
2759, 2963, 4.341620659128484e-06
517, 1961, 4.331676206655937e-06
898, 1216, 4.316932097160406e-06
310, 1804, 4.307318239787345e-06
1739, 2692, 4.269417665869824e-06
839, 1961, 4.185211322276602e-06
15, 530, 4.12256458163285e-06
7, 817, 4.112496336167313e-06
266, 2428, 4.073882162258845e-06
607, 1370, 4.063565694154191e-06
1366, 1918, 4.011540304435342e-06
400, 817, 3.9775745756277366e-06
421, 894, 3.9771040226370035e-06
411, 3198, 3.9388032478985596e-06
2308, 2692, 3.907688970618677e-06
15, 3162, 3.903459953112831e-06
898, 1043, 3.85805157148559e-06
310, 1002, 3.799111958525104e-06
889, 1078, 3.7977687466683295e-06
607, 722, 3.7882895496646052e-06
5037, 5602, 3.7748022410972184e-06
1244, 1944, 3.7498960466028127e-06
400, 1090, 3.729900632921231e-06
421, 1122, 3.6557250342169166e-06
2759, 3081, 3.619090081506271e-06
555, 1102, 3.549530458952364e-06
411, 3162, 3.5329876640937873e-06
938, 1804, 3.504523788596319e-06
3655, 5355, 3.5012596372335353e-06
15, 108, 3.5000714833543157e-06
310, 1944, 3.449173127335102e-06
7, 1078, 3.434819188588748e-06
421, 1425, 3.417726798442692e-06
409, 977, 3.3579869541931428e-06
310, 640, 3.264024287532991e-06
1108, 1961, 3.2268435732374896e-06
425, 1305, 3.20377797266733e-06
1103, 1826, 3.1883634663962667e-06
145, 1025, 3.1848720492020342e-06
1198, 1325, 3.136763160779135e-06
839, 1102, 3.1009780272826655e-06
912, 1043, 3.062042963107855e-06
425, 1370, 3.052739488409287e-06
145, 1043, 3.0469953732627897e-06
425, 1325, 3.028430900697146e-06
393, 530, 2.9921004390444473e-06
421, 3438, 2.9533318741544454e-06
145, 1918, 2.9452719734274944e-06
400, 1078, 2.911957409730482e-06
1244, 1937, 2.8937707915590267e-06
145, 722, 2.8647415117276964e-06
912, 1216, 2.8578527754223684e-06
15, 342, 2.8204700764664287e-06
967, 1102, 2.8082343374121264e-06
15, 2428, 2.805813184307968e-06
2181, 3162, 2.7525737014679475e-06
1280, 1918, 2.7481657527501257e-06
1103, 1899, 2.697956159105005e-06
145, 1350, 2.683218666328159e-06
477, 817, 2.678889652836979e-06
310, 1937, 2.656231202464259e-06
1244, 1826, 2.5977662105203107e-06
2759, 5602, 2.582269295252162e-06
173, 937, 2.571953087876641e-06
411, 2428, 2.5395171173734582e-06
646, 937, 2.529752310105321e-06
567, 977, 2.523962975568415e-06
1103, 1937, 2.520834197957971e-06
607, 1216, 2.5007004566885522e-06
517, 674, 2.4752452593904026e-06
607, 868, 2.4315954322851135e-06
843, 977, 2.418164734646029e-06
477, 1090, 2.3955117762230108e-06
938, 1002, 2.3553956211495513e-06
607, 1018, 2.338499837729199e-06
173, 530, 2.3101646915140413e-06
310, 500, 2.2735533086636683e-06
1091, 1826, 2.2435854849087163e-06
1091, 1163, 2.241485384498135e-06
2181, 3198, 2.217497536885581e-06
1091, 1944, 2.208530216488292e-06
173, 3198, 2.1884696355819154e-06
145, 924, 2.156565935008091e-06
1198, 1370, 2.1341778821404544e-06
1366, 3162, 2.0601591724388765e-06
1244, 1899, 2.0064967983376635e-06
938, 1899, 1.9816619591145296e-06
145, 298, 1.9774737065319344e-06
266, 1804, 1.971730851742522e-06
555, 1305, 1.969121945169949e-06
173, 3162, 1.96299122833307e-06
173, 342, 1.957319608490755e-06
145, 738, 1.956427975125657e-06
266, 1045, 1.944186979862213e-06
266, 1002, 1.9441363049077514e-06
393, 937, 1.9433627939021324e-06
607, 738, 1.919243075913879e-06
477, 1078, 1.8956787278835688e-06
310, 1163, 1.846040415850056e-06
310, 1899, 1.837662190984978e-06
555, 1325, 1.8365513932231943e-06
1091, 1179, 1.8360669243525266e-06
1091, 1937, 1.8012578933659594e-06
938, 1826, 1.7954062036503715e-06
421, 945, 1.7806104219529472e-06
310, 1826, 1.76089968302623e-06
310, 458, 1.7605350771476368e-06
938, 1944, 1.7148807827918526e-06
1103, 1179, 1.694897999872213e-06
517, 1102, 1.6828007577810657e-06
2181, 2428, 1.6732857774132217e-06
2277, 3162, 1.645505188139947e-06
411, 500, 1.642083165515008e-06
607, 1025, 1.6204109472003523e-06
310, 616, 1.6103792003681705e-06
425, 1216, 1.6053212127154834e-06
421, 889, 1.59080811643143e-06
938, 1163, 1.5724321953555524e-06
1263, 1370, 1.528845419337785e-06
607, 1043, 1.513634937145303e-06
409, 817, 1.5115324087747134e-06
310, 535, 1.5081767183215456e-06
421, 1230, 1.5062010949161693e-06
183, 977, 1.4972461512407584e-06
646, 3162, 1.4598474637601836e-06
616, 977, 1.454167012188184e-06
7, 275, 1.4210421259607393e-06
898, 1350, 1.4107041813538416e-06
425, 1018, 1.4051587653818263e-06
409, 1090, 1.3957319104774756e-06
266, 640, 1.392682283917815e-06
393, 3162, 1.3885265538725593e-06
7, 336, 1.3792343737487535e-06
567, 817, 1.3708940794071057e-06
938, 1937, 1.3663609937866912e-06
15, 1804, 1.3579942176477804e-06
2843, 2963, 1.3543465520199614e-06
425, 868, 1.3328419838768637e-06
2277, 2428, 1.325768989960567e-06
2779, 3162, 1.2765272996271138e-06
411, 1045, 1.2655769800683246e-06
201, 977, 1.2461552833283757e-06
1108, 1216, 1.2437053155902187e-06
411, 1804, 1.2291087590214237e-06
1108, 1305, 1.225783930214489e-06
15, 1045, 1.2202494186990602e-06
1091, 1899, 1.2136807843704953e-06
411, 640, 1.180900181716777e-06
425, 722, 1.1746162667801488e-06
421, 2758, 1.1568553288533224e-06
607, 924, 1.1465010329924146e-06
125, 977, 1.1406675054864528e-06
411, 1002, 1.1301520695860054e-06
425, 1043, 1.1145722561965087e-06
409, 1078, 1.0922150871949729e-06
839, 1305, 1.0870262771085643e-06
1108, 1325, 1.0842021585967243e-06
421, 1127, 1.0662670377044888e-06
15, 1002, 1.0593529120846612e-06
400, 674, 1.0512516329558459e-06
912, 1350, 1.023230444113159e-06
266, 500, 9.989898622966449e-07
567, 1090, 9.827842080036514e-07
839, 1325, 9.768570940583897e-07
555, 1216, 9.68394412474028e-07
7, 674, 9.65450449231061e-07
425, 1025, 9.515013752909513e-07
145, 937, 9.129425302966214e-07
425, 530, 9.108470897614439e-07
555, 722, 9.066375437526281e-07
1145, 1305, 9.042306994389313e-07
517, 1305, 8.964862837129639e-07
616, 817, 8.895019201720297e-07
15, 640, 8.769393680765091e-07
266, 1899, 8.749214687774279e-07
555, 868, 8.730939499129531e-07
266, 1163, 8.673076397404553e-07
310, 1179, 8.64150416151277e-07
628, 977, 8.439688308504994e-07
266, 1826, 8.383744001487275e-07
145, 530, 8.247096767587424e-07
555, 1018, 8.126712568621219e-07
2843, 3120, 8.125077918665784e-07
2843, 3081, 7.852949249884745e-07
425, 738, 7.710493570857197e-07
411, 535, 7.691551262725158e-07
1145, 1325, 7.678873484592005e-07
938, 1179, 7.529767163278668e-07
425, 924, 7.488994826930078e-07
266, 616, 7.48370538523328e-07
477, 674, 7.467358562642973e-07
421, 1263, 7.383852270628356e-07
266, 458, 7.113795770753352e-07
967, 1305, 7.07756387385229e-07
145, 342, 7.069750503307904e-07
1163, 1305, 6.973799403183102e-07
567, 674, 6.920181450979766e-07
183, 817, 6.840152494880113e-07
266, 535, 6.829866309274442e-07
173, 1804, 6.829148420605273e-07
411, 616, 6.084944496445639e-07
183, 275, 6.058432703070231e-07
839, 924, 5.976457939540352e-07
839, 1216, 5.932217145404562e-07
555, 738, 5.890638710957693e-07
393, 500, 5.802528960771087e-07
15, 1826, 5.77415313362744e-07
173, 1002, 5.713584403099083e-07
201, 817, 5.504736248350062e-07
555, 1025, 5.487829330151501e-07
646, 1002, 5.38230661486969e-07
912, 3360, 5.288829335210361e-07
411, 1826, 5.22613579663506e-07
628, 817, 5.12237354862846e-07
125, 817, 5.117289704971623e-07
607, 937, 5.084435372679101e-07
7, 287, 4.996452766997266e-07
15, 500, 4.757991187348328e-07
393, 640, 4.6765707342741035e-07
1739, 3120, 4.6716670085941494e-07
839, 1018, 4.61345481171448e-07
173, 640, 4.5720627365749713e-07
555, 924, 4.484033835723093e-07
15, 616, 4.3956837953705987e-07
555, 1043, 4.3170208911121605e-07
967, 1216, 4.298594808468575e-07
425, 2138, 4.205867196825274e-07
173, 1045, 4.1754693011257355e-07
409, 674, 4.164822386008814e-07
1739, 3081, 4.1003198832004927e-07
517, 868, 4.053274806866072e-07
1280, 3162, 4.0335501186888443e-07
517, 722, 4.023121198960697e-07
421, 620, 3.940020611410686e-07
889, 1102, 3.929908808572586e-07
2308, 3120, 3.830457402135998e-07
517, 1216, 3.805535600710664e-07
646, 1045, 3.7994635637721e-07
646, 1804, 3.6407188631653543e-07
2308, 3081, 3.6289779006983107e-07
51, 817, 3.526568436254988e-07
393, 1804, 3.4628513883696147e-07
15, 535, 3.4464725790668843e-07
51, 977, 3.269773167073126e-07
393, 1045, 3.1896464302139526e-07
15, 458, 3.1711585503955847e-07
1145, 1216, 3.1507267962402723e-07
722, 817, 3.1487279454014675e-07
183, 336, 3.1013918935148317e-07
15, 144, 3.100020006524085e-07
839, 1025, 3.051598178213439e-07
201, 275, 2.98369788337499e-07
201, 336, 2.916796203450766e-07
173, 500, 2.8233374386145854e-07
421, 1120, 2.6970204280981197e-07
421, 879, 2.65786485025121e-07
517, 738, 2.587973238437342e-07
421, 897, 2.451658129898106e-07
393, 535, 2.3751290409433415e-07
393, 616, 2.298528380147567e-07
1366, 1804, 2.2913370262653388e-07
967, 1043, 2.2846935816244523e-07
173, 616, 2.2777661376285904e-07
839, 1043, 2.219945272269525e-07
125, 275, 2.1190111895259826e-07
183, 287, 2.0892567021496687e-07
421, 1172, 2.0833722958584097e-07
7, 722, 2.0623151158040814e-07
310, 894, 2.0216948913740665e-07
1263, 1961, 2.0085138393191848e-07
173, 458, 1.99337119516131e-07
125, 336, 1.9515213854836682e-07
7, 1216, 1.9228834789326233e-07
173, 535, 1.900227944292404e-07
567, 1078, 1.8774348519549047e-07
145, 1804, 1.8719640663045522e-07
7, 1305, 1.7882913810165474e-07
145, 640, 1.751246425122448e-07
400, 722, 1.7153295726204548e-07
1244, 3120, 1.6984886062896505e-07
393, 1002, 1.6813383120692598e-07
201, 287, 1.6720723930847036e-07
425, 937, 1.6557134963703822e-07
1280, 1804, 1.5921158859766359e-07
1103, 3120, 1.577895008186844e-07
7, 868, 1.5744658017340843e-07
183, 674, 1.545037125716308e-07
310, 548, 1.5278305760798648e-07
393, 458, 1.5179427399269694e-07
898, 1918, 1.4331685579366107e-07
517, 1018, 1.4306531661664618e-07
173, 1826, 1.419486026347909e-07
310, 447, 1.411032476766967e-07
421, 1030, 1.3894972794624512e-07
400, 1305, 1.3878593439526714e-07
898, 1002, 1.3874028219756125e-07
400, 868, 1.3814216582008582e-07
15, 159, 1.379218509757688e-07
7, 738, 1.3351296124112098e-07
843, 1078, 1.331456831078921e-07
477, 722, 1.3042004210388453e-07
310, 393, 1.246242713703643e-07
183, 1078, 1.2386769861120351e-07
967, 1325, 1.2192947984078433e-07
201, 674, 1.217197760125799e-07
51, 275, 1.184227860074296e-07
51, 336, 1.1744283392853676e-07
125, 674, 1.1484480170733816e-07
555, 640, 1.1475136199270945e-07
1103, 1230, 1.1455753966106017e-07
400, 738, 1.1392508238620392e-07
517, 1325, 1.1331057179963569e-07
1091, 3120, 1.1320320579074728e-07
127, 817, 1.1279540029509035e-07
616, 1078, 1.0956222306584454e-07
646, 1826, 1.0556507056665313e-07
145, 500, 1.0338597822004046e-07
393, 1826, 1.004076845574517e-07
125, 1078, 9.808084837308987e-08
201, 1078, 9.792947273087832e-08
266, 894, 9.556663652087355e-08
421, 2583, 9.485963362014949e-08
15, 218, 9.339629505660075e-08
938, 3120, 9.279306669829751e-08
310, 945, 8.905710987532908e-08
7, 298, 8.791821755299009e-08
145, 616, 8.653677888069669e-08
400, 530, 8.601630376314152e-08
646, 3198, 8.562353789954356e-08
310, 397, 8.52984467024826e-08
425, 640, 8.266381978150468e-08
616, 722, 8.049827594741731e-08
310, 889, 8.021469013768791e-08
7, 1325, 7.890739315364724e-08
477, 738, 7.865495149606494e-08
51, 674, 7.848791374625122e-08
421, 626, 7.729372237282191e-08
425, 500, 7.63450211086544e-08
125, 287, 7.316919448807658e-08
607, 3360, 7.254824860089521e-08
266, 351, 7.239824079838326e-08
421, 3120, 7.116121567671357e-08
145, 458, 7.080922690415221e-08
843, 1090, 7.005961489526455e-08
425, 535, 6.9873559572218e-08
517, 1043, 6.947445109712974e-08
145, 535, 6.932622582309241e-08
1366, 1826, 6.522462481972675e-08
266, 548, 6.431312420960413e-08
411, 548, 6.416584959140886e-08
183, 1090, 6.36037849981034e-08
7, 1961, 6.279100071484992e-08
1163, 1325, 6.224281129215535e-08
411, 894, 6.164838806242232e-08
889, 1305, 6.055315226961723e-08
889, 1216, 6.053907433999042e-08
127, 275, 6.049363014870035e-08
400, 1325, 6.000771685565517e-08
15, 894, 5.961957762628212e-08
409, 722, 5.9583822335507853e-08
567, 722, 5.909691406100366e-08
477, 868, 5.8578738383589935e-08
616, 1090, 5.7620233992253206e-08
717, 817, 5.5110317134361905e-08
127, 336, 5.510419528635593e-08
607, 1350, 5.324795304085551e-08
266, 447, 5.2030382456646215e-08
201, 1090, 5.156742647975943e-08
125, 1090, 5.1503392410369716e-08
145, 1045, 5.099029806507092e-08
421, 567, 5.086921585502286e-08
7, 530, 5.046827698989266e-08
724, 817, 4.978674142339926e-08
898, 1045, 4.769217769206718e-08
628, 722, 4.717842142464788e-08
310, 377, 4.581008425372996e-08
889, 1018, 4.54345998987913e-08
51, 287, 4.444348533061604e-08
1263, 1325, 4.424893106650107e-08
425, 616, 4.3980836448734745e-08
266, 377, 4.390042072847402e-08
2729, 3162, 4.232535114787775e-08
7, 108, 4.125586372166761e-08
266, 393, 4.077724767557833e-08
517, 640, 3.9324076094961194e-08
409, 530, 3.8093518283340126e-08
1091, 1230, 3.757131421126449e-08
409, 738, 3.721870716326473e-08
310, 1230, 3.7202925870240676e-08
275, 817, 3.640114784855574e-08
397, 817, 3.543214507051765e-08
425, 1350, 3.5280870882983773e-08
7, 342, 3.463703629892906e-08
15, 548, 3.45823564582372e-08
409, 868, 3.428514268533404e-08
616, 738, 3.421096818693088e-08
567, 738, 3.417534367262229e-08
201, 298, 3.2992885316755815e-08
967, 1961, 3.2823165728698995e-08
1145, 1961, 3.229823936721824e-08
183, 298, 3.169164878161112e-08
517, 616, 2.9587903195237086e-08
127, 674, 2.8857561758561218e-08
145, 218, 2.7488008652069882e-08
567, 868, 2.7106622665865498e-08
421, 948, 2.6898080001971998e-08
421, 560, 2.615638550669674e-08
266, 357, 2.571653459712156e-08
889, 1325, 2.5491395943541707e-08
938, 1230, 2.5268775284319116e-08
183, 722, 2.4437449830452985e-08
628, 738, 2.4414437018911565e-08
266, 397, 2.4238548328987393e-08
15, 447, 2.3425409554724796e-08
266, 889, 2.239941763651125e-08
173, 894, 2.1522603089967127e-08
646, 894, 2.1508322296920574e-08
393, 548, 2.135285293396548e-08
127, 287, 2.0739944832201514e-08
555, 1350, 2.069016156179857e-08
572, 817, 2.0470959772080774e-08
51, 1078, 2.0173396432643037e-08
616, 868, 1.9670397939340293e-08
628, 1078, 1.9590321951840935e-08
266, 1230, 1.9427788529652838e-08
201, 722, 1.9305936989825762e-08
1198, 1350, 1.871422662377812e-08
173, 548, 1.8327899420756623e-08
125, 722, 1.8053518629093384e-08
15, 314, 1.7914995588605177e-08
400, 500, 1.6827460053547898e-08
183, 868, 1.6496368339057067e-08
15, 351, 1.638185252157836e-08
183, 738, 1.5972652569884612e-08
310, 620, 1.593177718634747e-08
173, 447, 1.5113139407476458e-08
173, 314, 1.4852642312507149e-08
310, 879, 1.3364379802820607e-08
1263, 1350, 1.3219399971443782e-08
201, 868, 1.3197325995264539e-08
125, 868, 1.3153786904467475e-08
125, 298, 1.3138339885303223e-08
201, 738, 1.2943334123862868e-08
555, 1370, 1.2816932077963735e-08
15, 316, 1.2757109320710558e-08
15, 393, 1.2542006956884398e-08
310, 897, 1.252033257335068e-08
51, 722, 1.2138396089289884e-08
125, 738, 1.2079695899266672e-08
400, 640, 1.1773779315775945e-08
572, 674, 1.1406724419993601e-08
173, 351, 1.1181767823309792e-08
628, 868, 1.1006863606099496e-08
15, 377, 1.0461270683203704e-08
173, 316, 1.0412366616867407e-08
7, 640, 1.022764911971235e-08
839, 937, 1.0113656881984306e-08
397, 674, 9.470692890363242e-09
183, 530, 8.700764984700485e-09
173, 393, 8.659936765661646e-09
275, 674, 8.437793399222767e-09
477, 640, 8.393479059568763e-09
51, 298, 8.285820483830956e-09
51, 738, 8.073165191718278e-09
15, 397, 7.888136017564091e-09
421, 563, 7.632097133335765e-09
517, 924, 7.521163979128252e-09
183, 342, 7.501566734152258e-09
266, 620, 7.323692624802117e-09
173, 377, 7.187941222097738e-09
145, 548, 7.0834356794799465e-09
201, 530, 6.995251518021369e-09
201, 342, 6.850200617366704e-09
400, 535, 6.740881225416667e-09
409, 500, 6.566635289935314e-09
918, 1078, 6.2218527618665466e-09
125, 530, 6.0739047650113286e-09
411, 620, 5.94576502233088e-09
400, 616, 5.934835336094688e-09
7, 500, 5.875427569219707e-09
425, 548, 5.4533451573973365e-09
173, 397, 5.4506129529443454e-09
912, 1045, 5.438392352812518e-09
15, 357, 5.343702506393378e-09
393, 894, 5.3222528085271964e-09
310, 425, 5.207838427857036e-09
7, 616, 5.147812974877965e-09
411, 889, 5.120406987369484e-09
145, 447, 5.114662009786817e-09
127, 722, 5.0620869780980405e-09
477, 616, 4.991795558318632e-09
15, 889, 4.924812764245887e-09
125, 342, 4.8391855046331965e-09
145, 314, 4.7078565491216314e-09
567, 640, 4.603017985694738e-09
266, 879, 4.43132606836362e-09
15, 620, 4.343047143296768e-09
409, 640, 4.297639246658686e-09
7, 535, 4.226883662251081e-09
7, 924, 4.1622541534925355e-09
145, 351, 3.9939731945850795e-09
51, 530, 3.975935887780595e-09
7, 458, 3.8663856971167795e-09
400, 924, 3.799701197654664e-09
127, 298, 3.703650862009725e-09
173, 357, 3.639413311265056e-09
7, 144, 3.428579928675645e-09
912, 1002, 3.3813543257531337e-09
145, 316, 3.3517726992970556e-09
145, 393, 3.3282866473007364e-09
310, 626, 3.181303628761226e-09
646, 889, 3.1295045997776615e-09
173, 889, 3.0830013383072323e-09
409, 535, 2.9239622939464956e-09
51, 342, 2.8693028107406723e-09
411, 879, 2.840669112120303e-09
145, 894, 2.730197865382148e-09
15, 879, 2.7111579949707544e-09
145, 377, 2.6385709494474858e-09
477, 924, 2.3683490491993956e-09
7, 1102, 2.3333330034772257e-09
393, 620, 2.270817007276805e-09
409, 616, 2.2692307481425422e-09
173, 620, 2.2388846219575415e-09
535, 674, 2.2190982096872753e-09
421, 904, 2.2144073756001783e-09
400, 1102, 2.145394706510488e-09
145, 397, 2.091283588227146e-09
310, 567, 2.0448219053194304e-09
938, 1030, 2.0401742912178165e-09
393, 889, 2.0262321478956796e-09
266, 897, 1.7605483881520261e-09
127, 530, 1.6999261409316094e-09
646, 879, 1.6878644038753963e-09
173, 879, 1.63159000468095e-09
7, 159, 1.5809240743912677e-09
183, 640, 1.5522080234528306e-09
607, 894, 1.4747073833831198e-09
409, 924, 1.4523995855988283e-09
266, 425, 1.431885174629022e-09
266, 626, 1.4311927369738622e-09
127, 342, 1.363533687737037e-09
145, 357, 1.2880211725141372e-09
201, 640, 1.2439268023914245e-09
125, 640, 1.1759251661127756e-09
411, 626, 1.1705765641399801e-09
266, 374, 1.1566413594081077e-09
411, 897, 1.1425324525435454e-09
7, 218, 1.1187363421253244e-09
393, 879, 1.111809964892928e-09
15, 897, 1.1065609488336251e-09
567, 924, 1.082785950966443e-09
145, 889, 1.063462844745736e-09
183, 500, 1.0119759661204153e-09
310, 560, 9.916591265828012e-10
425, 894, 9.300899842735141e-10
310, 374, 9.043600794422155e-10
15, 626, 8.68830254978451e-10
397, 530, 8.553557476395258e-10
145, 620, 8.540503927465059e-10
183, 616, 8.224555691795403e-10
201, 500, 8.096706003604906e-10
266, 567, 8.071233167543409e-10
183, 458, 7.728519986375526e-10
411, 567, 7.328056225252409e-10
183, 535, 6.99999964138843e-10
125, 500, 6.871521672691747e-10
173, 897, 6.836623388306813e-10
646, 897, 6.82650768225593e-10
201, 616, 6.732665949653365e-10
201, 458, 6.552514973040952e-10
275, 530, 6.268528325513778e-10
15, 425, 6.260258231954546e-10
145, 879, 6.189231636572885e-10
400, 548, 5.918323996638113e-10
201, 535, 5.690629214342168e-10
51, 144, 5.194560076080969e-10
125, 458, 5.174359353380419e-10
125, 535, 4.973203156832543e-10
15, 567, 4.6023403681373055e-10
393, 626, 4.5667943209727794e-10
51, 500, 4.5620300866316214e-10
393, 897, 4.5383322158577373e-10
275, 342, 4.494514696561257e-10
173, 626, 4.4766689822907756e-10
425, 620, 4.3032400396063693e-10
173, 425, 4.224065111619082e-10
7, 548, 3.9945963554415494e-10
266, 560, 3.9488158603207037e-10
477, 548, 3.8903434459654185e-10
411, 560, 3.6996926614301347e-10
125, 218, 3.3785355556583325e-10
51, 458, 3.298812930461339e-10
51, 535, 3.236133744504666e-10
310, 563, 2.9753538704374637e-10
7, 447, 2.809867738775617e-10
517, 620, 2.794691362968457e-10
393, 567, 2.68471931385172e-10
15, 374, 2.6342323148690887e-10
173, 567, 2.485688092931794e-10
51, 159, 2.3852915402503273e-10
409, 548, 2.3185714674257302e-10
127, 738, 2.312704247068197e-10
15, 560, 2.2347155762551963e-10
7, 314, 2.171918249023362e-10
555, 620, 2.128171006973696e-10
749, 817, 2.0551324068446653e-10
7, 351, 1.992220131876329e-10
127, 500, 1.9334866315842762e-10
397, 500, 1.8288095481272986e-10
173, 374, 1.8071879933189884e-10
145, 626, 1.7085441682202428e-10
7, 316, 1.5521464063080847e-10
7, 393, 1.5364348143831428e-10
145, 425, 1.4490121768353073e-10
127, 458, 1.422124391015237e-10
127, 535, 1.3922609046532593e-10
393, 560, 1.2876443565435892e-10
7, 377, 1.2499760378582944e-10
266, 563, 1.177195163035345e-10
173, 560, 1.1645893629437257e-10
310, 904, 1.1394637477498765e-10
411, 563, 1.0878536803048366e-10
51, 218, 9.925635488946067e-11
7, 397, 9.71770043998297e-11
127, 218, 9.407086301945139e-11
125, 616, 8.477398240984079e-11
145, 567, 8.279815045899787e-11
275, 500, 7.959856548960892e-11
397, 535, 7.224690909951954e-11
201, 314, 6.705753631018216e-11
15, 563, 6.697778812022356e-11
145, 374, 6.555382193525217e-11
183, 548, 6.479524518123031e-11
7, 357, 6.450632502261253e-11
183, 314, 6.169209796237997e-11
275, 458, 5.785413202419066e-11
51, 616, 5.674037835030058e-11
183, 447, 5.624198659454099e-11
275, 535, 5.5772133128733274e-11
201, 548, 5.435563961253824e-11
51, 640, 5.252476236346571e-11
425, 567, 4.903165690553563e-11
125, 548, 4.7960735663746473e-11
51, 868, 4.6111729888242406e-11
201, 316, 4.609762338120847e-11
201, 447, 4.606104415547001e-11
145, 560, 4.5829947837400074e-11
183, 316, 4.296264098077789e-11
183, 351, 4.202426526056767e-11
393, 563, 3.907945638864974e-11
201, 351, 3.661372334171418e-11
125, 447, 3.57388514858697e-11
173, 563, 3.5718792104816425e-11
125, 314, 3.295836425291173e-11
183, 393, 3.2550896788137417e-11
51, 548, 3.169348015640009e-11
425, 560, 2.916386824254599e-11
425, 626, 2.797211860812778e-11
125, 351, 2.7949855976736397e-11
183, 377, 2.728526779429068e-11
201, 393, 2.7135319243998627e-11
397, 722, 2.5638329174789105e-11
275, 722, 2.412417012449125e-11
125, 316, 2.3482162343148908e-11
125, 393, 2.292183065792925e-11
51, 447, 2.2485232399060096e-11
201, 377, 2.2246356767095354e-11
843, 924, 2.158010102624886e-11
555, 626, 2.1370350487777794e-11
51, 314, 2.0659033622300955e-11
183, 397, 2.0318524159203024e-11
125, 377, 1.9179751797265723e-11
127, 616, 1.847836455635295e-11
201, 397, 1.694345925642345e-11
517, 626, 1.6743836961631143e-11
400, 620, 1.643171044214385e-11
51, 351, 1.6171794484309947e-11
572, 722, 1.575713875859962e-11
51, 316, 1.467025703898243e-11
125, 397, 1.41975143322453e-11
145, 563, 1.4008024229794841e-11
51, 393, 1.3657624780718729e-11
183, 357, 1.3603681534935008e-11
127, 548, 1.3510223914923329e-11
201, 357, 1.1505639190075627e-11
51, 377, 1.0961004017634985e-11
7, 620, 1.0325992735505334e-11
127, 447, 1.0019588148058038e-11
477, 620, 9.613696293144102e-12
127, 640, 9.56992366610897e-12
127, 314, 9.286733679355881e-12
125, 357, 9.206686994173348e-12
477, 567, 8.987967491651136e-12
425, 563, 8.615110249852148e-12
51, 397, 8.462230559275377e-12
127, 351, 7.845650901362952e-12
607, 889, 7.736919126816458e-12
7, 425, 7.697705686035062e-12
555, 937, 7.694400572528169e-12
397, 616, 7.009415316018221e-12
595, 674, 6.732503968139815e-12
127, 316, 6.6193893013923406e-12
127, 393, 6.4382912921899e-12
607, 879, 6.31671312692288e-12
275, 616, 6.285772260402712e-12
397, 548, 6.193959868066869e-12
400, 567, 6.148209449251619e-12
127, 377, 5.3895072964622796e-12
51, 357, 5.25744914298388e-12
555, 894, 5.249232521582966e-12
275, 548, 5.135058936425354e-12
425, 889, 4.7732858353007786e-12
7, 567, 4.767993800509266e-12
409, 620, 4.501656363168525e-12
275, 351, 4.431560951529183e-12
477, 560, 4.397260389437463e-12
275, 377, 4.181198581835361e-12
275, 447, 4.180152130332084e-12
127, 397, 3.981216844945421e-12
275, 393, 3.897046029429018e-12
517, 937, 3.853541881291346e-12
397, 640, 3.606320107155542e-12
400, 560, 3.4803799284005457e-12
7, 374, 3.1415111850310043e-12
397, 738, 2.931842028396855e-12
275, 738, 2.778490152810984e-12
7, 560, 2.6607390695558923e-12
127, 357, 2.5806805869162894e-12
275, 640, 2.4853913899777272e-12
400, 626, 2.473802152876802e-12
409, 567, 2.4419132154225873e-12
535, 616, 2.4176264153297574e-12
477, 1102, 2.2975590487014702e-12
275, 397, 2.2732487738311513e-12
535, 817, 2.206227035057586e-12
7, 937, 2.1546386975654276e-12
7, 626, 1.9857311556218516e-12
275, 357, 1.8120220106181913e-12
477, 626, 1.753771818930966e-12
183, 425, 1.5627061881167406e-12
572, 640, 1.4999203853646443e-12
183, 620, 1.4483627163936099e-12
477, 563, 1.436075827691805e-12
409, 560, 1.4092256326472308e-12
201, 425, 1.221304792278653e-12
201, 620, 1.1979206366745737e-12
535, 640, 1.1263853489833788e-12
125, 620, 1.0729752446889564e-12
400, 563, 1.0502229626500305e-12
125, 425, 9.652423207022153e-13
409, 626, 8.559632675392111e-13
7, 563, 8.089136405765655e-13
183, 567, 7.790720244887552e-13
51, 620, 7.145466595579703e-13
183, 374, 6.840976319508831e-13
51, 425, 6.024679167511288e-13
201, 374, 5.56742268592178e-13
125, 374, 4.790111012104215e-13
127, 868, 3.2023926609595e-13
183, 626, 3.0918846453364746e-13
722, 868, 3.051827595909538e-13
127, 620, 3.000869308898741e-13
51, 374, 2.727918372581694e-13
201, 626, 2.568365427026363e-13
125, 626, 2.334480410951254e-13
51, 626, 1.5529684323091988e-13
127, 374, 1.34627035333221e-13
275, 374, 1.0762849457527797e-13
127, 425, 9.591237231325653e-14
275, 425, 4.3986015977864735e-14
201, 567, 2.1498321687917698e-14
125, 567, 1.9216139059912424e-14
51, 567, 1.3387221176818128e-14
183, 560, 6.6875596024475895e-15
409, 563, 6.5038056154403866e-15
201, 560, 5.569588732583657e-15
127, 567, 5.414653212264755e-15
125, 560, 4.9424070353872206e-15
51, 560, 3.390587705550343e-15
397, 567, 2.3755453660377684e-15
183, 563, 2.0251156970343485e-15
275, 567, 1.9720651712186944e-15
201, 563, 1.6749101896978412e-15
125, 563, 1.4898314234973298e-15
127, 560, 1.3962752345714538e-15
51, 563, 1.0299867042619086e-15
397, 560, 6.132175437921501e-16
275, 560, 5.144212345660583e-16
127, 563, 4.2069047987979747e-16
535, 722, 2.911985806942485e-17
397, 620, 2.6789424424467264e-18
275, 620, 2.390338994606471e-18
572, 738, 1.5995258275950605e-20
