Gene = GLDC
index = 594
Annotated 5SS: [   406   1037  25467  35459  39059  40520  41063  43542  50637  52800
  53508  56456  57033  57250  58510  80297  87092  89498  90982  92283
  94848 105600 109587 110943]
Annotated 3SS: [   957  25330  35293  38980  40371  40865  43444  50530  52659  53426
  56357  56947  57207  58366  80220  86965  89347  90868  92140  94735
 105503 109413 110861 112489]
SMsplice 5SS: [   406   1037  25467  35459  39236  40520  41063  43542  50637  52800
  53508  56456  57250  58510  59306  61023  80297  87092  89498  90489
  90982  94848 105600 109587 110943]
SMsplice 3SS: [   957  25330  35293  38980  40371  40865  43444  50530  52659  53426
  56357  57207  58366  59162  60786  80220  86965  89347  90387  90868
  94735 105503 109413 110861 112489]
length: 113187
Partition function (logZ) = -52.06226848481557
#Introns = 2134
5SS, 3SS, prob
406, 957, 0.9744477536966588
1037, 25330, 0.780684221778352
25467, 25544, 0.41186195984115814
25467, 28376, 0.1993336313964632
25467, 25735, 0.12369409752045712
1037, 2171, 0.09719516116918647
14413, 17360, 0.019609465861228158
2274, 17360, 0.017687562892995737
726, 957, 0.017601753426825975
17465, 17733, 0.015646422072915122
1037, 17360, 0.015003384437739395
1037, 10354, 0.014363240125847557
10661, 17360, 0.014347782002229602
10447, 10531, 0.013649930711246046
1037, 13969, 0.01226714554934744
1037, 10531, 0.011920551634427845
2274, 13969, 0.011781781732263685
17465, 20258, 0.011279127523045728
2274, 10531, 0.011001948966059012
14071, 17360, 0.010990840411807107
2274, 10354, 0.00905542186984421
14071, 14259, 0.008534151985856981
10661, 13969, 0.007597220891438131
2274, 14259, 0.0075700419430747455
1037, 20258, 0.007345209437291648
1037, 14259, 0.007130670189981289
2274, 20258, 0.006231467064711796
10447, 17360, 0.006002186787808643
1120, 2171, 0.005817923561228521
10661, 14259, 0.005713894124787867
17500, 17733, 0.00537712878285408
406, 652, 0.005345533572072593
406, 590, 0.0049225335123524085
1954, 2171, 0.004729595149464361
1037, 17733, 0.004064002902368773
14071, 14233, 0.003799891190549576
1037, 9782, 0.0037497186371921827
10447, 13969, 0.003591929944855069
14413, 17733, 0.0035514854055600418
2274, 17733, 0.00344778463476216
2274, 9782, 0.0033987690379311715
2274, 14233, 0.0031743656575583356
1037, 11430, 0.0030854828764283063
10661, 11430, 0.002862355430870938
2274, 11430, 0.0028351008022442434
1037, 14233, 0.0027733751837736307
1037, 10315, 0.0025929473078246507
2296, 17360, 0.002480278635861247
10661, 14233, 0.0024738988306180665
10447, 14259, 0.002458679971302418
1037, 1809, 0.0024328575444341805
1037, 16514, 0.0023703131167557576
1037, 9778, 0.0023274690701071605
406, 611, 0.0023196843453851404
406, 844, 0.002267766921317472
2274, 9778, 0.0020885712121814755
14413, 16514, 0.0020710059212360864
1037, 18663, 0.002032486338961109
2274, 16514, 0.002010534066270011
406, 923, 0.0018658277680557356
2296, 13969, 0.0017247077054385227
2274, 10315, 0.0016857502332417375
10661, 17733, 0.0016428785766413258
2296, 10531, 0.0016381888900539412
4085, 13969, 0.0015619087293890633
2296, 10354, 0.0014729785219573987
10034, 13969, 0.0014538892767630644
1037, 9802, 0.0014078722465710642
14071, 14138, 0.001354551159694905
14071, 17733, 0.001248855756290117
2274, 9802, 0.0012483410409664384
10661, 10783, 0.0012301143180564215
2274, 4037, 0.0011602734180014354
1037, 4037, 0.0011213075521596286
2296, 14259, 0.001081214790985326
10447, 11430, 0.00107695892341128
1037, 14138, 0.0010680112492044674
10447, 14233, 0.0010406407934363767
1037, 3146, 0.0009963633649722184
1037, 1627, 0.000991462246927926
10661, 16514, 0.0009580248463838374
2274, 3146, 0.0009554155563501438
10034, 10354, 0.0009550480385885424
10661, 14138, 0.0009402834157278253
2274, 14138, 0.0009059026777964846
2274, 12667, 0.0008336389800890372
1037, 12667, 0.0008260848756974215
1037, 1783, 0.0007365454832775525
14071, 16514, 0.0007282551864066438
10661, 12667, 0.0007272900067114918
2274, 2438, 0.0006771205207390394
1037, 1834, 0.0006750043622394048
2274, 3857, 0.0006653014157061638
10034, 10531, 0.0006645528373900775
1120, 13969, 0.0006598397060215206
1037, 3857, 0.0006445398026596817
1037, 8272, 0.0006401022738278779
406, 981, 0.0006067645042370799
2274, 8272, 0.000596672914280818
14079, 14259, 0.0005696301032242692
1037, 2217, 0.0005653839032343593
4085, 10531, 0.0005625950778612605
2296, 9782, 0.0005584347809796981
4085, 14259, 0.0005401001359870627
10034, 14259, 0.0005312605970250365
1037, 5192, 0.000520356378061603
1037, 15388, 0.0005046682483457847
4085, 9782, 0.0005008864011294483
2274, 5192, 0.0004954990484208663
2296, 11430, 0.00047274925971602886
10034, 11430, 0.00046091082153509644
2274, 10783, 0.0004601024638462268
2296, 14233, 0.0004516666917977608
139, 957, 0.00045048464505051167
1954, 13969, 0.0004490329649664845
1037, 10783, 0.00043276538017775624
2274, 15388, 0.00042806694959051126
4085, 11430, 0.0004219072601997074
1037, 2438, 0.0003646933244125577
2296, 9778, 0.000347084885181628
1037, 12719, 0.0003151771739412401
4085, 9778, 0.00031291632803064805
1037, 6121, 0.0003086571060420012
406, 959, 0.000308245720758892
1037, 2260, 0.0002907294917946798
1037, 12118, 0.000286970903429538
10447, 12667, 0.00028289125541846867
1037, 13591, 0.0002743839704580902
1037, 5399, 0.0002731296929178228
2274, 12719, 0.0002673378637784703
1037, 12478, 0.0002661162435336324
1037, 6648, 0.0002636942330979403
10607, 11430, 0.0002608652342076391
1037, 1470, 0.0002471836479485462
2274, 12118, 0.00024341289481748227
2274, 6648, 0.0002422709289796671
1037, 9349, 0.00023508105505006175
2274, 5399, 0.0002343835458297961
2274, 6121, 0.00023410438311738217
2274, 13591, 0.00023273647517061725
2274, 9349, 0.0002317843908868443
1037, 12167, 0.00023166393217740277
1037, 4461, 0.00023067110745331285
4588, 9782, 0.0002295188270892534
2274, 12478, 0.00022572366892373988
1194, 2171, 0.00022071253339214677
1037, 11450, 0.00021842238263345218
10447, 10783, 0.0002148977106871287
4588, 11430, 0.00021162807164477426
1037, 1789, 0.0002115671849105792
1037, 1273, 0.00021080426458035072
1037, 1785, 0.00020948742931494648
406, 628, 0.0002077149618532112
1037, 1623, 0.00020744627102840674
3653, 9782, 0.0002073554039216865
1037, 3553, 0.00020699100677275663
1120, 9782, 0.00020333315458866182
196, 957, 0.00020141913928113352
714, 957, 0.0001980525020940043
2274, 12167, 0.00019650071725807672
1424, 2171, 0.0001950334954037972
2296, 4037, 0.0001914926555403601
3653, 11430, 0.00019013483064271442
2274, 11450, 0.00018526904231179237
2296, 9802, 0.0001838903517792068
6375, 9782, 0.00018116396681279592
1954, 9782, 0.00018104373748093505
1120, 11430, 0.0001674659967611335
4085, 9802, 0.000166020238028745
1037, 12789, 0.00016251829711117337
2296, 3146, 0.0001621803671745807
6375, 11430, 0.00016204158208054335
2274, 4461, 0.00016071353691134992
1037, 4544, 0.0001570228107682018
1037, 3457, 0.00015625835782185555
1954, 11430, 0.00014800499062592575
1120, 1809, 0.00014706792282428288
1037, 6472, 0.0001459441993948527
4588, 9778, 0.00014502916972652992
2274, 12789, 0.00013785038374230713
1037, 7857, 0.0001353533238254059
2274, 6472, 0.0001340872583794889
1037, 4181, 0.00013402195859527673
2296, 2438, 0.00013277583995957972
3653, 9778, 0.0001294254187874685
10661, 12719, 0.00012738720530814239
406, 2171, 0.00012699943632313684
1037, 11288, 0.00012693655361158398
1120, 9778, 0.00012621382847672602
2274, 7857, 0.00012435681705442233
2274, 4181, 0.00011892248414737903
2274, 4544, 0.0001172796258615363
2296, 12667, 0.00011689891732652367
2274, 3553, 0.00011619799348634278
10661, 12118, 0.000115986893769969
6375, 9778, 0.00011307805567862757
1954, 9778, 0.00011233944377356561
2261, 9782, 0.0001098553640182035
1037, 1992, 0.0001093319165666105
2296, 3857, 0.00010839111492585652
2274, 11288, 0.0001076694313029432
10661, 12478, 0.00010755793043937344
2296, 8272, 9.944515929519637e-05
726, 2171, 9.921821525404359e-05
1037, 11893, 9.734397596381938e-05
1037, 1218, 9.727053011641315e-05
1037, 1304, 9.484642456833977e-05
10661, 11450, 9.395722685982005e-05
10661, 12167, 9.363311600819176e-05
2274, 3457, 9.232469550764497e-05
2261, 11430, 8.980781300669985e-05
5558, 9782, 8.885857487675421e-05
4085, 4181, 8.795277909295873e-05
630, 957, 8.738854882980549e-05
4085, 8272, 8.730213172502329e-05
1037, 6668, 8.36633177877793e-05
4588, 9802, 8.33723973683498e-05
2274, 11893, 8.256857646271667e-05
1037, 3523, 8.249332210922219e-05
2296, 5192, 8.104927638812249e-05
4085, 5192, 7.851985008920179e-05
1172, 2171, 7.837626111492558e-05
2274, 2987, 7.689500492364282e-05
2274, 6668, 7.686626091074988e-05
1120, 9802, 7.633058135066387e-05
3653, 9802, 7.546505555457446e-05
726, 844, 7.47921642439301e-05
1037, 11426, 7.15071995297422e-05
2274, 6992, 7.052691994859691e-05
871, 957, 7.051773064867805e-05
1954, 4037, 7.003805461825506e-05
1037, 6992, 6.989723444250676e-05
2261, 9778, 6.816634842532032e-05
1954, 9802, 6.809214356841314e-05
1120, 4037, 6.66193463127222e-05
10121, 11430, 6.65543253153202e-05
1037, 2987, 6.646448017031627e-05
3653, 4037, 6.632375624210578e-05
1037, 1876, 6.611213418914743e-05
10899, 11430, 6.552753659652645e-05
1037, 4782, 6.541675156722276e-05
2296, 10783, 6.520772813212262e-05
1037, 11198, 6.223541018144484e-05
1120, 1627, 6.144072061117438e-05
2274, 11426, 6.065344684709339e-05
2274, 4782, 5.971649716806791e-05
1120, 3146, 5.952684114060393e-05
10661, 11288, 5.946832696292687e-05
1037, 8928, 5.942582843345178e-05
1037, 8902, 5.9249559087306665e-05
1037, 6261, 5.7332993291081235e-05
3653, 3857, 5.513685101722473e-05
1037, 7917, 5.402030476368865e-05
1037, 2173, 5.388533727188079e-05
1037, 4074, 5.2462703808735454e-05
1954, 3146, 5.216362032154177e-05
2274, 4074, 5.206302851514174e-05
1037, 5046, 5.160420866217679e-05
563, 957, 5.115567950342132e-05
1037, 4297, 5.081162808315539e-05
406, 1809, 5.0714698202166556e-05
2274, 8928, 5.040565569804994e-05
2274, 8902, 5.025614205716127e-05
1120, 1834, 5.00700468485673e-05
2274, 3934, 4.960563634942714e-05
1037, 8354, 4.896928051780311e-05
4588, 5192, 4.881233859405966e-05
1037, 1165, 4.8274077781496676e-05
2274, 5046, 4.741810390509091e-05
1037, 9041, 4.7138852179851236e-05
2274, 7917, 4.58206297564955e-05
2274, 3523, 4.4769777755539996e-05
4588, 8272, 4.450344484516776e-05
1037, 4800, 4.43221801440486e-05
1037, 1307, 4.423020556846522e-05
1037, 3934, 4.35735163611958e-05
2274, 3757, 4.305202993483575e-05
2261, 4037, 4.299022280698222e-05
2274, 6549, 4.245699832630494e-05
406, 9782, 4.2403996887698415e-05
1120, 1783, 4.2383124707776614e-05
8355, 9782, 4.2344194589193296e-05
1037, 6549, 4.207792950410693e-05
1037, 3757, 4.166430298535325e-05
2274, 8354, 4.153629421129189e-05
2274, 6261, 4.132753942722963e-05
2261, 9802, 4.131756956948328e-05
2274, 4297, 4.0951652790312983e-05
2274, 4800, 4.053824099678139e-05
2296, 6648, 4.0389515663996294e-05
1954, 3857, 4.0078455479842426e-05
2274, 9041, 3.998370431873233e-05
3653, 8272, 3.956372076022829e-05
736, 957, 3.914343641498529e-05
1037, 5224, 3.906676278432939e-05
2296, 5399, 3.9017267768796274e-05
1037, 4053, 3.856257143232165e-05
1037, 9858, 3.8459345496762166e-05
1120, 3857, 3.822304060786076e-05
1037, 1643, 3.816600819772734e-05
2274, 4053, 3.814326562621862e-05
1037, 3476, 3.8125072328686726e-05
6375, 6472, 3.7099961739265705e-05
5301, 9782, 3.682828760479555e-05
4085, 5399, 3.6747072567980195e-05
2296, 6121, 3.62740088001241e-05
4085, 6648, 3.604580979106327e-05
2274, 5224, 3.579940254092956e-05
2261, 3146, 3.577968315921756e-05
1037, 9943, 3.546197328804678e-05
1037, 8409, 3.516951468877915e-05
726, 923, 3.483737136099204e-05
1120, 8272, 3.4722183928186535e-05
6375, 8272, 3.4569228698861885e-05
1037, 3536, 3.387904083825284e-05
1120, 2217, 3.3732470250971126e-05
2274, 9858, 3.2621649181602136e-05
2296, 9349, 3.2507855761188406e-05
1037, 4267, 3.239906625458896e-05
3653, 5192, 3.210780942564492e-05
406, 925, 3.189409337239576e-05
1954, 8272, 3.143353646936589e-05
2274, 9943, 3.00792443799492e-05
2274, 8409, 2.9831177708449172e-05
1037, 8878, 2.962519995824382e-05
1120, 5192, 2.8401092369600404e-05
2274, 4267, 2.8392832343566963e-05
1037, 2295, 2.8175041073538136e-05
1037, 7169, 2.8052874309011977e-05
1037, 6355, 2.7171466801134657e-05
2296, 4461, 2.640919234235841e-05
4085, 6121, 2.6203321944798514e-05
1037, 6162, 2.612494377049905e-05
2274, 2992, 2.5873403291304443e-05
1954, 5192, 2.5732640540701782e-05
1954, 2217, 2.55284230513862e-05
1037, 1700, 2.5282082029110626e-05
2274, 8878, 2.512842762896227e-05
1037, 9172, 2.4668709441979228e-05
2261, 3857, 2.4583250801347065e-05
1037, 8593, 2.456823610341301e-05
525, 957, 2.4542375755490887e-05
2261, 2438, 2.4290427905179927e-05
2274, 5255, 2.3933958517372044e-05
2274, 7169, 2.3792643023076428e-05
1037, 5255, 2.3715643475501882e-05
1037, 1323, 2.356845056142461e-05
1037, 7123, 2.3481512887289904e-05
1954, 2438, 2.3249536178187634e-05
6375, 6648, 2.322410540368452e-05
1037, 6448, 2.2557171025911977e-05
1037, 2992, 2.210316444497326e-05
3066, 3146, 2.2084492031271833e-05
1037, 1760, 2.1968738942283645e-05
1120, 2438, 2.1833013491560576e-05
2274, 4001, 2.181450904559103e-05
2274, 6355, 2.1128986276613255e-05
2274, 3476, 2.112490363949597e-05
5301, 5399, 2.098579508468005e-05
2274, 9172, 2.092427665590076e-05
2274, 8593, 2.0839054040682633e-05
4085, 6472, 1.9949912403059398e-05
2274, 7123, 1.9915508393718472e-05
2296, 4181, 1.9813623969487835e-05
1037, 8730, 1.980865206845332e-05
2274, 3922, 1.9680982898306156e-05
2274, 6162, 1.960747150851754e-05
406, 856, 1.940927390424862e-05
1037, 4001, 1.9287277943935706e-05
1037, 7661, 1.9278411207363317e-05
2274, 6448, 1.91315411004994e-05
2261, 8272, 1.9022013962013334e-05
406, 1627, 1.893501426879507e-05
2296, 6472, 1.8798576951560575e-05
2296, 3553, 1.8658466776686032e-05
4588, 6648, 1.8623313337442294e-05
760, 957, 1.852504407773476e-05
2274, 3536, 1.834019956541031e-05
2296, 4544, 1.833000404265847e-05
4588, 5399, 1.7682200567144603e-05
2274, 3708, 1.7600139437789854e-05
2296, 7857, 1.743440221764052e-05
1037, 3922, 1.7400922779245234e-05
1037, 3805, 1.740024074935918e-05
1037, 3708, 1.7221357674276827e-05
1120, 2260, 1.7178433880665778e-05
2274, 3805, 1.699192110230382e-05
1120, 6121, 1.692102613157639e-05
2274, 8730, 1.680192135853959e-05
406, 658, 1.644040008911488e-05
1120, 1470, 1.6357762173842264e-05
2274, 7661, 1.6350707982943444e-05
3653, 6648, 1.632727790439131e-05
1037, 4242, 1.613490952456316e-05
4085, 4461, 1.590355059723074e-05
2274, 3005, 1.5826800601564726e-05
2261, 5192, 1.5585492430220926e-05
1120, 1273, 1.536880730156114e-05
2274, 2621, 1.5221786008531083e-05
406, 1834, 1.5109308380458424e-05
1120, 5399, 1.5094470466805506e-05
3653, 5399, 1.5071225538864594e-05
1037, 1386, 1.5040420609907196e-05
4085, 4544, 1.4907236890277425e-05
406, 1783, 1.4612115190700843e-05
2296, 3457, 1.4536528246685888e-05
1120, 6648, 1.4332749003991975e-05
1120, 1218, 1.409927823417561e-05
406, 3146, 1.402102730534603e-05
3676, 4037, 1.4006113226607067e-05
1037, 3005, 1.3940429800768159e-05
2274, 4242, 1.3732665656606148e-05
1037, 6349, 1.356218171780612e-05
1954, 6121, 1.3540834901800318e-05
1369, 2171, 1.3530374649909665e-05
1033, 2171, 1.3038006846519018e-05
1037, 1233, 1.2991075876701452e-05
1120, 1623, 1.2775803119567188e-05
1037, 1915, 1.2712210361640555e-05
1954, 6648, 1.2679106709921158e-05
1037, 3652, 1.262131852110973e-05
1037, 2621, 1.25663578232633e-05
1954, 5399, 1.2508089862976602e-05
1120, 1789, 1.2418694630243738e-05
139, 326, 1.2172505199136012e-05
1120, 1785, 1.2163137750512479e-05
406, 730, 1.2079978244169693e-05
6375, 9802, 1.2055226978978684e-05
1120, 4461, 1.1841806165918576e-05
1037, 7695, 1.1587688847859273e-05
2274, 3652, 1.1421869572307775e-05
1954, 2260, 1.1362666360909454e-05
3676, 3857, 1.1344657679685987e-05
2296, 2987, 1.1255335683881892e-05
1441, 2171, 1.1243838729342003e-05
1120, 3553, 1.1005932455638458e-05
2296, 6668, 1.0776387989229705e-05
1037, 4648, 1.0636647984796404e-05
1037, 2030, 1.0464749075000362e-05
4085, 4782, 1.0242060686150276e-05
1037, 3422, 9.921417770898573e-06
2296, 6992, 9.887633976809371e-06
2719, 3146, 9.80020502605942e-06
1037, 5279, 9.769083914017396e-06
171, 957, 9.6984388066184e-06
3653, 3757, 9.526421513170718e-06
1037, 4466, 9.398862034562537e-06
3653, 4181, 9.35527492227476e-06
1487, 2171, 9.304582570651937e-06
2274, 4648, 9.020896722629534e-06
658, 957, 9.002356057754296e-06
1954, 4461, 8.938044707118824e-06
1037, 6017, 8.852240270119236e-06
4085, 4297, 8.834142240538059e-06
3618, 4037, 8.677501307245888e-06
4875, 5192, 8.555235668482462e-06
1037, 6073, 8.499177794298687e-06
4588, 4782, 8.473510043691747e-06
2296, 4782, 8.43486810144638e-06
2274, 5279, 8.285508417724787e-06
1120, 3457, 7.935050636947154e-06
1120, 6472, 7.932602673711278e-06
726, 981, 7.850504448677889e-06
4085, 5046, 7.810024764417708e-06
4085, 4800, 7.75874374830728e-06
2261, 6648, 7.703021977187874e-06
1037, 5234, 7.640170209096212e-06
2261, 5399, 7.587082962627448e-06
2274, 6017, 7.507900630125007e-06
1120, 4181, 7.3910732720626e-06
406, 5192, 7.343534870967605e-06
1037, 1741, 7.314628950417376e-06
2274, 2822, 7.271240669864243e-06
196, 326, 7.211432898339704e-06
2296, 4074, 7.132400053880873e-06
4085, 4267, 7.050045416191229e-06
3676, 5192, 7.044504873872035e-06
1037, 2940, 7.035651965212081e-06
1954, 6472, 7.0173778777106e-06
5558, 9778, 7.01594817230303e-06
1037, 5171, 6.909003487286557e-06
2296, 3523, 6.850416059334194e-06
1037, 1717, 6.831665478998699e-06
9608, 9782, 6.812622406134641e-06
1037, 5934, 6.8055373467255575e-06
2274, 4466, 6.790391470717366e-06
2296, 3757, 6.789765032670817e-06
1037, 1342, 6.788536025669965e-06
21, 957, 6.678494997868023e-06
2274, 6073, 6.671750169917564e-06
2296, 5046, 6.65587991953477e-06
1037, 1480, 6.599783939048122e-06
1037, 3494, 6.58636082649211e-06
2274, 2940, 6.579349127670602e-06
3618, 3857, 6.5787372999204e-06
1037, 4892, 6.508914869518432e-06
3676, 9782, 6.488998027261968e-06
2274, 5234, 6.479900790849537e-06
1037, 5300, 6.436311010770036e-06
1120, 4544, 6.421175830973346e-06
1954, 3553, 6.398712585996475e-06
1954, 4181, 6.350364077374145e-06
1120, 1304, 6.2407875733589795e-06
2296, 4297, 6.143913432618783e-06
1037, 2822, 6.127753607723057e-06
1120, 1992, 6.114014456691239e-06
1037, 4258, 6.052902560413001e-06
3653, 4461, 6.0119212231090635e-06
2274, 3422, 5.89881634826551e-06
2274, 5171, 5.859772221821529e-06
2274, 5934, 5.772018898571108e-06
2296, 4053, 5.733103030734845e-06
2296, 4800, 5.715299644237022e-06
2274, 4892, 5.520442798558293e-06
2274, 5300, 5.45886487701378e-06
4588, 6121, 5.432302035528333e-06
406, 689, 5.431524805440704e-06
2261, 4461, 5.41350693891819e-06
8355, 9778, 5.324075362881077e-06
406, 2438, 5.2882134433843135e-06
2274, 4258, 5.12650486094542e-06
1194, 1809, 5.042488157279486e-06
2296, 5224, 5.033975729526527e-06
3653, 6121, 4.959822713482878e-06
2261, 6121, 4.912213624250314e-06
2719, 4037, 4.888780071247383e-06
1954, 4544, 4.846621862017131e-06
2274, 6349, 4.814273950887305e-06
2274, 2503, 4.663731091575375e-06
906, 2171, 4.648059563509309e-06
1037, 4805, 4.645307246439288e-06
406, 821, 4.564346827061782e-06
406, 1010, 4.509210419897787e-06
406, 881, 4.49715082587915e-06
1120, 3523, 4.386344054184965e-06
2033, 2171, 4.369275723568685e-06
1954, 3457, 4.3060985651119125e-06
406, 1789, 4.294680625080327e-06
2296, 4267, 4.214393624090507e-06
406, 1785, 4.196370052902768e-06
1120, 1876, 4.156736421215046e-06
628, 957, 4.153670804427142e-06
3066, 4037, 4.124943610147869e-06
1424, 4037, 4.041776908275008e-06
1037, 1112, 4.027571520341727e-06
406, 890, 4.0205767785170945e-06
2274, 4805, 3.939514210310133e-06
2261, 3553, 3.87404943342482e-06
2261, 4181, 3.851754224680117e-06
726, 959, 3.7427725067103692e-06
139, 263, 3.6985970559964966e-06
1037, 1134, 3.682981372569439e-06
2274, 2400, 3.6788938371584896e-06
406, 1623, 3.6643113044070456e-06
1120, 2987, 3.6600208277557194e-06
1037, 3284, 3.654220547149465e-06
1041, 2171, 3.6536408772967123e-06
156, 957, 3.6419114820335223e-06
1120, 4782, 3.560274755873555e-06
406, 1470, 3.5406690594424162e-06
406, 490, 3.385998728461688e-06
1037, 3338, 3.375135142462716e-06
2824, 3146, 3.3616389791612422e-06
2296, 5255, 3.359509148860163e-06
406, 712, 3.355199153343148e-06
1344, 2171, 3.3373220087906845e-06
3653, 4544, 3.337111412327275e-06
406, 694, 3.3113981781526016e-06
2296, 2992, 3.2870722722465366e-06
1037, 2503, 3.2288803061542405e-06
1120, 2173, 3.172945873597301e-06
1037, 5165, 3.1719245389444747e-06
1954, 2987, 3.1673804364633034e-06
1954, 4782, 3.1539584135511487e-06
1037, 4869, 3.1083586124428326e-06
4588, 4800, 3.0266078930344117e-06
406, 546, 2.9826320006116515e-06
2296, 3476, 2.957610570925321e-06
1424, 3146, 2.9363021113250234e-06
2261, 4544, 2.9354542229404326e-06
1120, 1307, 2.9346111478782276e-06
2274, 3284, 2.9052841916848493e-06
1037, 3203, 2.897578921716026e-06
1037, 1124, 2.8401809631270846e-06
2296, 3536, 2.819652530923042e-06
1037, 4322, 2.7664657912714412e-06
2274, 3494, 2.712170536041003e-06
139, 281, 2.697813266642291e-06
1958, 2171, 2.6639627631254244e-06
2296, 3708, 2.629783707317215e-06
2261, 3457, 2.606391446955305e-06
1954, 4074, 2.5906754992369945e-06
1954, 3523, 2.5672901711972765e-06
726, 1809, 2.529328680871697e-06
1551, 2171, 2.510927794456863e-06
2274, 3203, 2.4792881401617404e-06
2261, 2987, 2.477167311405851e-06
406, 1273, 2.4756010204532634e-06
2274, 3338, 2.474822584414874e-06
161, 957, 2.4583870258716315e-06
3653, 4074, 2.439978748098745e-06
2047, 2171, 2.4200281155427636e-06
2296, 3805, 2.413403791709737e-06
1037, 3313, 2.388013815907209e-06
1562, 2171, 2.3404183232178193e-06
1424, 3857, 2.2726219876159915e-06
2296, 3005, 2.2683527862942226e-06
2296, 2621, 2.2226662029347275e-06
1037, 1949, 2.2194413813457427e-06
2352, 2438, 2.2035753299485796e-06
10034, 10783, 2.2026944944853196e-06
1120, 4074, 2.189841826711132e-06
1954, 4053, 2.1464747659575893e-06
1120, 1643, 2.1423584667517154e-06
1254, 2171, 2.1066907688405604e-06
196, 281, 2.0649316114821993e-06
1172, 1809, 1.9642781184667486e-06
139, 652, 1.9428215823205897e-06
1037, 3026, 1.936163258862315e-06
1120, 3476, 1.9172440624348294e-06
2274, 2486, 1.9158355085977274e-06
1954, 2295, 1.9092980839823033e-06
1571, 2171, 1.8783869598287687e-06
1194, 1627, 1.8713605981870566e-06
2274, 3026, 1.8646638487536192e-06
406, 903, 1.862303869596742e-06
2274, 3313, 1.8460177214748414e-06
1954, 3757, 1.8247248525727156e-06
1120, 4053, 1.8149912729279668e-06
1120, 3536, 1.8070665405886392e-06
406, 1068, 1.7828680200957435e-06
1194, 3146, 1.77879190826594e-06
2508, 3146, 1.7644709752779497e-06
139, 260, 1.7472044526375721e-06
1906, 2171, 1.636183444025012e-06
1037, 4414, 1.6355455881980255e-06
1037, 4507, 1.6327896250752737e-06
139, 590, 1.6302699946257978e-06
1120, 1323, 1.6234750682691945e-06
2296, 3652, 1.6127102185850923e-06
2274, 2446, 1.5925066885398365e-06
139, 251, 1.58345219026e-06
2043, 2171, 1.5797173207129494e-06
2261, 4074, 1.5695090066972996e-06
2261, 3523, 1.554345331110882e-06
1240, 2171, 1.5479320798361105e-06
1120, 3757, 1.5421661832077595e-06
1120, 2295, 1.5356018588042545e-06
1037, 2400, 1.501057898136493e-06
1120, 1700, 1.4861195823941737e-06
1194, 1834, 1.4553480496594545e-06
1194, 1783, 1.4519104005590143e-06
1120, 1233, 1.447641281875201e-06
906, 981, 1.4439133480260736e-06
2833, 3146, 1.4399639428015257e-06
406, 1876, 1.4373935511034714e-06
1037, 3287, 1.4187927373054908e-06
2352, 3146, 1.4169333225251108e-06
1120, 4297, 1.3641610061019834e-06
1037, 1368, 1.3074854266273296e-06
1037, 2486, 1.2869878595615316e-06
726, 856, 1.285237949108318e-06
726, 925, 1.2198004893652014e-06
3653, 3805, 1.2195944626291572e-06
139, 844, 1.1982840943571857e-06
1037, 1729, 1.1933683729776326e-06
1194, 2217, 1.1757865651171014e-06
1120, 1760, 1.1510967238983976e-06
3676, 3757, 1.1494289106397502e-06
985, 2171, 1.1268357657131731e-06
406, 978, 1.1189289604915644e-06
1954, 3476, 1.1087046738233332e-06
2261, 3757, 1.1049260586641158e-06
1145, 2171, 1.1033776151019818e-06
1424, 2438, 1.0951410817941636e-06
1954, 3536, 1.0347658174547216e-06
1954, 4297, 1.0293202986625206e-06
714, 2171, 1.0223879037018356e-06
1120, 1386, 1.018396025491293e-06
196, 263, 9.80264825800121e-07
2333, 2438, 9.744186641161893e-07
139, 266, 9.706067321431203e-07
1037, 2446, 9.619793700866432e-07
2296, 2400, 9.247171104544691e-07
1037, 1193, 9.126682649356293e-07
726, 1627, 9.034157637402048e-07
1424, 2217, 8.993475443312314e-07
406, 1218, 8.989672095621328e-07
510, 957, 8.880119013024829e-07
507, 957, 8.875352401617381e-07
139, 923, 8.776977232770127e-07
2065, 2171, 8.458320851252082e-07
1037, 1222, 8.401288663127241e-07
139, 611, 8.131666136364233e-07
406, 698, 8.042596547869717e-07
196, 652, 8.016717163007696e-07
406, 1304, 7.70316966173413e-07
3653, 4297, 7.653144087725683e-07
1120, 3805, 7.640376941635022e-07
1120, 1915, 7.567878347016267e-07
1361, 2171, 7.373047636399713e-07
1172, 1627, 7.170108300029371e-07
196, 590, 7.12116045631178e-07
1120, 4267, 7.072172693736231e-07
406, 1643, 6.970277258196185e-07
726, 1834, 6.879489714735089e-07
563, 652, 6.865266028573773e-07
714, 844, 6.801107700359561e-07
2296, 3422, 6.742128109689897e-07
2261, 3476, 6.710757627484555e-07
726, 1783, 6.655280603009459e-07
1889, 2171, 6.573931604598055e-07
1037, 3497, 6.301668926276214e-07
2719, 3857, 6.284635811149512e-07
2261, 4297, 6.243954152185335e-07
4085, 4242, 6.05854349854571e-07
726, 821, 5.960568610986845e-07
2296, 4242, 5.941054553882083e-07
1172, 1783, 5.821692476430364e-07
1172, 1834, 5.752366575787757e-07
4875, 9782, 5.669902719120322e-07
406, 870, 5.668678941447566e-07
1424, 1809, 5.637841653715497e-07
9, 957, 5.603444833243246e-07
726, 2217, 5.556767592338525e-07
1954, 4267, 5.336374263665911e-07
5301, 9778, 5.333809835291571e-07
1194, 2260, 5.333807128529366e-07
1120, 2030, 5.152304960957386e-07
406, 1700, 5.02793795445896e-07
3339, 3457, 4.785840980339792e-07
196, 844, 4.524664108573636e-07
406, 1027, 4.443654271452625e-07
823, 957, 4.3791501559675463e-07
1120, 3422, 4.342752638194224e-07
1120, 1717, 4.3128007420099127e-07
196, 923, 4.30139186469482e-07
406, 1760, 4.3011231987363785e-07
1194, 1789, 4.2829731831610465e-07
139, 347, 4.282089109196526e-07
1194, 1785, 4.1746341631542574e-07
1120, 1741, 4.157528813015585e-07
1194, 1273, 4.151419181969402e-07
3653, 4267, 4.1180980712674934e-07
1172, 2217, 4.097208268729037e-07
3066, 3857, 4.0681778581299085e-07
1954, 3708, 3.9890046718028615e-07
2274, 4414, 3.970638726786464e-07
2274, 4507, 3.9637147380953437e-07
1194, 1623, 3.9287396447795843e-07
1424, 2260, 3.9013228499787833e-07
3634, 3857, 3.8690545756253713e-07
714, 923, 3.7465521083180587e-07
196, 611, 3.6284010511982477e-07
1037, 3425, 3.6248330365289804e-07
406, 1307, 3.6245273011851386e-07
196, 260, 3.4795541888839145e-07
1120, 9349, 3.4607595131520734e-07
1037, 1544, 3.4303827189387573e-07
1424, 1627, 3.42495740355636e-07
406, 1915, 3.353872968867373e-07
1037, 2148, 3.328958093876048e-07
196, 266, 3.31453217209823e-07
5558, 8272, 3.307469978202694e-07
1120, 3708, 3.2722335527924843e-07
1033, 1809, 3.2580679287193284e-07
2261, 4267, 3.2370950310149025e-07
1037, 2221, 3.166330328750354e-07
1037, 3913, 3.156378020846367e-07
139, 981, 2.958683616125306e-07
1249, 2171, 2.9539725912683595e-07
406, 823, 2.920863282144349e-07
666, 957, 2.866456902267323e-07
726, 881, 2.8399354663003384e-07
171, 326, 2.799172236344331e-07
406, 2217, 2.7256623229732757e-07
1194, 1470, 2.69535181456968e-07
726, 2260, 2.547390790264618e-07
139, 312, 2.537141823714588e-07
1954, 3422, 2.527387824554e-07
1120, 1342, 2.5082054488742793e-07
1261, 2171, 2.425512048010458e-07
726, 890, 2.422010893731396e-07
2261, 3708, 2.414436260455346e-07
630, 844, 2.4137762380253276e-07
1194, 1304, 2.399144892158877e-07
2274, 4322, 2.3225736244845e-07
1515, 2171, 2.2552958998424146e-07
1120, 4242, 2.2277231495759373e-07
1954, 4242, 2.2214738594868837e-07
1037, 2018, 2.1806199151037097e-07
3676, 5399, 2.1803004990388037e-07
196, 347, 2.1449301552609218e-07
726, 1010, 2.140994099455913e-07
1244, 2171, 2.1260940117981956e-07
406, 1165, 2.1240553651522464e-07
4875, 5399, 2.101104643995084e-07
1172, 1273, 2.0601131817829053e-07
525, 652, 2.058858668083597e-07
5310, 5399, 2.0499858148879416e-07
736, 844, 2.0254793303853252e-07
1172, 2260, 2.0246809842878753e-07
726, 1789, 1.9547111147080875e-07
406, 1323, 1.9435492325324219e-07
736, 2171, 1.9244906592470092e-07
726, 1785, 1.9100307950287377e-07
726, 1623, 1.9011588481738363e-07
1120, 1480, 1.885698612927183e-07
196, 312, 1.8790640913025778e-07
1694, 2171, 1.8168063807001588e-07
406, 691, 1.8165892411441757e-07
1954, 2173, 1.747123486038924e-07
406, 1717, 1.7446193272813873e-07
1424, 1783, 1.7253769720522768e-07
1424, 1834, 1.7251074106854338e-07
1037, 3598, 1.7171153412316015e-07
1194, 1992, 1.7043182796525223e-07
406, 1741, 1.6899201623147588e-07
1172, 1789, 1.6877737885359242e-07
630, 923, 1.6845664194210533e-07
1037, 3443, 1.6632656006524295e-07
3618, 3708, 1.6600795600632685e-07
1172, 1785, 1.6520316103011004e-07
3653, 4242, 1.6164035252245724e-07
406, 1041, 1.59694066678764e-07
2296, 2940, 1.5845639835547835e-07
1172, 1623, 1.4956220144147253e-07
3618, 5192, 1.4488261137686773e-07
139, 959, 1.4387386946009957e-07
1120, 1949, 1.4064756002596566e-07
563, 844, 1.400532845271779e-07
21, 326, 1.3620345209475418e-07
2261, 4242, 1.3475670252435265e-07
3676, 4181, 1.3464845559632524e-07
525, 611, 1.3443512410953205e-07
1194, 1876, 1.3302881901154807e-07
1037, 1396, 1.3285730612241533e-07
1120, 2992, 1.3199538859734777e-07
196, 981, 1.2379773872395094e-07
171, 263, 1.2136595494750558e-07
1033, 1627, 1.2077993489149066e-07
406, 2260, 1.1894532487435492e-07
1120, 2621, 1.1780120418974547e-07
1954, 2030, 1.165039365437523e-07
726, 1470, 1.1559683080600098e-07
887, 957, 1.1246576004787099e-07
2274, 3497, 1.1070181211348765e-07
726, 903, 1.1063663576789316e-07
1037, 1551, 1.100701310657524e-07
1229, 2171, 1.0826247979513354e-07
1194, 1307, 1.0714297848805522e-07
1037, 1487, 1.0645228717527624e-07
1120, 3652, 1.0573727319560898e-07
156, 326, 1.0282754275569818e-07
1424, 5192, 1.0269482903005995e-07
563, 923, 1.0083482116517188e-07
1037, 1240, 1.0047339546027302e-07
525, 590, 1.0031821301730368e-07
406, 760, 9.904142523298265e-08
2274, 2717, 9.872016864757821e-08
2719, 5192, 9.784788969338153e-08
1033, 1783, 9.729611840933835e-08
1172, 1470, 9.675240592438628e-08
171, 281, 9.379089212334772e-08
760, 844, 9.363638473379703e-08
1954, 2992, 9.07590553073249e-08
33, 957, 8.995513807001836e-08
726, 1992, 8.91946983745224e-08
1037, 1366, 8.810032482773623e-08
714, 981, 8.598089036844057e-08
1954, 2621, 8.50908296931142e-08
3653, 4782, 8.472245927296356e-08
2261, 4782, 8.312032470084033e-08
3066, 5192, 8.193698243768068e-08
3618, 4181, 8.131260992319915e-08
726, 1273, 8.039507253917135e-08
736, 923, 7.941641276126174e-08
139, 628, 7.566853351658842e-08
1120, 4800, 7.453344597138563e-08
2261, 2992, 7.38757426056849e-08
1120, 1729, 7.331128071973121e-08
1369, 2217, 7.261422309602145e-08
1424, 1623, 7.242791461101701e-08
1037, 2928, 7.212712306987101e-08
2719, 2987, 7.17263434910122e-08
1120, 2940, 7.151595818081607e-08
1194, 1643, 7.10996737566538e-08
2274, 3425, 7.08578230306624e-08
161, 326, 6.96578607395714e-08
1172, 1992, 6.887436938791864e-08
1037, 2717, 6.679372712701091e-08
1954, 4800, 6.56722999601815e-08
906, 1627, 6.54399893572469e-08
1172, 1304, 6.487521029746267e-08
3653, 4053, 6.431813735448783e-08
196, 959, 6.38968763819429e-08
1037, 2235, 6.387996088057696e-08
4440, 5192, 6.292282250400933e-08
525, 844, 6.196529811715366e-08
2274, 2928, 6.106269378366745e-08
2261, 2621, 6.050746276922325e-08
1120, 3005, 5.924932374158691e-08
726, 1068, 5.9066121766055946e-08
1037, 1215, 5.8703608838684486e-08
726, 978, 5.6227395787467785e-08
1487, 2217, 5.610026751805777e-08
4440, 4544, 5.594623579042244e-08
1037, 1548, 5.538907634153364e-08
139, 2171, 5.5254953020434546e-08
406, 1342, 5.3621707361450404e-08
171, 260, 5.315060800759247e-08
1441, 2217, 5.239453500776581e-08
630, 981, 5.0898807361233254e-08
1194, 1700, 5.071793793456897e-08
406, 1233, 5.0276473189740795e-08
1424, 1789, 4.955566097617085e-08
1424, 1785, 4.916811744294307e-08
1954, 2940, 4.9024674675634e-08
1424, 4181, 4.722558830365013e-08
406, 4037, 4.6859453506144675e-08
525, 923, 4.676087799080006e-08
1037, 2192, 4.631483038808459e-08
1194, 1323, 4.538681817306082e-08
1369, 1809, 4.408078695479467e-08
726, 3146, 4.397521149539325e-08
714, 959, 4.3000507522784554e-08
2296, 4258, 4.271671928347364e-08
569, 957, 4.2228242731245857e-08
156, 263, 4.198950823640487e-08
726, 1304, 4.1897098692543415e-08
4085, 4258, 4.0945931796000293e-08
1954, 3005, 4.0779044874767564e-08
726, 870, 4.071819890647492e-08
3653, 4800, 4.054242520047963e-08
171, 652, 4.01540003611357e-08
2261, 4800, 3.977575221189068e-08
1120, 3338, 3.9710248123665086e-08
406, 714, 3.9366400345706226e-08
726, 823, 3.92424368649129e-08
4085, 9349, 3.862697139174228e-08
760, 923, 3.71770272091852e-08
906, 1010, 3.709529101930708e-08
1120, 1368, 3.706336953381969e-08
171, 590, 3.648968487279069e-08
2261, 2940, 3.554215532151391e-08
1172, 3146, 3.547444312760695e-08
2296, 2822, 3.500789470815523e-08
139, 370, 3.451846874178155e-08
171, 266, 3.357504388091155e-08
563, 981, 3.336307331566207e-08
1487, 1809, 3.326671797019067e-08
1041, 1627, 3.3206115413355526e-08
171, 251, 3.317446943513868e-08
196, 628, 3.266440666073394e-08
21, 263, 3.2501758051527586e-08
1033, 2260, 3.2436975631026334e-08
871, 981, 3.2379219264479005e-08
2296, 3338, 3.23640355348437e-08
1441, 1809, 3.2279868456327624e-08
726, 1643, 3.168570671485846e-08
1120, 1222, 3.148254428499485e-08
1954, 3652, 3.1265980388338206e-08
2261, 3005, 3.101614753748176e-08
1369, 2260, 3.038476725848503e-08
1194, 1915, 3.031926738249996e-08
161, 263, 3.024274907387205e-08
1172, 1307, 2.9561521576098944e-08
21, 281, 2.946447470910332e-08
1954, 9349, 2.9204660164896685e-08
266, 957, 2.8857025563858636e-08
1172, 1643, 2.8161466109419752e-08
4085, 5224, 2.7838942847642053e-08
21, 652, 2.7726919548630286e-08
156, 281, 2.766414524287179e-08
1037, 2084, 2.7495798852711878e-08
2824, 2987, 2.6938001652365595e-08
658, 844, 2.6572705580247196e-08
406, 3857, 2.6348268789329517e-08
1037, 1236, 2.6201539816315993e-08
2296, 2503, 2.610915163734903e-08
630, 959, 2.5918343702492854e-08
1120, 5224, 2.5903813595596876e-08
1033, 1623, 2.4973948916290834e-08
726, 1700, 2.425394753967663e-08
21, 590, 2.3305282853372132e-08
196, 2171, 2.2931602199678642e-08
171, 844, 2.270253646401186e-08
1120, 1544, 2.1665118872480626e-08
1369, 1627, 2.1414690524086274e-08
1441, 2260, 2.104026419211756e-08
1954, 5224, 2.1001422919091826e-08
1487, 2260, 2.0966692725757635e-08
2719, 2992, 2.089500313303843e-08
406, 1992, 2.0543864564430775e-08
726, 1218, 2.0473783358342187e-08
1037, 2096, 2.0404267782852464e-08
1172, 1700, 2.028307846530629e-08
161, 281, 2.0189659094375767e-08
726, 1307, 1.9923165160493e-08
156, 260, 1.973600518093336e-08
658, 923, 1.963588871667951e-08
1487, 1627, 1.9422355937505665e-08
1120, 2148, 1.9312551673927174e-08
171, 923, 1.9249559789347524e-08
2406, 3146, 1.922568817256142e-08
2833, 2987, 1.91805120510439e-08
554, 957, 1.8939241543646788e-08
2261, 3652, 1.892973812794721e-08
2333, 3146, 1.883331040843019e-08
1120, 2221, 1.8337895648517364e-08
871, 959, 1.8232884744180342e-08
1194, 2030, 1.77780881110607e-08
1120, 3284, 1.7523405657268028e-08
2296, 2717, 1.751703718517185e-08
736, 981, 1.745965476824388e-08
1424, 2987, 1.7263052478861246e-08
171, 611, 1.7179733523601764e-08
2508, 2987, 1.6961546287878567e-08
1120, 4258, 1.6798189087071195e-08
1194, 2987, 1.6585676993066986e-08
540, 957, 1.6576090280235783e-08
1441, 1627, 1.641946490639251e-08
1120, 3313, 1.6414262972931453e-08
563, 959, 1.628170440093528e-08
156, 251, 1.625859731546629e-08
2594, 3146, 1.6138971612218838e-08
4588, 5224, 1.6059556087869057e-08
196, 370, 1.5988089315767248e-08
156, 652, 1.5910252683372162e-08
21, 844, 1.5285510159775336e-08
1424, 1876, 1.5267683194773297e-08
525, 981, 1.5075714796707226e-08
139, 925, 1.4922869727751774e-08
21, 260, 1.4527511009552445e-08
1033, 1470, 1.4326611463814941e-08
2274, 2743, 1.4229683058976579e-08
1172, 1323, 1.420509872815893e-08
1120, 2822, 1.4066830818484132e-08
161, 260, 1.39798215930169e-08
156, 590, 1.3809302172290197e-08
1194, 2438, 1.3768066923463035e-08
1033, 1273, 1.372771592214242e-08
1120, 1193, 1.3668145126095823e-08
1369, 1783, 1.3461157236441001e-08
1120, 2018, 1.325735995908783e-08
1369, 1834, 1.2967862677508129e-08
3653, 5224, 1.296511037860989e-08
1194, 1386, 1.2886261123957137e-08
714, 925, 1.2818962501037564e-08
2261, 5224, 1.2719935111659054e-08
525, 628, 1.2517742378087133e-08
21, 923, 1.2492929561210626e-08
3051, 3146, 1.237456843232634e-08
726, 1165, 1.2307132220110034e-08
2719, 2940, 1.2153575134746419e-08
1954, 3338, 1.2132144040193742e-08
714, 856, 1.2100063063656913e-08
21, 611, 1.1846271428933935e-08
234, 957, 1.1843120183047619e-08
617, 957, 1.1675184255122733e-08
726, 1323, 1.1447816919353405e-08
628, 844, 1.1420401345548902e-08
1954, 2822, 1.1331987800961681e-08
139, 856, 1.1013942856303733e-08
156, 266, 1.0958825415913838e-08
21, 251, 1.0958640657982622e-08
9, 326, 1.0877700152220832e-08
985, 1627, 1.0877255847370902e-08
1145, 1627, 1.0850159846576336e-08
1344, 1809, 1.0772787224739844e-08
1424, 1643, 1.0685957723504308e-08
161, 251, 1.068154392773478e-08
1120, 1240, 1.0608478287494015e-08
161, 652, 1.0570174706860595e-08
1194, 1342, 1.0511634428414232e-08
2498, 3146, 1.0476738169748583e-08
2296, 2928, 1.0409487100372784e-08
1551, 1809, 1.0401628330193836e-08
906, 1623, 1.0398457231427508e-08
1954, 2148, 1.025712327929086e-08
1424, 1992, 1.014434515998381e-08
1441, 1783, 1.0107619815089984e-08
1562, 1809, 9.920671303184134e-09
2296, 3284, 9.8817383690636e-09
2296, 3313, 9.81548231519841e-09
1487, 1783, 9.782240752931872e-09
171, 347, 9.648576424424967e-09
563, 628, 9.58471398681293e-09
507, 590, 9.51635689948759e-09
2594, 2987, 9.4875609803968e-09
1120, 1396, 9.451143665942616e-09
161, 590, 9.361028269088439e-09
611, 957, 9.360173632906687e-09
139, 1627, 9.195613635665758e-09
1954, 2221, 9.152583125976969e-09
2352, 2987, 9.095264477143587e-09
1120, 2503, 8.971167409349217e-09
21, 266, 8.966986889872387e-09
1037, 3380, 8.926506669535148e-09
2296, 3026, 8.904545762149062e-09
156, 844, 8.892078093684537e-09
2719, 3005, 8.776490107594475e-09
510, 590, 8.696674714092994e-09
1120, 1215, 8.585864529969549e-09
714, 1627, 8.557821824081172e-09
1254, 1627, 8.385299208535389e-09
736, 959, 8.192385972273692e-09
1571, 1809, 8.097228196334307e-09
161, 266, 7.989191105523627e-09
628, 923, 7.942696412007995e-09
2824, 2992, 7.890119503649931e-09
1369, 1470, 7.882527091629465e-09
1240, 1627, 7.782979280197234e-09
525, 959, 7.744789254595308e-09
2261, 2822, 7.614182946148699e-09
760, 981, 7.602421132336261e-09
156, 923, 7.415832818875975e-09
726, 2987, 7.348469504870299e-09
2261, 3338, 7.343333177690265e-09
196, 925, 7.296975296070134e-09
1194, 1480, 7.0865683176961815e-09
1369, 3146, 6.9242270912164934e-09
1033, 1304, 6.922981675840838e-09
1041, 1623, 6.885854520980805e-09
1120, 1487, 6.868134126234929e-09
1120, 1551, 6.837244972820178e-09
1551, 1627, 6.804281897429922e-09
1424, 1700, 6.743882705142981e-09
156, 611, 6.656785146221492e-09
1424, 2173, 6.503907760970097e-09
1120, 1366, 6.486667345214535e-09
906, 1470, 6.4588744519499135e-09
171, 312, 6.439429859881701e-09
510, 652, 6.3863724600217486e-09
1954, 2503, 6.3674418358441185e-09
507, 652, 6.2093712967526465e-09
139, 658, 5.988092965082301e-09
726, 2438, 5.957675276207679e-09
171, 981, 5.90435294670964e-09
161, 844, 5.893369310727782e-09
2508, 2621, 5.810204178756598e-09
1954, 2717, 5.717298868893869e-09
714, 821, 5.676057307719039e-09
2261, 2503, 5.6633711108651365e-09
406, 2173, 5.641406781619103e-09
1033, 3146, 5.6076281971081255e-09
906, 1068, 5.559059994716993e-09
1172, 2987, 5.407597917248952e-09
906, 978, 5.3048500292069686e-09
139, 730, 5.245768479235131e-09
510, 611, 5.176815958177672e-09
1424, 2992, 5.140392910690077e-09
1424, 1760, 5.13532414479773e-09
906, 1273, 5.102326883029275e-09
21, 347, 5.097095358476461e-09
2296, 3494, 5.056695952363232e-09
1172, 2438, 5.002118899972075e-09
2891, 3146, 4.987570434594471e-09
507, 611, 4.981803248463645e-09
161, 923, 4.9660333988375196e-09
658, 981, 4.845216709319648e-09
1172, 1386, 4.838162975941485e-09
2296, 2486, 4.830627917193219e-09
1344, 1627, 4.732885894688291e-09
1424, 2621, 4.669305033088358e-09
2824, 2940, 4.646275601458954e-09
21, 981, 4.56474866415629e-09
1441, 3146, 4.530555002512383e-09
1369, 1623, 4.510984441615036e-09
161, 611, 4.440110096494299e-09
2719, 4181, 4.375772609171693e-09
1487, 3146, 4.287646999031735e-09
1487, 1623, 4.245363624488464e-09
726, 1386, 4.210218564764916e-09
1041, 1470, 4.0837827990019485e-09
2891, 2987, 4.0781769477985576e-09
2333, 2987, 4.061906348743778e-09
1194, 2992, 3.987986619823136e-09
196, 856, 3.973452413070225e-09
1120, 2928, 3.939526554704158e-09
2602, 3146, 3.8775745203486316e-09
1041, 1273, 3.818929063893149e-09
760, 959, 3.808132978293499e-09
1033, 1218, 3.788367108708685e-09
1954, 3284, 3.74133837346096e-09
1172, 1342, 3.7371443685003844e-09
1120, 2235, 3.7257985564042855e-09
2261, 2717, 3.7134327963494598e-09
156, 347, 3.6961868797528475e-09
1954, 3313, 3.679480735452621e-09
2406, 2987, 3.668491458156441e-09
406, 2987, 3.659534533804393e-09
1194, 2621, 3.5734056796244924e-09
2274, 3598, 3.5344584316878567e-09
2352, 2621, 3.527166555492988e-09
630, 925, 3.4699763621933864e-09
1120, 1548, 3.46680122711123e-09
1441, 1623, 3.4497478460663866e-09
736, 856, 3.439416616068534e-09
1120, 2717, 3.4309824790600308e-09
2274, 3443, 3.423775017084291e-09
1424, 1915, 3.4105202353295655e-09
2833, 2992, 3.3846132990165147e-09
726, 1342, 3.287112260215032e-09
1037, 1953, 3.2646439760436563e-09
1033, 1307, 3.2317355806609334e-09
1562, 1627, 3.2126798318096602e-09
726, 1233, 3.2000098776109004e-09
1033, 1165, 3.1269383823799225e-09
1120, 3026, 3.073308154208534e-09
171, 959, 3.0604748731359818e-09
2719, 3457, 3.0523879104774412e-09
2508, 2992, 2.9853653453553107e-09
1120, 1236, 2.952892140859539e-09
714, 881, 2.904138615585599e-09
21, 312, 2.8880335180852154e-09
2808, 3146, 2.879969145328458e-09
726, 1480, 2.859226150323999e-09
736, 925, 2.8264892525336004e-09
2719, 2822, 2.816714714291539e-09
139, 390, 2.7806784859600537e-09
1954, 2018, 2.6917613218781313e-09
630, 856, 2.6747293814315933e-09
906, 1304, 2.670027422295968e-09
3066, 4181, 2.6592437813084267e-09
1954, 3026, 2.647871803799008e-09
406, 1112, 2.6406665955233542e-09
726, 1027, 2.634303903430561e-09
1172, 1480, 2.6230749163214047e-09
9, 263, 2.5804354519326567e-09
714, 890, 2.5464162221319994e-09
630, 730, 2.5409093487483734e-09
21, 156, 2.507894573695805e-09
161, 347, 2.490278559252129e-09
196, 658, 2.485432263601059e-09
628, 981, 2.412340018518989e-09
156, 981, 2.39580646411419e-09
658, 959, 2.38069060890645e-09
2296, 2743, 2.376410838153563e-09
510, 844, 2.3351053043458564e-09
507, 844, 2.3338671941486326e-09
139, 881, 2.3217671016965477e-09
1424, 3005, 2.3096352476252596e-09
21, 167, 2.2882538130920736e-09
2296, 2446, 2.275599089598207e-09
760, 856, 2.266915359372585e-09
2261, 3284, 2.2645539086727865e-09
406, 2030, 2.264289664822449e-09
9, 281, 2.2466696318351335e-09
196, 730, 2.2339076101652083e-09
156, 312, 2.2262463838014932e-09
714, 1010, 2.201728821255117e-09
139, 689, 2.1997246998513294e-09
563, 658, 2.1767385257433442e-09
9, 652, 2.176460777394841e-09
21, 959, 2.1383435808442934e-09
2824, 3005, 2.108848791256796e-09
139, 1010, 2.0944276590916834e-09
1424, 2030, 2.0932970998361836e-09
139, 821, 2.05751809012892e-09
139, 890, 2.0069357017550895e-09
1041, 1304, 2.0035660732183203e-09
1037, 2189, 1.9841585414553937e-09
33, 326, 1.9526467195717712e-09
1145, 1273, 1.9459360869440236e-09
9, 590, 1.884496820479319e-09
1424, 1717, 1.8718296510179864e-09
985, 1068, 1.8255501813816908e-09
2261, 3026, 1.791394436165226e-09
507, 923, 1.785089886463838e-09
510, 923, 1.7826137741934434e-09
890, 957, 1.7725891055275733e-09
1120, 2084, 1.748986730407962e-09
563, 925, 1.7104150182252707e-09
406, 905, 1.6977463949838222e-09
1033, 1323, 1.6893157202578106e-09
1037, 2228, 1.684611783584376e-09
1037, 2743, 1.6191108377739563e-09
161, 981, 1.5797446591886043e-09
171, 628, 1.578106695175842e-09
726, 1112, 1.5688658122936582e-09
161, 312, 1.5396657037545929e-09
1145, 1470, 1.4480852804606068e-09
823, 923, 1.4464521687830834e-09
139, 712, 1.431071674727436e-09
1037, 2089, 1.4303861845743483e-09
906, 1218, 1.3775279255502685e-09
139, 694, 1.3600546908237744e-09
1954, 2235, 1.3577754164743851e-09
1194, 1368, 1.353133531806041e-09
760, 925, 1.3325936748261756e-09
1954, 2084, 1.3192913996954868e-09
985, 1470, 1.3104665962328241e-09
1254, 1470, 1.3101571162996013e-09
906, 1307, 1.2691972731509102e-09
9, 844, 1.2450215851350094e-09
736, 821, 1.2395047814858762e-09
196, 390, 1.2374844425219739e-09
1369, 2438, 1.233714343431025e-09
1240, 1470, 1.2302613682163616e-09
628, 959, 1.225129470278203e-09
1954, 2192, 1.1813784957466067e-09
406, 1134, 1.180432207270268e-09
1361, 1627, 1.1778583324936957e-09
714, 903, 1.176123976183389e-09
1551, 1623, 1.1611108720069427e-09
9, 260, 1.1602925389728291e-09
1954, 2486, 1.159467359642647e-09
563, 856, 1.1527655484181562e-09
156, 959, 1.1460735880020042e-09
1120, 2486, 1.1208867170466624e-09
985, 1273, 1.117952140006552e-09
21, 628, 1.1068520353270205e-09
714, 1470, 1.0890990424540172e-09
1041, 1218, 1.0733056776707288e-09
21, 132, 1.0634984148646805e-09
406, 1124, 1.0521783860023187e-09
1344, 1623, 1.0121867655197818e-09
2261, 2486, 1.0077310705423379e-09
1344, 1470, 1.0066613413465258e-09
1041, 1165, 9.893933772038952e-10
139, 1470, 9.800209618955584e-10
906, 1165, 9.797990569463437e-10
9, 923, 9.731407145405839e-10
9, 611, 9.527220492109419e-10
2261, 2400, 9.402073495691683e-10
1041, 1307, 9.378246141736842e-10
726, 1041, 9.308694873198324e-10
196, 689, 9.303591386402717e-10
196, 881, 9.068287959432737e-10
139, 903, 9.029506300292763e-10
1954, 2096, 9.02659308735541e-10
196, 821, 8.916966958357467e-10
9, 251, 8.842343322563187e-10
1487, 2438, 8.780794269061607e-10
1515, 1627, 8.726346808211246e-10
196, 1010, 8.608850924495582e-10
906, 1027, 8.485746507606685e-10
139, 546, 8.447974040278769e-10
1441, 2438, 8.441756121602601e-10
196, 890, 8.366209587802943e-10
139, 1068, 8.320526449796047e-10
666, 844, 8.308483028861436e-10
1369, 1992, 8.268972958675557e-10
563, 730, 8.217982083158858e-10
525, 925, 8.025343740709267e-10
2337, 2438, 8.017463235740804e-10
1369, 1643, 7.966339680176285e-10
726, 1134, 7.93567410696319e-10
1954, 2400, 7.779303139535443e-10
161, 959, 7.714910344368032e-10
714, 1273, 7.659992847650673e-10
171, 370, 7.624032808536401e-10
1033, 2438, 7.586738939876224e-10
139, 1273, 7.543631307841499e-10
1145, 1304, 7.399696267915216e-10
9, 266, 7.071270974601445e-10
736, 881, 6.974582629424895e-10
906, 1323, 6.970853388849542e-10
630, 821, 6.876487873187702e-10
630, 881, 6.779745202674004e-10
726, 1124, 6.759656175812779e-10
1487, 1643, 6.703677007427361e-10
1033, 1386, 6.508231220233737e-10
234, 326, 6.360773869089244e-10
630, 712, 6.275223084732401e-10
714, 1068, 6.250111914342735e-10
1441, 1643, 6.248769355261138e-10
196, 712, 6.240158038766583e-10
156, 628, 6.208752376582653e-10
406, 1386, 6.049002610826475e-10
630, 890, 5.952767830064371e-10
196, 694, 5.839965300663665e-10
525, 658, 5.83922533054934e-10
714, 978, 5.805463553324576e-10
736, 890, 5.792925409038153e-10
139, 490, 5.788530108873414e-10
1033, 1112, 5.787127309440667e-10
1033, 1233, 5.717955547455416e-10
1424, 1949, 5.67028021881497e-10
507, 981, 5.562903102979238e-10
510, 981, 5.561994376977698e-10
139, 978, 5.475345144696035e-10
985, 1304, 5.473208639515131e-10
1441, 1992, 5.470071897015456e-10
525, 856, 5.435633338112969e-10
1487, 1992, 5.296643171573073e-10
1172, 1368, 5.218509441014839e-10
569, 652, 5.119551503576864e-10
736, 1010, 5.103165252382615e-10
630, 1010, 5.05671101705633e-10
658, 925, 5.037379755058595e-10
1033, 1992, 5.03504010652178e-10
563, 689, 4.986438562543367e-10
535, 957, 4.91809227994277e-10
1145, 1218, 4.912930102666442e-10
1954, 2446, 4.746732679796679e-10
1041, 1323, 4.659174376836527e-10
2261, 2446, 4.524245822327837e-10
33, 263, 4.4786952975125335e-10
760, 881, 4.35517735972717e-10
726, 1368, 4.3019303717776076e-10
1033, 1342, 4.276156853607323e-10
196, 903, 4.1974675883899164e-10
33, 281, 4.184403592132215e-10
161, 628, 4.1477172577974856e-10
21, 370, 4.1261175840598767e-10
9, 347, 4.0692706842219396e-10
1249, 1627, 4.0611893605724234e-10
871, 1010, 4.047897719347673e-10
714, 870, 4.0025996297015417e-10
1254, 1623, 3.996550950969818e-10
714, 1304, 3.984863965919697e-10
33, 652, 3.9020059742722603e-10
139, 1304, 3.886119648906589e-10
658, 856, 3.827653780777399e-10
196, 546, 3.751086714941706e-10
525, 730, 3.6516254043523923e-10
714, 823, 3.6284916473533746e-10
1240, 1304, 3.5777396161851645e-10
196, 1068, 3.568341096317621e-10
510, 628, 3.561377125417526e-10
1194, 1396, 3.5414138710182344e-10
1033, 1134, 3.534427001290874e-10
9, 981, 3.48308906924257e-10
1145, 1307, 3.436490809972328e-10
507, 628, 3.3674087908489217e-10
139, 698, 3.3354209550302114e-10
985, 1218, 3.2904914402511924e-10
33, 590, 3.2832115321579756e-10
171, 925, 3.2360870007432164e-10
1033, 1124, 3.158025701895419e-10
196, 1273, 3.1307157609650956e-10
1361, 1470, 3.1100610950464003e-10
139, 870, 3.09301548722105e-10
760, 890, 3.0142010611500403e-10
1344, 2438, 2.972290275909839e-10
563, 821, 2.9543948835965454e-10
563, 694, 2.8902539011749545e-10
156, 370, 2.860388915482082e-10
906, 2438, 2.743724124128132e-10
21, 84, 2.6741659456187456e-10
139, 375, 2.664481642052025e-10
630, 903, 2.620212925315757e-10
985, 1307, 2.593249871782957e-10
563, 881, 2.581145838536621e-10
1240, 1323, 2.571234254288703e-10
563, 712, 2.542013957567223e-10
196, 490, 2.541267910499019e-10
554, 652, 2.5395666887077317e-10
906, 1041, 2.4833968899081634e-10
760, 1010, 2.40580108320674e-10
1194, 1366, 2.365069395480011e-10
563, 890, 2.3221863066744911e-10
666, 923, 2.3105273720617072e-10
196, 978, 2.3083585769308766e-10
736, 903, 2.287980243272713e-10
1424, 2822, 2.28544484835906e-10
2274, 2645, 2.2504367452329857e-10
9, 312, 2.2276075776773053e-10
563, 1010, 2.226428558756344e-10
630, 694, 2.20610808811425e-10
985, 1165, 2.1826324237845726e-10
1240, 1307, 2.1104289820116912e-10
21, 925, 2.1005865984242039e-10
139, 1027, 2.0998030233160046e-10
1120, 1953, 2.0899775161624442e-10
906, 1233, 2.0662978185142723e-10
33, 844, 2.0622376786713403e-10
33, 260, 2.001787637325947e-10
171, 856, 1.964821010531795e-10
714, 1218, 1.9559707516086282e-10
2274, 2819, 1.9385957652105966e-10
161, 370, 1.934602483416452e-10
714, 1307, 1.8815570003749524e-10
1041, 2438, 1.8646598405364092e-10
630, 1273, 1.8575177558943908e-10
139, 1307, 1.8408512656591954e-10
1145, 1323, 1.8358264970348767e-10
630, 1068, 1.7864266938271915e-10
540, 652, 1.781559593069099e-10
139, 1218, 1.772215595370803e-10
9, 156, 1.769020748988705e-10
525, 689, 1.6764048565533192e-10
9, 167, 1.6719922037518818e-10
736, 1273, 1.6263915356831091e-10
33, 611, 1.6208055696517461e-10
196, 1304, 1.6127955497587879e-10
628, 925, 1.6015249340448214e-10
1041, 1233, 1.5843696072224919e-10
871, 978, 1.5679061677731168e-10
1194, 2295, 1.565927872118747e-10
1551, 2438, 1.5514719061684657e-10
726, 1222, 1.5330455471260721e-10
33, 251, 1.5272040443874483e-10
1229, 1304, 1.4987660033906977e-10
2033, 2438, 1.4809117572505557e-10
1369, 1480, 1.4744166850748745e-10
906, 1386, 1.4514568712768407e-10
196, 698, 1.4473423783834252e-10
906, 1342, 1.4047620525786822e-10
985, 1323, 1.3728436529253255e-10
1562, 2438, 1.3616460416531054e-10
21, 856, 1.3579394234651404e-10
1254, 1323, 1.323080702963153e-10
139, 823, 1.3180825820078543e-10
1037, 1183, 1.3128161832996656e-10
714, 1165, 1.2946415188614226e-10
736, 1068, 1.2807600892915353e-10
1041, 1386, 1.2553776230054568e-10
156, 925, 1.2507729795321053e-10
630, 978, 1.2444200065950552e-10
171, 658, 1.2436453350791006e-10
628, 856, 1.239813934959693e-10
33, 266, 1.2379440349027668e-10
760, 903, 1.2226933310041247e-10
196, 375, 1.219331423222581e-10
1145, 1233, 1.2153319565910708e-10
525, 821, 1.20973565386696e-10
628, 730, 1.1919415338043778e-10
266, 652, 1.190249589575679e-10
658, 730, 1.1887365993411066e-10
525, 881, 1.1827398629399424e-10
196, 870, 1.148169021556072e-10
1791, 2171, 1.1358589511252039e-10
266, 590, 1.1310548857059334e-10
736, 978, 1.124435925492207e-10
1041, 1342, 1.1025355541476618e-10
1041, 1112, 1.1019524045810083e-10
906, 1112, 1.0935281557306819e-10
171, 730, 1.0817383298993083e-10
525, 1010, 1.0766700426712996e-10
525, 712, 1.0685929982875648e-10
726, 1193, 1.0641456294808068e-10
563, 903, 1.0593403987367216e-10
658, 821, 1.0415270737901305e-10
525, 694, 1.0308765848104626e-10
525, 890, 1.0237746953398147e-10
714, 1323, 1.0025046011880203e-10
1041, 1134, 1.0001239698230665e-10
21, 89, 9.920126274606642e-11
139, 1165, 9.897684302516586e-11
563, 1068, 9.342061355735732e-11
736, 870, 9.217960669568645e-11
1172, 1366, 9.161203271025451e-11
871, 1068, 9.036884132056461e-11
1172, 1240, 8.940861915063979e-11
196, 1027, 8.84519984298203e-11
9, 628, 8.821161506104037e-11
630, 870, 8.696407501400785e-11
726, 2295, 8.557952994541611e-11
21, 730, 8.50083832652663e-11
21, 658, 8.48520598373536e-11
156, 856, 8.168430592785862e-11
1249, 1470, 7.874435205301882e-11
1041, 1124, 7.655184729056365e-11
1229, 1307, 7.634560172618182e-11
736, 823, 7.615665734155082e-11
139, 410, 7.610889244517166e-11
736, 1304, 7.575992808708046e-11
1037, 1285, 7.575226899019489e-11
726, 1366, 7.558465008153746e-11
139, 1041, 7.527863599369416e-11
139, 691, 7.400822178823046e-11
630, 698, 7.377589086446978e-11
196, 1218, 7.354949745334874e-11
871, 1273, 7.334189235107796e-11
1172, 1396, 7.233316188850758e-11
1206, 1304, 7.229051643882594e-11
726, 1240, 7.184931931860922e-11
33, 347, 7.036489023736741e-11
658, 1010, 6.937884008869678e-11
760, 1273, 6.878288411500401e-11
1254, 1342, 6.872707456993937e-11
563, 698, 6.782043062246696e-11
9, 132, 6.743836650156745e-11
823, 981, 6.624569291147013e-11
1240, 1342, 6.597513673508716e-11
726, 1396, 6.400446276448094e-11
760, 870, 6.383333380968256e-11
658, 881, 6.338169559402672e-11
1172, 2295, 6.310092187583106e-11
1244, 1470, 5.925042329770827e-11
171, 390, 5.7894620215110384e-11
760, 1068, 5.749752815605788e-11
196, 823, 5.6965706698515435e-11
658, 890, 5.687764707998136e-11
1206, 1273, 5.637655070230217e-11
266, 611, 5.5189279377846924e-11
266, 347, 5.5106005544082363e-11
563, 978, 5.37136457614514e-11
161, 856, 5.268852829635867e-11
1261, 1470, 5.2459876383467676e-11
171, 881, 5.127565693837448e-11
760, 978, 5.0963043569550664e-11
906, 1134, 5.032614917719507e-11
156, 658, 4.9387450901589404e-11
540, 611, 4.9157220880122556e-11
985, 1233, 4.8799686945738996e-11
9, 84, 4.7504774046101406e-11
171, 890, 4.693785685496327e-11
171, 689, 4.6717186513673886e-11
1145, 1386, 4.578322263624645e-11
525, 1068, 4.478728321134147e-11
139, 760, 4.451366911773656e-11
630, 823, 4.4489271470399564e-11
196, 1165, 4.442000637425054e-11
906, 1124, 4.4148383128943183e-11
1033, 1368, 4.411852496377099e-11
985, 1112, 4.2720889902645106e-11
171, 821, 4.2613282038242385e-11
33, 312, 4.259059975680903e-11
156, 730, 4.2170486760132936e-11
33, 156, 4.16810402787414e-11
2296, 2645, 4.059157503407263e-11
1120, 2400, 4.0204511380450886e-11
736, 1218, 4.020383471053296e-11
726, 1215, 3.9397107971182396e-11
1037, 2645, 3.85750513034101e-11
234, 652, 3.7252286402243995e-11
234, 590, 3.709860896012647e-11
33, 167, 3.6193464826837335e-11
823, 925, 3.490055657769887e-11
823, 959, 3.430765079702608e-11
196, 410, 3.39563932333373e-11
1254, 1386, 3.368130622794073e-11
2296, 2819, 3.262015081493436e-11
563, 870, 3.243680538020577e-11
196, 1041, 3.2271103484074314e-11
161, 658, 3.210600442622607e-11
630, 1027, 3.1705695787898687e-11
9, 370, 3.170074899190726e-11
628, 712, 3.1671903279763365e-11
628, 821, 3.150400901778724e-11
21, 689, 3.1497991751142524e-11
196, 691, 3.149070235640363e-11
171, 712, 3.114038051195322e-11
21, 390, 3.088036409662101e-11
666, 981, 3.074837989444721e-11
1033, 1222, 3.060886430538589e-11
406, 1051, 3.045789792667809e-11
171, 694, 2.9148426742068755e-11
171, 1010, 2.8731967481532423e-11
714, 1233, 2.842610837717133e-11
161, 730, 2.8074279637539325e-11
21, 821, 2.7995320557479996e-11
1240, 1386, 2.7795948916129057e-11
658, 903, 2.7136307535827322e-11
630, 1165, 2.610377294754692e-11
887, 981, 2.5530488303349408e-11
985, 1386, 2.52858550335033e-11
525, 698, 2.525869183660692e-11
1958, 2438, 2.5058170442210153e-11
736, 1165, 2.4401539738224124e-11
525, 978, 2.4230589009863603e-11
1033, 1193, 2.2896812342936197e-11
156, 390, 2.277416976120941e-11
1571, 2438, 2.2369650903588505e-11
2230, 2438, 2.1737607627417276e-11
21, 712, 2.1102450447741077e-11
658, 1068, 2.1052899963872714e-11
1254, 2438, 2.0820471574423478e-11
714, 1386, 1.9603857960099967e-11
21, 694, 1.958433849435648e-11
726, 905, 1.9433818016804667e-11
21, 1010, 1.9005921141578523e-11
1037, 2819, 1.8838924765531173e-11
563, 823, 1.8807044026174018e-11
234, 347, 1.8646220340297616e-11
156, 689, 1.8326152463122067e-11
510, 658, 1.823725531020334e-11
196, 760, 1.821386994655497e-11
714, 1027, 1.795018695025886e-11
234, 611, 1.790325589902148e-11
507, 658, 1.7812480876107633e-11
33, 132, 1.7746604559808142e-11
171, 546, 1.7324856449677146e-11
156, 821, 1.6866425137774004e-11
139, 714, 1.6844664394613404e-11
714, 1112, 1.6836880337206984e-11
1033, 1480, 1.6686316635258043e-11
563, 691, 1.6323797001536523e-11
985, 1134, 1.5513099464878085e-11
33, 628, 1.524977610098404e-11
736, 1470, 1.5159054807327075e-11
161, 390, 1.5139892389821405e-11
628, 1010, 1.509096089116781e-11
985, 1124, 1.500841927786788e-11
1229, 1470, 1.4789187301788255e-11
9, 89, 1.4682620719714824e-11
871, 1165, 1.438861451809602e-11
1037, 1238, 1.322458956845341e-11
510, 730, 1.3028199234403027e-11
507, 730, 1.3019093784208698e-11
630, 760, 1.2765453075408438e-11
171, 490, 1.2382901687220203e-11
658, 978, 1.2157449261429795e-11
171, 1068, 1.213243610994259e-11
563, 1027, 1.19442519151767e-11
156, 712, 1.1912797266073135e-11
21, 546, 1.1807658582963806e-11
630, 1041, 1.1762341680761594e-11
714, 1041, 1.1166808847332974e-11
156, 1010, 1.109469997598817e-11
161, 689, 1.1073899331331168e-11
628, 694, 1.0946388342609473e-11
563, 1165, 1.0837998610696067e-11
760, 823, 1.0747018913650958e-11
1954, 2819, 1.0583430598090421e-11
760, 1165, 1.0289642136766426e-11
156, 694, 1.0099294306916282e-11
1093, 1165, 9.907868843498023e-12
234, 312, 9.688670301237458e-12
906, 1809, 9.254139041127264e-12
630, 1218, 8.419680830135484e-12
21, 1068, 8.377532650434213e-12
540, 628, 8.369736255693682e-12
714, 1134, 7.899338016276994e-12
630, 714, 7.780038450757084e-12
21, 490, 7.600389394874466e-12
161, 1010, 7.460809471653817e-12
196, 714, 7.324756218824856e-12
2261, 2819, 7.151326557135934e-12
714, 1124, 6.973311444465319e-12
9, 730, 6.885458263816707e-12
1906, 1992, 6.8416110765827214e-12
156, 546, 6.771962364221105e-12
161, 694, 6.7404538990747874e-12
563, 1273, 6.638830420153503e-12
563, 760, 6.574682035691429e-12
9, 658, 6.556121589063038e-12
554, 628, 6.234461882346277e-12
171, 698, 6.19419255889026e-12
161, 712, 6.047644962296984e-12
33, 370, 5.854106612864801e-12
525, 1027, 5.835877550379519e-12
171, 375, 5.767464613708404e-12
525, 691, 5.582541783563843e-12
510, 689, 5.5012178963381375e-12
507, 689, 5.484221078158252e-12
1096, 1165, 5.360181392867342e-12
871, 1027, 5.221827561935522e-12
1249, 1323, 5.22146172908584e-12
1120, 1285, 5.154958986461091e-12
266, 370, 5.080149920183661e-12
525, 1165, 5.076081046380404e-12
156, 490, 4.8860875471229394e-12
266, 628, 4.861856720063753e-12
1120, 1183, 4.845072737798355e-12
1244, 1323, 4.713891500725352e-12
1093, 1218, 4.561843467105002e-12
161, 546, 4.5053751833465836e-12
871, 1218, 4.473531440198424e-12
1093, 1273, 4.3562026686312476e-12
21, 698, 4.1400444151408564e-12
535, 652, 4.121229580420726e-12
760, 1218, 4.006380873520133e-12
1229, 1323, 3.998920729059171e-12
628, 698, 3.48131377867138e-12
510, 694, 3.321126746963517e-12
507, 694, 3.308840805132166e-12
1244, 1307, 3.292693821150149e-12
161, 490, 3.2617663895781322e-12
21, 375, 3.1246232828550654e-12
1096, 1273, 2.9972043351939027e-12
563, 714, 2.9175568132264158e-12
510, 712, 2.9013947929844057e-12
507, 712, 2.8765540265223054e-12
658, 1165, 2.614383327500833e-12
156, 698, 2.4285125063315683e-12
9, 390, 2.4163703611216198e-12
9, 689, 2.2524467540232953e-12
156, 375, 2.1797432595457766e-12
1249, 1342, 2.078934846730887e-12
171, 1165, 2.0140913384500766e-12
535, 611, 1.923633002038088e-12
569, 658, 1.7228157586982637e-12
171, 410, 1.6959200295258754e-12
234, 628, 1.6692242177416582e-12
161, 698, 1.6247072102926563e-12
171, 691, 1.5657420489098203e-12
736, 1112, 1.4690274087640973e-12
161, 375, 1.4673084565898073e-12
1096, 1218, 1.4637246609616598e-12
1120, 1238, 1.4417287429974505e-12
9, 712, 1.3713786253787758e-12
9, 694, 1.3705197732572857e-12
525, 714, 1.2419276613461073e-12
139, 1112, 1.1831023064573703e-12
33, 658, 1.1737659942475769e-12
21, 691, 1.0548289049473178e-12
234, 370, 1.0508964825491026e-12
9, 546, 9.455755825034565e-13
871, 1112, 8.907018948057101e-13
21, 410, 8.812103207056985e-13
1254, 1368, 8.311739754942799e-13
630, 1112, 8.237696701543514e-13
1249, 1386, 8.056814082578365e-13
510, 698, 7.95076990738913e-13
507, 698, 7.91254723859648e-13
1261, 1386, 7.539762994228756e-13
760, 1112, 7.233750466263983e-13
554, 658, 7.172717315032962e-13
736, 1027, 6.746442933337993e-13
726, 1051, 6.668014023177138e-13
156, 410, 6.619281798391012e-13
156, 691, 6.148679858480154e-13
9, 490, 6.059455557848686e-13
1244, 1386, 5.543810416406966e-13
1147, 1273, 5.272902238729912e-13
628, 691, 5.229814439497256e-13
540, 658, 4.779419535822563e-13
139, 1134, 4.74744199827726e-13
525, 760, 4.555893508227398e-13
33, 390, 4.4822357380115516e-13
161, 410, 4.445273867217663e-13
1145, 1342, 4.4121541283312623e-13
666, 730, 4.4097212642052004e-13
139, 1124, 4.2402963365635645e-13
569, 689, 4.1733374974658223e-13
161, 691, 4.100063775710446e-13
1194, 1285, 3.968281646472872e-13
33, 689, 3.954678384827381e-13
628, 714, 3.8581001934989286e-13
171, 714, 3.6264942065084877e-13
266, 658, 3.6144075647917104e-13
1120, 2446, 3.5881027458139796e-13
760, 1027, 3.4569814608590173e-13
985, 1342, 3.44929427931948e-13
9, 698, 3.33102613156262e-13
161, 821, 3.3097413130589645e-13
1147, 1218, 2.9239677065708964e-13
266, 390, 2.8050324741598377e-13
535, 628, 2.611247109301062e-13
658, 760, 2.556993470783887e-13
21, 714, 2.4851018853499957e-13
33, 694, 2.4137083441892947e-13
9, 375, 2.3923126534876747e-13
569, 694, 2.320647691326195e-13
33, 730, 2.2170425359727039e-13
33, 712, 2.1735264090677666e-13
196, 1112, 2.0805270355726175e-13
658, 1218, 2.0450073921060674e-13
510, 691, 2.029758092879736e-13
507, 691, 2.0232522099435502e-13
630, 1304, 1.9586481115430087e-13
736, 1134, 1.84025750425283e-13
736, 1041, 1.8099850742192654e-13
569, 712, 1.6782645473439704e-13
33, 546, 1.6488491825282854e-13
554, 689, 1.4539033045567865e-13
569, 730, 1.4242206112974517e-13
171, 760, 1.4103489628941896e-13
156, 714, 1.3841149036366123e-13
525, 823, 1.3698988932964293e-13
234, 658, 1.3134070467352944e-13
569, 844, 1.3054830894003244e-13
871, 1304, 1.3012762288832572e-13
760, 1304, 1.29951271416244e-13
507, 821, 1.2849325457427246e-13
510, 821, 1.2827744474841068e-13
266, 689, 1.2741946322902498e-13
736, 1307, 1.164178519587122e-13
871, 1041, 1.0991341669799712e-13
540, 689, 1.0910250383035938e-13
1206, 1307, 1.0799589973623613e-13
33, 490, 1.0534145087143219e-13
21, 760, 1.041649847010448e-13
1424, 2503, 1.0133581753033725e-13
2352, 2503, 1.0001980837458314e-13
161, 714, 9.328129896630073e-14
628, 760, 9.040024994458224e-14
760, 1041, 9.01262913311049e-14
611, 689, 8.711780950922706e-14
554, 694, 8.34893229073738e-14
9, 691, 8.327424671359782e-14
617, 689, 7.859802901382297e-14
617, 712, 7.815130725165597e-14
266, 694, 7.653967953998403e-14
266, 844, 7.175433171575616e-14
9, 410, 7.161307040229057e-14
234, 390, 7.015872610551561e-14
726, 1183, 6.789562237056948e-14
266, 712, 6.659947987336813e-14
9, 821, 6.595611161452954e-14
554, 712, 6.553132952042847e-14
266, 730, 6.484488356881348e-14
540, 694, 6.383273442361542e-14
611, 694, 6.229066194664739e-14
611, 712, 6.224900661886037e-14
617, 694, 6.126688835838962e-14
266, 546, 6.007830994479802e-14
554, 730, 6.00230258045118e-14
617, 730, 5.949465815158573e-14
33, 698, 5.820747082755147e-14
736, 1233, 5.645423267273263e-14
156, 760, 5.572346844216503e-14
540, 712, 5.3846488437375637e-14
554, 844, 5.3273242405349127e-14
569, 698, 5.24850501563259e-14
540, 730, 5.0815525454818243e-14
1301, 1470, 5.051296282315743e-14
171, 823, 4.943292207815695e-14
658, 1027, 4.7369274248105245e-14
510, 856, 4.7120868695938266e-14
507, 856, 4.6839313177091204e-14
33, 375, 4.47388445164222e-14
510, 714, 4.4654032464078746e-14
507, 714, 4.427411927872506e-14
540, 844, 4.420892173883435e-14
611, 730, 4.387669430124519e-14
658, 823, 4.3730065095040284e-14
266, 490, 4.291536717423859e-14
234, 689, 4.279811529122032e-14
906, 1051, 3.971308443782324e-14
161, 760, 3.718632445942975e-14
266, 375, 3.587283188162173e-14
666, 821, 3.281393763881728e-14
21, 823, 3.2347613673258555e-14
617, 844, 3.225293134216369e-14
611, 844, 2.692374720576499e-14
234, 844, 2.6132921242567483e-14
234, 694, 2.60853858168391e-14
9, 856, 2.5358392969072056e-14
234, 712, 2.375069517296037e-14
628, 823, 2.368634532805856e-14
139, 381, 2.3546404941776687e-14
234, 730, 2.329620963881636e-14
9, 714, 2.155007031782759e-14
156, 823, 1.9539738770402937e-14
234, 546, 1.9483455601107017e-14
554, 698, 1.8612422020186454e-14
266, 698, 1.75546098126582e-14
510, 760, 1.713029818625243e-14
507, 760, 1.7086396222506702e-14
617, 698, 1.6464794992817795e-14
611, 698, 1.5693367469894566e-14
1033, 1183, 1.5664123888038378e-14
234, 490, 1.5300323223683656e-14
569, 691, 1.4513322360388632e-14
540, 698, 1.444630898006572e-14
33, 691, 1.4295462781787527e-14
161, 823, 1.3040990429608615e-14
535, 658, 1.3026007988878508e-14
33, 410, 1.227459249587744e-14
33, 821, 1.1881636226736707e-14
666, 856, 1.1245976616005942e-14
21, 1165, 1.0960934872928137e-14
196, 381, 1.0639429174300532e-14
139, 377, 8.52127852900742e-15
196, 1307, 8.416015311615866e-15
9, 760, 7.816850445992947e-15
906, 1480, 7.745655440057091e-15
234, 375, 7.640521794983926e-15
666, 760, 7.505215168797586e-15
569, 821, 7.187766300049385e-15
266, 410, 6.304051221113773e-15
234, 698, 6.065244434265136e-15
554, 691, 5.124823207965008e-15
507, 823, 5.061873880827507e-15
510, 823, 5.0500481302549516e-15
1041, 1183, 4.717770670265132e-15
266, 691, 4.579961878403432e-15
33, 856, 4.350790776416164e-15
906, 1183, 4.280864756674377e-15
196, 377, 3.8822573815846786e-15
540, 691, 3.875072617929386e-15
1041, 1193, 3.715447746474917e-15
906, 1193, 3.5017327934400336e-15
611, 691, 3.3836041839111523e-15
617, 691, 3.1620837834081473e-15
535, 689, 3.08768530127325e-15
33, 714, 3.0735965324157247e-15
21, 102, 2.7881338890811387e-15
139, 379, 2.552262437363306e-15
9, 823, 2.4841382283655245e-15
569, 714, 2.331219191344295e-15
569, 856, 2.3081113772544896e-15
266, 821, 2.2376983654233725e-15
234, 410, 1.901744888812e-15
554, 821, 1.838532480582203e-15
196, 1134, 1.8259259618474626e-15
535, 694, 1.8063332202576346e-15
563, 1218, 1.6668597312208515e-15
234, 691, 1.546411802731006e-15
540, 821, 1.4875421919459839e-15
21, 92, 1.4860598747788895e-15
535, 712, 1.4812087444038224e-15
726, 1236, 1.449926173671898e-15
21, 881, 1.4421450929318768e-15
525, 870, 1.4057375951331975e-15
266, 856, 1.370964797872697e-15
1172, 1236, 1.3299340526215167e-15
666, 823, 1.2521046625619119e-15
196, 379, 1.1578879842287101e-15
617, 714, 1.099693177230702e-15
617, 821, 1.039096308158662e-15
156, 881, 9.666080254325061e-16
628, 881, 9.435289300499136e-16
266, 714, 9.42220701199448e-16
554, 714, 9.186149142543052e-16
554, 856, 8.967512157042611e-16
611, 714, 8.602957192603659e-16
611, 821, 8.396003624176001e-16
21, 890, 8.041655100726213e-16
234, 821, 7.980046332180878e-16
540, 856, 7.713290883777553e-16
540, 714, 7.601939633636267e-16
525, 903, 7.38515554921927e-16
525, 1218, 7.350158312571566e-16
535, 844, 7.265524228307777e-16
161, 881, 6.516200644861083e-16
617, 856, 5.725468328229391e-16
171, 870, 5.474215911190158e-16
156, 890, 5.168453888152485e-16
628, 890, 5.137871794237923e-16
171, 381, 4.981889133185417e-16
611, 856, 4.76198180838901e-16
234, 856, 4.553169625095941e-16
33, 823, 4.426842271796802e-16
535, 698, 4.2363177624222037e-16
1033, 1240, 3.9378565815414223e-16
985, 1193, 3.9086196369863854e-16
658, 870, 3.861793229804221e-16
161, 890, 3.536582959907742e-16
21, 870, 3.5226156531838337e-16
21, 104, 3.399583701227182e-16
234, 714, 3.3634166372853697e-16
171, 903, 3.338933913387728e-16
9, 102, 2.6949185426747533e-16
21, 381, 2.6920589206252145e-16
156, 870, 2.3516971493810645e-16
628, 870, 2.2998429191062684e-16
21, 94, 2.1205988792993194e-16
21, 903, 2.0201354457812631e-16
510, 881, 1.9859606825055705e-16
9, 92, 1.9788621332353947e-16
507, 881, 1.9741058533385193e-16
156, 381, 1.912639381801521e-16
1033, 1215, 1.8396164875567618e-16
171, 377, 1.8295846448382053e-16
161, 870, 1.5364146131135743e-16
171, 1218, 1.320529794329645e-16
161, 381, 1.2791669083668983e-16
628, 903, 1.2122168343523056e-16
156, 903, 1.2109008633658248e-16
9, 881, 1.1388786445973742e-16
535, 691, 1.1206717141643462e-16
510, 890, 1.0897055104325276e-16
507, 890, 1.0896982571213271e-16
21, 377, 9.908909682363477e-17
1041, 1222, 9.809228419575317e-17
906, 1222, 9.69436859891512e-17
21, 1218, 9.486446990010678e-17
161, 903, 8.25662612716075e-17
714, 1193, 7.174062976768272e-17
156, 377, 6.946660603905526e-17
9, 890, 6.40427857480678e-17
1145, 1222, 5.474018613405745e-17
171, 379, 5.437880569836807e-17
510, 870, 5.024877152968444e-17
507, 870, 4.9744771156735255e-17
161, 377, 4.665941283095572e-17
535, 730, 4.593224939336045e-17
666, 881, 4.4618523941413314e-17
630, 1233, 3.2277100002847266e-17
9, 104, 3.10580741614048e-17
985, 1222, 3.035210270734341e-17
871, 1233, 2.9604492354087493e-17
21, 379, 2.94262791329187e-17
507, 903, 2.7607189826902406e-17
510, 903, 2.7462594544492992e-17
9, 94, 2.6371321854907565e-17
666, 890, 2.4624928754819287e-17
535, 714, 2.251907051839059e-17
161, 925, 2.20969564223378e-17
33, 102, 2.170442157936965e-17
156, 379, 2.0756858348181245e-17
9, 381, 2.067743258232369e-17
760, 1233, 2.026840693015514e-17
1093, 1233, 1.887052714097651e-17
9, 903, 1.6002590103982107e-17
507, 959, 1.5035799850051687e-17
510, 959, 1.5026309923974984e-17
1147, 1233, 1.3973816970214564e-17
161, 379, 1.3911312343434815e-17
196, 1470, 1.260255125786697e-17
714, 1342, 9.442091982556121e-18
9, 377, 7.587357145060963e-18
1041, 1215, 4.8625108275305115e-18
906, 1215, 4.749834007414543e-18
714, 1222, 4.2403036282871715e-18
33, 381, 3.891208056459215e-18
33, 104, 2.838584708951735e-18
266, 381, 2.8077576384540777e-18
33, 760, 2.688992845363155e-18
9, 379, 2.2556046909871516e-18
33, 923, 2.1843216441918777e-18
569, 760, 1.4703870691538703e-18
33, 377, 1.4236293989977307e-18
507, 925, 1.222211157256033e-18
510, 925, 1.2221776774836897e-18
266, 377, 1.1024842373642765e-18
266, 760, 7.196943953452638e-19
906, 1240, 6.433301327958495e-19
234, 381, 6.347460668282412e-19
1041, 1240, 6.221874995301924e-19
554, 760, 6.196668115651623e-19
9, 959, 5.980698932917502e-19
540, 760, 5.193013558778125e-19
1145, 1240, 5.047345506801116e-19
33, 379, 4.24145702248352e-19
617, 760, 4.1092517629418775e-19
611, 760, 3.2416217403390755e-19
266, 379, 3.170456868842449e-19
234, 760, 2.569768125939246e-19
234, 377, 2.3905129621864867e-19
666, 959, 2.22450478551706e-19
33, 981, 2.1142902054606236e-19
171, 978, 1.338323305412403e-19
736, 1124, 1.1383502054539358e-19
21, 978, 1.0365279469362557e-19
171, 1027, 9.599928939352312e-20
871, 1134, 7.147017224564624e-20
234, 379, 7.014182865834027e-20
535, 821, 3.2009648747019715e-20
823, 890, 2.6221417799376527e-20
666, 870, 8.522268454870959e-21
823, 903, 5.4278503324256e-21
666, 925, 2.5350267247442695e-21
666, 903, 1.960762604776998e-21
658, 1273, 1.6504527246740686e-21
1165, 1273, 1.2937596111273706e-21
887, 959, 8.030557667326617e-22
