Gene = AT2G38465
index = 441
Annotated 5SS: [254]
Annotated 3SS: [416]
SMsplice 5SS: [339]
SMsplice 3SS: [416]
length: 726
Partition function (logZ) = -7.049041297368414
#Introns = 743
5SS, 3SS, prob
339, 416, 0.6548717672260685
254, 416, 0.15301344196439776
312, 416, 0.07050960012025523
339, 422, 0.05755675607133788
346, 416, 0.017689194398003885
254, 422, 0.009037596846722585
339, 437, 0.005240213604698762
353, 416, 0.004136863137396246
348, 416, 0.003445249317324624
312, 422, 0.003084190191650451
339, 424, 0.0029567646979954116
346, 422, 0.002442113550430011
176, 253, 0.0023964514858928875
203, 416, 0.0019598143051450076
258, 416, 0.0019262576977259601
544, 714, 0.0014117451020328885
544, 648, 0.0013271449808067602
339, 446, 0.0013225528162316956
160, 253, 0.0012277295849226928
254, 437, 0.001125663010344245
353, 422, 0.000942479441831183
220, 416, 0.0007035380297055214
176, 416, 0.0007015071767008782
348, 422, 0.0005467645643315429
353, 437, 0.0005172604292680509
346, 437, 0.0004811561810324086
254, 446, 0.00046943358483733514
254, 424, 0.0004446530541550095
571, 714, 0.00044005437975886037
166, 253, 0.0004278615430134402
486, 714, 0.00039202078608508334
571, 648, 0.0003856702636870373
544, 666, 0.0003836096382411034
571, 666, 0.00030863007035966694
639, 714, 0.00030015293059052736
32, 122, 0.00028639863848695357
254, 373, 0.0002824935726491691
189, 416, 0.00026773433430289027
160, 416, 0.0002583732811483686
254, 714, 0.00022811895605014175
312, 437, 0.0002206598901848788
62, 416, 0.00020011875311000656
353, 446, 0.00019984775237247957
575, 714, 0.00018759578252234738
339, 714, 0.00018277270468029466
273, 416, 0.00015052443141575446
575, 666, 0.00014458462171442184
346, 424, 0.00014377165965550137
348, 437, 0.0001413530417641536
312, 424, 0.00013706770698727392
346, 446, 0.00013429455031228
62, 253, 0.00012983260364244872
203, 422, 0.0001179408564184996
268, 416, 0.00011461713296407641
258, 422, 0.00010545400435319961
189, 253, 0.00010265385434111246
575, 648, 9.831044130667755e-05
486, 648, 8.807769079004732e-05
166, 416, 8.00631065713846e-05
312, 446, 7.72721602408146e-05
648, 714, 7.298872794694418e-05
353, 424, 6.505727608354318e-05
339, 443, 6.224881791559668e-05
486, 666, 5.505497752334869e-05
230, 416, 5.107298843110604e-05
339, 450, 5.082145633948629e-05
254, 648, 5.04285387868771e-05
32, 416, 4.656006022421534e-05
348, 446, 4.227447686960802e-05
176, 422, 4.2216426825042355e-05
220, 422, 4.112945405041412e-05
339, 648, 4.040418467076772e-05
32, 119, 3.7984929022436096e-05
245, 416, 3.64396664995706e-05
348, 424, 3.362750114907209e-05
254, 666, 3.1498693509433165e-05
32, 253, 2.9297564616073517e-05
339, 666, 2.5237277542815518e-05
312, 714, 2.4987032501136686e-05
254, 450, 2.203677654267599e-05
254, 443, 1.8808174471534212e-05
189, 422, 1.6112147256718484e-05
160, 422, 1.55488027484531e-05
203, 437, 1.4195988607344632e-05
353, 714, 1.324458886479752e-05
258, 437, 1.2897835240259436e-05
617, 714, 1.2623985719686301e-05
346, 714, 1.2505163011081028e-05
62, 422, 1.2043068093357008e-05
573, 714, 1.1137367807206076e-05
544, 683, 8.97181794591275e-06
353, 443, 8.692772944102909e-06
273, 422, 8.414753026433243e-06
573, 666, 8.261739415648592e-06
353, 450, 7.852342415628841e-06
573, 648, 7.71528373134569e-06
10, 122, 6.8380785065962e-06
268, 422, 6.371722507288982e-06
346, 443, 6.293032771925975e-06
203, 446, 5.933516895476676e-06
203, 424, 5.7568952602640905e-06
312, 648, 5.523695003126166e-06
258, 446, 5.520319991703805e-06
258, 424, 5.1234534242151936e-06
176, 437, 5.081393610747903e-06
346, 450, 5.017637002617611e-06
220, 437, 4.950559787815802e-06
166, 422, 4.818166359825627e-06
486, 587, 4.193411741391529e-06
571, 683, 4.029357623215589e-06
258, 373, 3.81130569199165e-06
348, 714, 3.5277195279449507e-06
607, 714, 3.4939217949477915e-06
312, 666, 3.4502125210959985e-06
312, 450, 3.424765025401165e-06
312, 443, 3.252964297601242e-06
10, 416, 3.2371532514502637e-06
230, 422, 3.0454493003677713e-06
203, 714, 2.969535558769807e-06
353, 648, 2.9278814652205877e-06
32, 422, 2.8019661675724704e-06
346, 648, 2.7644221631537947e-06
258, 714, 2.6635301398787244e-06
339, 458, 2.4438037459279743e-06
245, 422, 2.193440099586561e-06
176, 446, 2.1238770807649715e-06
220, 446, 2.0691922877336725e-06
176, 424, 2.0606561193009108e-06
10, 253, 2.0369541211884153e-06
220, 424, 2.007599115949256e-06
575, 683, 1.9807670091380763e-06
348, 443, 1.954479434147761e-06
189, 437, 1.9393437171985537e-06
160, 437, 1.8715365767029113e-06
353, 666, 1.8288144595007197e-06
486, 683, 1.7864218477268253e-06
346, 666, 1.726714446672118e-06
203, 373, 1.7167185757574903e-06
348, 450, 1.5875259039777207e-06
62, 203, 1.4964658670460027e-06
62, 437, 1.449567712516248e-06
254, 458, 1.4161838498796868e-06
203, 280, 1.3910620444798042e-06
176, 266, 1.2993986787982166e-06
486, 571, 1.1770108616584328e-06
176, 714, 1.0629325954385903e-06
220, 714, 1.0355646043649994e-06
10, 119, 1.0152902551126958e-06
254, 683, 1.0108667506624276e-06
10, 90, 9.101121648090163e-07
373, 446, 8.671926834275585e-07
90, 416, 8.183467413582774e-07
189, 446, 8.105901625041254e-07
339, 683, 8.099232667422078e-07
273, 437, 7.937133586820985e-07
189, 424, 7.864615112319141e-07
160, 446, 7.82248718671415e-07
348, 648, 7.798463754370892e-07
160, 424, 7.589637006511517e-07
220, 373, 7.194156291835021e-07
203, 648, 6.564528511673432e-07
268, 437, 6.4631791998053e-07
176, 373, 6.284903081941939e-07
62, 446, 6.058778117716096e-07
258, 648, 5.888065388979209e-07
62, 424, 5.878427860458523e-07
339, 473, 5.851920294895482e-07
166, 437, 5.799401227821409e-07
62, 151, 5.631440214884946e-07
32, 97, 5.619923717844087e-07
203, 301, 5.374939340723721e-07
160, 236, 5.228204806970747e-07
90, 253, 5.17310087257052e-07
273, 373, 5.146982757893194e-07
348, 666, 4.871079463188328e-07
254, 587, 4.805043548487012e-07
254, 473, 4.7191493326138515e-07
10, 97, 4.2825855394877663e-07
203, 666, 4.100338351999706e-07
339, 486, 4.081558720410397e-07
189, 714, 4.056744682028253e-07
273, 424, 4.011590354059649e-07
62, 131, 3.998136301988981e-07
176, 280, 3.921501062112032e-07
160, 714, 3.914904814154512e-07
254, 486, 3.9137328152918837e-07
339, 587, 3.8498808721119083e-07
373, 437, 3.6983581781147774e-07
258, 666, 3.677805693216338e-07
486, 607, 3.5845469095051835e-07
230, 437, 3.5592919341492493e-07
32, 437, 3.372595468688213e-07
273, 446, 3.3633189184068404e-07
353, 458, 3.3224836026213733e-07
189, 266, 3.2675756118710337e-07
268, 373, 3.1361356186931157e-07
176, 268, 3.085394578020465e-07
62, 714, 3.032224796894067e-07
268, 424, 2.9934296969058215e-07
544, 607, 2.9918356234765426e-07
203, 293, 2.9506770353033356e-07
32, 131, 2.9499624940008445e-07
189, 280, 2.8173234519747954e-07
203, 450, 2.786706530992431e-07
268, 446, 2.724314430430953e-07
245, 437, 2.695703356630618e-07
258, 450, 2.5742424602924745e-07
32, 203, 2.497786614491041e-07
166, 446, 2.4239837126329735e-07
189, 373, 2.416651695089968e-07
203, 443, 2.3653811063098782e-07
166, 424, 2.3518295459564888e-07
176, 648, 2.3497449990578184e-07
220, 648, 2.289244643310524e-07
220, 301, 2.2714169424478353e-07
160, 373, 2.2509802123632878e-07
160, 266, 2.220415347399872e-07
258, 443, 2.203320320007784e-07
346, 458, 2.1966875426147088e-07
203, 266, 2.0850873001435936e-07
312, 458, 2.043601924308913e-07
10, 422, 1.9481061334825017e-07
62, 139, 1.7614714252087093e-07
62, 373, 1.7434595070020584e-07
273, 714, 1.6655468928509745e-07
77, 416, 1.6496930896992446e-07
10, 77, 1.5269733024075902e-07
230, 446, 1.4876821482007918e-07
230, 424, 1.4859005211074976e-07
176, 666, 1.4676986351606524e-07
220, 666, 1.429908879424331e-07
32, 446, 1.4096483695905698e-07
32, 424, 1.3676876901996264e-07
268, 714, 1.3498274703402377e-07
373, 714, 1.2696343186087995e-07
166, 714, 1.2131263726626918e-07
312, 683, 1.1072538990389058e-07
245, 446, 1.1039194973548975e-07
573, 683, 1.0911550166173152e-07
245, 424, 1.0751962823347516e-07
77, 253, 1.0468937277122755e-07
254, 607, 1.0270619565310641e-07
176, 450, 9.974897242653565e-08
220, 450, 9.718067317719027e-08
166, 266, 9.673438114032045e-08
189, 268, 9.65776797054912e-08
62, 214, 9.35562836914435e-08
189, 648, 8.967939801598647e-08
160, 648, 8.654385093018226e-08
203, 268, 8.544941904042525e-08
176, 443, 8.466780844250774e-08
62, 236, 8.318919707793884e-08
220, 443, 8.248781336509745e-08
339, 607, 8.228991352571164e-08
254, 571, 8.207806758996677e-08
230, 714, 7.445373657901053e-08
166, 236, 7.06202066405508e-08
160, 280, 7.056751876435583e-08
32, 714, 7.054839537159146e-08
166, 373, 6.975197583570152e-08
348, 458, 6.806173788741386e-08
62, 648, 6.703110886895864e-08
339, 571, 6.576231396154918e-08
373, 450, 6.468445063691098e-08
176, 301, 5.926002449767758e-08
353, 683, 5.8690933631463434e-08
230, 373, 5.862201010703439e-08
353, 473, 5.723807661131695e-08
189, 666, 5.6015580466335334e-08
346, 683, 5.541430540624097e-08
245, 714, 5.47527401615182e-08
245, 373, 5.464976115537613e-08
160, 666, 5.4057053826141574e-08
312, 473, 5.334140445941941e-08
312, 587, 5.263209221816352e-08
62, 181, 5.0997527979312735e-08
160, 268, 4.995102236176273e-08
90, 422, 4.924778601202324e-08
346, 473, 4.583753493778257e-08
62, 266, 4.4987393310759276e-08
312, 486, 4.330313927523683e-08
220, 293, 4.2689039385288357e-08
62, 666, 4.1868997291077934e-08
254, 507, 4.141087904113784e-08
32, 373, 4.056370449193928e-08
189, 450, 3.806978120396828e-08
273, 648, 3.681899020659919e-08
160, 450, 3.673871081152387e-08
353, 486, 3.5776813970483096e-08
189, 301, 3.464358607144736e-08
32, 151, 3.366727383400275e-08
339, 507, 3.309636172426494e-08
189, 443, 3.231396638997653e-08
160, 443, 3.118414208934046e-08
346, 486, 3.054617748580297e-08
268, 648, 2.983961882092889e-08
176, 293, 2.954982135388963e-08
62, 450, 2.8455361041180642e-08
373, 648, 2.806684923941204e-08
353, 587, 2.7898087637736632e-08
32, 139, 2.7337628952731433e-08
166, 280, 2.7143187814129443e-08
166, 648, 2.6817670655899906e-08
346, 587, 2.634057856900147e-08
62, 280, 2.6163800567868455e-08
62, 443, 2.415316167363505e-08
10, 437, 2.344844129220519e-08
273, 666, 2.2997891982273583e-08
373, 443, 2.167622001782155e-08
166, 268, 2.160348247997249e-08
62, 160, 2.1571045643266423e-08
607, 683, 2.102172898079757e-08
189, 293, 2.091754624479724e-08
32, 236, 1.9160982573977364e-08
268, 666, 1.863843431297967e-08
203, 458, 1.8435154941919277e-08
32, 214, 1.8238509986629954e-08
10, 203, 1.772777312453886e-08
373, 666, 1.753112628751737e-08
258, 458, 1.6807547830610698e-08
166, 666, 1.6750863874860747e-08
160, 301, 1.6608295869399207e-08
230, 648, 1.645892655267668e-08
273, 450, 1.576535458073321e-08
348, 683, 1.5632433350599182e-08
32, 648, 1.559560219785609e-08
348, 473, 1.3481182813966654e-08
273, 443, 1.3339193246867026e-08
203, 683, 1.315894484722413e-08
268, 450, 1.3013797901777128e-08
245, 648, 1.210377571742008e-08
258, 683, 1.180293871412785e-08
90, 203, 1.1782782197164733e-08
203, 303, 1.1705760878546499e-08
166, 450, 1.1384363375055113e-08
62, 268, 1.1260431937090104e-08
312, 607, 1.1249933338675164e-08
268, 443, 1.0851019967426894e-08
32, 266, 1.0466863846228259e-08
230, 666, 1.0280581104442891e-08
62, 176, 1.0028636654919457e-08
77, 422, 9.927788327497371e-09
10, 446, 9.800777277878967e-09
32, 666, 9.741331110175801e-09
166, 443, 9.663148141089548e-09
10, 424, 9.509039790707915e-09
62, 301, 9.151365318543804e-09
312, 571, 8.990429283089436e-09
348, 486, 8.839694176011633e-09
617, 683, 8.617793788313794e-09
245, 666, 7.56026509594498e-09
160, 293, 7.433279715685578e-09
348, 587, 7.430704686767768e-09
10, 131, 7.331035387717645e-09
32, 181, 7.0078840386925445e-09
230, 450, 6.9869752314894916e-09
32, 450, 6.62048560262046e-09
176, 458, 6.5987851305086695e-09
373, 458, 6.577222636057439e-09
220, 458, 6.4288820780260336e-09
203, 587, 6.254959222035579e-09
203, 473, 6.1431465376605104e-09
32, 280, 6.087326206078592e-09
220, 303, 6.022158206679065e-09
353, 607, 5.9631227445817664e-09
230, 443, 5.930606261913992e-09
90, 437, 5.927725390452292e-09
230, 301, 5.693359295312187e-09
346, 607, 5.630210400435873e-09
32, 443, 5.619526629328281e-09
258, 587, 5.610396670416055e-09
166, 301, 5.57663037656493e-09
258, 473, 5.510106086599284e-09
245, 450, 5.13817112400716e-09
203, 486, 5.094696628358628e-09
10, 714, 4.904975774558159e-09
62, 225, 4.817678693806529e-09
160, 225, 4.797654524511753e-09
353, 571, 4.765453423376301e-09
176, 683, 4.710188217273866e-09
312, 507, 4.670204479468362e-09
220, 683, 4.588912052032068e-09
258, 486, 4.569697097277202e-09
346, 571, 4.499405190252829e-09
245, 443, 4.474848298671071e-09
62, 293, 3.656682729048194e-09
383, 714, 2.8662667858144014e-09
353, 507, 2.8575536978885204e-09
10, 373, 2.820248239684518e-09
383, 446, 2.7104820940486776e-09
32, 268, 2.619876353383971e-09
166, 293, 2.5921580705746e-09
189, 458, 2.5184651031415976e-09
90, 446, 2.4776195394942535e-09
160, 458, 2.430409584376323e-09
90, 424, 2.403868807473295e-09
346, 507, 2.342555295493534e-09
176, 587, 2.2389359913895665e-09
176, 473, 2.1989131176257783e-09
220, 587, 2.181288704544056e-09
220, 473, 2.142296324770768e-09
32, 301, 2.1291763702473713e-09
62, 218, 2.066062656238727e-09
62, 458, 1.882433560507011e-09
176, 486, 1.8236249416716605e-09
189, 683, 1.7976709984976495e-09
220, 486, 1.7766709284638386e-09
160, 683, 1.7348172975888882e-09
348, 607, 1.5882882261076099e-09
77, 203, 1.587467203067301e-09
10, 151, 1.5277078864867354e-09
32, 160, 1.4526745987706542e-09
373, 473, 1.411647868359977e-09
176, 303, 1.3813413620744101e-09
62, 683, 1.3436740553207655e-09
203, 607, 1.336976573007063e-09
10, 236, 1.3321940895616135e-09
348, 571, 1.269286896918238e-09
90, 714, 1.2399693896953115e-09
10, 214, 1.234286535482034e-09
32, 176, 1.2160747024337773e-09
258, 607, 1.1992034875619935e-09
77, 437, 1.194961392286239e-09
32, 225, 1.1485746880919666e-09
10, 648, 1.0843060365471284e-09
273, 458, 1.0737979174650405e-09
203, 571, 1.0684501828508417e-09
254, 504, 1.062771352368585e-09
258, 571, 9.583482698422797e-10
408, 714, 8.961575716878639e-10
10, 139, 8.927301458590191e-10
268, 458, 8.65524356451601e-10
189, 587, 8.5450307154458e-10
32, 293, 8.507716815112353e-10
339, 504, 8.45454859712773e-10
189, 473, 8.392281066975623e-10
160, 587, 8.246262584184013e-10
160, 473, 8.098853668654837e-10
90, 181, 7.79330311737509e-10
189, 303, 7.715406053246651e-10
166, 458, 7.531202170022244e-10
273, 683, 7.380561461459989e-10
10, 266, 7.277233356043392e-10
90, 373, 7.129538756724849e-10
189, 486, 6.959971700828324e-10
348, 507, 6.867960541758744e-10
10, 666, 6.772796582500691e-10
160, 486, 6.716623513099391e-10
62, 587, 6.387006345354162e-10
383, 648, 6.336240016380205e-10
62, 473, 6.272833207009987e-10
268, 683, 5.981509526975883e-10
373, 486, 5.895481552976873e-10
90, 214, 5.890385518494773e-10
373, 683, 5.626148481494336e-10
203, 507, 5.390655821059587e-10
166, 683, 5.37574402281101e-10
62, 486, 5.20224969306699e-10
77, 446, 4.994596577024854e-10
77, 424, 4.845923567374571e-10
258, 507, 4.835158215466254e-10
176, 607, 4.78565065365214e-10
220, 607, 4.662431509811288e-10
230, 458, 4.622157716836776e-10
10, 450, 4.6029851317838545e-10
90, 236, 4.436750012639943e-10
32, 458, 4.3797104760647066e-10
32, 218, 4.3677383022820784e-10
230, 293, 4.2493124153473916e-10
10, 280, 4.2322986108160115e-10
383, 666, 3.957744703285018e-10
160, 303, 3.931974423245454e-10
10, 443, 3.9070544179151045e-10
10, 181, 3.862513520071988e-10
176, 571, 3.8244718861860466e-10
220, 571, 3.72600081389839e-10
273, 587, 3.508268445011244e-10
273, 473, 3.5022543862724724e-10
245, 458, 3.399101402881981e-10
230, 683, 3.299278940841617e-10
383, 450, 3.247805722058093e-10
32, 683, 3.12622100453823e-10
273, 486, 2.857502788380951e-10
268, 587, 2.8432445467194193e-10
268, 473, 2.7924191466139306e-10
90, 648, 2.7411069007805614e-10
373, 587, 2.674327595216586e-10
254, 509, 2.597508463177665e-10
166, 587, 2.5553005990352965e-10
166, 473, 2.509622440438074e-10
77, 714, 2.499635949211136e-10
245, 683, 2.426265905090868e-10
268, 486, 2.3158373846370914e-10
62, 303, 2.2239608326687307e-10
77, 151, 2.1613814098637256e-10
339, 509, 2.09250758387938e-10
166, 486, 2.0813055503999418e-10
408, 648, 1.981068020190372e-10
176, 507, 1.9295622731551956e-10
220, 507, 1.8798806251426426e-10
230, 303, 1.8666613554067876e-10
90, 266, 1.8553329352393412e-10
189, 607, 1.826471680571393e-10
10, 268, 1.8215056455927248e-10
160, 607, 1.7626109937021677e-10
90, 666, 1.7121512584209127e-10
230, 587, 1.5682758364503906e-10
230, 473, 1.5402415799685437e-10
32, 587, 1.486014656151005e-10
10, 301, 1.4803396251348987e-10
189, 571, 1.4596321584672072e-10
32, 473, 1.4594508878150595e-10
77, 373, 1.4372331708916288e-10
160, 571, 1.4085976347964297e-10
62, 607, 1.3652012031194294e-10
90, 176, 1.3367640871272585e-10
166, 303, 1.3167982891294028e-10
230, 486, 1.2773687777455974e-10
408, 666, 1.2374154772367664e-10
32, 486, 1.2103666210505303e-10
312, 504, 1.1988981059006016e-10
90, 450, 1.1636266776768652e-10
245, 587, 1.1532987237468426e-10
245, 473, 1.1326825339986808e-10
90, 280, 1.1050785999423125e-10
62, 571, 1.0910060090435469e-10
90, 443, 9.876965972426132e-11
245, 486, 9.393677737600293e-11
77, 214, 9.309006995802721e-11
77, 181, 8.345933942851471e-11
254, 521, 7.879958784909551e-11
383, 458, 7.838059792427889e-11
10, 225, 7.757427076849836e-11
353, 504, 7.666142031150427e-11
273, 607, 7.49880623725877e-11
189, 507, 7.364287748683426e-11
10, 160, 7.31646273529873e-11
77, 236, 7.280950288523283e-11
160, 507, 7.106803069924858e-11
339, 521, 6.486299524501465e-11
346, 504, 6.38407822187143e-11
10, 176, 6.207366314094532e-11
268, 607, 6.077339939966663e-11
273, 571, 5.992701036893815e-11
10, 293, 5.915109004978326e-11
373, 607, 5.7162856166267426e-11
77, 648, 5.525756850744112e-11
62, 507, 5.504456817789321e-11
166, 607, 5.461869400947607e-11
32, 303, 5.174315185165628e-11
383, 473, 4.8856934846526603e-11
268, 571, 4.8567305525029586e-11
373, 571, 4.687100496348776e-11
90, 268, 4.6511455942967496e-11
166, 571, 4.364874806313498e-11
254, 518, 3.996943873779941e-11
77, 266, 3.838653153567712e-11
90, 301, 3.7422729609416983e-11
373, 507, 3.5671095384697065e-11
77, 666, 3.4515003931570016e-11
230, 607, 3.352137046650293e-11
339, 518, 3.2438451199591345e-11
32, 607, 3.1763065303765233e-11
90, 160, 3.152481389026444e-11
10, 458, 3.045054911812569e-11
273, 507, 3.023499761327783e-11
90, 225, 2.9869855214062855e-11
312, 509, 2.925854108899862e-11
10, 218, 2.9216484446385546e-11
230, 571, 2.6788737459917073e-11
32, 571, 2.5383580847180385e-11
245, 607, 2.4651373743515298e-11
268, 507, 2.4503681354905937e-11
77, 160, 2.350905913563139e-11
77, 450, 2.3457378054283677e-11
383, 486, 2.2263822762147268e-11
166, 507, 2.202211966501668e-11
10, 683, 2.173548840112916e-11
77, 280, 2.156831397672913e-11
77, 443, 1.9910829589009664e-11
245, 571, 1.970024405479558e-11
348, 504, 1.8800245290543356e-11
77, 176, 1.811476490020232e-11
353, 509, 1.7251429196100386e-11
254, 523, 1.5359093243933364e-11
90, 293, 1.4953293227110614e-11
346, 509, 1.4304759327940753e-11
203, 504, 1.3834612328344546e-11
230, 507, 1.3515732024288379e-11
90, 218, 1.2821357026402738e-11
32, 507, 1.2806787817480575e-11
339, 523, 1.2749743740216686e-11
383, 683, 1.270132847561764e-11
258, 504, 1.240897984914143e-11
10, 587, 1.0331724556833997e-11
10, 473, 1.014703624538134e-11
245, 507, 9.939371717539749e-12
77, 139, 9.711988608531262e-12
77, 268, 9.570803674958194e-12
408, 486, 9.117973121027692e-12
312, 521, 8.63132067914927e-12
10, 486, 8.41524307295204e-12
90, 458, 7.697846134477727e-12
77, 301, 7.543992700682102e-12
383, 587, 6.037436329663399e-12
90, 683, 5.494693863173102e-12
77, 225, 5.08630597434952e-12
176, 504, 4.952040512067804e-12
220, 504, 4.824537224359918e-12
353, 521, 4.5636979626468295e-12
312, 518, 4.37805644075479e-12
346, 521, 4.3594493369025785e-12
348, 509, 4.145119588608266e-12
408, 683, 3.971155699899481e-12
10, 303, 3.597514939848798e-12
203, 509, 3.381303281046104e-12
258, 509, 3.0328659222616596e-12
77, 293, 3.0144122605128015e-12
90, 587, 2.611842093020639e-12
90, 473, 2.565153207415179e-12
353, 518, 2.304123632780719e-12
346, 518, 2.2133112719259407e-12
10, 607, 2.2083715018614567e-12
90, 486, 2.1273588896055233e-12
77, 218, 2.092893940109215e-12
408, 587, 1.9120640163446076e-12
189, 504, 1.8899753473295667e-12
160, 504, 1.8238943206537878e-12
10, 571, 1.7648289301431138e-12
312, 523, 1.682359803495655e-12
77, 458, 1.5517974144478403e-12
408, 473, 1.4365265359181946e-12
62, 504, 1.4126671907845828e-12
383, 607, 1.2904817836933562e-12
348, 521, 1.2315276076566357e-12
176, 509, 1.2103230964428368e-12
220, 509, 1.1791601498536026e-12
77, 683, 1.107667207306814e-12
383, 571, 1.0697082439782957e-12
203, 521, 1.025772615244037e-12
383, 507, 9.822528919479025e-13
373, 504, 9.667387758585388e-13
408, 507, 9.243325851445713e-13
258, 521, 9.200685505502404e-13
90, 303, 9.094455527226079e-13
353, 523, 8.966083712973248e-13
10, 507, 8.904098195824314e-13
346, 523, 8.49254255905545e-13
273, 504, 7.759528424982983e-13
268, 504, 6.288639887526191e-13
348, 518, 6.214709457066111e-13
166, 504, 5.651770365744352e-13
90, 607, 5.582724949605559e-13
77, 587, 5.265173837058615e-13
203, 518, 5.203016516079334e-13
77, 473, 5.171054403258126e-13
258, 518, 4.666854810994528e-13
189, 509, 4.619269186118504e-13
90, 571, 4.461457002044647e-13
160, 509, 4.457761232725495e-13
77, 486, 4.2885113144918133e-13
408, 607, 4.124016070130105e-13
176, 521, 3.6717093520943513e-13
220, 521, 3.5771715524218563e-13
230, 504, 3.468685798105127e-13
62, 509, 3.452685260605108e-13
32, 504, 3.28674191986129e-13
408, 571, 3.2392594046328336e-13
245, 504, 2.5508464844347284e-13
348, 523, 2.397054772331444e-13
90, 507, 2.250940618897951e-13
373, 509, 2.1695027022617906e-13
203, 523, 1.9993679757282514e-13
273, 509, 1.8964983116303356e-13
176, 518, 1.8623975837612823e-13
77, 303, 1.8333378358591867e-13
220, 518, 1.8144452670606877e-13
258, 523, 1.79333662071609e-13
268, 509, 1.536999966485819e-13
189, 521, 1.4013294400776247e-13
166, 509, 1.3813433457948778e-13
160, 521, 1.3523334104510234e-13
77, 607, 1.1254132637920191e-13
62, 521, 1.0474274843189305e-13
77, 571, 8.993785169899109e-14
230, 509, 8.477779060003734e-14
32, 509, 8.033091910215161e-14
176, 523, 7.15665244486258e-14
189, 518, 7.107949766681463e-14
220, 523, 6.972385633337269e-14
160, 518, 6.85942767944591e-14
245, 509, 6.234497492634952e-14
273, 521, 5.753331988383756e-14
373, 521, 5.6426889265505366e-14
62, 518, 5.3128562990641456e-14
268, 521, 4.662736064197072e-14
77, 507, 4.5376378943672536e-14
166, 521, 4.190526724735521e-14
373, 518, 2.967733444534883e-14
273, 518, 2.9182570204339694e-14
408, 504, 2.7716972137990885e-14
189, 523, 2.7313784403084566e-14
383, 504, 2.71197062158326e-14
160, 523, 2.6358786276624027e-14
230, 521, 2.5718703337225402e-14
32, 521, 2.4369673502602408e-14
268, 518, 2.3650751045215272e-14
10, 504, 2.2851532496565196e-14
166, 518, 2.1255568179389938e-14
62, 523, 2.0415762108707102e-14
245, 521, 1.89133486889529e-14
230, 518, 1.3045273021242933e-14
32, 518, 1.2361005922870669e-14
273, 523, 1.121401328165762e-14
373, 523, 1.0749738252513205e-14
245, 518, 9.593399564442218e-15
268, 523, 9.088296009745622e-15
166, 523, 8.167896871448688e-15
383, 509, 5.903562349187999e-15
90, 504, 5.776827879628143e-15
10, 509, 5.585119407304216e-15
408, 509, 5.182059955360568e-15
230, 523, 5.012919146556652e-15
32, 523, 4.749975194889012e-15
245, 523, 3.686464536146502e-15
10, 521, 1.694335605148149e-15
383, 521, 1.4460808481281102e-15
90, 509, 1.4119085233350083e-15
77, 504, 1.1645421863092827e-15
10, 518, 8.594162104112905e-16
408, 521, 8.378336183291504e-16
383, 518, 7.649351252697363e-16
408, 518, 4.879797227657572e-16
90, 521, 4.283251096064461e-16
10, 523, 3.302486631760396e-16
77, 509, 2.846245505135446e-16
383, 523, 2.7476317608784897e-16
90, 518, 2.1725893111346492e-16
408, 523, 1.5016000633600636e-16
77, 521, 8.634542520321067e-17
90, 523, 8.348629068672086e-17
77, 518, 4.379690652136526e-17
77, 523, 1.6829877834169523e-17
