Gene = AT2G24870
index = 248
Annotated 5SS: [68]
Annotated 3SS: [814]
SMsplice 5SS: [68]
SMsplice 3SS: [630]
length: 1047
Partition function (logZ) = -9.16247461133233
#Exons = 557
3SS, 5SS, prob
0, 68, 0.6507362246030485
630, -1, 0.45429566712415653
591, -1, 0.1679902241402491
239, -1, 0.15473533151834837
0, 345, 0.1446516059777685
0, 141, 0.11948350538205907
239, 345, 0.10469986315420284
666, -1, 0.052385716859859335
439, -1, 0.04341104423436672
814, -1, 0.03490873481282436
269, -1, 0.0345418902377362
0, 366, 0.023849160016604677
269, 345, 0.02217425001057853
0, 108, 0.022131320941817755
408, -1, 0.019673296099301324
239, 366, 0.013505385732901049
0, 157, 0.008945951947710879
1043, -1, 0.007686644698929352
0, 122, 0.007575755484849746
474, -1, 0.005536176153994986
824, -1, 0.0048563212294975315
854, -1, 0.00450927456201094
269, 366, 0.004030359625713103
0, 186, 0.0032510898161664304
571, -1, 0.003134036017380756
0, 950, 0.00307459564701939
630, 728, 0.0027751987252836725
0, 93, 0.0024929908659795186
176, -1, 0.0021880294116727724
0, 252, 0.002101165674559488
320, -1, 0.0020367112685573947
248, -1, 0.001996570672537137
630, 699, 0.001903468788736471
0, 240, 0.0018348126325673881
814, 950, 0.0017677067345117196
0, 474, 0.0015569158747632608
248, 345, 0.0014368931915811295
344, -1, 0.0013016042778228557
630, 759, 0.001256013181309389
0, 728, 0.0011838741154525394
630, 950, 0.001123372377281506
0, 699, 0.001058446424827639
0, 72, 0.0010372880595746763
157, -1, 0.0009658192500680762
0, 485, 0.0009447857986753305
1028, -1, 0.0009125611998747326
591, 699, 0.0007926949076660516
0, 759, 0.0007280492375295886
176, 345, 0.0006874536180661403
0, 415, 0.0006596451318593891
854, 950, 0.0006573938794815841
591, 728, 0.0006363318352852546
686, -1, 0.000587501125319402
515, -1, 0.0004974259496685487
857, -1, 0.0004207340783720897
278, -1, 0.00041794574382690965
0, 675, 0.0004178191792202297
0, 161, 0.00039255452375480264
791, -1, 0.0003776255671542774
252, -1, 0.0003348035458522409
591, 675, 0.0003329043829681953
824, 950, 0.00032696260741270177
591, 950, 0.00032036436424865203
0, 97, 0.0003159133328376094
0, 566, 0.00031013632051048244
630, 675, 0.00028946243473571497
239, 474, 0.0002809536921239824
0, 85, 0.0002700512303690999
591, 759, 0.0002637051283761694
252, 345, 0.00024406429728225545
290, -1, 0.00024020086553226683
157, 345, 0.00023840433472649712
666, 759, 0.000222140744055816
666, 728, 0.00022029134283189718
278, 345, 0.0002167592993227096
239, 415, 0.00019768032586467467
248, 366, 0.0001938463699434614
666, 950, 0.0001712632846478442
239, 485, 0.00016380430458065844
0, 959, 0.00014458675884708062
320, 345, 0.0001400991997985472
0, 176, 0.00013993416282377942
0, 88, 0.0001284604710630846
0, 200, 0.00011011641016532235
239, 252, 0.0001008624149658477
0, 948, 9.761473764454449e-05
408, 474, 8.980439364825036e-05
239, 699, 8.792518230462616e-05
239, 728, 8.55943479119085e-05
176, 366, 8.546769178197812e-05
290, 345, 8.024899323152984e-05
239, 950, 7.647707576633778e-05
0, 179, 7.628751809310825e-05
269, 474, 7.626965152966157e-05
0, 858, 7.446873072225394e-05
814, 959, 7.41466811503725e-05
0, 320, 7.178933050369108e-05
408, 485, 7.115407907459675e-05
320, 366, 7.013574029075337e-05
857, 950, 6.512862052207475e-05
269, 415, 6.48142022866008e-05
814, 948, 5.7545353490304525e-05
239, 320, 5.4490866201569166e-05
0, 278, 5.3704276304508156e-05
439, 699, 5.1288770833935386e-05
630, 959, 5.058855955622024e-05
439, 728, 4.9922065061120066e-05
666, 699, 4.9687647609382706e-05
439, 485, 4.922434564839142e-05
832, -1, 4.919707006931223e-05
278, 366, 4.877718896730255e-05
439, 566, 4.644094333844904e-05
239, 759, 4.5333354733435064e-05
439, 474, 4.500902891732541e-05
439, 950, 4.462228402912081e-05
269, 485, 4.239375513035007e-05
630, 858, 4.231129504593322e-05
239, 566, 4.19223569192551e-05
239, 675, 3.8979298899887155e-05
630, 948, 3.6007274410691025e-05
0, 571, 3.418442464782367e-05
0, 18, 3.412172837193628e-05
252, 366, 3.4026428890236866e-05
157, 366, 2.9925999798042772e-05
854, 959, 2.9250676866504363e-05
439, 759, 2.6450510065312547e-05
290, 366, 2.4616472519799e-05
176, 252, 2.4239138528000865e-05
269, 699, 2.2754659617814138e-05
439, 675, 2.273332803528996e-05
269, 728, 2.2151449685896815e-05
408, 699, 2.1234165742498245e-05
854, 948, 2.098630288461675e-05
408, 728, 2.066975959276949e-05
269, 950, 1.979193880542259e-05
408, 950, 1.8470510087003727e-05
814, 858, 1.7800457956433536e-05
176, 240, 1.579975266576281e-05
408, 566, 1.5178646810888264e-05
591, 959, 1.4427809991118268e-05
824, 959, 1.3768781791588572e-05
0, 487, 1.3214801410794701e-05
157, 252, 1.2070682807686956e-05
591, 858, 1.206700758032952e-05
344, 366, 1.1942319638872818e-05
269, 759, 1.1732077537457209e-05
571, 699, 1.1692114632417717e-05
408, 759, 1.0948807279563597e-05
269, 566, 1.0849827872530975e-05
824, 948, 1.063048658643821e-05
157, 240, 1.0289614674650635e-05
591, 948, 1.0269241070565915e-05
791, 950, 1.0124110714163848e-05
269, 675, 1.0087675172910036e-05
408, 675, 9.41316720484936e-06
571, 728, 9.06823282395336e-06
239, 278, 8.239258891186738e-06
320, 474, 8.11123632497721e-06
666, 959, 7.710876373678012e-06
630, 768, 7.5698941274476625e-06
474, 566, 7.526450949555267e-06
666, 858, 7.4387552509296025e-06
474, 699, 7.279408361289548e-06
527, -1, 7.234724552570775e-06
474, 728, 7.085075249058596e-06
344, 474, 6.84541335455781e-06
474, 950, 6.33206793556326e-06
320, 415, 6.205549574484249e-06
571, 675, 5.962030035751084e-06
666, 948, 5.488402248480703e-06
571, 950, 5.349747357190519e-06
666, 675, 5.29342204961647e-06
269, 320, 5.022019796726125e-06
0, 768, 4.9760692638072475e-06
0, 584, 4.914800445635786e-06
439, 571, 4.76135769382218e-06
239, 571, 4.556073477720251e-06
320, 485, 4.335883601527057e-06
832, 950, 4.236805311284611e-06
248, 474, 3.791933706558292e-06
571, 759, 3.772623675815001e-06
474, 759, 3.7538076934918354e-06
344, 485, 3.6662543754863237e-06
474, 675, 3.482251756001188e-06
239, 959, 3.4442418799328213e-06
344, 415, 3.0784342811838195e-06
857, 959, 2.943818323432418e-06
176, 474, 2.90610201508284e-06
239, 858, 2.881851421823304e-06
248, 415, 2.86210978695712e-06
0, 611, 2.855166466080497e-06
0, 591, 2.8388892776525605e-06
239, 948, 2.451498196340441e-06
686, 950, 2.3166205163106848e-06
686, 759, 2.2782213788630566e-06
239, 487, 2.272374485363129e-06
248, 485, 2.2108095195436215e-06
857, 948, 2.0698381147934916e-06
630, 777, 2.058871559016344e-06
439, 959, 2.0096113211197045e-06
157, 186, 1.9339732139388303e-06
408, 415, 1.7921299554715347e-06
824, 858, 1.7113353059735838e-06
176, 485, 1.6943433312375756e-06
439, 858, 1.6800167054790852e-06
320, 699, 1.6359082935637839e-06
320, 728, 1.5918298902654023e-06
591, 768, 1.586814793844286e-06
408, 571, 1.577475065303683e-06
176, 415, 1.567273280385592e-06
176, 186, 1.5569469272574296e-06
0, 777, 1.501522168885046e-06
666, 768, 1.4396927056096279e-06
439, 948, 1.4303822121573636e-06
320, 950, 1.4228419588665872e-06
248, 699, 1.186692910015631e-06
269, 571, 1.1791461559031727e-06
157, 474, 1.1677279781206964e-06
248, 728, 1.1547183006290283e-06
344, 699, 1.141694193986788e-06
686, 728, 1.1115125915382972e-06
344, 728, 1.1108635205427072e-06
248, 950, 1.0321418801785288e-06
278, 474, 1.0228666896928625e-06
344, 950, 9.928572432671094e-07
408, 487, 9.371486212764171e-07
515, 699, 9.32871720442856e-07
630, 775, 9.213912511759193e-07
176, 699, 9.094724955144359e-07
474, 485, 9.011669976891786e-07
269, 959, 8.913550084862038e-07
176, 728, 8.84967396051464e-07
278, 415, 8.747913315999934e-07
320, 759, 8.434581429306115e-07
408, 959, 8.318427940387012e-07
474, 571, 8.166057713273865e-07
248, 252, 8.147337358799143e-07
176, 950, 7.910431579496821e-07
320, 566, 7.805713647269419e-07
132, -1, 7.73493449794614e-07
0, 775, 7.719822532791599e-07
269, 858, 7.458107729081472e-07
515, 728, 7.384070645054686e-07
320, 675, 7.252365781477856e-07
408, 858, 6.958666409111742e-07
157, 485, 6.808890582759389e-07
290, 474, 6.765469143965869e-07
515, 950, 6.617662570391161e-07
252, 474, 6.49436747148605e-07
269, 948, 6.344372061481302e-07
239, 584, 6.330769141620638e-07
157, 415, 6.298246691025339e-07
248, 759, 6.118471322926156e-07
248, 320, 6.056459892354355e-07
408, 948, 5.920783674067796e-07
344, 759, 5.886099311340955e-07
269, 487, 5.8808075892864e-07
290, 415, 5.777966702005972e-07
248, 566, 5.658114540995646e-07
278, 485, 5.511430033463114e-07
344, 566, 5.455390542729661e-07
248, 675, 5.260888454187761e-07
176, 278, 5.206951221410119e-07
854, 858, 5.136040205526168e-07
344, 675, 5.061246893046321e-07
252, 415, 5.05850481099507e-07
515, 675, 4.982679700814721e-07
439, 487, 4.903103772400273e-07
176, 320, 4.844757791040944e-07
176, 759, 4.6891502728552295e-07
176, 566, 4.336324686861741e-07
991, -1, 4.3271936673537596e-07
591, 777, 4.323753332628719e-07
791, 959, 4.07653080070242e-07
666, 777, 4.059502715010963e-07
176, 675, 4.0233966902167113e-07
515, 759, 3.9110562881403565e-07
439, 584, 3.8244237638742193e-07
252, 485, 3.7867899593514905e-07
157, 699, 3.64950973642839e-07
290, 485, 3.628270875723213e-07
269, 278, 3.59659556016556e-07
157, 728, 3.549982811065875e-07
791, 858, 3.5372762657049363e-07
239, 611, 3.4630294010700757e-07
157, 950, 3.1787836602966213e-07
791, 948, 3.170494266782257e-07
875, -1, 2.985232402771119e-07
239, 768, 2.96732701260621e-07
278, 699, 2.855655093737655e-07
474, 959, 2.851416897345218e-07
278, 728, 2.7777776274745477e-07
515, 566, 2.5175700494198175e-07
278, 950, 2.486930980961229e-07
474, 858, 2.3849027630692886e-07
474, 948, 2.0298418674785394e-07
252, 699, 2.0296782794701738e-07
686, 699, 2.0253133453077368e-07
571, 858, 2.0158295345163283e-07
571, 959, 1.989836493278272e-07
252, 728, 1.974326286128613e-07
591, 775, 1.9333024761770703e-07
157, 278, 1.9004135661231643e-07
157, 759, 1.8751648339361706e-07
666, 775, 1.805476259496888e-07
408, 584, 1.8043375532851003e-07
252, 950, 1.7672394439427872e-07
157, 566, 1.7425960712811511e-07
439, 611, 1.7403615583336918e-07
899, -1, 1.7282440747909383e-07
290, 699, 1.7243679940759213e-07
832, 959, 1.7167969267807627e-07
439, 768, 1.6805562716567467e-07
157, 320, 1.6740761592258764e-07
290, 728, 1.6455015013596342e-07
269, 584, 1.638375868672593e-07
157, 675, 1.6163175470752613e-07
290, 950, 1.4997876827898523e-07
278, 759, 1.4672721533462942e-07
132, 345, 1.417868741842347e-07
571, 948, 1.4069981576286908e-07
591, 611, 1.3922493132687202e-07
278, 566, 1.3571952344250726e-07
832, 948, 1.3206020543736338e-07
278, 675, 1.2647302705705608e-07
686, 858, 1.1764492426062445e-07
252, 759, 1.0428746896812785e-07
252, 566, 9.645917512943536e-08
252, 320, 9.206425069069965e-08
252, 675, 8.989165271376296e-08
269, 611, 8.962171382803672e-08
290, 759, 8.860023555987747e-08
686, 959, 8.575528219659639e-08
239, 777, 8.5749696179329e-08
320, 571, 8.482836633858239e-08
474, 584, 8.358549946085755e-08
290, 566, 8.195179534198588e-08
408, 611, 8.08976656809941e-08
269, 768, 7.679314887590107e-08
290, 675, 7.636988109990635e-08
875, 950, 7.028992491508109e-08
248, 278, 6.520698502602832e-08
408, 768, 6.482338574645574e-08
320, 959, 6.407948805766187e-08
248, 571, 6.14897664760044e-08
686, 948, 6.108921966952388e-08
344, 571, 5.928525603657657e-08
320, 487, 5.917228795679828e-08
320, 858, 5.36188213456939e-08
344, 487, 4.9949708099341076e-08
439, 777, 4.969729297217542e-08
176, 571, 4.712529323596835e-08
320, 948, 4.5611804558510095e-08
239, 775, 4.454361614001763e-08
248, 858, 3.889525799500377e-08
278, 320, 3.875362890598903e-08
474, 611, 3.86951606251769e-08
344, 858, 3.741634131852192e-08
515, 571, 3.452940662376219e-08
248, 487, 3.0669378441982007e-08
176, 858, 2.9809032356928755e-08
515, 858, 2.4926537755716843e-08
176, 487, 2.3504780311815136e-08
269, 777, 2.179873850874474e-08
132, 366, 2.065750848489722e-08
157, 571, 1.8937331045541007e-08
408, 777, 1.840096487542163e-08
278, 571, 1.4818013861477956e-08
527, 699, 1.407907307526437e-08
832, 858, 1.253162919706391e-08
157, 858, 1.1978949671987416e-08
320, 584, 1.1778433920822173e-08
290, 320, 1.1544553709972154e-08
474, 487, 1.0758990426259844e-08
252, 571, 9.784421564597102e-09
157, 487, 9.445540162851287e-09
278, 858, 9.372906986284615e-09
252, 278, 8.779535132308648e-09
248, 584, 8.544112209663178e-09
290, 571, 8.312619569906229e-09
344, 584, 8.219617342141248e-09
132, 240, 7.779013453046799e-09
132, 252, 7.725293539282624e-09
571, 611, 7.56247193515434e-09
278, 487, 7.541239193138869e-09
527, 675, 7.3534154427401756e-09
252, 858, 6.6618995878085206e-09
515, 584, 6.6056942519263075e-09
176, 584, 6.548143152869487e-09
320, 611, 6.360869281223331e-09
290, 858, 5.658847588783608e-09
132, 186, 5.561609500744665e-09
515, 611, 5.39539410168931e-09
252, 487, 5.2531460637133734e-09
290, 487, 4.959006547477761e-09
239, 591, 4.7275672587637805e-09
248, 611, 4.614194149673309e-09
344, 611, 4.4389527339970205e-09
248, 948, 4.353045556417245e-09
344, 948, 4.187529449860078e-09
176, 611, 3.536283593399205e-09
571, 584, 2.7789268703851237e-09
439, 591, 2.7005593507385803e-09
157, 584, 2.6314377627093864e-09
157, 200, 2.275284724415976e-09
527, 566, 2.1457627989373727e-09
278, 584, 2.0590378416934028e-09
176, 200, 1.8400518584991685e-09
248, 959, 1.5149510390180728e-09
252, 584, 1.4634765917834757e-09
344, 959, 1.456939344214721e-09
157, 611, 1.4082450347810878e-09
408, 591, 1.2761633217486255e-09
290, 584, 1.2433360599441758e-09
269, 591, 1.2234741057549304e-09
278, 611, 1.101918448569188e-09
132, 474, 7.978614696747046e-10
157, 176, 6.22627325616342e-10
474, 591, 5.99718055548931e-10
157, 161, 5.992754960747642e-10
132, 485, 4.694008715356036e-10
108, 345, 4.2461200267296034e-10
132, 415, 4.239854022900392e-10
157, 179, 4.1362449269586103e-10
118, 345, 3.5472822482205983e-10
176, 179, 3.418565958235946e-10
527, 571, 3.05993380536526e-10
132, 141, 2.3404294222167603e-10
93, 345, 1.8225557652148744e-10
132, 566, 1.1609115075788551e-10
132, 278, 1.1105386247600274e-10
132, 320, 9.457180505728348e-11
320, 591, 8.757114478987794e-11
527, 584, 7.289051292729042e-11
248, 591, 6.352437789633961e-11
108, 366, 6.191029833661128e-11
344, 591, 6.111180019557247e-11
515, 591, 5.9182311637265e-11
118, 366, 5.172093602842613e-11
176, 591, 4.86846040823015e-11
108, 186, 3.987448474990907e-11
571, 591, 3.1251103716701277e-11
132, 157, 3.088880883074596e-11
93, 366, 2.6573665004583053e-11
118, 186, 2.5682635160573e-11
93, 186, 2.0224911021326778e-11
108, 240, 2.0062829934536747e-11
157, 591, 1.9564402099026182e-11
108, 252, 1.9456856059215922e-11
118, 240, 1.8013484555760112e-11
118, 252, 1.7582678716847214e-11
85, 345, 1.5512041138910397e-11
278, 591, 1.530868213676603e-11
132, 571, 1.2442663439640856e-11
83, 345, 1.1399229117616522e-11
252, 591, 1.0880760666246627e-11
290, 591, 9.244044060506714e-12
93, 240, 7.655144381752733e-12
93, 252, 7.41088164667387e-12
132, 487, 6.680470013380197e-12
527, 728, 5.492627044523399e-12
132, 200, 5.080697062407526e-12
93, 141, 3.0803929828880517e-12
108, 141, 3.0443274026444798e-12
108, 474, 2.4941743991041943e-12
85, 366, 2.2599093160628057e-12
118, 474, 2.083676512725203e-12
132, 176, 1.933623939715287e-12
132, 584, 1.861041321157514e-12
132, 161, 1.839640281449173e-12
85, 186, 1.7317496929742865e-12
83, 366, 1.660724326872531e-12
108, 485, 1.4084266131573426e-12
118, 141, 1.3944991748128333e-12
108, 415, 1.3254077817583274e-12
83, 186, 1.2669674978635861e-12
132, 179, 1.2658346800526372e-12
118, 485, 1.1766239982204477e-12
118, 415, 1.107268627897446e-12
93, 474, 1.0118941195295335e-12
527, 591, 7.242654209809317e-13
85, 240, 6.112469870812182e-13
93, 485, 6.045368542417416e-13
85, 252, 5.923227808555873e-13
93, 415, 5.252675578582143e-13
83, 240, 4.4211290758082827e-13
252, 611, 4.389519559982262e-13
83, 252, 4.2852273773535615e-13
85, 141, 3.910743799864432e-13
108, 157, 3.881010190569893e-13
290, 611, 3.7292348817860065e-13
93, 157, 3.297447057563683e-13
83, 141, 3.146349825781151e-13
108, 278, 2.87142172321181e-13
118, 278, 2.5945026884362835e-13
108, 320, 2.345430086173005e-13
118, 320, 2.0994325133224806e-13
118, 157, 1.8587054387906093e-13
108, 566, 1.805570996164552e-13
118, 566, 1.5084052976075513e-13
93, 278, 1.0957291542548169e-13
93, 320, 1.0067254572536002e-13
93, 108, 4.8550096500750337e-14
527, 611, 4.797483014702334e-14
85, 474, 3.7677699114545697e-14
85, 157, 3.6360873784294016e-14
93, 122, 3.160855245936015e-14
108, 122, 3.005583802552068e-14
83, 157, 2.814652128205048e-14
83, 474, 2.7687956793382544e-14
85, 485, 2.69000415413862e-14
108, 200, 2.424159825203678e-14
108, 161, 2.2270820096974728e-14
83, 485, 1.976785221607546e-14
118, 200, 1.843479973315046e-14
108, 176, 1.804373523451349e-14
93, 161, 1.7748195641776054e-14
118, 122, 1.4174068458077971e-14
132, 591, 1.3724554719844458e-14
85, 415, 1.2270154781328675e-14
108, 487, 1.1154874356128081e-14
108, 179, 1.0977768844691422e-14
118, 161, 1.0941149862816601e-14
93, 176, 1.091609214402226e-14
93, 200, 1.0319296467269491e-14
118, 176, 1.0258874969406585e-14
118, 487, 9.318975331722025e-15
83, 415, 9.016885940956785e-15
85, 108, 6.6535898678919784e-15
118, 179, 6.4724224773375786e-15
93, 179, 6.282532339585339e-15
83, 108, 5.5143317438736245e-15
93, 487, 4.787990080362241e-15
85, 122, 4.334581273797866e-15
85, 320, 4.071896638400767e-15
83, 122, 3.580364015617401e-15
83, 320, 2.9922872372966944e-15
85, 278, 2.364680604848145e-15
85, 161, 1.812764342961355e-15
83, 278, 1.7118880370391357e-15
83, 161, 1.3890356961642668e-15
85, 176, 9.570388891564508e-16
85, 200, 7.993579772113374e-16
83, 176, 7.096524036159985e-16
83, 200, 5.802603393395511e-16
85, 179, 5.375109343523519e-16
85, 487, 4.075129031265446e-16
93, 97, 3.116109993306442e-16
83, 487, 2.994662604054213e-16
85, 93, 2.7601681225480273e-16
83, 93, 2.2743442477332843e-16
83, 179, 1.6293068794442823e-16
85, 97, 4.180709627062244e-17
83, 97, 3.4525917725752293e-17
83, 85, 1.7940410486540177e-17
85, 88, 1.1826211600659943e-17
83, 88, 9.711539035886038e-18
