Gene = AT2G35900
index = 404
Annotated 5SS: [498]
Annotated 3SS: [1256]
SMsplice 5SS: [498 851]
SMsplice 3SS: [ 750 1256]
length: 1958
Partition function (logZ) = -5.079093402580858
#Exons = 1246
3SS, 5SS, prob
0, 498, 0.9778219830788503
750, 851, 0.9029050154215166
1256, -1, 0.7508527319163565
930, -1, 0.06951913941366754
934, -1, 0.06329978308917612
596, 851, 0.03274535036699098
1285, -1, 0.03055220493336761
1256, 1632, 0.030247513851184123
930, 1092, 0.022852617449178023
934, 1092, 0.021905676574823386
750, -1, 0.018840987902301886
1732, -1, 0.01643385010035052
930, 1047, 0.016012215788868966
934, 1047, 0.015232098337692937
1735, -1, 0.013255287085355243
596, 672, 0.01001923134878036
0, 851, 0.008550106366962358
678, 851, 0.008471773264719536
1212, -1, 0.006942501270081914
969, -1, 0.00582866871082551
1749, -1, 0.004602654366404134
596, -1, 0.003230993411730077
0, 444, 0.0032151368449819264
0, 169, 0.0031560260932359755
969, 1092, 0.0031461565848971973
973, -1, 0.002838059435487601
730, 851, 0.0027521134690040054
953, -1, 0.002560993355400966
930, 1172, 0.0025543593061604264
934, 1172, 0.002372482321011375
930, 1008, 0.0020805411849980464
0, 403, 0.0019386952894575838
1155, -1, 0.0018188964839229607
930, 1051, 0.0018030296066739928
934, 1008, 0.0017683655121425086
286, 498, 0.0017497456763599056
750, 1092, 0.0017361078272294698
934, 1051, 0.001718770805388388
754, 851, 0.0017167155495207715
0, 504, 0.0016690179523882655
596, 667, 0.0016518289980367495
973, 1092, 0.0016058773439950797
930, 1143, 0.0015280759513111534
969, 1047, 0.0014735087362217959
934, 1143, 0.0014481434410011874
930, 969, 0.001381494644934952
1285, 1632, 0.0013596886186809615
1267, -1, 0.0012248791944563448
953, 1092, 0.0011337825868099499
750, 949, 0.001086579934686777
596, 620, 0.0010720729342598447
596, 658, 0.001045405488613973
934, 969, 0.0010143924497204254
930, 949, 0.0009733721376796209
750, 802, 0.0008638361764594494
750, 1047, 0.0008608665702537975
1111, -1, 0.0008212788795166834
0, 488, 0.0008108923419690947
930, 1075, 0.000760919839766366
934, 1075, 0.0007296289953403276
934, 949, 0.0007133434397017215
953, 1047, 0.000709338861918461
899, -1, 0.0006792982326309378
973, 1047, 0.0006700655065030027
930, 1029, 0.0006657686743774727
0, 620, 0.0006505797208179488
930, 1085, 0.0006472734618924552
0, 672, 0.0006317223751797884
934, 1085, 0.0006206646685327903
934, 1029, 0.0006167163924327264
930, 1632, 0.0006064180638854761
1161, -1, 0.0005754508566796536
1428, -1, 0.0005645494075517217
934, 1632, 0.0005632414407261148
995, -1, 0.000558502960879228
1385, -1, 0.0005122424563123815
939, -1, 0.000460595895012845
930, 1189, 0.00046021998737342325
1309, -1, 0.0004399660153511081
934, 1189, 0.00042745212568109535
750, 969, 0.00042444090451406564
678, -1, 0.0004149029035885119
930, 1021, 0.0004024457124305101
995, 1092, 0.0003851169287958039
1952, -1, 0.0003769603308234216
934, 1021, 0.0003630714872044799
1760, -1, 0.0003502575660720102
992, -1, 0.00035009064429800005
1450, -1, 0.00033653451359640037
930, 1066, 0.00031505760227120604
605, 851, 0.000308848889163408
1178, -1, 0.00030759988657455296
260, 498, 0.0003027437312897601
934, 1066, 0.00030173863989573884
750, 859, 0.00030102691732634957
1256, 1635, 0.0002814440913668707
750, 1172, 0.00027796667179045073
1344, -1, 0.0002689506914014895
969, 1172, 0.0002676212222271076
1256, 1537, 0.00026512590886746513
596, 664, 0.00025533048143089624
596, 624, 0.00025394297622462593
930, 1055, 0.00024818514615147845
1256, 1621, 0.0002463037279701204
992, 1092, 0.00023758512540996866
1212, 1632, 0.00023756459724126055
934, 1055, 0.0002369655392328014
0, 598, 0.00023206064146906536
0, 430, 0.0002313705474654825
750, 873, 0.00023077376528631203
1314, -1, 0.0002222523061123576
596, 642, 0.00021403471233650734
969, 1143, 0.00020601433054692688
969, 1051, 0.00018242416266738468
939, 1092, 0.00017038023181918568
750, 1143, 0.00016849775712057152
0, 200, 0.0001580149448440959
899, 1092, 0.00015198223638549784
1256, 1318, 0.00015046258537046515
750, 809, 0.00014066228137580563
596, 1092, 0.0001383005902217149
1294, -1, 0.0001381910338090989
973, 1172, 0.00013676434553646586
1256, 1674, 0.0001339677617542697
750, 1008, 0.00012261523731641336
0, 624, 0.0001221961133410285
939, 1047, 0.00011682527156712037
0, 667, 0.00011562036780774723
758, 851, 0.00011494738268873354
750, 930, 0.00011364142589105507
0, 1092, 0.00011333704292105702
930, 1145, 0.000113228605070183
596, 598, 0.00011195366176400201
1502, -1, 0.00010847829079114206
899, 1047, 0.00010723817010314822
934, 1145, 0.00010591466335587979
953, 1172, 0.00010250240827354158
973, 1143, 0.0001021833058293629
969, 1075, 0.00010086379647501757
698, 851, 0.00010019097873366588
750, 1051, 9.837188045931866e-05
596, 802, 9.832911951561802e-05
998, -1, 9.701109042455826e-05
0, 658, 9.537066076950258e-05
0, 502, 9.116607106526282e-05
969, 1085, 8.824703279064146e-05
973, 1051, 8.461769882914168e-05
953, 1051, 8.242499843989868e-05
1111, 1172, 8.081984824421678e-05
596, 949, 7.905912732590847e-05
605, 672, 7.350140980888515e-05
1949, -1, 7.293855341086107e-05
953, 1143, 7.182827171943321e-05
1021, -1, 6.98104929711305e-05
998, 1092, 6.889391697383132e-05
730, -1, 6.872200546440113e-05
596, 1047, 6.857237757309446e-05
685, 851, 6.801654372221003e-05
750, 1632, 6.720135108832468e-05
995, 1047, 6.35856492514392e-05
969, 1632, 6.170357438296422e-05
825, 851, 6.046303602194191e-05
263, 498, 5.95039956090877e-05
0, 1632, 5.949414463838153e-05
1483, -1, 5.454266529389925e-05
1267, 1632, 5.1830092035529395e-05
973, 1075, 5.0741096151386096e-05
899, 949, 5.010796863296171e-05
750, 1189, 4.996525634783687e-05
930, 1121, 4.9668552618776904e-05
899, 969, 4.910495848576735e-05
243, 498, 4.8863132312870664e-05
1155, 1632, 4.8484280529830714e-05
934, 1121, 4.7581566823467765e-05
750, 1075, 4.745724017547259e-05
969, 1189, 4.5457506894100555e-05
992, 1047, 4.5412812277288175e-05
973, 1085, 4.488098118886105e-05
750, 1085, 4.397429022487135e-05
750, 780, 4.3937370923893755e-05
0, 1047, 4.386971872696898e-05
1428, 1632, 4.2490169425384246e-05
614, 851, 4.188976179471074e-05
969, 1008, 4.111862852529831e-05
328, 498, 4.10824757201736e-05
1021, 1092, 4.090924089871902e-05
969, 1066, 3.9551319218491783e-05
953, 1008, 3.930446304781457e-05
0, 642, 3.8916489196041875e-05
1287, -1, 3.8550792775031815e-05
0, 76, 3.7367198549149476e-05
692, 851, 3.699658535744544e-05
953, 1075, 3.69941584490512e-05
678, 802, 3.5690072011722125e-05
995, 1172, 3.541266808893751e-05
754, -1, 3.390439030158575e-05
1450, 1632, 3.3853665191359774e-05
596, 969, 3.381056970127589e-05
969, 1029, 3.251718569924578e-05
0, 949, 3.16818061828641e-05
750, 1029, 3.162250881929609e-05
1385, 1632, 3.130593117957528e-05
953, 1085, 3.11919526284581e-05
973, 1632, 3.0656350060588765e-05
1536, -1, 2.9713001681085157e-05
1297, -1, 2.9081754743789552e-05
605, -1, 2.8936700283159628e-05
635, 851, 2.8366755187042196e-05
596, 628, 2.7753152109936365e-05
0, 1172, 2.7397518427385282e-05
678, 1092, 2.677305927662194e-05
969, 1055, 2.6741013683855952e-05
995, 1143, 2.6631126727323713e-05
1673, -1, 2.5268071087537328e-05
953, 1632, 2.4754994974601496e-05
1502, 1632, 2.471810510237771e-05
1111, 1189, 2.408978251542352e-05
642, 851, 2.3462766874635978e-05
0, 448, 2.331434093750797e-05
1350, -1, 2.2830269997434868e-05
973, 1189, 2.2570259885763916e-05
596, 1172, 2.2554873180383892e-05
930, 1027, 2.2403041336394355e-05
953, 1029, 2.153272166278855e-05
1309, 1632, 2.1522428052515025e-05
992, 1172, 2.137020290127876e-05
596, 780, 2.0711246842536525e-05
934, 1027, 2.0643237253857425e-05
899, 1008, 2.0080234235843565e-05
1870, -1, 1.911183503245476e-05
750, 1021, 1.9063824455362918e-05
0, 664, 1.8911914807982813e-05
973, 1066, 1.8881375724839724e-05
953, 1189, 1.852231020000405e-05
0, 802, 1.8471976690918886e-05
1075, -1, 1.8095920051497982e-05
750, 1066, 1.7927879343584174e-05
1111, 1632, 1.7723053271238186e-05
939, 1172, 1.7244200208710954e-05
992, 1143, 1.6059315778102136e-05
1161, 1632, 1.572107510464395e-05
973, 1008, 1.5633638070483837e-05
1040, -1, 1.550504585102644e-05
1299, -1, 1.540957697961979e-05
678, 949, 1.530521341520167e-05
1155, 1172, 1.5054528801754231e-05
969, 1145, 1.4971141514678185e-05
0, 969, 1.4949694239902359e-05
953, 1066, 1.4852559242582523e-05
414, 498, 1.4687104123429485e-05
1344, 1632, 1.451302319652373e-05
899, 1172, 1.4292517700195861e-05
1256, 1344, 1.4091925034222348e-05
0, 1143, 1.4082997857948358e-05
953, 969, 1.4063506059865522e-05
596, 1143, 1.342726468683812e-05
969, 1021, 1.339270587322523e-05
678, 1047, 1.3275151336398819e-05
750, 1055, 1.3140260009284009e-05
973, 1029, 1.3112594011841343e-05
939, 1051, 1.2879443199003584e-05
899, 1143, 1.2836051915912101e-05
750, 896, 1.277996912571282e-05
1285, 1635, 1.2658127859734912e-05
750, 1145, 1.2452398514968557e-05
973, 1055, 1.2420522552124946e-05
1285, 1537, 1.1925015734310746e-05
899, 1051, 1.1855199515386413e-05
750, 799, 1.1457447798049339e-05
605, 667, 1.1447341286439265e-05
825, -1, 1.1342095506688515e-05
953, 1055, 1.1288414185858895e-05
596, 859, 1.1222419620810545e-05
596, 809, 1.1215789976054309e-05
939, 1008, 1.1189094649613202e-05
620, 851, 1.1181102849640854e-05
1285, 1621, 1.1078027844620183e-05
1314, 1632, 1.098347954534063e-05
939, 1143, 1.0899848063492383e-05
930, 1193, 1.08571065921112e-05
953, 1021, 1.064755705231664e-05
0, 628, 1.0599380052764529e-05
0, 46, 1.0351225993175841e-05
286, 444, 1.0291110932932408e-05
1418, -1, 1.0279503933152336e-05
286, 403, 1.0180775318248683e-05
934, 1193, 1.0088444771347374e-05
596, 1008, 9.76511397791712e-06
995, 1085, 9.733306185831802e-06
145, 498, 9.716029271049678e-06
998, 1047, 9.445942880246099e-06
1111, 1143, 9.442029302348102e-06
995, 1075, 9.415959202999227e-06
596, 873, 9.351450979915471e-06
1155, 1189, 9.313622707928286e-06
1483, 1632, 9.28791237848111e-06
1178, 1632, 9.24601452831563e-06
995, 1051, 8.597624238250994e-06
930, 978, 8.288316795178858e-06
1536, 1632, 8.21894373460006e-06
1006, -1, 8.182963536604847e-06
596, 1051, 7.833993832918906e-06
750, 812, 7.71256553081889e-06
973, 1145, 7.668891187843973e-06
596, 930, 7.285980912658954e-06
678, 780, 7.1865199045613575e-06
0, 400, 7.074704439249482e-06
614, 672, 7.011870647443026e-06
969, 1121, 6.8238998617710315e-06
605, 658, 6.595479495113349e-06
678, 969, 6.545595318499703e-06
995, 1632, 6.480776173266926e-06
1294, 1632, 6.423841747700861e-06
730, 802, 6.368458388521927e-06
361, 498, 6.322195981115516e-06
934, 978, 6.190976468785746e-06
992, 1085, 6.102754217242919e-06
992, 1075, 6.092163171952664e-06
992, 1051, 6.0747780637471834e-06
1285, 1674, 6.024944106962975e-06
605, 620, 5.913465866362983e-06
0, 173, 5.829795866126126e-06
730, 1092, 5.79753321671098e-06
563, 851, 5.702427470109015e-06
1006, 1092, 5.623437494295185e-06
930, 1635, 5.616581615874597e-06
995, 1189, 5.615269518727532e-06
939, 1075, 5.524678294685489e-06
939, 969, 5.4728238848457575e-06
1256, 1781, 5.4687330078145355e-06
930, 1537, 5.426526977093084e-06
973, 1021, 5.407017422953862e-06
953, 1145, 5.393198592724486e-06
1954, -1, 5.362671473811549e-06
596, 1632, 5.3535234116828525e-06
266, 498, 5.249935208265853e-06
0, 1008, 5.2467779432106796e-06
934, 1635, 5.2189607883333e-06
0, 1051, 5.17747676427228e-06
899, 1632, 5.095786435500163e-06
934, 1537, 5.0423355647860794e-06
930, 1621, 4.919845836574291e-06
978, -1, 4.906433301065302e-06
998, 1143, 4.902811970152532e-06
1021, 1143, 4.818521811156852e-06
899, 1075, 4.8136520640834666e-06
596, 758, 4.706018084025183e-06
939, 1085, 4.702053256325303e-06
1325, -1, 4.6740868883974335e-06
899, 1029, 4.58980387277496e-06
750, 1121, 4.577343682981958e-06
934, 1621, 4.571549789849853e-06
1040, 1092, 4.493395964493831e-06
0, 1189, 4.421419530038917e-06
939, 1029, 4.39782695234495e-06
899, 1085, 4.119742918796346e-06
939, 1632, 4.090955996936412e-06
596, 1189, 4.054312191417509e-06
678, 809, 4.035803756606553e-06
992, 1632, 4.003984701770137e-06
873, -1, 3.884378183439968e-06
939, 949, 3.878040432437091e-06
596, 1075, 3.778647381592147e-06
286, 851, 3.769915335264096e-06
614, -1, 3.756316497021991e-06
698, -1, 3.734914756913344e-06
0, 228, 3.7005866333948765e-06
596, 1085, 3.5018176644287035e-06
973, 1121, 3.4982432844034724e-06
992, 1189, 3.3927268510809453e-06
730, 949, 3.3151738027373914e-06
754, 1092, 3.220095062154908e-06
0, 578, 3.1657636539895357e-06
939, 1189, 3.1160480109340476e-06
1732, 1781, 3.0969487737868006e-06
685, -1, 3.0149426054171235e-06
899, 1021, 2.985666241318916e-06
995, 1066, 2.9566565077434144e-06
1732, 1870, 2.94690162511511e-06
978, 1092, 2.9322985993911894e-06
0, 68, 2.890622347526944e-06
730, 1047, 2.8751117443557048e-06
596, 622, 2.8748552598442947e-06
930, 1318, 2.845234793517313e-06
286, 504, 2.8288869280411757e-06
678, 859, 2.72666714751608e-06
930, 1674, 2.6720020788441887e-06
934, 1318, 2.6437849019222844e-06
1735, 1870, 2.5877854506598492e-06
678, 1143, 2.5458176212084223e-06
596, 1029, 2.518347212015208e-06
939, 1021, 2.4890461131617415e-06
934, 1674, 2.4828401026736167e-06
953, 1121, 2.450756140296646e-06
0, 177, 2.394745770492506e-06
1781, -1, 2.333607295474913e-06
429, 498, 2.3094348437764083e-06
635, -1, 2.2882771388418924e-06
750, 758, 2.2834550487156444e-06
939, 1066, 2.2795692300079123e-06
1735, 1781, 2.2660553051170466e-06
758, -1, 2.241895229189152e-06
1212, 1635, 2.2070568992275707e-06
1212, 1318, 2.1769309726945894e-06
563, 672, 2.104496775316561e-06
899, 1189, 2.0972018871100895e-06
1212, 1537, 2.0783040405475296e-06
754, 949, 2.0779968483351754e-06
1021, 1047, 2.061265127388147e-06
678, 873, 2.0417531893324642e-06
992, 1066, 1.9785833771914664e-06
899, 1066, 1.9628525705848915e-06
1212, 1621, 1.9349179170073658e-06
678, 1008, 1.8904768604385734e-06
642, -1, 1.790913451913339e-06
939, 1055, 1.781268324472869e-06
1287, 1632, 1.7252951281655498e-06
605, 664, 1.7121843226623577e-06
825, 949, 1.7120370233388723e-06
998, 1085, 1.7091830081489908e-06
407, 498, 1.7037262809190637e-06
1507, 1632, 1.700221200389686e-06
1256, 1870, 1.6212765925702023e-06
998, 1075, 1.5987447904695522e-06
754, 1047, 1.5973485896095096e-06
286, -1, 1.5835824502620197e-06
596, 799, 1.574413078843653e-06
0, 332, 1.5663506050584963e-06
635, 672, 1.5635075794481442e-06
899, 1055, 1.5629763677408464e-06
286, 488, 1.5621476474401295e-06
0, 622, 1.5538341819189283e-06
596, 1021, 1.5462390459395736e-06
825, 1092, 1.526917874439624e-06
678, 1051, 1.5166111936035288e-06
692, -1, 1.4955970793704562e-06
1285, 1318, 1.4860270329224515e-06
260, 403, 1.4557845097878359e-06
596, 1066, 1.454120978645789e-06
260, 444, 1.453413573050637e-06
995, 1055, 1.4525566192445885e-06
1542, 1632, 1.4311569265111179e-06
730, 969, 1.4178074950456476e-06
678, 930, 1.4105456582150226e-06
620, 672, 1.4095200001820493e-06
605, 624, 1.3950316904660853e-06
1256, 1390, 1.389385250068681e-06
1161, 1189, 1.3585995311441323e-06
1540, 1632, 1.3575055142931444e-06
1297, 1632, 1.3434122339004616e-06
998, 1051, 1.3391353060385673e-06
1749, 1870, 1.3280839471432097e-06
754, 802, 1.3147282350902653e-06
605, 1092, 1.304118634576988e-06
1350, 1632, 1.2342270626575886e-06
605, 642, 1.2091951755857328e-06
678, 758, 1.2029017354161869e-06
563, 620, 1.1750365113135726e-06
998, 1632, 1.1652597176895943e-06
0, 293, 1.1493940987816426e-06
596, 1055, 1.0660090658813717e-06
899, 930, 1.054538040935846e-06
1212, 1674, 1.052238202860803e-06
614, 667, 1.0403707792904872e-06
678, 1632, 1.0360293945688417e-06
978, 1047, 1.0283175507464047e-06
992, 1055, 1.0127717564147439e-06
239, 498, 1.0014433851719003e-06
969, 1027, 9.997406878573649e-07
605, 802, 9.87922250486283e-07
620, -1, 9.727606837652898e-07
1021, 1632, 9.566585582916488e-07
995, 1008, 9.207027121325504e-07
1732, 1832, 9.160632482599688e-07
730, 809, 8.883613373228854e-07
730, 859, 8.880145770288885e-07
286, 430, 8.870295794498438e-07
995, 1029, 8.669955779211999e-07
642, 672, 8.353758485028885e-07
286, 620, 8.347986317749451e-07
0, 109, 8.018558705175232e-07
1021, 1085, 8.006332668356436e-07
754, 969, 7.879685264579743e-07
1735, 1832, 7.866231349097203e-07
1075, 1092, 7.805571220430329e-07
151, 498, 7.581647982013146e-07
605, 949, 7.456370277924936e-07
1428, 1537, 7.446521690290336e-07
678, 1075, 7.302394104371096e-07
825, 1047, 7.292160909565342e-07
1732, 1843, 7.193588398343582e-07
1299, 1632, 7.16275330246122e-07
953, 1027, 7.104636944350047e-07
1463, 1632, 6.959544176967157e-07
1418, 1632, 6.926393717722417e-07
420, 498, 6.902314594443115e-07
873, 949, 6.795208386049149e-07
992, 1008, 6.783525527781217e-07
678, 1085, 6.766807772493071e-07
730, 873, 6.639563941339133e-07
969, 1193, 6.565007148536456e-07
260, 851, 6.516015757462102e-07
563, -1, 6.499944724452648e-07
286, 672, 6.4849688578601e-07
873, 1092, 6.317164687944925e-07
825, 969, 6.288146570991838e-07
596, 896, 6.273909396744401e-07
1735, 1843, 6.262880356197015e-07
605, 1047, 6.216305200360722e-07
992, 1029, 6.150291160514151e-07
1732, 1861, 5.839484799331234e-07
678, 799, 5.718753855015854e-07
754, 859, 5.706749555906065e-07
1021, 1075, 5.659293562441855e-07
969, 1635, 5.636563773698694e-07
614, 658, 5.562964705843684e-07
596, 812, 5.434004930859924e-07
969, 1537, 5.409371076826546e-07
426, 498, 5.275988095877317e-07
1006, 1047, 5.180596605587332e-07
1735, 1861, 5.12008997071722e-07
1450, 1537, 5.004703127856994e-07
969, 1621, 4.985260678367755e-07
260, 504, 4.894596011077034e-07
678, 1029, 4.866623505512557e-07
614, 620, 4.752574805881662e-07
1749, 1781, 4.7172032397079976e-07
173, 498, 4.702001225785836e-07
730, 780, 4.6830768241690845e-07
1452, 1632, 4.681245487752395e-07
0, 809, 4.664045624835618e-07
1267, 1537, 4.541191562187834e-07
1256, 1832, 4.45622263611365e-07
754, 873, 4.411112295949744e-07
1385, 1537, 4.3297193398973255e-07
1155, 1537, 4.247729457077581e-07
551, 851, 4.1303857910765003e-07
973, 1027, 4.1174298916220183e-07
698, 802, 4.018809719233388e-07
563, 667, 4.01770871013215e-07
730, 1008, 3.933534759480111e-07
1267, 1621, 3.5950447748157184e-07
1267, 1635, 3.532910483851351e-07
563, 658, 3.484808980601651e-07
873, 969, 3.46542067908276e-07
0, 780, 3.4347814576699574e-07
260, -1, 3.393592797866163e-07
191, 498, 3.3828643511750987e-07
1749, 1832, 3.3261104059409803e-07
1256, 1861, 3.324812305154809e-07
1732, 1830, 3.251793809835493e-07
730, 930, 3.1908728057122167e-07
286, 598, 3.146870537171979e-07
0, 414, 3.0884023465676415e-07
1256, 1756, 3.0861807749128984e-07
1155, 1621, 3.076966201579183e-07
605, 969, 3.0645826975111496e-07
0, 859, 3.0585818923778053e-07
1285, 1344, 3.028155588362914e-07
1749, 1843, 2.9624848518300383e-07
263, 403, 2.930262585295358e-07
1155, 1318, 2.9268569595146566e-07
263, 444, 2.9237317675343845e-07
969, 1318, 2.857519169025907e-07
685, 802, 2.8411196122556386e-07
1735, 1830, 2.78141687859738e-07
1428, 1621, 2.7269874824930907e-07
969, 1674, 2.707529328897426e-07
973, 1537, 2.6856293994695354e-07
563, 624, 2.6155245225327906e-07
1749, 1861, 2.598079337945828e-07
260, 488, 2.522594209306443e-07
596, 692, 2.485505469219963e-07
1285, 1781, 2.4591298148987285e-07
973, 1621, 2.428238887020851e-07
328, 444, 2.4251204594744513e-07
1450, 1621, 2.381671972445785e-07
754, 809, 2.217239849202305e-07
953, 1537, 2.2042646625174167e-07
635, 667, 2.1741289363482406e-07
754, 930, 2.1285919752065976e-07
1732, 1841, 2.102486581857568e-07
605, 780, 2.094728581454128e-07
243, 444, 2.064637961370283e-07
243, 403, 2.0522161452380918e-07
1385, 1621, 2.0428242723743653e-07
620, 667, 2.0327210190016213e-07
953, 1621, 1.966715971256961e-07
678, 812, 1.9113393033243572e-07
1267, 1674, 1.890913996511371e-07
1732, 1785, 1.832627111876789e-07
1735, 1841, 1.82742478143634e-07
0, 873, 1.806043163605706e-07
1309, 1537, 1.6603068759303e-07
1155, 1674, 1.6066609098402488e-07
435, 498, 1.5857206782114207e-07
286, 502, 1.5657555081489797e-07
286, 624, 1.5636755481438646e-07
930, 1344, 1.5586072636210747e-07
1075, 1632, 1.532694962434508e-07
605, 628, 1.5236922576529046e-07
614, 664, 1.511679846526819e-07
692, 802, 1.4825633902319778e-07
328, 403, 1.4819937246507402e-07
934, 1344, 1.4482537916826974e-07
260, 620, 1.4443795016643085e-07
1267, 1318, 1.4362368814802795e-07
1111, 1537, 1.423958702695093e-07
551, 672, 1.4224012440308036e-07
973, 1318, 1.4186931125431058e-07
551, 620, 1.3569050138248666e-07
563, 598, 1.355257508059728e-07
1735, 1785, 1.3512284506439119e-07
1344, 1537, 1.3202808778338927e-07
563, 642, 1.316974879266159e-07
260, 430, 1.2493014749579917e-07
472, 498, 1.2219499726226507e-07
286, 667, 1.2157694460479729e-07
953, 1318, 1.1581767230535311e-07
642, 667, 1.1569738143552823e-07
1749, 1830, 1.1447964936574462e-07
750, 901, 1.1353799396822373e-07
0, 1075, 1.1265394617995514e-07
260, 672, 1.1219897679553073e-07
614, 624, 1.1157204493466822e-07
0, 1085, 1.0953825834207766e-07
635, 658, 1.0899919467506747e-07
930, 1781, 1.0896521752043559e-07
1161, 1537, 1.0607056876114177e-07
469, 498, 1.0581009154145091e-07
620, 658, 1.053241024428856e-07
286, 658, 1.0471501835312452e-07
596, 763, 1.0423328755643286e-07
0, 930, 1.0406792664828946e-07
934, 1781, 1.0125112326758383e-07
263, 504, 9.620281988229777e-08
614, 642, 9.582889772538909e-08
1212, 1344, 9.076641845262397e-08
0, 140, 9.0736450469193e-08
1314, 1537, 8.728296070492692e-08
1749, 1841, 8.509534721086864e-08
1161, 1318, 8.173402054410676e-08
1502, 1621, 8.089999253208151e-08
243, 504, 7.899925788812303e-08
0, 119, 7.581747808929122e-08
1285, 1390, 7.494950233461962e-08
286, 448, 7.281042133511468e-08
0, 104, 7.212429315372598e-08
750, 763, 7.022588106882499e-08
930, 964, 6.940390099817585e-08
563, 664, 6.855423224192991e-08
1111, 1318, 6.735673703549513e-08
328, 504, 6.338448832865799e-08
750, 978, 6.181552293179122e-08
0, 1029, 6.015155385580396e-08
642, 658, 5.8204199277614026e-08
596, 716, 5.819331705492038e-08
995, 1537, 5.622433281556615e-08
260, 598, 5.4447775292606516e-08
545, 620, 5.438763056473075e-08
452, 498, 5.2865590324921084e-08
614, 802, 5.1895118920466674e-08
934, 964, 5.0762515438321905e-08
263, 488, 4.958134967723993e-08
930, 973, 4.756638720387221e-08
605, 809, 4.7369944782814954e-08
545, 672, 4.6571817995072356e-08
286, 642, 4.6143668980012805e-08
1256, 1785, 4.601436628523816e-08
635, 802, 4.075621802032337e-08
243, 488, 4.0714917030350535e-08
995, 1121, 3.9750044153244615e-08
545, 851, 3.970147815522873e-08
286, 400, 3.8929183977749235e-08
1178, 1318, 3.8346183023696395e-08
145, 444, 3.804166365409731e-08
1294, 1537, 3.708008663944234e-08
328, 488, 3.7023859615952644e-08
263, 851, 3.532146517458219e-08
934, 973, 3.514894854517125e-08
0, 799, 3.5061627984896245e-08
642, 802, 3.490524211751884e-08
145, 169, 3.476379881754047e-08
1212, 1781, 3.434239838000604e-08
635, 664, 3.0757731561320436e-08
193, 498, 3.0633350238338686e-08
678, 763, 2.9757129243507183e-08
620, 664, 2.9202247315999337e-08
243, 851, 2.898480975293666e-08
1749, 1785, 2.8596015130011913e-08
730, 799, 2.8450414068867573e-08
551, 624, 2.839721195889924e-08
263, 620, 2.8386812840290814e-08
361, 444, 2.8067570020912177e-08
145, 403, 2.759765257398236e-08
551, 667, 2.753863469789189e-08
0, 758, 2.7466891104226553e-08
260, 502, 2.7091010915076005e-08
260, 624, 2.705431630418467e-08
266, 403, 2.646981066511012e-08
266, 444, 2.6403621470373067e-08
563, 628, 2.6183877445561464e-08
758, 802, 2.569293971520168e-08
263, 430, 2.5137464962804386e-08
414, 504, 2.510998344167887e-08
551, 658, 2.487772857272908e-08
243, 620, 2.3308673582710703e-08
263, 672, 2.2051444301288616e-08
620, 624, 2.120737660160301e-08
260, 667, 2.1034666367250433e-08
286, 664, 2.05934497493839e-08
1760, 1781, 2.0362837375978658e-08
328, 430, 1.993319970496219e-08
698, 809, 1.963502706934554e-08
551, 598, 1.950663877358614e-08
1178, 1537, 1.907703487242234e-08
635, 642, 1.8785762245019815e-08
730, 812, 1.861963830322381e-08
605, 859, 1.837960207207254e-08
260, 658, 1.811713483803525e-08
243, 672, 1.8108073518993034e-08
930, 1390, 1.7977920031117233e-08
620, 642, 1.7828052988002913e-08
328, 851, 1.7692333029875137e-08
243, 430, 1.7672077208326187e-08
0, 812, 1.731063963437192e-08
934, 1390, 1.6705026707501397e-08
642, 664, 1.6364530094739256e-08
605, 622, 1.5791458876742306e-08
145, 504, 1.5708518383768977e-08
998, 1066, 1.5116754651777698e-08
328, 620, 1.433449925648444e-08
620, 802, 1.4286358523046828e-08
1285, 1756, 1.3879025635298035e-08
685, 809, 1.3669918118615423e-08
286, 628, 1.3441432392464672e-08
614, 628, 1.2099515670829539e-08
754, 780, 1.1828169916620131e-08
698, 780, 1.1785106236676543e-08
328, 672, 1.1136055968300979e-08
545, 624, 1.1073938505366939e-08
551, 642, 1.0998898527882055e-08
263, 598, 1.0700789174695536e-08
260, 448, 1.0291272641761097e-08
414, 488, 1.0171621057297123e-08
685, 780, 9.856518677498886e-09
361, 504, 9.748520677094907e-09
545, 598, 9.081679136807592e-09
545, 667, 9.043496190432763e-09
243, 598, 8.78721023617077e-09
266, 504, 8.487901640585822e-09
545, 658, 8.24340381288823e-09
145, 488, 8.095911781483208e-09
260, 642, 7.98315827297673e-09
228, 498, 7.935597517434403e-09
692, 809, 7.3616726818404275e-09
1212, 1390, 7.290691303767198e-09
995, 1021, 7.157506775891842e-09
614, 809, 6.8690640178385344e-09
873, 1047, 6.7937856340484785e-09
758, 859, 6.760537979680517e-09
0, 692, 6.616439518643609e-09
605, 873, 6.512247474069057e-09
414, 444, 5.947435780778924e-09
563, 802, 5.851376123705625e-09
825, 859, 5.7791047469395685e-09
145, 851, 5.703695778938388e-09
361, 488, 5.680416513378158e-09
260, 400, 5.598074393522481e-09
698, 859, 5.5622787812968954e-09
614, 780, 5.501845299001979e-09
635, 809, 5.465769770134455e-09
754, 799, 5.4443710981898184e-09
328, 598, 5.402723204247963e-09
145, 200, 5.401683925836061e-09
263, 502, 5.324712473908412e-09
263, 624, 5.316248911265077e-09
758, 809, 5.199675152505988e-09
754, 812, 5.068768616508203e-09
605, 799, 4.924458362896048e-09
692, 780, 4.891028610649195e-09
551, 664, 4.748239464659108e-09
642, 809, 4.679625420365309e-09
145, 620, 4.633936051777744e-09
502, 620, 4.606018913668778e-09
825, 873, 4.549775076799925e-09
635, 780, 4.40060794946612e-09
429, 504, 4.397765352586848e-09
266, 488, 4.374524777785053e-09
243, 502, 4.3725156333364035e-09
243, 624, 4.365565575440749e-09
361, 403, 4.323948272728474e-09
286, 578, 4.246017906137795e-09
414, 851, 4.176522354788216e-09
239, 444, 4.153530588009286e-09
263, 667, 4.1343061708045924e-09
239, 403, 4.116158623555137e-09
200, 498, 3.89250643766296e-09
286, 802, 3.870577919266136e-09
545, 642, 3.821229036798334e-09
685, 859, 3.7945231595706025e-09
642, 780, 3.770875787189008e-09
444, 498, 3.6675820978803738e-09
145, 672, 3.6006312927068435e-09
414, 620, 3.577814647530997e-09
328, 502, 3.563327588913998e-09
678, 896, 3.563283349697637e-09
260, 664, 3.5627424148704285e-09
263, 658, 3.560905651176052e-09
243, 667, 3.3945605858058016e-09
605, 758, 3.3385951066218547e-09
1021, 1051, 3.285465748181015e-09
0, 763, 3.2728850978813683e-09
992, 1021, 3.2447992991157844e-09
266, 851, 3.075150436464726e-09
286, 332, 3.0665545431464063e-09
563, 622, 3.065390338746448e-09
556, 672, 3.0548222317857347e-09
151, 444, 2.9978763802505807e-09
498, 620, 2.9883564314048457e-09
145, 430, 2.93275726743445e-09
243, 658, 2.923875846684862e-09
407, 504, 2.8026265288188278e-09
502, 851, 2.7635809165657534e-09
328, 624, 2.684662311135126e-09
551, 628, 2.6810360750384267e-09
414, 672, 2.668476393891324e-09
1267, 1390, 2.5909302945842504e-09
998, 1055, 2.524367479220301e-09
266, 620, 2.5037913363731814e-09
614, 859, 2.494715474429856e-09
502, 672, 2.4026618771909655e-09
556, 620, 2.369988802205324e-09
260, 628, 2.3255826869750116e-09
556, 851, 2.305711279776471e-09
620, 628, 2.2830744050539902e-09
266, 430, 2.2706052083427183e-09
758, 873, 2.245268171931379e-09
605, 812, 2.1814033246880803e-09
151, 403, 2.1748352172164013e-09
328, 667, 2.083489112911658e-09
263, 448, 2.0698664460106354e-09
692, 859, 2.059981092174831e-09
361, 851, 2.0469642145357796e-09
286, 622, 1.9971382926533696e-09
698, 799, 1.97056637472224e-09
266, 672, 1.9405591262041002e-09
151, 169, 1.9132006037965466e-09
620, 809, 1.9102607898727234e-09
678, 716, 1.8842935265274074e-09
502, 598, 1.880780789799722e-09
173, 444, 1.8590636651155808e-09
498, 851, 1.8277965971540774e-09
0, 716, 1.8085434228100992e-09
328, 658, 1.7953314591695919e-09
730, 758, 1.7760527790266436e-09
698, 873, 1.7637347299667455e-09
145, 598, 1.746778849564595e-09
328, 448, 1.726132103814735e-09
605, 692, 1.715303720173912e-09
361, 620, 1.6986080879385813e-09
635, 859, 1.688847072784686e-09
239, 504, 1.6350302464148503e-09
260, 332, 1.5980509135265489e-09
414, 598, 1.5876212968019727e-09
361, 430, 1.5847571014943435e-09
263, 642, 1.5690514211977536e-09
498, 672, 1.547528915248477e-09
620, 780, 1.5393590057451968e-09
243, 448, 1.4652734367689985e-09
685, 799, 1.4076680571812923e-09
414, 502, 1.3697649775444086e-09
642, 859, 1.3623198691354945e-09
678, 692, 1.3546239340886534e-09
173, 403, 1.348673542538323e-09
191, 444, 1.3375071373430745e-09
429, 488, 1.325330096256629e-09
243, 642, 1.28835454598221e-09
407, 488, 1.2787949837944331e-09
614, 622, 1.27087238130726e-09
498, 598, 1.2530752443073971e-09
420, 504, 1.2407131310761087e-09
151, 504, 1.2378357469536272e-09
998, 1029, 1.2170378163831596e-09
685, 873, 1.204571852155356e-09
263, 400, 1.12652640247461e-09
730, 896, 1.0887375345574834e-09
750, 1027, 1.032731837381412e-09
545, 628, 1.0151317592193648e-09
426, 504, 9.915519615417447e-10
407, 444, 9.840087080626051e-10
191, 403, 9.703059249337903e-10
266, 598, 9.438501264562097e-10
698, 812, 9.03225904287175e-10
614, 873, 8.826045446518797e-10
145, 502, 8.694479422433735e-10
429, 620, 8.683298057009675e-10
145, 624, 8.680343521386432e-10
239, 488, 8.427250825646339e-10
502, 624, 8.402921278113405e-10
563, 809, 8.199447150047782e-10
328, 642, 7.911262474160389e-10
243, 400, 7.890829695633751e-10
429, 851, 7.874174613125146e-10
998, 1008, 7.737578110063179e-10
173, 504, 7.676833866866003e-10
692, 799, 7.437892998715884e-10
260, 578, 7.346544006527059e-10
754, 896, 7.320769148895626e-10
596, 714, 7.242006778998748e-10
614, 799, 7.090311334211385e-10
596, 761, 6.698479141155241e-10
605, 763, 6.579557043303345e-10
260, 802, 6.55710971879899e-10
692, 873, 6.528279187968677e-10
414, 624, 6.520149807461887e-10
361, 598, 6.403215137419161e-10
151, 488, 6.380036298045797e-10
620, 859, 6.264872056477888e-10
685, 812, 6.259075558346855e-10
758, 780, 6.219296842878349e-10
750, 915, 6.121183981638991e-10
635, 873, 5.957062050334051e-10
472, 620, 5.751846406546256e-10
605, 716, 5.738402876957171e-10
635, 799, 5.65426838700755e-10
596, 901, 5.640052850428676e-10
191, 504, 5.523113749034451e-10
563, 578, 5.518136862572108e-10
685, 758, 5.50456275119362e-10
361, 502, 5.482124482120224e-10
498, 624, 5.443261661306954e-10
239, 851, 5.349539420423142e-10
429, 444, 5.272062795124824e-10
563, 780, 5.24106539980973e-10
328, 400, 5.157124173321065e-10
286, 809, 5.125024427771668e-10
556, 624, 5.104139771343299e-10
730, 763, 4.91619468904407e-10
614, 758, 4.873946321975929e-10
642, 799, 4.843505284783736e-10
239, 620, 4.822881613059697e-10
642, 873, 4.710656873857503e-10
266, 502, 4.697953323845493e-10
266, 624, 4.689824079619347e-10
698, 758, 4.672822625447296e-10
263, 628, 4.562632399026394e-10
420, 488, 4.4781149916260525e-10
678, 1021, 4.110725409048025e-10
151, 851, 4.0643708602752943e-10
469, 620, 4.05482438578175e-10
173, 488, 3.956783349100295e-10
750, 761, 3.9525722185562147e-10
407, 851, 3.939060998305199e-10
698, 949, 3.931626063028455e-10
551, 802, 3.906336157223846e-10
429, 598, 3.880355825978209e-10
472, 851, 3.8705181865850946e-10
635, 758, 3.8693318550651505e-10
243, 628, 3.7467152624048945e-10
407, 620, 3.739152921579048e-10
758, 949, 3.685553113970942e-10
151, 620, 3.645062714833711e-10
239, 430, 3.5479100584440794e-10
260, 622, 3.449522453814244e-10
243, 332, 3.4334011455136e-10
551, 622, 3.4284656155748146e-10
286, 780, 3.4030929940439886e-10
692, 812, 3.286063825223677e-10
642, 758, 3.2836526763913724e-10
435, 504, 3.191754410325256e-10
825, 896, 3.1904754378887236e-10
361, 624, 3.1762788220730524e-10
426, 488, 3.1724900045244056e-10
151, 200, 3.1530136481804567e-10
502, 504, 3.14318149791415e-10
556, 598, 3.0742935369383793e-10
685, 949, 2.9667158506699067e-10
614, 812, 2.9315401981549647e-10
263, 332, 2.877453954742548e-10
472, 504, 2.850583701529307e-10
191, 488, 2.846715833162633e-10
758, 799, 2.792383428692136e-10
145, 448, 2.777729605634311e-10
825, 930, 2.695819227808549e-10
698, 1092, 2.6387800157861713e-10
563, 859, 2.6338252691084073e-10
758, 812, 2.63315434627432e-10
498, 504, 2.614764538607439e-10
472, 598, 2.565562925959589e-10
469, 504, 2.4655129961246164e-10
754, 758, 2.4154356919638536e-10
635, 812, 2.3299425429678995e-10
429, 502, 2.316695658400061e-10
151, 430, 2.311178568486851e-10
692, 758, 2.2859869797248712e-10
420, 444, 2.1656179539901653e-10
361, 448, 2.1453020924077337e-10
614, 692, 2.0487592058458637e-10
642, 812, 1.9946436050732942e-10
414, 430, 1.9822171554027268e-10
754, 1008, 1.9568409585182934e-10
620, 799, 1.918095705696203e-10
266, 448, 1.8690316451780603e-10
678, 761, 1.8359726331400083e-10
750, 964, 1.7047613117184673e-10
750, 1193, 1.7038158075535416e-10
939, 1027, 1.70334730812361e-10
407, 502, 1.5471604040502831e-10
469, 851, 1.4466850978989319e-10
263, 578, 1.4439562493366618e-10
173, 430, 1.4333512302096598e-10
620, 758, 1.3529420242931241e-10
426, 444, 1.3306967876551248e-10
173, 851, 1.3069740168153656e-10
730, 1051, 1.2757601318903818e-10
685, 763, 1.2651272579195875e-10
1040, 1047, 1.2347882619677185e-10
193, 444, 1.2111646487036308e-10
545, 802, 1.2067604122121066e-10
452, 504, 1.1803700159737092e-10
698, 763, 1.1652927600615164e-10
678, 901, 1.0918990560818115e-10
825, 1008, 1.086505518096274e-10
750, 1635, 1.0381853491029411e-10
145, 400, 1.0362754724108602e-10
191, 430, 1.0312274596608321e-10
266, 400, 1.0172573730026193e-10
614, 763, 9.597245959778617e-11
239, 502, 9.050316255928065e-11
193, 403, 8.904733843067482e-11
435, 488, 8.568053555976385e-11
750, 1621, 8.528221047026346e-11
678, 1066, 8.412410773711746e-11
605, 930, 8.368500655366474e-11
614, 716, 8.077482805442736e-11
750, 1537, 7.75184575139634e-11
635, 763, 7.653018989909947e-11
605, 896, 7.585753132935655e-11
286, 859, 7.582694693758462e-11
635, 692, 6.95945650452413e-11
754, 763, 6.563218670006244e-11
642, 763, 6.516205706419743e-11
692, 763, 5.490892435742172e-11
173, 200, 5.486729235730908e-11
145, 173, 5.005887215098253e-11
635, 716, 4.863505154704254e-11
145, 228, 4.7334787890316094e-11
620, 692, 4.58568172307581e-11
260, 780, 4.542432922475667e-11
614, 949, 4.44835634631968e-11
563, 758, 4.210488181123038e-11
642, 692, 3.874161899368659e-11
145, 332, 3.819029929830305e-11
678, 1055, 3.815333398555345e-11
873, 930, 3.46792170632983e-11
642, 716, 3.420038098607797e-11
730, 901, 2.8115547898082803e-11
750, 1674, 2.6379504700907632e-11
145, 177, 2.585085987394287e-11
563, 692, 2.4914025545775715e-11
620, 763, 2.3340551696673718e-11
286, 758, 2.13680183702636e-11
678, 714, 2.0780011705844317e-11
620, 716, 2.0159429815096853e-11
635, 949, 1.7717624738720367e-11
758, 930, 1.631273824619395e-11
692, 949, 1.5434004634508935e-11
620, 873, 1.4523525455496969e-11
642, 949, 1.4362285467960991e-11
698, 1047, 1.435919446267509e-11
191, 200, 1.3601009770467418e-11
286, 293, 9.683593029018666e-12
469, 598, 9.66366871886028e-12
239, 598, 9.66061814151261e-12
754, 901, 9.06218380631818e-12
407, 598, 8.719401914380314e-12
685, 716, 7.889644899661853e-12
260, 293, 7.812200208714566e-12
151, 598, 7.313784255339639e-12
605, 714, 7.189519083957753e-12
698, 930, 7.0259586881486495e-12
620, 949, 6.9277773173631635e-12
605, 761, 6.782361281840725e-12
286, 692, 6.4944160139733075e-12
596, 1537, 6.290178620408116e-12
685, 930, 5.080317040541549e-12
286, 414, 4.622985298445413e-12
151, 502, 4.524609643735939e-12
685, 692, 4.481858008632326e-12
420, 502, 4.412880321651515e-12
730, 761, 4.362698452521484e-12
420, 598, 4.295004424280432e-12
173, 598, 4.218953307634639e-12
426, 598, 3.959834673037634e-12
193, 504, 3.501192427082466e-12
426, 502, 3.4759050598511696e-12
151, 228, 3.363833291104167e-12
243, 293, 3.301554320831026e-12
995, 1145, 3.1293234630547133e-12
191, 598, 3.0080208413272367e-12
173, 502, 2.8060802786129337e-12
151, 173, 2.7497757234379534e-12
563, 716, 2.6316833411745066e-12
472, 488, 2.2584733033851996e-12
191, 502, 2.0188401672457533e-12
266, 332, 1.9788970529381014e-12
698, 716, 1.9295498375212384e-12
469, 488, 1.8087524329950328e-12
435, 598, 1.6797450510301072e-12
145, 293, 1.6155513097186135e-12
620, 622, 1.461002697118106e-12
452, 598, 1.4345214858670767e-12
151, 177, 1.4203463394145166e-12
173, 620, 1.3664056923222943e-12
698, 969, 1.3507446807683487e-12
263, 293, 1.282873868943188e-12
286, 716, 1.1137340554755346e-12
193, 200, 1.0991729037145692e-12
758, 969, 1.0970422233206669e-12
414, 448, 1.0957830355329346e-12
435, 502, 1.0934798967829256e-12
551, 692, 1.0852530650543608e-12
692, 716, 1.0726612276731732e-12
260, 692, 9.933451249934953e-13
173, 228, 9.736419405920124e-13
193, 488, 9.577198751560415e-13
452, 488, 9.332930167385163e-13
472, 502, 9.241767639068205e-13
498, 502, 8.546676874720659e-13
614, 714, 8.424973302187512e-13
685, 969, 8.007982153828269e-13
228, 504, 7.940974577235928e-13
614, 969, 6.97788612678496e-13
469, 502, 6.932835956057445e-13
260, 414, 6.527151419953352e-13
239, 332, 6.249880882359436e-13
435, 444, 6.203809600984371e-13
228, 444, 6.119654223852989e-13
239, 448, 5.859599641525534e-13
407, 430, 5.69196191741922e-13
545, 664, 5.392731346345321e-13
228, 403, 5.369840411225895e-13
444, 504, 4.816939875895076e-13
635, 969, 4.725025987151988e-13
260, 758, 4.504871453511014e-13
151, 448, 4.3477091332451196e-13
200, 504, 3.8956275839617047e-13
328, 332, 3.882268470017653e-13
452, 502, 3.382505759298782e-13
545, 692, 2.995402571897449e-13
563, 763, 2.9904329610733044e-13
200, 444, 2.985679756266937e-13
685, 761, 2.857309849562392e-13
151, 332, 2.712935716436193e-13
173, 448, 2.696370726045038e-13
191, 228, 2.6462398758244974e-13
698, 761, 2.54667529455315e-13
173, 177, 2.4312017142070904e-13
614, 761, 2.2978893605897157e-13
200, 403, 2.118677485503446e-13
173, 332, 1.9981286568644254e-13
191, 448, 1.9399094063752517e-13
228, 488, 1.8647749649040115e-13
635, 761, 1.8295364546783207e-13
286, 763, 1.8191534143118554e-13
407, 448, 1.8004909410912617e-13
191, 332, 1.659129032195219e-13
193, 430, 1.6197818839686957e-13
193, 502, 1.5842254227457343e-13
239, 400, 1.3858318472977195e-13
151, 293, 1.3355108481414964e-13
758, 763, 1.1990753082940277e-13
361, 400, 1.1965716599817117e-13
173, 293, 9.752129445182756e-14
263, 414, 9.478470416897031e-14
266, 293, 9.448794994699746e-14
420, 620, 9.325892535405901e-14
200, 488, 9.148082166118496e-14
426, 620, 8.576979251858398e-14
239, 293, 8.347983926959816e-14
191, 620, 7.788160395839466e-14
191, 293, 7.673935394098158e-14
151, 400, 7.151660136636297e-14
243, 414, 6.648227525631874e-14
328, 414, 6.288330362724527e-14
420, 430, 5.990906697205291e-14
429, 448, 5.215547300498167e-14
444, 488, 5.107485598829549e-14
0, 1066, 4.888128848532259e-14
173, 400, 4.429171182734432e-14
0, 1021, 4.1826725871434005e-14
429, 624, 4.112152626671291e-14
228, 502, 4.104194240137194e-14
426, 430, 3.75396870228929e-14
191, 400, 3.251389527111721e-14
328, 628, 2.714568569832855e-14
444, 502, 2.2837148423552663e-14
420, 448, 2.1506584910498515e-14
193, 228, 2.1294788306169094e-14
228, 430, 2.1277167740400193e-14
200, 502, 2.0134068099964127e-14
193, 332, 1.5264312191399222e-14
426, 448, 1.3190208174352227e-14
145, 414, 9.745380080014083e-15
200, 430, 9.741198554029151e-15
193, 448, 9.4541272997541e-15
266, 414, 8.565707641328167e-15
435, 620, 7.704231825722378e-15
193, 293, 6.973442520046064e-15
228, 332, 4.946735612042962e-15
472, 624, 3.2231804971044253e-15
435, 448, 3.1291026635635855e-15
193, 400, 2.9850785731996516e-15
239, 624, 2.790447433131909e-15
361, 414, 2.747656690927173e-15
228, 448, 2.4493385159366086e-15
452, 620, 2.1217361910211733e-15
200, 332, 2.047865071136419e-15
200, 228, 1.7799491433442305e-15
239, 414, 1.3338138688853068e-15
200, 448, 1.2015793014241914e-15
228, 293, 1.0556162531640032e-15
228, 400, 1.0062784671683423e-15
200, 293, 8.796936680475676e-16
151, 414, 7.679910918877598e-16
173, 414, 4.762942125532415e-16
200, 400, 3.986834619106801e-16
191, 414, 3.4267084055217325e-16
551, 780, 3.1164846698803975e-16
243, 578, 2.6366743173689483e-16
551, 578, 1.8270865306504313e-16
563, 799, 1.6360449961037676e-16
328, 578, 1.6215168103753313e-16
263, 802, 1.3532482678068524e-16
243, 802, 1.1112635158587618e-16
545, 578, 8.943883799340652e-17
444, 448, 6.400029178542693e-17
414, 578, 5.568394882565785e-17
145, 578, 5.2428653247675634e-17
545, 622, 4.908015879757412e-17
502, 578, 4.5476909522065123e-17
407, 414, 4.2650543629174416e-17
193, 414, 3.102973887366292e-17
228, 414, 9.698584588802988e-18
200, 414, 3.940523531899914e-18
