Gene = AT2G26340
index = 270
Annotated 5SS: [ 231  406  578  762  908 1225]
Annotated 3SS: [ 356  506  666  848  978 1693]
SMsplice 5SS: [231 406 578 762 908]
SMsplice 3SS: [356 506 666 839 978]
length: 1782
Partition function (logZ) = 4.854773407513626
#Exons = 1014
3SS, 5SS, prob
0, 231, 0.8374215606476487
839, 908, 0.8015739831624357
356, 406, 0.7760278593321772
506, 578, 0.5538869096496609
666, 762, 0.49209041342312887
1357, -1, 0.48648496823927645
668, 762, 0.4655278643671658
495, 578, 0.3661475316283302
978, -1, 0.23442137634996343
0, 406, 0.1487111640520672
978, 1237, 0.11640562777751493
839, -1, 0.11554252034742535
978, 1225, 0.0781108377274876
978, 1286, 0.06821251522763383
1362, -1, 0.057386300218646054
356, 578, 0.04779074347319424
839, 1237, 0.02875446073746555
839, 1225, 0.019286416266824345
1060, -1, 0.018272692269558143
709, 762, 0.016957018571565178
839, 1286, 0.016838021914002747
1060, 1237, 0.016610574790953778
1357, 1459, 0.0145148719657621
1060, 1225, 0.012240668475882854
1566, -1, 0.01217189698907924
1020, -1, 0.01120093190675199
0, 578, 0.010933418242877491
1554, -1, 0.010850945344720647
1054, -1, 0.008545769173467417
686, 762, 0.008342906567887656
1309, -1, 0.007999733653432924
1089, 1237, 0.007578014314716644
1060, 1286, 0.007518529098860013
1054, 1237, 0.007254132795900405
1020, 1237, 0.006744106407017946
1127, 1237, 0.0065294196786987715
1375, -1, 0.006394710365423966
356, 419, 0.006352425863830864
1089, -1, 0.00595189975765811
1357, 1449, 0.005695355692091147
1089, 1225, 0.005586000589313249
1054, 1225, 0.0053437779798887405
1020, 1225, 0.0047468833457037785
1103, 1237, 0.004642109676523676
1127, 1225, 0.004530174974779326
506, 762, 0.004474905570684757
1020, 1286, 0.00395062487049336
666, 747, 0.003771963889588863
858, 908, 0.003739075173255483
1537, -1, 0.0036374998642592672
978, 1265, 0.003528980955992044
668, 747, 0.003461971502921031
1054, 1286, 0.0034387176964203177
1127, -1, 0.0034232900801238527
1103, 1225, 0.0033944755852856282
1103, -1, 0.003104861166687249
510, 578, 0.0031026626537839796
1089, 1286, 0.0030259679178801856
980, -1, 0.002972158162359819
529, 578, 0.0027761661071816664
1127, 1286, 0.002665701097760003
495, 762, 0.002364993110653963
839, 901, 0.0020635166844212094
1103, 1286, 0.0018445359353499783
1362, 1459, 0.0017891797322934445
978, 1268, 0.0017249700120568602
1357, 1487, 0.0015842204816102182
980, 1237, 0.0014951308583749485
1152, 1237, 0.0014649947149260663
989, -1, 0.001422722955330631
1070, 1237, 0.0012558813777097805
839, 1011, 0.001242284345114195
839, 950, 0.0012103849911811544
1070, -1, 0.0012101400745681019
848, 908, 0.0011132811231430464
1771, -1, 0.001092731297992861
858, -1, 0.001090134058387476
1025, -1, 0.00108669946659828
980, 1225, 0.0010032793446502807
1070, 1225, 0.0009263984473832504
978, 1011, 0.0009065064169250225
1133, 1237, 0.0008869863766343926
980, 1286, 0.0008760546869355947
701, 762, 0.0008600954871752634
839, 1265, 0.0008470344231601026
0, 136, 0.000790959093632642
1152, 1225, 0.0007865340713220743
839, 946, 0.0007596723930401451
1152, 1286, 0.0007530370354860539
989, 1237, 0.0007483545192593143
1152, -1, 0.0007230224962328679
0, 419, 0.0007152453021939153
978, 1459, 0.0006864717188982397
1025, 1237, 0.0006781833923428071
1362, 1449, 0.0006756250528959181
1693, -1, 0.0006543117533825851
839, 919, 0.0006520271082008731
1569, -1, 0.0006461302707787573
1280, -1, 0.0006375413430739494
356, 762, 0.0006133717372832922
1133, 1225, 0.0005927250280527987
1679, -1, 0.0005256502741440316
1070, 1286, 0.0005256299576377922
1712, -1, 0.00051633193178274
989, 1225, 0.0005021839301773178
1025, 1225, 0.0004947370142267526
1383, -1, 0.00048000716515823107
989, 1286, 0.0004385332486711986
839, 891, 0.00043707296446811935
0, 191, 0.00043257680869310424
1133, -1, 0.00042720555866310704
839, 1268, 0.00041356363417361606
1060, 1265, 0.0004079927923348442
1025, 1286, 0.0003973094290967482
978, 1043, 0.0003866345339367942
1133, 1286, 0.00036971030647597566
978, 1179, 0.0003311784010209828
1190, 1286, 0.00032660198527590013
1115, 1237, 0.0003168506209129085
858, 1237, 0.00029907462764087106
978, 1449, 0.0002714183970813628
0, 210, 0.000260032205603386
0, 762, 0.00024529129980304835
1190, -1, 0.00023041943076699826
1115, 1225, 0.00022869257431657996
0, 92, 0.0002239255599879237
848, -1, 0.0002096332469014252
0, 182, 0.00020835155415912723
1375, 1459, 0.00020384728572769766
978, 1216, 0.00020209561690858317
1020, 1265, 0.00020165148585225942
1362, 1487, 0.00020160291261843866
858, 1225, 0.0002006130429806906
1060, 1268, 0.0001925731109229398
1089, 1265, 0.000179748989575064
1115, -1, 0.00017812511086973088
1054, 1265, 0.00017662491052307014
858, 1286, 0.0001746880764423407
839, 1459, 0.0001661032121237042
544, 578, 0.0001594738354279942
1127, 1265, 0.00015874188757069612
978, 1139, 0.00015628286516437934
1190, 1237, 0.00014427894741745597
978, 1115, 0.00014062980532558145
1309, 1459, 0.00012979165619970547
1265, -1, 0.00012865611093858077
1115, 1286, 0.00012338376402117366
1103, 1265, 0.00010965377707626263
1020, 1268, 9.857495783725972e-05
356, 398, 9.707719922211825e-05
978, 1487, 8.784691198740859e-05
1089, 1268, 8.583924046472101e-05
1054, 1268, 8.576649915413105e-05
450, 578, 8.130867856242245e-05
356, 450, 8.06018354563005e-05
1127, 1268, 7.578033316995672e-05
1060, 1459, 7.563771471173643e-05
839, 1043, 7.348146158156943e-05
839, 1179, 6.926340113132045e-05
1060, 1179, 6.840533186958118e-05
1375, 1449, 6.698482570190535e-05
1210, 1286, 6.558893578374246e-05
1157, 1237, 6.538123992939543e-05
839, 1449, 6.490777717907895e-05
709, 747, 6.471114742345621e-05
666, 766, 6.322703248712491e-05
978, 1072, 6.105379378332115e-05
668, 766, 6.0135267923195856e-05
529, 762, 5.7509418764593146e-05
1309, 1449, 5.5507428175457955e-05
848, 1237, 5.476598176241228e-05
506, 558, 5.342565772656825e-05
666, 722, 5.258573373291089e-05
1103, 1268, 5.234889140441118e-05
978, 1145, 4.989354997977585e-05
907, -1, 4.9438954219692204e-05
1729, -1, 4.916727978170388e-05
1190, 1225, 4.7626800446235276e-05
1649, -1, 4.689971349410789e-05
1735, -1, 4.617613452762111e-05
495, 558, 4.6127333704762195e-05
668, 722, 4.544354193155702e-05
686, 747, 4.486522627315228e-05
980, 1265, 4.471873532901578e-05
666, 908, 4.449830080651384e-05
1145, 1237, 4.402994845462508e-05
1152, 1265, 4.401971089782494e-05
1210, -1, 4.36278059218768e-05
668, 908, 4.227114990073669e-05
1020, 1459, 3.9724224059961646e-05
506, 747, 3.8710910665892054e-05
454, 578, 3.858025261085436e-05
1157, 1286, 3.757374343468777e-05
839, 1216, 3.6780613380867606e-05
848, 1225, 3.675006290964436e-05
839, 848, 3.5459287555448834e-05
1054, 1459, 3.456547811900271e-05
839, 865, 3.4007831626153075e-05
1060, 1216, 3.3962313938121956e-05
1157, 1225, 3.285615707569412e-05
848, 1286, 3.204764018917172e-05
1656, -1, 3.085485260955686e-05
1054, 1179, 3.0047177532633707e-05
1060, 1449, 2.989332950550333e-05
1070, 1265, 2.971607444310999e-05
978, 1040, 2.9486408654771557e-05
1357, 1694, 2.9162980331386977e-05
1280, 1286, 2.8870616273027394e-05
510, 762, 2.8230663981192252e-05
506, 591, 2.811747655533161e-05
0, 398, 2.7667114759672446e-05
1157, -1, 2.7602406765011337e-05
1375, 1487, 2.6954950648206422e-05
978, 1089, 2.6835069303271915e-05
1089, 1459, 2.6811350160700204e-05
1020, 1179, 2.650010695859234e-05
1145, 1225, 2.6278052115886007e-05
1089, 1179, 2.6212628674703864e-05
666, 727, 2.547720963853479e-05
1566, 1694, 2.370515679997464e-05
668, 727, 2.224998408780866e-05
1060, 1139, 2.2160639872189307e-05
666, -1, 2.2023491555739166e-05
839, 1139, 2.083731097246522e-05
668, -1, 2.0710939962696477e-05
978, 1103, 2.0525069546999423e-05
495, 747, 2.0458734797523035e-05
839, 1487, 2.0429221847059986e-05
1145, 1286, 2.0334209267767586e-05
1611, -1, 1.924048524148288e-05
403, 578, 1.9094229039849007e-05
989, 1265, 1.7494590909278596e-05
1127, 1459, 1.74882636494076e-05
1357, 1410, 1.7433641672204795e-05
907, 1237, 1.731543763651433e-05
1133, 1265, 1.7193026619155583e-05
839, 959, 1.7128197540879256e-05
980, 1268, 1.7066330509343153e-05
1145, -1, 1.6980113076039712e-05
1152, 1268, 1.6484399393834913e-05
553, 578, 1.60799437692565e-05
1357, 1683, 1.606040844022686e-05
978, 1054, 1.5995890597595134e-05
495, 591, 1.5876155082510915e-05
1025, 1265, 1.582849739763207e-05
356, 470, 1.5761648359193523e-05
839, 1115, 1.5557291244542067e-05
1020, 1449, 1.5508683909290807e-05
403, 406, 1.5445039275533887e-05
1089, 1216, 1.5305785972242832e-05
1554, 1694, 1.5051692715189974e-05
858, 1011, 1.500446886649828e-05
405, 578, 1.4900167990638527e-05
1054, 1216, 1.4821009627755205e-05
1103, 1459, 1.4620326800751156e-05
1383, 1459, 1.443408968184586e-05
1566, 1683, 1.407285819657818e-05
1054, 1449, 1.3489597327783315e-05
1309, 1487, 1.3280349882428058e-05
1020, 1216, 1.3101605495641086e-05
858, 950, 1.293829487750491e-05
736, 762, 1.2834173419485602e-05
1020, 1139, 1.247664408552095e-05
1265, 1286, 1.2379830477823508e-05
1103, 1179, 1.164015541451057e-05
907, 1225, 1.162450891831875e-05
1166, 1237, 1.1589564070448184e-05
1070, 1268, 1.1261406086163068e-05
1127, 1216, 1.120654634386047e-05
1210, 1237, 1.1119483348060366e-05
1054, 1139, 1.1077675442479602e-05
172, 231, 1.0869736834941595e-05
356, 558, 1.085886439309015e-05
1089, 1449, 1.0591361760351036e-05
506, 544, 1.042171103153458e-05
980, 1011, 1.0287484474522603e-05
1190, 1265, 1.0219541743523225e-05
495, 544, 1.0184054490959033e-05
1020, 1115, 1.0099068949177188e-05
907, 1286, 9.673768412600148e-06
1060, 1487, 9.562708808944652e-06
1103, 1216, 9.17477409587116e-06
1554, 1683, 9.018552351340946e-06
666, 745, 8.962143042907988e-06
1169, 1237, 8.822705395171063e-06
980, 1459, 8.69131970001169e-06
989, 1268, 8.550687354297384e-06
570, 578, 8.46881673932642e-06
858, 901, 8.444195109224816e-06
1133, 1268, 8.207943170514989e-06
668, 745, 8.185286069683438e-06
1060, 1145, 8.106940138371051e-06
858, 946, 7.769346647145606e-06
1025, 1268, 7.736364527602599e-06
544, 762, 7.731224053644677e-06
1060, 1115, 7.390268518455112e-06
1280, 1459, 7.143643598984405e-06
858, 1265, 7.001314716628741e-06
1127, 1449, 6.923285457834746e-06
839, 1040, 6.913742991057553e-06
839, 1145, 6.870198766774644e-06
1166, 1286, 6.805495533172271e-06
1776, -1, 6.261388440161639e-06
506, 599, 5.814593331466706e-06
1103, 1449, 5.790515243474539e-06
1169, 1286, 5.789748221296083e-06
1127, 1179, 5.7377561513431316e-06
1236, 1286, 5.632440824561163e-06
0, 450, 5.610702116721062e-06
1357, 1679, 5.509002602443447e-06
1115, 1265, 5.431986824881948e-06
839, 948, 5.426501045896544e-06
1566, 1679, 5.387375732094375e-06
356, 747, 5.308672647062476e-06
1070, 1459, 5.198740833937843e-06
356, 544, 5.070160685760762e-06
1020, 1487, 5.001701039990804e-06
1070, 1179, 4.998535598710313e-06
1166, 1225, 4.927803722483426e-06
709, 908, 4.796241130450197e-06
558, 578, 4.7454501911381655e-06
980, 1043, 4.608760114063678e-06
1054, 1115, 4.408441913229251e-06
1054, 1487, 4.350824060720211e-06
0, 369, 4.33260482969008e-06
989, 1459, 4.322265530288148e-06
980, 1179, 4.258706171923297e-06
1383, 1449, 4.162243830386336e-06
1020, 1145, 4.010897433145816e-06
1152, 1459, 3.995098360187552e-06
0, 328, 3.994171759555244e-06
1025, 1459, 3.904418067663911e-06
1054, 1145, 3.898790839839427e-06
858, 919, 3.897752623830608e-06
495, 535, 3.6276992594272912e-06
701, 747, 3.599191477199659e-06
506, 535, 3.5770034752972385e-06
980, 1449, 3.4391256680373937e-06
1089, 1487, 3.3913895522646826e-06
1362, 1694, 3.2946539714005805e-06
356, 535, 3.1870214639269033e-06
356, 369, 3.1642102352820663e-06
495, 599, 3.068842937316825e-06
1243, 1286, 3.049697441736362e-06
1280, 1449, 3.0350133482148625e-06
1554, 1679, 3.0321935203988286e-06
978, 1694, 3.006116008885979e-06
989, 1011, 2.9969434337143448e-06
1357, 1699, 2.9285647502443034e-06
1169, 1225, 2.8951434617394966e-06
1210, 1225, 2.8857741675764855e-06
1089, 1139, 2.786432118422268e-06
1025, 1179, 2.7357279493507834e-06
1537, 1694, 2.7279388991654454e-06
848, 901, 2.626992606320499e-06
709, 766, 2.625870499755685e-06
848, 1011, 2.57474510801299e-06
1566, 1699, 2.4982195132263103e-06
848, 950, 2.4231824900098173e-06
1020, 1043, 2.4056957185259245e-06
989, 1179, 2.2782336367457067e-06
839, 1015, 2.271562256699206e-06
1133, 1459, 2.2464318190632138e-06
0, 73, 2.2329229477857435e-06
978, 1015, 2.219368673418495e-06
570, 762, 2.213715840583199e-06
0, 558, 2.2028109873865753e-06
1127, 1487, 2.181413610306747e-06
1383, 1487, 2.0771342126719313e-06
980, 1216, 2.066599273711995e-06
1070, 1216, 2.0439960890914774e-06
1207, 1286, 2.039853078701858e-06
980, 1139, 2.0390465217195252e-06
1070, 1449, 2.0197878611473774e-06
978, 1410, 1.9856736404272603e-06
0, 106, 1.9479245085331484e-06
839, 1054, 1.8961260162321237e-06
356, 591, 1.891543525932093e-06
980, 1115, 1.8343638635606035e-06
666, 1237, 1.8164008303453018e-06
668, 1237, 1.725187386106949e-06
1357, 1674, 1.721783998126142e-06
0, 747, 1.6909447053466616e-06
989, 1449, 1.6865996305270074e-06
1362, 1410, 1.6622512610034399e-06
0, 312, 1.624105854979848e-06
858, 891, 1.5675883187197817e-06
1152, 1449, 1.5627940016444833e-06
1025, 1449, 1.5213696657395886e-06
848, 946, 1.4989565355263818e-06
1566, 1674, 1.4806967759242139e-06
1103, 1487, 1.4650389711035525e-06
989, 1043, 1.41596021500336e-06
1554, 1699, 1.3832278401887743e-06
839, 1072, 1.3683894843925848e-06
553, 762, 1.3650044823248875e-06
858, 1459, 1.3580887845159868e-06
1025, 1139, 1.2933822083437052e-06
978, 1683, 1.2916901663485417e-06
172, 406, 1.261536298842085e-06
0, 470, 1.2387470342894674e-06
1020, 1103, 1.2334899360679355e-06
0, 11, 1.2246137040489888e-06
666, 1225, 1.2165000891013785e-06
1070, 1139, 1.2088024944745876e-06
1152, 1216, 1.2029812504817656e-06
1569, 1694, 1.18588414325555e-06
1020, 1072, 1.1796126442200605e-06
907, 1011, 1.1605615426940338e-06
686, 766, 1.158607851609278e-06
356, 465, 1.1574122335432392e-06
1190, 1459, 1.1288259054910082e-06
1133, 1216, 1.110374245692838e-06
1025, 1216, 1.0888119891006828e-06
174, 231, 1.08448669422568e-06
1020, 1089, 1.0811748649202928e-06
506, 722, 1.0762739509613567e-06
668, 1225, 1.05502888087907e-06
1362, 1683, 1.0442438215617647e-06
989, 1216, 1.035251853035596e-06
848, 919, 1.025637453395085e-06
839, 1000, 9.949024674755401e-07
1089, 1145, 9.773784023102808e-07
1357, 1384, 9.652262951876634e-07
1566, 1658, 9.524425627865546e-07
1265, 1459, 9.113950842000295e-07
686, 908, 9.019638296316527e-07
0, 544, 8.916832369377727e-07
858, 1043, 8.76883650808471e-07
978, 1311, 8.607808832553785e-07
989, 1139, 8.567979886500764e-07
1537, 1683, 8.549228224295585e-07
506, 908, 8.460211211966121e-07
980, 1487, 8.353929902332358e-07
0, 59, 8.084973996038714e-07
1025, 1115, 7.805243297263051e-07
980, 1072, 7.792199134577286e-07
989, 1115, 7.709765218917113e-07
1133, 1449, 6.889974899435374e-07
1554, 1658, 6.7765180638533e-07
1115, 1459, 6.737490119693366e-07
1309, 1410, 6.270829306657078e-07
1357, 1658, 6.163630328716239e-07
839, 1694, 5.814827666384755e-07
495, 722, 5.688132131996234e-07
858, 1179, 5.643874665115944e-07
558, 762, 5.627629034312586e-07
450, 762, 5.491540172207146e-07
1103, 1139, 5.420876614556879e-07
1280, 1487, 5.405188301579409e-07
506, 766, 5.212597659412144e-07
848, 891, 5.2086845447291e-07
1060, 1103, 5.20024421839507e-07
143, 231, 5.136728574691553e-07
858, 1449, 5.102086947714806e-07
0, 535, 5.094267735332015e-07
980, 1145, 5.089968341327482e-07
529, 747, 4.974868302942934e-07
978, 1384, 4.847626078365506e-07
1070, 1487, 4.824096534721537e-07
0, 591, 4.4654292704509397e-07
709, 722, 4.4633849453589223e-07
0, 4, 4.318391084184537e-07
506, 727, 4.1832089423344177e-07
1190, 1449, 4.078843090984543e-07
1089, 1115, 4.0694116122181336e-07
1133, 1179, 3.9841686639652927e-07
495, 908, 3.8880290833932516e-07
686, 722, 3.75787963091188e-07
1070, 1145, 3.7023564641248593e-07
356, 599, 3.6882922551473673e-07
1115, 1179, 3.665572549004629e-07
506, 610, 3.659654766927209e-07
1265, 1449, 3.6354729364631734e-07
989, 1072, 3.5666915810845504e-07
980, 1040, 3.464365165476359e-07
980, 1089, 3.444109816025779e-07
1054, 1103, 3.301568211921021e-07
1025, 1145, 3.24682696063682e-07
839, 1003, 3.186278496267114e-07
978, 1000, 3.092010145114654e-07
495, 766, 2.754876497371302e-07
510, 558, 2.741968765487399e-07
1060, 1089, 2.7321729911068725e-07
980, 1103, 2.6452548765691597e-07
454, 762, 2.531975917956074e-07
510, 747, 2.4432584721890914e-07
1070, 1115, 2.4041867434397175e-07
709, 727, 2.3336716537510927e-07
495, 727, 2.2109382651645416e-07
1060, 1410, 2.184696195566767e-07
1060, 1072, 2.1756371352768942e-07
0, 339, 2.0480401407679498e-07
529, 591, 2.013563145033433e-07
686, 727, 1.9582725626441002e-07
980, 1054, 1.9333479381999692e-07
858, 959, 1.9297386753247237e-07
529, 558, 1.863563513703997e-07
403, 762, 1.8634224526740029e-07
495, 610, 1.834856939704339e-07
510, 591, 1.680277858962763e-07
1020, 1040, 1.6357164698246596e-07
356, 722, 1.474234687057287e-07
403, 419, 1.4720171199425795e-07
405, 762, 1.4316231510947025e-07
709, 745, 1.4145084586669982e-07
839, 1089, 1.386183157819101e-07
174, 406, 1.3750860287231686e-07
666, 706, 1.3750166892354794e-07
1020, 1054, 1.3736985682636026e-07
701, 908, 1.3582194138523517e-07
666, 901, 1.323330959359349e-07
701, 766, 1.2867073002488138e-07
668, 901, 1.2570787937333045e-07
1309, 1384, 1.1949766752675718e-07
356, 495, 1.1939553345971733e-07
839, 1103, 1.1719159737824312e-07
668, 706, 1.1628994825447919e-07
858, 865, 1.1536267362714489e-07
907, 950, 1.1456333986604251e-07
989, 1040, 1.0927802304197669e-07
1025, 1043, 1.0322683080024165e-07
686, 745, 1.0142339468881572e-07
405, 419, 1.0053877356100794e-07
1020, 1410, 9.77749391521024e-08
848, 1043, 9.743215009969311e-08
1060, 1311, 9.471614516631322e-08
506, 745, 9.440464923235236e-08
0, 599, 8.868556915783861e-08
356, 908, 8.844976794245648e-08
1362, 1384, 8.804229149538273e-08
0, 465, 8.702220751811647e-08
1054, 1410, 8.492372169345717e-08
858, 1040, 8.074152590741145e-08
356, 766, 7.133922665927474e-08
544, 747, 7.118035827970994e-08
989, 1054, 6.952851922328302e-08
1089, 1410, 6.664996096709462e-08
759, 762, 6.53485489925677e-08
0, 61, 6.209014250401996e-08
1115, 1449, 5.993405559397458e-08
858, 948, 5.682018558401658e-08
356, 727, 5.63961905637341e-08
907, 946, 5.598210404260502e-08
1060, 1384, 5.333855861212501e-08
510, 544, 5.1945167453914994e-08
529, 599, 5.189535010138885e-08
172, 578, 5.1353135458424114e-08
1020, 1311, 4.990086774471011e-08
495, 745, 4.98994195211736e-08
1375, 1410, 4.927209211943643e-08
907, 1043, 4.849825337495648e-08
666, 1011, 4.834862148226925e-08
0, 722, 4.7244275650747224e-08
96, 231, 4.690896230794556e-08
668, 1011, 4.592602939865321e-08
736, 747, 4.5600017466817824e-08
1127, 1410, 4.361092232697637e-08
666, 891, 4.357217799983593e-08
1054, 1311, 4.334740655470181e-08
668, 891, 4.13879420667914e-08
0, 34, 4.0797736964045765e-08
978, 1003, 3.9419544119912084e-08
848, 865, 3.829419379032603e-08
989, 1487, 3.710940512260282e-08
510, 599, 3.591632864168423e-08
848, 959, 3.444435337353151e-08
1089, 1311, 3.402486866725208e-08
666, 848, 3.3982495798150684e-08
529, 544, 3.393732167929394e-08
668, 848, 3.278433334830628e-08
666, 950, 2.986770984971818e-08
143, 406, 2.8477946944016166e-08
668, 950, 2.83710305493857e-08
0, 766, 2.825274513477949e-08
1020, 1384, 2.8101490375641085e-08
858, 1015, 2.7425946238581818e-08
1127, 1311, 2.7304879166624543e-08
1054, 1072, 2.5564024967124492e-08
701, 722, 2.53307848278741e-08
980, 1015, 2.5211920886374506e-08
1054, 1384, 2.4407922608060264e-08
356, 610, 2.324372106050707e-08
570, 747, 2.150372968460412e-08
858, 1054, 2.075735378209457e-08
0, 76, 1.999615498766023e-08
450, 558, 1.9531565794880625e-08
1089, 1384, 1.9155861950883046e-08
1103, 1311, 1.9118345309903038e-08
0, 727, 1.8858414251163426e-08
666, 946, 1.848484986723344e-08
510, 535, 1.7746053847780314e-08
668, 946, 1.7558333944462274e-08
736, 908, 1.729612283305926e-08
1025, 1072, 1.624054763983358e-08
529, 722, 1.5833666847346413e-08
182, 231, 1.5267586599917572e-08
666, 919, 1.5156541127492617e-08
709, 901, 1.4865045686495711e-08
666, 786, 1.4622988238387696e-08
668, 919, 1.4396862371628452e-08
668, 786, 1.4073023528332227e-08
701, 727, 1.3321048953594545e-08
544, 591, 1.3284828210954412e-08
553, 747, 1.3156538472014192e-08
356, 745, 1.2373555269202953e-08
0, 495, 1.2154583821602776e-08
858, 1000, 1.2039522888821603e-08
529, 535, 1.184633894509717e-08
858, 1072, 1.1741872086497192e-08
848, 1040, 1.124519536700104e-08
666, 840, 1.099421110140148e-08
1179, 1237, 1.0811242096507403e-08
848, 948, 1.0794245198293966e-08
668, 840, 1.0606307770540544e-08
666, 865, 1.039632404334952e-08
544, 558, 1.0230699734607868e-08
668, 865, 1.0021650238190295e-08
1025, 1040, 9.438204891996232e-09
907, 919, 9.339158321246016e-09
454, 558, 9.146115594570678e-09
529, 908, 9.092815308622074e-09
130, 231, 9.08344280015635e-09
1025, 1054, 8.97865264604769e-09
450, 544, 8.383310167493876e-09
701, 745, 7.923693018551974e-09
506, 706, 7.862049030358397e-09
989, 1015, 7.011708323979661e-09
510, 722, 6.79291644391115e-09
529, 766, 6.698851705362259e-09
403, 450, 6.291303199645389e-09
529, 727, 5.928422545811532e-09
172, 419, 5.708731644198486e-09
0, 610, 5.697616819844019e-09
174, 578, 5.597526161990079e-09
558, 747, 5.440476221047917e-09
907, 1040, 5.390970334137288e-09
709, 891, 5.200544888936034e-09
450, 747, 4.744859858142464e-09
403, 558, 4.737377555446291e-09
709, 848, 4.672699702477901e-09
0, 745, 4.6602665390864104e-09
450, 535, 4.620344392180514e-09
848, 1015, 4.517697126151582e-09
510, 908, 4.430990426403181e-09
405, 450, 4.333471271554566e-09
989, 1103, 4.269435269455452e-09
529, 610, 4.204998900472492e-09
544, 599, 3.88940664969827e-09
858, 1003, 3.854624482677583e-09
495, 706, 3.84800878313602e-09
454, 544, 3.796471767211523e-09
405, 558, 3.698017329079237e-09
666, 704, 3.658944978831345e-09
907, 959, 3.5965735367095977e-09
1025, 1103, 3.431446328387528e-09
980, 1000, 3.397722225494345e-09
858, 1115, 3.3547431622767025e-09
510, 766, 3.29000884200923e-09
709, 1011, 3.2517674178837534e-09
403, 470, 3.1721506727716774e-09
668, 704, 3.090379364196867e-09
96, 406, 3.0658912571404617e-09
450, 591, 2.913066697220044e-09
182, 406, 2.867188082632444e-09
775, 908, 2.756693581791969e-09
848, 1054, 2.7182782873581765e-09
686, 901, 2.6696949556055776e-09
709, 950, 2.6543434628610158e-09
510, 727, 2.640206502993489e-09
980, 1311, 2.62554371269499e-09
544, 722, 2.389540177329038e-09
506, 901, 2.356861675738409e-09
510, 610, 2.3303497970950052e-09
405, 470, 2.2727838037203e-09
403, 544, 2.2286805228167494e-09
454, 747, 2.1874322551560195e-09
736, 766, 2.0892234809618437e-09
1103, 1115, 2.0576312923649712e-09
848, 1072, 2.036217204251775e-09
454, 535, 2.0171338796281194e-09
848, 1000, 1.902215049265923e-09
1152, 1311, 1.832611407820414e-09
907, 1015, 1.7486228829630647e-09
405, 544, 1.7395236104215724e-09
1054, 1089, 1.731817407286984e-09
989, 1089, 1.7169836598267408e-09
403, 747, 1.613028484767305e-09
1070, 1311, 1.5703831195262207e-09
506, 647, 1.5544973873065472e-09
709, 840, 1.484618725788297e-09
709, 946, 1.4841097396802362e-09
709, 865, 1.4223261623184543e-09
403, 535, 1.401515498613046e-09
172, 210, 1.3937802160290054e-09
454, 591, 1.3851562152891418e-09
553, 591, 1.3823949596219454e-09
709, 919, 1.3284350115566633e-09
989, 1311, 1.3154870221726984e-09
709, 786, 1.3047214856271e-09
405, 747, 1.2392514208757766e-09
529, 745, 1.21219293147292e-09
495, 901, 1.2105382720392994e-09
143, 578, 1.1586261906666045e-09
544, 908, 1.1391827490458273e-09
1025, 1311, 1.1141502626858638e-09
405, 535, 1.0930163240908907e-09
553, 558, 1.05564650972517e-09
356, 706, 9.902684388714194e-10
1089, 1103, 9.843099610892191e-10
172, 191, 9.25942243853859e-10
686, 891, 9.247816543262743e-10
544, 766, 9.009612186519126e-10
544, 727, 8.931682947342723e-10
686, 706, 8.780116475413755e-10
1025, 1089, 8.754752246405467e-10
666, 681, 8.615730811967816e-10
1133, 1311, 8.403701820677434e-10
686, 848, 8.334441762178933e-10
1190, 1311, 8.188793251842886e-10
450, 470, 7.821519420769014e-10
495, 647, 7.525259281105061e-10
668, 681, 7.279377964216403e-10
570, 722, 7.276229597659194e-10
989, 1000, 7.224609730095973e-10
570, 591, 7.176238129808612e-10
766, 908, 7.111169170915389e-10
403, 591, 6.82944408789649e-10
848, 1003, 6.604256227036047e-10
172, 762, 6.556713125468703e-10
848, 1115, 6.232755531626922e-10
174, 419, 6.222569912761505e-10
1070, 1103, 5.965112330443699e-10
510, 745, 5.956081492585149e-10
405, 591, 5.328033208773077e-10
450, 599, 5.317569391571222e-10
130, 406, 4.860668250779193e-10
1115, 1216, 4.818760860993612e-10
701, 901, 4.6205218519991904e-10
907, 948, 4.496446596967047e-10
553, 722, 4.435893631902503e-10
506, 891, 4.419747186856203e-10
553, 599, 4.238841863577482e-10
1309, 1311, 4.202267865056148e-10
558, 591, 4.0970890044380425e-10
506, 848, 3.910911996111924e-10
544, 610, 3.8416896459274814e-10
686, 786, 3.3773066872844795e-10
0, 706, 3.1695585813179017e-10
759, 908, 3.0181457149208943e-10
172, 182, 2.933804340936611e-10
454, 470, 2.835160385927702e-10
570, 727, 2.715276814614334e-10
686, 840, 2.6829589408844584e-10
506, 681, 2.641024672273254e-10
454, 599, 2.5316627027762575e-10
1127, 1384, 2.514398411166385e-10
570, 766, 2.498601314120996e-10
172, 398, 2.4405373492572067e-10
570, 908, 2.3945297077200563e-10
506, 704, 2.3858840831849345e-10
686, 865, 2.385781893754089e-10
570, 599, 2.2609172419307327e-10
495, 891, 2.218337915262295e-10
1103, 1384, 2.101986275939353e-10
495, 848, 2.0730008857633424e-10
666, 821, 2.0721182512272534e-10
668, 821, 1.9998768517373592e-10
403, 465, 1.8824018193956378e-10
558, 722, 1.8367980030664957e-10
1280, 1384, 1.7682273449693897e-10
356, 901, 1.7299881742947159e-10
686, 950, 1.7042720848954184e-10
553, 727, 1.6567377870434843e-10
666, 959, 1.6355671379678099e-10
668, 959, 1.5534435075218311e-10
553, 766, 1.5445422993378155e-10
506, 865, 1.4915159006774927e-10
506, 786, 1.4510991134583893e-10
544, 745, 1.4485241553058172e-10
553, 908, 1.3675010191827036e-10
174, 210, 1.350756570496658e-10
701, 848, 1.3338316962390038e-10
405, 465, 1.3326096746059987e-10
450, 722, 1.3177140789959549e-10
143, 419, 1.2886897525871074e-10
495, 681, 1.2817332635830673e-10
143, 210, 1.2810867000031772e-10
558, 599, 1.2760156336525787e-10
403, 599, 1.252172446235992e-10
96, 578, 1.24739055102078e-10
356, 647, 1.2298034037388666e-10
506, 950, 1.2082601093723252e-10
529, 706, 1.2032709094976508e-10
182, 578, 1.1665460455443205e-10
495, 704, 1.16643942538244e-10
143, 191, 1.141753625707072e-10
686, 919, 1.0607820508935688e-10
405, 599, 9.764707845888112e-11
858, 1103, 9.740047846122618e-11
174, 191, 8.961876195805047e-11
495, 865, 7.902355284491132e-11
1152, 1179, 7.815546832295407e-11
495, 786, 7.66965620516463e-11
172, 328, 7.535263144642332e-11
736, 745, 7.447788412887233e-11
506, 919, 7.277875935390008e-11
858, 1089, 7.117584269012357e-11
174, 762, 7.054718811739378e-11
450, 908, 6.670194967992841e-11
450, 766, 6.31328795156092e-11
454, 722, 6.060733694530866e-11
701, 706, 5.987294804967632e-11
558, 727, 5.5777269402702154e-11
666, 798, 5.2741399174334864e-11
701, 786, 5.239034716123285e-11
558, 908, 5.15676200911329e-11
558, 766, 5.119847570994606e-11
510, 706, 5.097441849074562e-11
668, 798, 5.085504370609123e-11
450, 727, 5.0303130739510926e-11
686, 946, 4.994409770163045e-11
701, 840, 4.954359757909294e-11
172, 369, 4.9410345044242976e-11
553, 610, 4.628182782024936e-11
96, 191, 4.5467505587389263e-11
403, 495, 4.5108529636370573e-11
403, 722, 4.4692911533647303e-11
570, 745, 4.306415409697829e-11
450, 465, 4.14046691298405e-11
172, 450, 3.939009177204094e-11
172, 312, 3.8451773457232016e-11
143, 182, 3.707402582206377e-11
405, 722, 3.4314402159993116e-11
405, 495, 3.428481126427749e-11
701, 865, 3.4255568356343295e-11
450, 495, 3.078204108449825e-11
96, 136, 3.0710581654609924e-11
450, 610, 3.055016430763784e-11
506, 946, 3.0297783368454616e-11
356, 704, 2.9689997063680074e-11
454, 766, 2.9103273566403805e-11
174, 182, 2.8519845909553804e-11
709, 821, 2.7840149441514793e-11
356, 681, 2.7586842034169827e-11
570, 610, 2.7234123123533584e-11
174, 398, 2.6602057440385994e-11
495, 919, 2.3480609335468822e-11
454, 727, 2.3175963624800265e-11
96, 182, 2.3151739275283363e-11
529, 647, 2.1118981853872112e-11
96, 210, 2.082416294355991e-11
130, 578, 1.9775900373213365e-11
356, 786, 1.9380294819988853e-11
686, 704, 1.7950189040170888e-11
403, 727, 1.7090362791520092e-11
454, 465, 1.5114896780841023e-11
544, 706, 1.4805440870680525e-11
454, 610, 1.4536014949341484e-11
558, 610, 1.451980837275909e-11
495, 946, 1.3941392312327403e-11
96, 419, 1.3867688723361007e-11
495, 950, 1.3629934642867858e-11
182, 419, 1.2968911323477778e-11
736, 848, 1.2881592423793589e-11
666, 948, 1.1932274773140861e-11
668, 948, 1.1333142092432416e-11
454, 495, 1.1328730562283312e-11
172, 558, 1.0877880112141505e-11
510, 647, 9.04566960817612e-12
174, 328, 8.345047172249853e-12
172, 470, 8.094636764353916e-12
403, 610, 7.262953730579937e-12
666, 819, 6.679628483641976e-12
668, 819, 6.4465377396305245e-12
736, 840, 6.012062126749852e-12
709, 798, 5.991310479686682e-12
405, 610, 5.658213226475497e-12
143, 398, 5.504823756998981e-12
174, 369, 5.455304580697036e-12
666, 804, 5.347738093801792e-12
668, 804, 5.159360486244465e-12
686, 821, 5.0882962406778295e-12
172, 544, 4.573348333815851e-12
174, 450, 4.293405824775524e-12
174, 312, 4.257773458857029e-12
130, 191, 3.6163899011967915e-12
506, 840, 3.4312926939466684e-12
172, 339, 3.333564038965762e-12
544, 647, 3.0589099904039483e-12
130, 210, 3.0414881641555975e-12
172, 535, 2.680864114050407e-12
130, 419, 2.198540855618705e-12
172, 591, 1.955589799460491e-12
506, 821, 1.859185210584928e-12
495, 840, 1.8161731273043884e-12
182, 210, 1.7458811534714968e-12
529, 786, 1.5363482419520198e-12
143, 328, 1.3561416340358785e-12
130, 182, 1.2876062387781401e-12
686, 798, 1.2651022857773051e-12
736, 786, 1.2525038404566973e-12
182, 191, 1.1719521903175245e-12
174, 558, 1.1479148711700155e-12
143, 369, 1.001803550649593e-12
495, 821, 9.836164405831168e-13
701, 821, 9.313140101809334e-13
143, 450, 8.891617202431129e-13
709, 819, 8.828882695624024e-13
174, 470, 8.822535939393231e-13
510, 786, 7.638132428552784e-13
143, 312, 6.898349767175791e-13
130, 136, 6.536918849263988e-13
709, 804, 6.486534524602376e-13
570, 647, 6.286762151734624e-13
96, 398, 5.92521077448726e-13
172, 465, 5.78922054520297e-13
182, 398, 5.541192526026844e-13
553, 647, 5.302521562165922e-13
174, 544, 4.773351658706213e-13
506, 798, 3.71927617976838e-13
174, 339, 3.6909727538513013e-13
172, 599, 3.4057147001681294e-13
174, 535, 2.771708093776379e-13
143, 558, 2.377324676979059e-13
356, 840, 2.304543362574003e-13
174, 591, 2.126656338407745e-13
558, 647, 2.0185492107946693e-13
701, 798, 1.9844645074955364e-13
495, 798, 1.9711381989879175e-13
182, 328, 1.8548488283573295e-13
143, 470, 1.6980202464025603e-13
356, 821, 1.6395871967487813e-13
686, 819, 1.5558743788086341e-13
356, 848, 1.4650720546326834e-13
701, 919, 1.2437461629122047e-13
182, 369, 1.2078667429771463e-13
686, 804, 1.2036582293498448e-13
96, 328, 1.1999534738470705e-13
450, 647, 1.0900796994792397e-13
96, 369, 1.077943242105698e-13
143, 544, 9.885582089005327e-14
182, 312, 9.438643972331914e-14
130, 398, 9.393837410226031e-14
96, 450, 9.270978087880479e-14
182, 450, 8.670117645383633e-14
172, 495, 6.749357340065265e-14
736, 821, 6.238872414893313e-14
143, 339, 6.01881234505093e-14
174, 465, 5.916830516891261e-14
143, 535, 5.726986359971566e-14
356, 865, 5.587411571028495e-14
506, 660, 5.4950074728515275e-14
96, 312, 5.390172537662566e-14
454, 647, 5.1774502737338204e-14
143, 591, 4.2773967751928744e-14
174, 599, 3.672375194632963e-14
403, 647, 3.335112152814786e-14
495, 660, 2.6704672046956583e-14
96, 558, 2.5273893899361406e-14
182, 558, 2.3635870064655977e-14
130, 328, 2.098358518760025e-14
96, 106, 2.0981597780337177e-14
701, 819, 1.9619193831184233e-14
907, 1000, 1.8614743243773393e-14
96, 470, 1.8221115215390974e-14
130, 369, 1.7089727166151485e-14
182, 470, 1.7040188321629083e-14
130, 450, 1.456349721253546e-14
529, 821, 1.4257531899287504e-14
143, 465, 1.2218565511104869e-14
701, 804, 1.2082991807480394e-14
130, 312, 1.0641515344389252e-14
96, 544, 1.046277378040066e-14
182, 544, 9.784671985019672e-15
182, 339, 8.196779135581647e-15
529, 840, 7.538562190288338e-15
506, 819, 7.339131152062728e-15
174, 495, 7.17777567119275e-15
143, 599, 6.797093828553066e-15
96, 535, 6.0673906527463625e-15
96, 339, 5.788741186846644e-15
182, 535, 5.674157597988719e-15
736, 798, 4.404335847128799e-15
506, 804, 4.1969804217007515e-15
172, 610, 4.040080097179819e-15
130, 558, 4.006926657127227e-15
495, 819, 3.890194293046185e-15
510, 840, 3.672498217521473e-15
130, 470, 2.8362399645864437e-15
356, 798, 2.710555234137963e-15
495, 804, 2.2246596969367373e-15
775, 840, 2.1063000903989975e-15
96, 591, 2.0953399929411313e-15
182, 591, 1.959539120154536e-15
130, 544, 1.6587696116441457e-15
143, 495, 1.4865129512219073e-15
0, 647, 1.3563122302706212e-15
96, 465, 1.2945534640444637e-15
182, 465, 1.2106522876962024e-15
130, 339, 9.364143479796724e-16
0, 786, 6.420951484156636e-16
130, 535, 4.968080516977232e-16
130, 591, 3.321954941684962e-16
96, 599, 2.9965987083479686e-16
182, 599, 2.8023864462063797e-16
130, 465, 1.2720139621231446e-16
96, 495, 8.167756346461638e-17
182, 495, 7.63839669872696e-17
130, 599, 4.750811763713128e-17
980, 1003, 3.901011110571837e-18
0, 704, 5.429625667648491e-19
0, 681, 4.520614633443436e-19
130, 495, 1.9335291120542056e-19
