Gene = AT2G15890
index = 138
Annotated 5SS: [400 561]
Annotated 3SS: [486 644]
SMsplice 5SS: [ 400  561  985 1224]
SMsplice 3SS: [ 486  644 1094 1315]
length: 1793
Partition function (logZ) = 8.979688393159876
#Introns = 1420
5SS, 3SS, prob
400, 486, 0.9993339228768527
561, 644, 0.9669380804397248
1224, 1315, 0.5658394866006154
985, 1094, 0.38561279789129876
985, 1161, 0.3385404152192152
985, 1074, 0.1996636349630462
1466, 1577, 0.18153987173560074
1224, 1333, 0.12910039068361306
1224, 1403, 0.11595930724269528
1224, 1291, 0.11408041067020995
1466, 1532, 0.052989114720002346
1466, 1646, 0.030406444257428097
691, 774, 0.021079129735926575
985, 1058, 0.018052028835636683
561, 690, 0.014370505087984492
565, 644, 0.010372045236394815
1224, 1335, 0.007055337781386725
1466, 1754, 0.006251090625359806
985, 1403, 0.0053349866268467
1022, 1161, 0.004889074365436198
998, 1094, 0.004643215199180946
985, 1049, 0.004560173453282489
985, 1291, 0.004402358639523716
561, 650, 0.0041874520362919195
1022, 1094, 0.003531262355758321
985, 1315, 0.003275894739679486
1224, 1577, 0.002921039147034502
1482, 1577, 0.0028350643875800804
1224, 1532, 0.002595706067091698
122, 227, 0.0022858339316500164
1466, 1714, 0.0021362492401537517
1505, 1577, 0.0021184425802548068
998, 1161, 0.001997033739629135
1466, 1673, 0.0018991150407287939
985, 1333, 0.0018425580571812543
771, 849, 0.0016063348889389763
561, 774, 0.001588981698125943
122, 195, 0.0015063253492237907
1224, 1646, 0.0014253038213149067
694, 774, 0.0011497832266535197
1224, 1514, 0.0011379391818317622
1240, 1315, 0.0011373352884376498
1240, 1333, 0.0010965796562290141
985, 1186, 0.0010911787874273175
1224, 1373, 0.0009441702908170765
771, 898, 0.0008856739199376684
561, 646, 0.0008565171621316721
1466, 1781, 0.0008235405681687753
1264, 1403, 0.0007452743631226525
998, 1074, 0.0006936341938895081
1224, 1428, 0.0006797093606073715
763, 849, 0.0006251769331283679
771, 888, 0.0005996330294828632
771, 851, 0.0005675269217466803
561, 648, 0.000545208390699706
985, 1273, 0.0005279285419924561
1505, 1646, 0.0004908375204402089
910, 1161, 0.00044435133787017623
122, 271, 0.0004349275112193013
691, 780, 0.00043492403780993704
1240, 1403, 0.0004223351677712607
771, 1161, 0.00038341013563253194
691, 777, 0.00036259413470403915
1466, 1616, 0.0003572762045990244
1015, 1094, 0.00034936862614007736
771, 857, 0.00034244033517503015
1466, 1729, 0.0003265745487561901
1264, 1333, 0.0003198559936904185
1224, 1754, 0.0002980286694459282
1485, 1577, 0.0002874896496780521
691, 898, 0.0002282595906592755
763, 898, 0.00020775420571340518
565, 690, 0.000207050800804527
1015, 1161, 0.00020400069410950655
1482, 1646, 0.00019826167015865202
763, 851, 0.00019111690986033079
400, 507, 0.00018952582798688065
691, 1161, 0.00017520475450579482
985, 1211, 0.0001734210529174543
910, 1094, 0.00016199942409795252
660, 774, 0.0001605453669641619
985, 1188, 0.00015946874056316614
561, 898, 0.00013639890301752502
985, 1577, 0.00013610532138781659
691, 849, 0.00013549052619809174
771, 1094, 0.00013484441912791387
771, 864, 0.0001338634541915712
771, 907, 0.00013137696607733477
763, 888, 0.00013111841528096847
1224, 1430, 0.0001223601364992181
691, 888, 0.00012215043394851413
1055, 1161, 0.0001212375372827071
985, 1532, 0.00012094500346123606
1466, 1675, 0.00011743043258546351
985, 1335, 0.0001109456366371462
1001, 1094, 0.00010833285293829999
1224, 1453, 0.0001052895871416347
763, 1161, 0.00010465166381257226
561, 1161, 0.0001044888825578245
1224, 1714, 0.00010184859092124773
1224, 1673, 9.054267438798086e-05
1031, 1161, 8.753047807191347e-05
61, 180, 8.254167133508273e-05
763, 857, 8.034084945545953e-05
771, 861, 7.533121460893342e-05
561, 849, 7.387522982728734e-05
666, 774, 7.387491278256098e-05
1505, 1754, 7.300987789661819e-05
561, 888, 7.097145889236394e-05
122, 304, 6.789234504084429e-05
508, 644, 6.697892556928247e-05
985, 1646, 6.64216985967182e-05
691, 1094, 6.161439297757563e-05
1240, 1335, 5.899801075873053e-05
565, 650, 5.5308354512329275e-05
704, 774, 5.489417679870651e-05
985, 1514, 5.3026781433077456e-05
1022, 1403, 5.2709127664031154e-05
771, 866, 4.803590238366382e-05
691, 786, 4.660914049746817e-05
1022, 1291, 4.331809775790795e-05
1001, 1161, 4.281632995117307e-05
285, 486, 4.2812521576901606e-05
1482, 1754, 4.157802306919114e-05
691, 907, 4.00059839770882e-05
691, 851, 3.968954134562225e-05
1224, 1781, 3.926338358795934e-05
1466, 1761, 3.6931106225331465e-05
763, 1094, 3.682164386219618e-05
561, 1094, 3.676764063165618e-05
1038, 1161, 3.64884259896621e-05
63, 180, 3.484312355524968e-05
122, 486, 3.4113261972727166e-05
985, 1373, 3.390630423969968e-05
1077, 1161, 3.2780646058140594e-05
1243, 1333, 3.261409219666193e-05
763, 907, 3.230821257182221e-05
1022, 1315, 3.229628550712976e-05
1646, 1754, 3.225865036125415e-05
910, 1074, 3.141491389144482e-05
561, 780, 3.09163201602944e-05
998, 1403, 3.088505585312127e-05
985, 1428, 3.074996303908326e-05
771, 915, 2.994411943142168e-05
122, 331, 2.8357704852749043e-05
561, 653, 2.765462809554614e-05
694, 780, 2.7582653693346084e-05
771, 1074, 2.719666827124025e-05
1264, 1335, 2.6421579706262164e-05
561, 777, 2.5556817181936886e-05
998, 1291, 2.5379735570278128e-05
1505, 1714, 2.4951181280043794e-05
763, 864, 2.458214319176456e-05
561, 907, 2.389678273528182e-05
561, 624, 2.35321561646274e-05
1211, 1291, 2.269365874575816e-05
561, 851, 2.2557050232696527e-05
1505, 1673, 2.212668604913143e-05
829, 898, 2.1804667369897544e-05
932, 1161, 2.1536890248938816e-05
694, 777, 2.138899855140309e-05
565, 774, 2.1023757567524048e-05
1243, 1315, 2.0787520845449973e-05
561, 726, 2.0224718257115264e-05
1049, 1161, 2.000338409427718e-05
158, 227, 1.9038266581456013e-05
998, 1315, 1.89231335038148e-05
1485, 1646, 1.849951142224723e-05
691, 857, 1.8369789343201024e-05
1022, 1333, 1.8196510424533948e-05
1453, 1532, 1.768690460918625e-05
158, 271, 1.7382415415878275e-05
61, 195, 1.706167061156971e-05
771, 910, 1.688290128292618e-05
1466, 1738, 1.6401585764904397e-05
61, 156, 1.5647865572391446e-05
1224, 1729, 1.5575978140902756e-05
763, 861, 1.4972716051603541e-05
694, 898, 1.4390768983871237e-05
1482, 1714, 1.4211035885339725e-05
61, 227, 1.4041558066068714e-05
985, 1754, 1.3888775717064693e-05
910, 1049, 1.3693962457335901e-05
1224, 1616, 1.337385734094789e-05
400, 644, 1.3280372022370014e-05
1403, 1532, 1.3272070822264729e-05
1482, 1673, 1.3025760086186743e-05
829, 907, 1.2649261573124696e-05
1264, 1577, 1.2586794867040031e-05
691, 1074, 1.2033159091902268e-05
1243, 1403, 1.199437965096644e-05
1264, 1532, 1.1184850216855964e-05
1161, 1291, 1.1106107096319274e-05
561, 857, 1.1050342326901627e-05
998, 1333, 1.066148212907539e-05
694, 1161, 1.0641449818149966e-05
1264, 1373, 1.060529360098222e-05
1211, 1315, 1.0554569968438731e-05
1656, 1754, 1.053268444112799e-05
1240, 1577, 1.0238455622410749e-05
1403, 1514, 1.0134093230962474e-05
691, 915, 1.012499297323636e-05
1273, 1403, 1.0076644390810632e-05
565, 646, 9.8480052053249e-06
1022, 1186, 9.835198374623103e-06
1505, 1781, 9.618143418980107e-06
1001, 1074, 9.5835927977323e-06
1505, 1616, 9.514172576800248e-06
1466, 1740, 9.185794058163352e-06
1240, 1532, 9.098039981980027e-06
694, 849, 9.096799430880432e-06
829, 1161, 9.044744918961051e-06
1403, 1577, 8.869656213772881e-06
910, 1058, 8.658138050805732e-06
61, 271, 8.553413465419743e-06
763, 866, 8.5382162483873e-06
1031, 1094, 8.532310952516928e-06
561, 659, 8.312453655045949e-06
561, 744, 8.263330039891072e-06
691, 864, 8.186597207503454e-06
771, 1049, 8.186184642204908e-06
1161, 1403, 8.119233650373154e-06
1664, 1754, 7.90609280257117e-06
1177, 1291, 7.898479139282144e-06
932, 1094, 7.755466673344673e-06
713, 898, 7.709951959809118e-06
694, 888, 7.709039064215667e-06
1437, 1532, 7.670669773159695e-06
309, 486, 7.5174179311180825e-06
763, 915, 7.415298685409148e-06
122, 298, 7.1784674213384695e-06
763, 1074, 7.158334919626803e-06
561, 1074, 7.146847445777565e-06
63, 195, 6.971141359242164e-06
910, 1403, 6.848143501032032e-06
1171, 1291, 6.779981128406259e-06
565, 648, 6.719822928828715e-06
63, 156, 6.700158503421391e-06
1514, 1646, 6.634109012356609e-06
1413, 1514, 6.273082050219247e-06
1318, 1403, 6.181700676761182e-06
1264, 1646, 6.1415857784182366e-06
1413, 1532, 6.069451923652259e-06
771, 1403, 6.065639123375987e-06
713, 849, 6.037807705325529e-06
561, 915, 6.03553223036459e-06
998, 1186, 5.999915986172911e-06
400, 523, 5.925644033896718e-06
1161, 1315, 5.874974453800619e-06
1453, 1577, 5.861079433357782e-06
771, 1058, 5.773993866101592e-06
910, 1291, 5.6191867319427415e-06
985, 1430, 5.5716193247376416e-06
63, 227, 5.563613260850386e-06
1419, 1514, 5.53460141441232e-06
1224, 1675, 5.527737746795195e-06
713, 1161, 5.49256141134577e-06
1482, 1781, 5.476590410576225e-06
1616, 1714, 5.4360610577304075e-06
691, 910, 5.347663794530485e-06
660, 898, 5.315292342097421e-06
1022, 1273, 5.18860125101121e-06
771, 1291, 5.0058682460648785e-06
205, 304, 5.003444377654627e-06
1240, 1646, 4.995740020634971e-06
1419, 1532, 4.913228495436202e-06
1264, 1514, 4.9033391130925655e-06
561, 864, 4.8302081948003045e-06
985, 1453, 4.794032232138794e-06
985, 1714, 4.746378503422158e-06
1646, 1714, 4.73709041345101e-06
829, 915, 4.559390800079946e-06
205, 271, 4.434184636080154e-06
1224, 1478, 4.431762555091717e-06
1280, 1403, 4.424633376798961e-06
910, 1015, 4.353463583496214e-06
1403, 1646, 4.284427748856833e-06
691, 861, 4.198498905241748e-06
910, 1315, 4.192607278313895e-06
763, 910, 4.159815411876211e-06
1240, 1373, 4.096430182550301e-06
1211, 1403, 4.080412444631583e-06
985, 1673, 4.074087750520347e-06
561, 786, 3.994536365015256e-06
1240, 1514, 3.988515052156497e-06
660, 1161, 3.9264394913813025e-06
1171, 1403, 3.899457031414758e-06
713, 888, 3.898982130362015e-06
1646, 1729, 3.877307312298057e-06
1616, 1754, 3.8738379459868815e-06
1514, 1577, 3.825073784504679e-06
1505, 1729, 3.815856166176247e-06
1653, 1754, 3.7733300007604085e-06
694, 1094, 3.768755507829196e-06
1485, 1754, 3.747353847508089e-06
771, 1315, 3.7247816356674974e-06
691, 1049, 3.723413499902568e-06
1177, 1403, 3.6470332151322975e-06
195, 271, 3.4487277190407588e-06
63, 271, 3.3733139726214086e-06
694, 786, 3.302379565612831e-06
1177, 1315, 3.271161968676894e-06
1521, 1646, 3.250376979513782e-06
1171, 1315, 3.236391566880645e-06
829, 1094, 3.2034988790548744e-06
561, 910, 3.187421870759117e-06
691, 866, 3.1833720444699234e-06
508, 690, 3.163658411758839e-06
1413, 1577, 3.1612524723165643e-06
576, 644, 3.0735067647094924e-06
998, 1273, 3.0397772749229665e-06
660, 849, 2.980239219369077e-06
1264, 1428, 2.919840142814173e-06
561, 666, 2.789963874234962e-06
660, 888, 2.7660224960289115e-06
1482, 1616, 2.7027976443367415e-06
694, 851, 2.665290493232128e-06
691, 1058, 2.6383057898487867e-06
1437, 1514, 2.6244186705009535e-06
660, 744, 2.5450021811459865e-06
694, 907, 2.5209407775455763e-06
660, 780, 2.517879700015638e-06
561, 861, 2.479526529349781e-06
704, 780, 2.4581442708059274e-06
1177, 1273, 2.391150233907266e-06
285, 360, 2.3866724749329706e-06
691, 758, 2.3720891047078493e-06
1694, 1781, 2.3712969468068965e-06
660, 777, 2.2969728546868728e-06
704, 898, 2.2685742601382315e-06
1629, 1714, 2.249404954219195e-06
1419, 1577, 2.2385315806220593e-06
763, 1049, 2.2251819452424394e-06
561, 1049, 2.20438271198278e-06
1069, 1161, 2.148512807411293e-06
932, 1074, 2.1215746793554136e-06
829, 910, 2.0717084078579793e-06
713, 780, 2.0335876572766074e-06
1482, 1729, 2.0073456361978442e-06
61, 158, 2.0067859341538e-06
1058, 1161, 1.972324779861556e-06
713, 1094, 1.945101392171488e-06
1543, 1646, 1.8839656550962942e-06
561, 866, 1.8719291815029583e-06
666, 898, 1.848748202433971e-06
1646, 1781, 1.8218751382727727e-06
565, 898, 1.8088534159708658e-06
713, 851, 1.794157500438459e-06
910, 1031, 1.7731848588791932e-06
1437, 1577, 1.7669459224932314e-06
985, 1781, 1.7666641955623142e-06
285, 381, 1.7071478940303727e-06
1224, 1761, 1.6785596389421264e-06
61, 304, 1.6532139751908955e-06
1373, 1577, 1.641212710935478e-06
158, 304, 1.6353557880797752e-06
704, 1161, 1.630164983736462e-06
704, 849, 1.5925010154522785e-06
763, 1058, 1.5766366256947217e-06
561, 1058, 1.569889877863384e-06
1373, 1532, 1.5641155052800928e-06
1453, 1646, 1.5594767886254704e-06
1413, 1646, 1.5473902495730378e-06
1629, 1754, 1.4571286365501643e-06
47, 180, 1.4350055860620102e-06
1022, 1188, 1.4330781554027137e-06
282, 486, 1.4183809730659747e-06
704, 777, 1.4120576009742259e-06
660, 1094, 1.386510815021895e-06
666, 1161, 1.3613431939285091e-06
713, 907, 1.3395056601233289e-06
565, 1161, 1.3299884669588888e-06
1022, 1577, 1.3285540987276547e-06
561, 671, 1.3034402793044514e-06
910, 1186, 1.2945881648302178e-06
1264, 1754, 1.283858625803162e-06
1022, 1211, 1.2815372941373916e-06
1505, 1675, 1.2700021349555955e-06
1302, 1403, 1.2185154410216036e-06
561, 758, 1.1919304286286384e-06
704, 888, 1.1880899263068267e-06
1485, 1714, 1.1837262889059062e-06
1022, 1532, 1.1805680539079933e-06
694, 857, 1.1719915224475683e-06
771, 1186, 1.1112965965153418e-06
122, 306, 1.099910627783661e-06
932, 1049, 1.095648381618633e-06
1485, 1673, 1.0915251732348007e-06
666, 780, 1.0882673809653193e-06
1240, 1754, 1.0436912332472825e-06
666, 849, 1.0336958174232773e-06
666, 777, 1.0280040715612415e-06
1559, 1646, 1.0272618126126656e-06
1709, 1781, 1.015198278653567e-06
246, 331, 1.0149793774189133e-06
1419, 1646, 9.967889945002492e-07
691, 1403, 9.808809710938787e-07
565, 849, 9.797083093357872e-07
1386, 1577, 9.67134518847472e-07
666, 888, 9.566996156626356e-07
565, 888, 9.359737932758605e-07
1161, 1333, 9.319875831960586e-07
771, 1015, 9.259464338754559e-07
660, 907, 9.240619931410963e-07
400, 690, 9.201385579788724e-07
1211, 1333, 9.075689146465201e-07
660, 851, 9.054282038328942e-07
1403, 1754, 8.958569741253012e-07
227, 304, 8.858148497857093e-07
691, 790, 8.837234800823843e-07
998, 1188, 8.742879151476633e-07
63, 158, 8.713342136455636e-07
61, 486, 8.533428732198792e-07
713, 777, 8.479817829238862e-07
1015, 1403, 8.419809632535675e-07
1514, 1754, 8.211325732225076e-07
713, 857, 8.138182053057209e-07
1373, 1646, 7.983940942188197e-07
851, 1161, 7.902421266941996e-07
910, 1333, 7.79055531762383e-07
998, 1577, 7.78192330899557e-07
660, 726, 7.539144909248674e-07
694, 1074, 7.525586079237775e-07
771, 1031, 7.49339775151917e-07
1224, 1738, 7.454704220976194e-07
713, 786, 7.450838945743373e-07
1482, 1675, 7.43039240176134e-07
998, 1211, 7.258463171734157e-07
205, 298, 7.162554802781118e-07
61, 331, 7.094183645065799e-07
771, 1333, 7.019392833766563e-07
985, 1729, 7.008554711447048e-07
205, 331, 6.835236930816863e-07
1611, 1714, 6.736864735003099e-07
63, 304, 6.519981554487801e-07
1022, 1646, 6.483719137239842e-07
666, 744, 6.433138577734031e-07
158, 486, 6.407428260568075e-07
694, 915, 6.302004715133953e-07
829, 1074, 6.265355103611235e-07
1243, 1335, 6.254183761368223e-07
259, 331, 6.130585951746318e-07
985, 1616, 6.097382937799199e-07
1437, 1646, 6.055582566015419e-07
1611, 1754, 5.962556513025509e-07
763, 1403, 5.862010572693655e-07
932, 1058, 5.804812796392324e-07
508, 774, 5.798723462367297e-07
704, 1094, 5.756638179386025e-07
561, 1403, 5.614754696691416e-07
1099, 1161, 5.398235556366521e-07
158, 331, 5.383314893600213e-07
523, 644, 5.346270369938502e-07
691, 1291, 5.166193118047345e-07
694, 864, 5.078507662816781e-07
691, 1186, 4.996502019007973e-07
704, 786, 4.934216351566118e-07
1177, 1333, 4.829842636492445e-07
666, 1094, 4.829436830491801e-07
691, 1315, 4.828199681062928e-07
565, 1094, 4.718485341574881e-07
704, 851, 4.693213516216384e-07
1171, 1333, 4.588262058764506e-07
1485, 1781, 4.563365363096613e-07
1386, 1646, 4.5580735513965995e-07
205, 486, 4.54569664478672e-07
1015, 1291, 4.43688803671254e-07
1632, 1714, 4.431670165053208e-07
195, 304, 4.426187024363118e-07
1264, 1714, 4.387457609641265e-07
660, 857, 4.379025288313544e-07
122, 360, 4.3617917883276903e-07
1015, 1186, 4.328325701165715e-07
1147, 1403, 4.2972457657556724e-07
932, 1015, 4.2588168766286975e-07
691, 1015, 4.2123474229782797e-07
1161, 1273, 4.191774851708483e-07
1224, 1740, 4.175046164434547e-07
1015, 1315, 4.146557630143243e-07
1240, 1428, 4.14053364903308e-07
565, 780, 4.099987870681016e-07
565, 653, 3.97345041406638e-07
1505, 1761, 3.972433048285463e-07
691, 794, 3.963723678827966e-07
1264, 1673, 3.900413890840788e-07
713, 1074, 3.8842465531616715e-07
704, 907, 3.820094325495859e-07
998, 1646, 3.795690853925703e-07
576, 690, 3.733037584868874e-07
209, 304, 3.7150017162713176e-07
1022, 1335, 3.694908580173457e-07
1521, 1754, 3.653184706387128e-07
1656, 1781, 3.652938800138921e-07
61, 182, 3.6410250781434396e-07
1240, 1714, 3.5667097228575467e-07
1171, 1273, 3.477464465649423e-07
691, 1031, 3.423958356238602e-07
47, 227, 3.423023860218441e-07
565, 777, 3.389230603830598e-07
1616, 1781, 3.381218857188346e-07
47, 195, 3.373070324986951e-07
63, 486, 3.3654323496780195e-07
1632, 1754, 3.3644443484905657e-07
694, 910, 3.333626265391907e-07
713, 915, 3.252887045090491e-07
713, 864, 3.239115775932202e-07
1413, 1754, 3.2355345995932295e-07
691, 1333, 3.2075246260204756e-07
666, 907, 3.204918998008364e-07
1240, 1673, 3.1718097576145136e-07
1453, 1754, 3.167625579572258e-07
666, 851, 3.1414890672725586e-07
565, 907, 3.134052980785279e-07
763, 1291, 3.0872805340163636e-07
1403, 1714, 3.061501024551959e-07
1147, 1291, 3.0602651992888536e-07
561, 1291, 3.016709295360505e-07
227, 331, 2.9936771369647435e-07
763, 1186, 2.985971669646577e-07
565, 851, 2.9578624209238393e-07
561, 1186, 2.9447320859748953e-07
289, 486, 2.9152381999446034e-07
763, 1315, 2.8852980423084896e-07
1514, 1714, 2.860369202583372e-07
1031, 1403, 2.852400158100228e-07
561, 1315, 2.820207677390988e-07
660, 786, 2.818615037824157e-07
851, 1094, 2.805878485169249e-07
63, 331, 2.797819713847822e-07
565, 726, 2.787723853207687e-07
660, 1074, 2.7769260707313513e-07
1015, 1333, 2.754686595894216e-07
660, 758, 2.739751146017381e-07
1403, 1673, 2.721660111085769e-07
1616, 1729, 2.6945278826128274e-07
691, 792, 2.6873274236705473e-07
1514, 1673, 2.6829573093574595e-07
1656, 1729, 2.681581660657793e-07
694, 861, 2.58933216386254e-07
1664, 1781, 2.54321176153793e-07
508, 650, 2.5242576003421173e-07
985, 1675, 2.5201684025801606e-07
763, 1015, 2.5173813922329814e-07
1601, 1754, 2.5167900907944983e-07
259, 486, 2.4930816443882396e-07
561, 1015, 2.431983790889287e-07
932, 1031, 2.3761178274449392e-07
694, 1049, 2.3375761902054146e-07
660, 915, 2.3254691401310524e-07
726, 849, 2.3152385474378546e-07
561, 740, 2.3001255553328843e-07
1482, 1761, 2.2699150117885835e-07
726, 898, 2.2379930807128966e-07
1001, 1403, 2.2109746963228285e-07
998, 1335, 2.1640816495590948e-07
704, 857, 2.1362478708644803e-07
1147, 1315, 2.1106050872948312e-07
691, 798, 2.0996310889388857e-07
1419, 1754, 2.0842481598221242e-07
122, 381, 2.0701080521849303e-07
763, 1031, 2.0462242643727515e-07
47, 271, 2.0341507818640468e-07
561, 1031, 2.0252270769285973e-07
694, 866, 1.9880974900082965e-07
715, 898, 1.9843983594893178e-07
829, 1049, 1.946258244471089e-07
1634, 1714, 1.9294500396072308e-07
763, 1333, 1.9167940713826796e-07
158, 298, 1.9036152165663246e-07
561, 1333, 1.8736091536559627e-07
660, 864, 1.8638371085843956e-07
1485, 1729, 1.810306777819462e-07
1629, 1729, 1.7918143462934715e-07
61, 298, 1.7806625592587983e-07
910, 1188, 1.774249730590385e-07
713, 910, 1.769497041153868e-07
1505, 1738, 1.7642069282918e-07
47, 156, 1.7468528400824047e-07
713, 861, 1.7298569734482108e-07
1634, 1754, 1.7194183647663175e-07
1031, 1186, 1.7007296971935513e-07
400, 774, 1.6967055279082993e-07
1055, 1403, 1.6946573472476338e-07
1264, 1781, 1.6914021658163167e-07
1373, 1754, 1.6694119125208806e-07
1620, 1714, 1.6657154031922185e-07
1340, 1403, 1.6589085725010844e-07
694, 1058, 1.6568110756298617e-07
726, 1161, 1.6421461521202063e-07
1653, 1729, 1.6380513903348748e-07
715, 849, 1.6100213786606755e-07
1646, 1738, 1.6019568373802852e-07
771, 1188, 1.598313137548633e-07
666, 857, 1.5293965525287995e-07
63, 182, 1.5228172558435275e-07
910, 1211, 1.517199874022426e-07
1031, 1291, 1.5060850109176388e-07
1022, 1373, 1.469706543659002e-07
246, 486, 1.4637863615356318e-07
1147, 1333, 1.4607817362181312e-07
1653, 1781, 1.4577792937323313e-07
565, 857, 1.4498346391685732e-07
1055, 1186, 1.4212407946180348e-07
715, 1161, 1.4210142218845475e-07
1031, 1315, 1.4075368865820955e-07
829, 1058, 1.3793610028667088e-07
1240, 1781, 1.374996885855412e-07
1022, 1754, 1.3538420206780065e-07
309, 381, 1.336885780363657e-07
565, 659, 1.3353746764823073e-07
771, 1211, 1.3026704083495277e-07
1521, 1714, 1.2942998758236598e-07
910, 1273, 1.2682114347868766e-07
1437, 1754, 1.253927313712507e-07
660, 910, 1.2301239145647985e-07
713, 866, 1.2274221698580266e-07
666, 758, 1.2253509014317357e-07
713, 1049, 1.2065544829955598e-07
932, 1403, 1.1929660480099293e-07
1403, 1781, 1.1802346425403864e-07
1001, 1186, 1.1733420575783727e-07
726, 888, 1.171981320064234e-07
1001, 1291, 1.1674079813399245e-07
704, 1074, 1.1529432614267348e-07
1646, 1761, 1.1484503893957589e-07
292, 486, 1.1433474818119596e-07
771, 1273, 1.1425321351028382e-07
666, 786, 1.116406073101382e-07
1001, 1315, 1.0900723787507684e-07
1514, 1781, 1.0817899921823711e-07
282, 360, 1.0742189645451575e-07
565, 744, 1.0578669898795396e-07
508, 595, 1.0396320346821367e-07
1620, 1754, 1.0388029953691645e-07
1629, 1781, 1.0304172903212824e-07
985, 1236, 1.0273653546437198e-07
715, 888, 1.0112423349688902e-07
209, 271, 1.0034152221014065e-07
1038, 1403, 1.0009641101861364e-07
660, 861, 9.698724027864103e-08
666, 1074, 9.672359193147827e-08
704, 915, 9.65548979432418e-08
1386, 1754, 9.530759733754128e-08
565, 1074, 9.449391317911064e-08
1031, 1333, 9.2688969617974e-08
910, 994, 9.25752742437585e-08
561, 790, 9.13630078329476e-08
1055, 1291, 8.978606985015353e-08
1273, 1373, 8.955991176980356e-08
195, 331, 8.729855721428226e-08
660, 1049, 8.625608951985412e-08
713, 1058, 8.551641535039545e-08
998, 1373, 8.513865777535222e-08
227, 486, 8.42358628194802e-08
1055, 1315, 8.39094685308728e-08
1128, 1403, 8.24633601982539e-08
1264, 1430, 8.186058916182337e-08
704, 864, 8.132439442835825e-08
666, 915, 8.100599342290875e-08
565, 915, 7.915519382100662e-08
1102, 1186, 7.804176364294636e-08
694, 758, 7.431272990916041e-08
691, 1188, 7.303173336495762e-08
660, 866, 7.262450098986782e-08
205, 306, 7.184135046210665e-08
1001, 1333, 7.106510272087873e-08
122, 317, 7.079792336486464e-08
63, 298, 7.022616077143782e-08
195, 486, 6.997564486175064e-08
1240, 1430, 6.931568761644255e-08
726, 851, 6.764964877912706e-08
1038, 1186, 6.751264278614989e-08
666, 864, 6.661542223138141e-08
195, 298, 6.610794336681352e-08
694, 790, 6.503460891159091e-08
565, 864, 6.345167895351068e-08
1015, 1188, 6.340315444169745e-08
932, 1291, 6.304522265751705e-08
660, 1058, 6.108364160496335e-08
932, 1186, 6.100529493310201e-08
1310, 1403, 6.052448824366677e-08
660, 740, 6.003368663921174e-08
691, 1211, 5.952292807335368e-08
694, 1403, 5.93320274689327e-08
932, 1315, 5.8346037080678036e-08
1161, 1335, 5.6059479289118626e-08
851, 1074, 5.60214224989842e-08
1055, 1333, 5.461277372658494e-08
1038, 1291, 5.4087636248956626e-08
400, 650, 5.3501752383235265e-08
508, 646, 5.349044077847933e-08
1015, 1211, 5.263565101513861e-08
565, 786, 5.224104102850501e-08
691, 1273, 5.220560821566156e-08
1211, 1335, 5.208606840141567e-08
1022, 1428, 5.163086515502442e-08
561, 794, 5.1467479670685456e-08
704, 910, 5.107553293838915e-08
1038, 1315, 4.960448108966839e-08
508, 898, 4.9193088120451093e-08
282, 381, 4.8845947536061065e-08
209, 298, 4.821932344523698e-08
493, 644, 4.799942961367206e-08
715, 851, 4.7686802902012286e-08
565, 666, 4.583195821202531e-08
209, 331, 4.534924684543763e-08
1128, 1291, 4.498625483352496e-08
1015, 1273, 4.483522527482844e-08
704, 861, 4.469473443630714e-08
227, 298, 4.452814214657504e-08
763, 1188, 4.364467100850759e-08
1128, 1315, 4.304982979564404e-08
666, 910, 4.285049841705095e-08
508, 624, 4.270648269994076e-08
561, 1188, 4.2654304540455345e-08
565, 910, 4.188107633907556e-08
1128, 1211, 4.1222845782580236e-08
1147, 1273, 4.085039374099321e-08
47, 304, 3.931630937541848e-08
726, 907, 3.9265825255837206e-08
285, 447, 3.816059435959284e-08
704, 1049, 3.5699750971993596e-08
763, 1211, 3.55716411692219e-08
400, 552, 3.52793639775783e-08
561, 1211, 3.4564177498113273e-08
666, 861, 3.4473013800971303e-08
715, 907, 3.4332241270413495e-08
561, 798, 3.427409409584613e-08
715, 780, 3.3581190816126504e-08
565, 861, 3.272076797333829e-08
576, 650, 3.2653816095301705e-08
508, 648, 3.261262128413987e-08
694, 1291, 3.195288969160867e-08
694, 1186, 3.111825580779572e-08
561, 792, 3.110892497395805e-08
763, 1273, 3.087618560125258e-08
1137, 1291, 3.055778979661127e-08
704, 866, 3.0446037892311e-08
122, 447, 3.0188019400630876e-08
666, 1049, 2.9952010722375716e-08
1049, 1186, 2.9674391480875993e-08
694, 794, 2.9667287234066622e-08
561, 1273, 2.966644059135613e-08
565, 1049, 2.9245849412861137e-08
726, 857, 2.9156062661650668e-08
851, 915, 2.834530849459068e-08
998, 1428, 2.7870255137971264e-08
1099, 1186, 2.7702639801393896e-08
209, 486, 2.757162772555426e-08
713, 790, 2.7451791811946255e-08
576, 774, 2.7356131975993865e-08
1264, 1453, 2.7229626067170874e-08
1118, 1186, 2.667871375273655e-08
1211, 1273, 2.6570203022212722e-08
829, 1291, 2.6565482449515622e-08
61, 306, 2.6558456489267808e-08
694, 1015, 2.6556909275589824e-08
508, 849, 2.644334836698893e-08
829, 1186, 2.5909031015325738e-08
158, 306, 2.5657098523981666e-08
666, 866, 2.5545836264225244e-08
508, 888, 2.542036193864405e-08
565, 866, 2.4560570850191245e-08
1031, 1188, 2.355676075238217e-08
1077, 1186, 2.3404385523385932e-08
829, 1015, 2.2983801854827277e-08
47, 158, 2.2383074682843104e-08
508, 604, 2.2272620721070904e-08
715, 857, 2.1478382524791427e-08
1240, 1453, 2.1398743881600123e-08
565, 671, 2.1180095018803833e-08
1373, 1453, 2.07529490697586e-08
713, 794, 2.070704818447706e-08
47, 486, 2.0293979774301847e-08
694, 792, 2.0009723058214724e-08
1055, 1188, 1.9760522824198187e-08
285, 507, 1.877833123986417e-08
611, 690, 1.79768416952889e-08
523, 690, 1.7812209559566493e-08
1031, 1211, 1.7658458668714657e-08
47, 331, 1.6871205006794963e-08
227, 306, 1.68036497204811e-08
1118, 1211, 1.638288590696513e-08
508, 611, 1.6329338137349505e-08
259, 360, 1.6177357747071596e-08
1147, 1211, 1.585806728652166e-08
713, 798, 1.5745032949082477e-08
565, 758, 1.5733883831382617e-08
694, 798, 1.5629840703919263e-08
122, 507, 1.5097937478293648e-08
400, 898, 1.452539068837059e-08
715, 786, 1.4225153504018401e-08
1001, 1211, 1.3455601903722844e-08
289, 381, 1.343002995058157e-08
715, 777, 1.300400916451204e-08
704, 790, 1.2686348127830012e-08
666, 740, 1.1896853274960191e-08
1055, 1211, 1.1720561873581867e-08
1137, 1211, 1.1629541847431964e-08
726, 864, 1.1398088434170182e-08
508, 780, 1.1086753589647197e-08
713, 792, 1.1040189957488618e-08
61, 360, 1.0911797033152893e-08
400, 646, 1.0844944268428954e-08
63, 306, 1.047418235172479e-08
726, 915, 1.0017249532747435e-08
309, 447, 9.632709303563287e-09
47, 114, 9.381530002319007e-09
289, 360, 9.172635307514655e-09
508, 777, 9.162918588408054e-09
285, 431, 8.697692553591497e-09
715, 864, 8.614225343929846e-09
715, 915, 8.535984533532464e-09
508, 907, 8.44745700045413e-09
771, 968, 8.303827655948092e-09
158, 360, 8.193248075318208e-09
508, 851, 8.07346832074712e-09
400, 849, 7.878022258731127e-09
617, 690, 7.636986850375132e-09
400, 888, 7.572198016464215e-09
508, 726, 7.301418142333984e-09
932, 1211, 7.1403779480588175e-09
704, 794, 6.9684482207068426e-09
205, 360, 6.782698952555229e-09
400, 648, 6.770175708172758e-09
47, 182, 6.494096815328067e-09
195, 306, 6.452894815096414e-09
1368, 1453, 6.305087779333121e-09
1038, 1211, 6.206804461927892e-09
726, 861, 6.08821717604575e-09
660, 790, 6.006520945256951e-09
292, 381, 5.641946280097054e-09
209, 306, 5.420837166610017e-09
122, 431, 5.3081401109145765e-09
726, 910, 5.265714947293543e-09
400, 624, 5.262560795139608e-09
285, 399, 5.255794223793558e-09
61, 381, 5.178743048338736e-09
246, 360, 4.851330985198269e-09
285, 644, 4.678103735997692e-09
715, 861, 4.569419319214672e-09
715, 910, 4.5407636252853395e-09
704, 792, 4.328701729683656e-09
63, 360, 4.303418459443909e-09
726, 866, 4.299791031333668e-09
47, 298, 4.234725880838236e-09
454, 644, 4.078569859940483e-09
704, 798, 4.067244971464228e-09
508, 857, 3.931547611757022e-09
158, 381, 3.888518678334422e-09
122, 644, 3.7987606022954986e-09
691, 968, 3.689654154097941e-09
576, 646, 3.6838776739114266e-09
309, 507, 3.3843766549901672e-09
523, 774, 3.342494554390212e-09
400, 534, 3.282886293156071e-09
400, 780, 3.270808641479088e-09
715, 866, 3.2558050067927797e-09
576, 648, 3.1550169359477643e-09
660, 794, 3.1524567317606723e-09
565, 740, 3.026476571568978e-09
47, 122, 3.0127356884161784e-09
259, 381, 2.991410175655842e-09
309, 399, 2.93353948200104e-09
508, 744, 2.845393066871077e-09
205, 381, 2.781986897058673e-09
493, 690, 2.7035098795780785e-09
400, 777, 2.6996187306886876e-09
205, 317, 2.592707776466808e-09
400, 851, 2.4037516407637164e-09
666, 790, 2.3694639611694374e-09
309, 431, 2.294587140583403e-09
763, 968, 2.205009884383627e-09
400, 726, 2.150814125186758e-09
292, 360, 2.0987756581534456e-09
63, 381, 2.042404047951601e-09
400, 532, 1.980256497257443e-09
660, 792, 1.9740686511726517e-09
660, 798, 1.9701202087577382e-09
910, 998, 1.8707578491383247e-09
523, 650, 1.8600968342631832e-09
61, 317, 1.7202189501047868e-09
227, 360, 1.6956064254980397e-09
508, 653, 1.6772787479460446e-09
454, 523, 1.6536728461353713e-09
122, 399, 1.6296138428756614e-09
508, 786, 1.4145520003690727e-09
227, 317, 1.398898734795993e-09
158, 317, 1.3852374386774737e-09
246, 381, 1.352431597083072e-09
282, 447, 1.2462479454420955e-09
666, 794, 1.2316957461829549e-09
565, 790, 1.2121367856012482e-09
469, 644, 1.1880277851465338e-09
771, 994, 1.1809947160720915e-09
400, 595, 1.1805170383685947e-09
285, 523, 1.1011053786771083e-09
195, 360, 8.884144149164848e-10
122, 523, 8.852982713090821e-10
309, 644, 8.135710320862142e-10
61, 447, 7.552069338537103e-10
246, 317, 7.472919571377321e-10
635, 774, 7.32963320146444e-10
63, 317, 6.784237244950993e-10
47, 306, 6.316063785663757e-10
285, 452, 6.297323896047124e-10
282, 507, 6.277510619375679e-10
508, 659, 6.079503265843006e-10
227, 381, 6.074670717060833e-10
158, 447, 5.670562669504351e-10
691, 994, 5.396320022209189e-10
713, 1015, 5.341823588794599e-10
523, 624, 5.301555432498353e-10
122, 452, 5.093445813364305e-10
195, 381, 4.4138893879380383e-10
209, 360, 4.379874837800865e-10
523, 646, 4.131941404905356e-10
205, 447, 4.022932887268768e-10
660, 1015, 3.818834273999808e-10
61, 507, 3.7770158427012734e-10
400, 653, 3.736854040955803e-10
763, 994, 3.2249467448490965e-10
576, 653, 3.180372278863575e-10
508, 617, 3.07277763453706e-10
63, 447, 2.9784016784511557e-10
158, 507, 2.8360177619675414e-10
282, 431, 2.807501434894882e-10
195, 317, 2.7910304721608957e-10
289, 447, 2.7491794982690613e-10
47, 360, 2.595015493669998e-10
1386, 1532, 2.5914426155584003e-10
259, 447, 2.2885538765706837e-10
523, 595, 2.150840050858037e-10
205, 507, 2.011989044952157e-10
400, 744, 1.979322801734718e-10
309, 523, 1.934151469530696e-10
209, 317, 1.9094958026845835e-10
209, 381, 1.690115532715287e-10
285, 454, 1.6169491525209054e-10
704, 1015, 1.5856072678250196e-10
282, 399, 1.5619846539927817e-10
309, 452, 1.5237987468317631e-10
63, 507, 1.4895876381899583e-10
1368, 1577, 1.4013156017844088e-10
666, 1015, 1.3302620104739662e-10
61, 431, 1.3279255470295065e-10
246, 447, 1.307156316703156e-10
122, 454, 1.2980024229753444e-10
289, 507, 1.254747038076465e-10
47, 381, 1.2315953465175186e-10
292, 447, 1.1470250407865041e-10
259, 507, 1.1034720328820218e-10
158, 431, 9.970889689916222e-11
400, 604, 9.459990666877253e-11
400, 611, 9.34049552404215e-11
1243, 1577, 8.9741730333496e-11
227, 447, 7.45485611678247e-11
205, 431, 7.073763334276057e-11
851, 1015, 7.029150845032106e-11
1368, 1532, 6.933126618369674e-11
246, 507, 6.478920743731655e-11
195, 447, 6.192832305604407e-11
508, 576, 6.145334491212111e-11
289, 431, 6.120909579875565e-11
1358, 1577, 6.061275297841761e-11
63, 431, 5.237101913178389e-11
454, 552, 5.190909335044835e-11
565, 1015, 4.9448037508138006e-11
292, 507, 4.9158579531888606e-11
1389, 1577, 4.915066418638376e-11
1161, 1577, 4.407144079087324e-11
289, 399, 4.2089434472939924e-11
47, 317, 4.09098044480102e-11
61, 399, 4.0767685263206176e-11
259, 431, 3.918971932963201e-11
309, 454, 3.783082323339794e-11
227, 507, 3.728396955720163e-11
282, 523, 3.680943593688191e-11
195, 507, 3.097220409039224e-11
158, 399, 3.0610909893063926e-11
292, 431, 2.4921543349102936e-11
209, 447, 2.4400838450274487e-11
246, 431, 2.365563877712839e-11
205, 399, 2.2356112668117867e-11
61, 523, 2.214729764608454e-11
282, 452, 2.129285559440799e-11
469, 552, 2.063535147959653e-11
400, 617, 2.0604516236717163e-11
292, 399, 1.92151385205041e-11
47, 447, 1.7960136981315602e-11
259, 399, 1.6957651598366655e-11
158, 523, 1.6629566512546576e-11
63, 399, 1.6078049177183834e-11
523, 611, 1.6006475678612983e-11
523, 604, 1.3870232601197938e-11
851, 1049, 1.3602212516882515e-11
227, 431, 1.3108318007263221e-11
61, 452, 1.2742159545001401e-11
209, 507, 1.2203485167728149e-11
400, 576, 1.192482540470227e-11
205, 523, 1.1797695063550714e-11
195, 431, 1.0889227570662155e-11
561, 968, 1.0610595608943849e-11
285, 552, 1.0325687054851999e-11
158, 452, 9.567604612082878e-12
47, 507, 8.982324303601304e-12
63, 523, 8.734491323176308e-12
246, 399, 8.44932007631212e-12
122, 552, 8.301972816360561e-12
726, 1094, 7.940813673843979e-12
1368, 1646, 7.54954691588825e-12
1524, 1646, 7.456291951164849e-12
704, 1058, 7.42239774500318e-12
289, 523, 7.35729616250961e-12
1118, 1291, 7.25582768461902e-12
523, 648, 7.083614036234617e-12
715, 1094, 6.880402608606868e-12
205, 452, 6.787650686717525e-12
259, 523, 6.470284464715363e-12
666, 1058, 6.2268983950804664e-12
400, 561, 5.654928921944176e-12
1137, 1315, 5.601678322800086e-12
282, 454, 5.4515854643727894e-12
493, 595, 5.168574178853501e-12
282, 644, 5.1131192480066756e-12
63, 452, 5.025280843525208e-12
493, 650, 4.614598869247732e-12
454, 534, 4.376906993642343e-12
209, 431, 4.290545222180738e-12
289, 452, 4.252435505969914e-12
227, 399, 4.0651423184937026e-12
508, 666, 4.02323988906724e-12
259, 452, 3.832146669896943e-12
246, 523, 3.798959852572428e-12
576, 659, 3.4990680028951176e-12
1128, 1333, 3.425898558865922e-12
195, 399, 3.343023281748285e-12
61, 454, 3.2471836494353357e-12
47, 431, 3.1580383675685625e-12
523, 617, 3.157878090168095e-12
61, 644, 3.076294564883705e-12
1243, 1646, 2.9239777620171896e-12
292, 523, 2.882447366884623e-12
400, 659, 2.49239216332409e-12
158, 454, 2.4381871133627313e-12
285, 690, 2.3123835773765985e-12
158, 644, 2.3098573913571562e-12
454, 532, 2.2031872531035954e-12
227, 523, 2.18617039568636e-12
246, 452, 2.185717053772585e-12
1358, 1646, 2.0418078964793054e-12
454, 690, 1.9387125529998555e-12
508, 671, 1.8982415294868186e-12
851, 1058, 1.8604032740603122e-12
122, 690, 1.859762943167189e-12
195, 523, 1.8160758020903222e-12
309, 552, 1.8137631669624954e-12
292, 452, 1.7427443056413748e-12
205, 454, 1.7297495689836138e-12
493, 624, 1.6991008471005128e-12
205, 644, 1.6093083238792805e-12
576, 666, 1.416586869438253e-12
209, 399, 1.3604969681934948e-12
726, 1049, 1.3474620502279597e-12
63, 454, 1.2806314134810085e-12
227, 452, 1.2578106926560143e-12
63, 644, 1.191577916101991e-12
493, 646, 1.164915956473986e-12
576, 726, 1.085487285233571e-12
1102, 1291, 1.0807676664796505e-12
289, 454, 1.0710388301192798e-12
195, 452, 1.0448797845617916e-12
289, 644, 1.0039610676315758e-12
259, 454, 9.767468912763235e-13
47, 399, 9.695266011423779e-13
1389, 1646, 9.532342383528854e-13
259, 644, 8.819538495522034e-13
493, 604, 8.433856850567381e-13
1118, 1315, 8.114106922747418e-13
285, 534, 7.611980268043007e-13
400, 666, 7.224505331711084e-13
209, 523, 7.155646271255937e-13
611, 774, 6.987944602886524e-13
1585, 1673, 6.945396824070679e-13
1149, 1291, 6.928696258088515e-13
630, 774, 6.867456102111479e-13
1049, 1291, 6.822856953498615e-13
493, 774, 6.580076724846739e-13
576, 780, 6.545563180596074e-13
493, 648, 6.490172263493229e-13
493, 611, 6.274281782982662e-13
576, 671, 6.133746474703809e-13
122, 534, 6.120226604419163e-13
617, 774, 5.966282968648911e-13
246, 454, 5.57002655278527e-13
713, 1291, 5.495694870050626e-13
1521, 1673, 5.421998072060412e-13
726, 1074, 5.391253508054365e-13
576, 777, 5.384086720423466e-13
469, 690, 5.328607882072057e-13
576, 849, 5.279504336371466e-13
47, 523, 5.266883557534789e-13
246, 644, 5.178965953048726e-13
285, 650, 4.729436534069875e-13
715, 1074, 4.678421111939041e-13
285, 532, 4.4319901574324034e-13
292, 454, 4.2952586348082964e-13
209, 452, 4.1170047644053026e-13
454, 650, 4.0852033303648313e-13
660, 1291, 3.9246398759196023e-13
292, 644, 3.9242432118737555e-13
1413, 1673, 3.888884559724504e-13
122, 650, 3.8093018880119507e-13
309, 690, 3.724432032416083e-13
122, 532, 3.563424894031757e-13
282, 552, 3.451316562955941e-13
400, 671, 3.443614531062239e-13
227, 454, 3.205375470838174e-13
1137, 1403, 3.162732312463445e-13
47, 452, 3.0303075965975274e-13
227, 644, 2.9816443066589563e-13
1077, 1291, 2.916324404486182e-13
493, 576, 2.9113931820621555e-13
523, 653, 2.841905205092396e-13
195, 454, 2.662748377279852e-13
195, 644, 2.47736818175615e-13
61, 552, 2.0765556552869872e-13
1102, 1315, 1.7249382924962842e-13
1177, 1335, 1.6824999400051427e-13
1171, 1335, 1.6365105621491795e-13
508, 758, 1.5613783132182887e-13
158, 552, 1.5592069466143765e-13
454, 595, 1.5482982360124524e-13
469, 534, 1.4866668594714404e-13
309, 534, 1.3370829672543558e-13
285, 595, 1.3175678012495533e-13
285, 624, 1.2513794482207695e-13
493, 617, 1.2241096754152152e-13
469, 650, 1.2197000171404216e-13
285, 646, 1.142339478696755e-13
205, 552, 1.1061661822952249e-13
122, 595, 1.0596127939167041e-13
454, 624, 1.0521181270357647e-13
209, 454, 1.0491681619138722e-13
122, 624, 1.0067135927154263e-13
454, 646, 9.862191981818374e-14
209, 644, 9.745618090251202e-14
122, 646, 9.19174357724709e-14
635, 726, 9.16916922596134e-14
309, 650, 8.287354455215565e-14
63, 552, 8.189565762517286e-14
523, 659, 8.075513511409899e-14
576, 744, 7.842745086997824e-14
309, 532, 7.785017897906304e-14
47, 454, 7.722368602966741e-14
523, 726, 7.326226292200425e-14
47, 644, 7.177675431011876e-14
282, 690, 7.014786049831981e-14
289, 552, 6.898425424880548e-14
715, 790, 6.732683038252459e-14
285, 648, 6.57580608257477e-14
259, 552, 6.066742517265725e-14
469, 595, 5.991919533088709e-14
508, 740, 5.975355938181246e-14
454, 648, 5.6698010327154545e-14
630, 726, 5.570187171268133e-14
576, 898, 5.303086924840398e-14
122, 648, 5.298743391262486e-14
469, 532, 5.2868063791226896e-14
576, 888, 4.7694916323328307e-14
61, 690, 4.2619463001991395e-14
469, 624, 3.6723708693686574e-14
454, 604, 3.56716224275028e-14
246, 552, 3.5620262371578945e-14
285, 604, 3.3605103142837365e-14
285, 611, 3.3177945158934585e-14
158, 690, 3.175313911613252e-14
454, 611, 3.1366204769009913e-14
617, 726, 2.9829616639392644e-14
523, 666, 2.918694803444903e-14
469, 646, 2.8981755519738786e-14
611, 726, 2.8533314244843204e-14
122, 604, 2.7289898156553122e-14
292, 552, 2.7026704620150492e-14
122, 611, 2.6944778276990636e-14
493, 653, 2.6522953598479182e-14
282, 534, 2.5446524280034365e-14
493, 561, 2.2920292045683187e-14
309, 595, 2.2894190313554773e-14
205, 690, 2.2515481189181007e-14
309, 624, 2.1745606715232173e-14
227, 552, 2.0498251820847893e-14
309, 646, 2.002662996911699e-14
195, 552, 1.7028128694919796e-14
469, 648, 1.6777758206152227e-14
63, 690, 1.6678105463867e-14
282, 650, 1.5660773171589098e-14
61, 534, 1.531083410116567e-14
282, 532, 1.4815952205020992e-14
523, 671, 1.4267503919338266e-14
289, 690, 1.3901639532041939e-14
469, 604, 1.2771825809238139e-14
259, 690, 1.2280044996919843e-14
158, 534, 1.1496324001618513e-14
469, 611, 1.1455438492875867e-14
309, 648, 1.144489933109734e-14
493, 726, 1.0354204989470788e-14
523, 744, 9.912402835771856e-15
61, 650, 9.515672923791332e-15
508, 864, 9.388754891000342e-15
61, 532, 8.914540410154271e-15
205, 534, 8.155962797719556e-15
493, 659, 7.863796825084512e-15
285, 617, 7.315614674148222e-15
246, 690, 7.226278419157789e-15
158, 650, 7.144909882057243e-15
454, 576, 7.013721077629214e-15
209, 552, 6.709379164723412e-15
158, 532, 6.6935899355669196e-15
454, 617, 6.205038859089741e-15
63, 534, 6.038320351840454e-15
454, 561, 5.9698788538246605e-15
122, 617, 5.942494930777125e-15
666, 792, 5.923799178491142e-15
309, 604, 5.79343208329441e-15
666, 798, 5.728940826613796e-15
309, 611, 5.704270142299005e-15
576, 758, 5.57799316758761e-15
292, 690, 5.444120506593652e-15
715, 794, 5.1630384712751714e-15
289, 534, 5.086238401061742e-15
635, 744, 4.960455433835861e-15
47, 552, 4.938411228293127e-15
205, 532, 4.748707234308666e-15
259, 534, 4.473072782558658e-15
282, 595, 4.212505532273737e-15
285, 576, 4.198442921269695e-15
227, 690, 4.168382055780731e-15
205, 650, 4.071820853910954e-15
469, 561, 3.874538212480016e-15
469, 576, 3.8606083017110036e-15
282, 624, 3.831128766294705e-15
63, 532, 3.5157360095646704e-15
195, 690, 3.467486871804468e-15
122, 576, 3.4104072543038474e-15
282, 646, 2.991475403453323e-15
715, 798, 2.9761755496658285e-15
289, 532, 2.961405559213811e-15
1137, 1333, 2.9298748749739332e-15
63, 650, 2.798712563149497e-15
246, 534, 2.6263300803246066e-15
259, 532, 2.604393972149392e-15
630, 744, 2.575711506061575e-15
61, 595, 2.5597808390957964e-15
576, 740, 2.5341502925171383e-15
469, 617, 2.389929924942676e-15
289, 650, 2.332632318543591e-15
61, 624, 2.3280325809515205e-15
611, 744, 2.1408960239979874e-15
285, 653, 2.0917989702840865e-15
259, 650, 2.06068466729506e-15
292, 534, 1.992689467307708e-15
285, 561, 1.966360047464908e-15
158, 595, 1.9220294307750636e-15
617, 744, 1.91979717793342e-15
493, 666, 1.879004678240328e-15
715, 792, 1.8678485331503042e-15
61, 646, 1.8176654616388284e-15
508, 861, 1.815723730233774e-15
454, 653, 1.8050318374843854e-15
158, 624, 1.7480196226379357e-15
122, 653, 1.6990418640427488e-15
282, 648, 1.6775638005610762e-15
122, 561, 1.5812899963788266e-15
246, 532, 1.5291489838270632e-15
227, 534, 1.5113704434351083e-15
285, 774, 1.4833987705776409e-15
523, 780, 1.3733574364377972e-15
158, 646, 1.364806884720357e-15
205, 595, 1.3628315098010625e-15
523, 777, 1.3511921777256775e-15
493, 744, 1.2862485428257124e-15
309, 617, 1.283407375379928e-15
195, 534, 1.2555143066904116e-15
454, 774, 1.2524373072115106e-15
205, 624, 1.239242229132634e-15
246, 650, 1.2126243139743234e-15
122, 774, 1.204969106099749e-15
292, 532, 1.1602212785790883e-15
282, 604, 1.1043564069797682e-15
282, 611, 1.0873601681764886e-15
285, 726, 1.0213939151865562e-15
61, 648, 1.019392305142158e-15
63, 595, 1.0083425535322445e-15
576, 786, 9.69112056169662e-16
205, 646, 9.677557745518609e-16
63, 624, 9.163515910100535e-16
292, 650, 9.135647025445065e-16
694, 1315, 8.91769217765018e-16
726, 790, 8.800925164780864e-16
227, 532, 8.799767119783604e-16
454, 726, 8.623654475865083e-16
122, 726, 8.296812275763243e-16
289, 595, 8.047866939613751e-16
158, 648, 7.654178756248638e-16
289, 624, 7.636845297337879e-16
829, 1315, 7.40893696230379e-16
309, 576, 7.365495397936925e-16
195, 532, 7.310074147534402e-16
63, 646, 7.168548935344599e-16
932, 1333, 7.11047631065544e-16
259, 595, 7.110205818094509e-16
493, 671, 7.044829658942929e-16
227, 650, 6.99486116837645e-16
259, 624, 6.747072558720757e-16
61, 604, 6.419220886337447e-16
61, 611, 6.312410735734025e-16
1038, 1333, 6.105641201712262e-16
289, 646, 5.974246104019452e-16
195, 650, 5.818705902402548e-16
285, 659, 5.600979726239529e-16
523, 758, 5.510149425053853e-16
469, 653, 5.502517818971826e-16
205, 648, 5.427416709089647e-16
1031, 1273, 5.366909793678007e-16
259, 646, 5.276373248173569e-16
209, 534, 4.946945311679634e-16
454, 659, 4.728921248428755e-16
122, 659, 4.549692009911484e-16
1001, 1273, 4.1600410948128644e-16
63, 648, 4.018864236966534e-16
246, 624, 3.7824824269062376e-16
469, 774, 3.7665815454517286e-16
309, 653, 3.6690786140675605e-16
47, 534, 3.641183170179941e-16
309, 561, 3.453934749825158e-16
289, 648, 3.341064899695995e-16
246, 646, 3.0974338993567807e-16
259, 648, 2.951795725075902e-16
209, 532, 2.8802751123327597e-16
635, 777, 2.8679133742229343e-16
635, 780, 2.802285635442923e-16
309, 774, 2.6023854557519155e-16
292, 646, 2.2133895343251891e-16
209, 650, 2.166414309793536e-16
47, 532, 2.120033062657987e-16
285, 666, 1.7326409838106209e-16
227, 646, 1.6947187715921424e-16
246, 648, 1.6472496749235573e-16
635, 758, 1.6309636058120221e-16
47, 650, 1.5955764715199e-16
469, 659, 1.4689135253092464e-16
454, 666, 1.4628731337582582e-16
122, 666, 1.4074292758386773e-16
565, 794, 1.2491804988980626e-16
309, 659, 9.322749573721891e-17
285, 671, 7.900525223786972e-17
454, 671, 6.670433286784501e-17
282, 561, 6.573499088576527e-17
122, 671, 6.417619459747852e-17
523, 740, 4.781908132345392e-17
61, 561, 3.955877866602746e-17
158, 561, 2.970298694339748e-17
205, 561, 2.1072461601051146e-17
209, 690, 2.0694367825945265e-17
400, 758, 1.9925033557451152e-17
611, 758, 1.7018012036093936e-17
630, 758, 1.6580205530554392e-17
63, 561, 1.560127794049055e-17
246, 595, 1.5333474717957218e-17
47, 690, 1.5241519706912976e-17
617, 758, 1.464472734469764e-17
289, 561, 1.3138897512517769e-17
158, 604, 1.2849424334061726e-17
259, 561, 1.1555886906715163e-17
292, 595, 1.1551908181726912e-17
158, 611, 9.928937017137093e-18
205, 604, 9.111255853166747e-18
227, 595, 8.844908905147688e-18
195, 595, 7.357675988206622e-18
205, 611, 7.0403998111902e-18
246, 561, 6.785217935186655e-18
63, 604, 6.7490667114729534e-18
282, 576, 6.160355771896392e-18
289, 604, 5.624652737093455e-18
63, 611, 5.2151019812643384e-18
292, 561, 5.147541279301689e-18
259, 604, 4.969320893990871e-18
289, 611, 4.34625006783226e-18
292, 624, 4.151339373603506e-18
227, 561, 3.90484404030104e-18
259, 611, 3.839866065175843e-18
61, 576, 3.7329664440706734e-18
195, 561, 3.243607408480831e-18
227, 624, 3.1785425245082645e-18
195, 624, 2.6440845219357708e-18
246, 604, 2.0853058609870932e-18
246, 611, 1.5983342415179453e-18
195, 646, 1.5647619559449748e-18
292, 648, 1.369497485403709e-18
209, 561, 1.277351560296407e-18
227, 648, 1.0485786890058092e-18
47, 561, 9.407766955077037e-19
195, 648, 8.722647755234565e-19
209, 624, 7.237717994021343e-19
282, 653, 6.932051470134502e-19
209, 646, 6.1621240619095205e-19
61, 653, 4.2123464545080486e-19
47, 646, 3.1911055384972576e-19
209, 648, 2.417030931676613e-19
158, 653, 2.2075701685359494e-19
205, 653, 1.56534144298871e-19
282, 617, 6.737886813808265e-20
61, 617, 4.0943599096604907e-20
158, 617, 2.5894310158265583e-20
205, 617, 1.836110915342661e-20
209, 595, 1.5468844251782547e-20
47, 595, 1.1392891848144288e-20
292, 604, 7.213219476220664e-25
292, 611, 2.0171923987265648e-25
