Gene = AT4G12970
index = 728
Annotated 5SS: [392 586]
Annotated 3SS: [526 696]
SMsplice 5SS: [392 586]
SMsplice 3SS: [526 696]
length: 1231
Partition function (logZ) = -5.32262336970868
#Introns = 932
5SS, 3SS, prob
392, 526, 0.7621077211893448
586, 696, 0.554115571580183
604, 696, 0.22219494292914593
586, 693, 0.10298606893364814
841, 1067, 0.04037807905286832
604, 693, 0.03800212055874372
418, 526, 0.029316807121469172
790, 1067, 0.027744143654277274
586, 721, 0.0192698794513462
382, 526, 0.01368596506523788
586, 1067, 0.008943108237126227
574, 696, 0.007645547548866541
839, 1067, 0.00706090305109759
821, 1067, 0.006864163816983867
841, 1007, 0.006397513032738208
604, 721, 0.004648858092578825
392, 696, 0.0044781133396904205
790, 1007, 0.004430286362108227
774, 1067, 0.004415405971977603
586, 710, 0.004001415380828537
385, 526, 0.0033286057418547804
796, 1067, 0.0031679015336282105
841, 963, 0.0031637369059821043
845, 1067, 0.002959167614296056
586, 730, 0.0027756687201065727
294, 526, 0.002727197989647468
901, 1067, 0.002361175135598615
965, 1067, 0.002114201011483842
586, 758, 0.0017611570289761895
858, 1067, 0.001647034413779925
841, 1022, 0.0015987404557668999
901, 1007, 0.0014523949184835636
586, 1007, 0.001427759979238948
604, 1067, 0.0014258002936324513
943, 1067, 0.0013883124633864285
574, 693, 0.0013271572812113077
604, 710, 0.0012918418688301896
821, 1007, 0.0011390299458150694
839, 1007, 0.001124462254353686
790, 963, 0.001110330253120153
790, 1022, 0.001074762529692766
586, 704, 0.0009735794496440943
392, 533, 0.0008620203414875883
586, 707, 0.0007454538145083892
392, 693, 0.0007142390619551588
774, 1007, 0.0007049206987048618
604, 730, 0.0005922799212821569
839, 963, 0.0005278486062409328
796, 1007, 0.0005057625247825965
845, 1007, 0.00048016315543890033
821, 963, 0.0003771551068921157
604, 704, 0.00037482016086675166
574, 721, 0.0003568203054510825
586, 963, 0.0003540703791508923
586, 1022, 0.00034644202205739896
858, 1007, 0.00033449961291130215
604, 758, 0.00033035423832217676
392, 463, 0.00032079053361151164
392, 721, 0.000317750936815432
922, 1067, 0.0003046829083214083
922, 1007, 0.0003043665053867883
839, 1022, 0.00028234135942868037
821, 1022, 0.0002683120697257553
604, 707, 0.00026494507164650507
858, 963, 0.0002635613820583555
845, 963, 0.0002608201760475792
740, 1067, 0.00023338457803909768
604, 1007, 0.00022762480471597905
392, 1067, 0.00022460611683555582
937, 1067, 0.00020747029900053745
101, 526, 0.00020242336328053158
574, 1067, 0.00019377038040101766
901, 1022, 0.00018722366575019684
943, 1022, 0.00018264305217526464
774, 963, 0.00018038006296582228
774, 1022, 0.00017104697194345354
647, 721, 0.00016249246230572303
861, 1067, 0.000138818370841931
796, 963, 0.0001243189233652368
796, 1022, 0.0001223401778235332
845, 1022, 0.00011562899285941584
74, 526, 9.229438686369514e-05
382, 696, 9.209335441144082e-05
586, 767, 8.968212402709266e-05
67, 526, 8.420399205916471e-05
418, 696, 7.759818757054663e-05
943, 1007, 7.154636292352678e-05
574, 710, 6.893717608982356e-05
858, 1022, 6.360435193533566e-05
604, 963, 5.645301852045386e-05
604, 1022, 5.523242205644491e-05
647, 730, 5.360606731742161e-05
392, 710, 5.32463322689786e-05
101, 175, 5.1844036243847754e-05
392, 730, 5.1593370058762285e-05
574, 730, 5.0916518174700344e-05
112, 526, 4.79265854474894e-05
922, 1022, 4.7560793529376864e-05
239, 526, 4.539996221062325e-05
392, 758, 4.3797056415882715e-05
937, 1007, 4.2623987217960085e-05
937, 1022, 4.0266413267751594e-05
574, 758, 3.914763773280955e-05
294, 385, 3.868553681705361e-05
740, 1007, 3.687448227284904e-05
392, 1007, 3.586590517620167e-05
901, 963, 3.386027989337147e-05
841, 1032, 3.343582895066186e-05
183, 526, 3.238579999066618e-05
105, 526, 3.23771540187404e-05
574, 1007, 3.0942905515783636e-05
74, 175, 3.076134730189919e-05
586, 753, 3.0359039666953372e-05
647, 1067, 2.9423278238231465e-05
861, 1007, 2.9018593620356506e-05
418, 533, 2.6446090339995556e-05
861, 963, 2.6200287532373247e-05
294, 696, 2.4790215436097772e-05
790, 1032, 2.2326256425497897e-05
385, 696, 2.1535104146203688e-05
101, 202, 1.966230506778529e-05
32, 526, 1.9592026804171128e-05
67, 175, 1.898758827519226e-05
382, 463, 1.8645655936200618e-05
129, 526, 1.7359900905208525e-05
647, 758, 1.7005510819464057e-05
101, 210, 1.6796169272851656e-05
774, 851, 1.6382479756314974e-05
574, 704, 1.580296615979546e-05
556, 696, 1.5573285883559198e-05
382, 533, 1.530139028233723e-05
382, 693, 1.4688458493156333e-05
1148, 1222, 1.4577298596938309e-05
604, 767, 1.4060863734571685e-05
153, 526, 1.356891344829603e-05
101, 186, 1.2655479033388265e-05
574, 707, 1.2524581360475625e-05
418, 693, 1.2376534995364436e-05
657, 1067, 1.2035281275400922e-05
657, 758, 1.1923237103368412e-05
41, 526, 1.1601734496021356e-05
392, 704, 1.0986734563429643e-05
657, 721, 1.037936746903565e-05
744, 1067, 9.638609373433107e-06
657, 730, 9.454381344294197e-06
11, 526, 9.24990211155179e-06
392, 707, 9.219197913524171e-06
740, 963, 9.146496799189911e-06
740, 1022, 8.947492647796592e-06
392, 963, 8.886751493942197e-06
392, 1022, 8.70275808246623e-06
790, 858, 8.1695040145063e-06
586, 760, 8.129979489451586e-06
574, 963, 7.67271093482413e-06
112, 202, 7.553271301390677e-06
574, 1022, 7.508123335120361e-06
112, 210, 7.304737845380667e-06
586, 1032, 7.218652557910033e-06
841, 934, 6.84309621635651e-06
392, 604, 6.781669900240502e-06
382, 721, 6.534591044764428e-06
392, 635, 5.962591508878005e-06
839, 1032, 5.8384180085572824e-06
774, 858, 5.802148264226921e-06
986, 1067, 5.618933886723611e-06
821, 1032, 5.5188557820037775e-06
861, 1022, 5.514773340196134e-06
418, 721, 5.5060620676568785e-06
604, 753, 5.489237349449994e-06
943, 1032, 4.908442069720519e-06
586, 851, 4.878125113698518e-06
647, 1007, 4.6995983908486365e-06
382, 1067, 4.619064493814125e-06
105, 175, 4.500152912081113e-06
392, 574, 4.351865276475953e-06
294, 693, 3.953894331631227e-06
105, 202, 3.912443225610041e-06
586, 779, 3.9065775553890024e-06
418, 1067, 3.892045331086005e-06
385, 533, 3.7053682940265724e-06
385, 463, 3.55780509991031e-06
774, 1032, 3.552108474100413e-06
74, 210, 3.5198879756869302e-06
385, 693, 3.4346955699690818e-06
105, 210, 3.3248524740583884e-06
294, 533, 3.316818828203928e-06
129, 210, 3.2663870923380567e-06
901, 1032, 3.106431601480335e-06
74, 202, 3.0644925011318723e-06
753, 1067, 3.029188897422467e-06
67, 210, 2.9303805653402735e-06
647, 710, 2.904243271643886e-06
796, 1032, 2.5491427480986056e-06
845, 1032, 2.468349189666664e-06
67, 202, 2.4531569491646027e-06
32, 112, 2.3228958317198387e-06
392, 767, 2.1906576346137977e-06
841, 1102, 2.1253427418894195e-06
101, 253, 2.0473675019008075e-06
74, 186, 1.956628077349507e-06
101, 696, 1.8412851894765107e-06
32, 175, 1.7723878085308031e-06
105, 186, 1.7629750297800393e-06
294, 721, 1.7590092499381968e-06
657, 1007, 1.6243861805586116e-06
556, 693, 1.5503062483931313e-06
385, 721, 1.5280097792313042e-06
112, 175, 1.4708861633024162e-06
790, 1102, 1.4632236263316644e-06
112, 186, 1.4012621045946125e-06
67, 186, 1.3587568034638985e-06
294, 391, 1.3059317175503002e-06
294, 1067, 1.2432950722282668e-06
744, 1007, 1.232069161547552e-06
41, 175, 1.1862146804307974e-06
129, 202, 1.156297040484662e-06
385, 1067, 1.080124394960717e-06
858, 1032, 1.0744762523369045e-06
647, 963, 1.00246952828781e-06
604, 1032, 9.99177921769899e-07
647, 1022, 9.80610080867496e-07
155, 526, 9.564579956937052e-07
11, 112, 8.119130384492076e-07
101, 183, 7.894453386302112e-07
74, 253, 7.711877330626028e-07
382, 1007, 7.375886795602726e-07
67, 253, 7.219610816284947e-07
294, 463, 6.920284276327976e-07
418, 1007, 6.214956687417841e-07
153, 253, 6.128405620142337e-07
11, 175, 6.091475520069552e-07
183, 253, 5.725624704598138e-07
112, 253, 5.557232709786442e-07
937, 1032, 5.538335871412492e-07
556, 1067, 5.475925285854034e-07
101, 189, 5.456597477477057e-07
32, 210, 5.123439855273005e-07
41, 112, 5.080780565477511e-07
44, 526, 4.787044185267938e-07
922, 1032, 4.543269653601533e-07
657, 1022, 3.939929666681053e-07
32, 202, 3.838399390241371e-07
586, 1102, 3.7714530929588114e-07
841, 1130, 3.6790378008772684e-07
101, 385, 3.4767062752652075e-07
105, 253, 3.4362621072660914e-07
41, 210, 3.008435532220471e-07
839, 1102, 2.995477961086417e-07
821, 1102, 2.917225699981743e-07
129, 253, 2.753982705368949e-07
790, 1130, 2.5373639282383243e-07
101, 533, 2.461860209968316e-07
11, 210, 2.447737286875081e-07
574, 767, 2.4035221907802487e-07
41, 202, 2.3328189488775302e-07
101, 257, 2.03053337486196e-07
774, 1102, 1.8777513492920926e-07
11, 202, 1.8583427588617978e-07
1125, 1222, 1.8549140197744325e-07
604, 760, 1.84082820472981e-07
1115, 1222, 1.8214394077196408e-07
32, 186, 1.7772719628253767e-07
32, 253, 1.6464230866018662e-07
74, 385, 1.585194854884753e-07
74, 183, 1.540984268650192e-07
382, 730, 1.534449380665631e-07
382, 710, 1.5279541219157948e-07
67, 385, 1.4462389264265188e-07
101, 260, 1.427363306885601e-07
418, 730, 1.2929322853460993e-07
418, 710, 1.2874473805931222e-07
382, 758, 1.2405382063722158e-07
841, 1222, 1.2213116983090894e-07
41, 186, 1.1813379834701635e-07
183, 260, 1.1559482764655166e-07
74, 533, 1.1224772023657546e-07
183, 257, 1.108193769282676e-07
556, 721, 1.1020877192351486e-07
74, 696, 1.0986762930166662e-07
418, 758, 1.045266754227713e-07
392, 753, 1.0308489816345078e-07
67, 183, 1.0303544844478846e-07
239, 385, 1.027100358029217e-07
67, 533, 1.0240824458174977e-07
67, 696, 1.0023678903614727e-07
105, 183, 9.818919918136756e-08
41, 253, 9.749559779917366e-08
574, 753, 9.101071295356825e-08
790, 1222, 8.423151227555439e-08
105, 189, 8.420014709832944e-08
74, 257, 8.354177335891693e-08
112, 189, 8.282768840289297e-08
112, 385, 8.231592325950982e-08
11, 253, 7.773188881876653e-08
67, 257, 7.62665224624947e-08
382, 574, 7.498447296389713e-08
647, 767, 7.485212993232614e-08
74, 189, 7.31175285941024e-08
11, 186, 7.12505999826489e-08
418, 574, 7.017669391291864e-08
74, 260, 6.3073494255092e-08
112, 183, 6.209762646578384e-08
112, 533, 5.8286409699587094e-08
503, 696, 5.7802964560307325e-08
1152, 1222, 5.710195557908351e-08
112, 696, 5.705176440145384e-08
67, 260, 5.6992429590227704e-08
112, 257, 5.606793293704664e-08
183, 385, 5.562281276408603e-08
105, 385, 5.560912175744385e-08
604, 779, 5.5479340057046596e-08
501, 696, 5.5213844892393696e-08
239, 533, 5.5213827910581675e-08
239, 696, 5.402525808846104e-08
67, 189, 5.3036561527473214e-08
647, 753, 5.2297092235694294e-08
1158, 1222, 5.198114084923431e-08
153, 257, 5.182804718604826e-08
44, 175, 5.168626037596667e-08
101, 463, 5.128317249506075e-08
155, 253, 4.820399665683188e-08
657, 767, 4.5511627227580006e-08
294, 730, 4.130537082735158e-08
294, 710, 4.1132886901744974e-08
112, 260, 4.054288014847874e-08
183, 533, 3.938634270820222e-08
105, 533, 3.937580877967164e-08
183, 696, 3.854953119388991e-08
105, 696, 3.8541735152207017e-08
183, 263, 3.826938701042175e-08
101, 693, 3.770640260566266e-08
657, 753, 3.714473092385961e-08
385, 730, 3.587999778126597e-08
385, 710, 3.572666527762971e-08
101, 263, 3.544272181634908e-08
105, 257, 3.481205065376983e-08
32, 385, 3.428041617947338e-08
294, 758, 3.339059238216073e-08
153, 260, 3.291322444165989e-08
382, 704, 3.0786096720617276e-08
129, 385, 3.0374794571123664e-08
385, 758, 2.9008328547504762e-08
129, 257, 2.692124912102631e-08
382, 707, 2.6148578589610376e-08
183, 276, 2.5968542372367372e-08
418, 704, 2.5940508620645567e-08
105, 260, 2.484213662141456e-08
32, 533, 2.4272202704304966e-08
32, 696, 2.375917258790084e-08
153, 385, 2.3741602540809997e-08
74, 463, 2.33823610029378e-08
484, 696, 2.2101902735874623e-08
418, 707, 2.2032914274532506e-08
574, 760, 2.199062483285698e-08
101, 276, 2.169323608247447e-08
556, 710, 2.1568502823629373e-08
129, 533, 2.1506861858682185e-08
67, 463, 2.1332696463151662e-08
392, 760, 2.1189813472665997e-08
129, 696, 2.1052193482327434e-08
41, 385, 2.0299701185072256e-08
294, 574, 1.9607968448224536e-08
129, 260, 1.9004218693366248e-08
101, 721, 1.868464281877988e-08
556, 730, 1.8409438618358467e-08
239, 327, 1.823813415019064e-08
385, 574, 1.7622617576679756e-08
32, 257, 1.750238423646669e-08
74, 693, 1.719213263195482e-08
153, 533, 1.681027588752216e-08
74, 263, 1.6457830257371516e-08
153, 696, 1.6454766702561845e-08
11, 385, 1.6184670397349915e-08
67, 693, 1.568509471501433e-08
101, 391, 1.534328142523881e-08
67, 263, 1.4932801170694382e-08
556, 758, 1.4734458040530515e-08
41, 533, 1.4365775643200347e-08
41, 696, 1.406937714565278e-08
539, 696, 1.3434774798280148e-08
32, 260, 1.3122964210431356e-08
32, 183, 1.2680592679102854e-08
44, 210, 1.2297017155229188e-08
44, 112, 1.2243837837305518e-08
112, 463, 1.2138897386650409e-08
239, 463, 1.1498989677245773e-08
11, 533, 1.1452619857798338e-08
11, 696, 1.1217319394132131e-08
101, 285, 1.117188379660343e-08
41, 257, 1.0364319037624165e-08
112, 263, 1.025796040072398e-08
44, 202, 1.0221355814882043e-08
74, 276, 9.800749479792192e-09
101, 327, 9.607682174157646e-09
503, 693, 9.071623629042428e-09
647, 760, 8.979092422530451e-09
67, 276, 8.941629707005622e-09
112, 693, 8.9275224811539e-09
604, 851, 8.747830104959365e-09
501, 693, 8.638926353023988e-09
74, 721, 8.519212529516818e-09
239, 693, 8.452446353219495e-09
382, 635, 8.395272242062615e-09
41, 183, 8.38608150214607e-09
382, 604, 8.326720450861107e-09
294, 704, 8.286576648957787e-09
183, 285, 8.272377870519315e-09
11, 257, 8.26332791737244e-09
183, 463, 8.202714152909091e-09
105, 463, 8.20052058029215e-09
67, 721, 7.772430464760463e-09
41, 260, 7.77097485454879e-09
392, 779, 7.62273208547949e-09
153, 263, 7.4007285405902e-09
574, 779, 7.293763709140615e-09
418, 604, 7.292495991852259e-09
385, 704, 7.199036427641461e-09
32, 189, 7.115528452448262e-09
418, 635, 7.07389555595416e-09
294, 707, 7.038312621338376e-09
74, 391, 6.995727808637463e-09
67, 391, 6.38249224968093e-09
586, 836, 6.211901054181305e-09
11, 260, 6.19569054442309e-09
657, 760, 6.127098147993945e-09
385, 707, 6.114596858780011e-09
105, 263, 6.112145210309816e-09
183, 693, 6.0322718398084165e-09
105, 693, 6.031052863024875e-09
740, 851, 5.830344935730328e-09
586, 858, 5.419922696229037e-09
382, 767, 5.323584204136488e-09
112, 276, 5.073295989326205e-09
44, 186, 5.069615255542302e-09
183, 270, 5.066347196058322e-09
32, 463, 5.055187755025974e-09
74, 285, 4.916489846814751e-09
11, 183, 4.8677007829820384e-09
41, 189, 4.840694580730061e-09
129, 263, 4.715351734485331e-09
556, 704, 4.673874056374737e-09
418, 767, 4.4856769317900754e-09
67, 285, 4.485517333048159e-09
129, 463, 4.479248374065612e-09
112, 721, 4.423852642785338e-09
74, 327, 4.380596790184923e-09
503, 721, 4.352221461444014e-09
239, 391, 4.219273706560806e-09
239, 721, 4.188433019927144e-09
501, 721, 4.15661131240891e-09
183, 278, 4.119869592905175e-09
155, 257, 4.097340907923773e-09
44, 253, 4.022809991849142e-09
67, 327, 3.99659990027227e-09
507, 696, 3.91420861732061e-09
556, 707, 3.8002841180100576e-09
101, 270, 3.734798187939631e-09
101, 278, 3.734542240425854e-09
32, 693, 3.717861307838812e-09
112, 391, 3.6327382193155584e-09
153, 463, 3.500643376395093e-09
105, 276, 3.467087577545294e-09
556, 635, 3.4652625574594904e-09
484, 693, 3.458418136597303e-09
32, 263, 3.438454917590881e-09
239, 332, 3.430888726131122e-09
129, 693, 3.294270257245373e-09
101, 730, 3.0679017870313634e-09
101, 710, 3.0547905919932756e-09
11, 189, 3.0299281249280166e-09
41, 463, 2.9931313822357967e-09
183, 721, 2.9891699266924433e-09
105, 721, 2.9885658874781313e-09
153, 276, 2.8347882483091545e-09
155, 260, 2.5886829667582957e-09
112, 285, 2.5801436051941384e-09
153, 693, 2.574859887339796e-09
183, 391, 2.454772739926171e-09
105, 391, 2.4541227742045602e-09
129, 276, 2.4444078658282205e-09
101, 758, 2.4285527480233414e-09
11, 463, 2.3863821657174954e-09
796, 858, 2.361678866901315e-09
112, 327, 2.274754224066262e-09
294, 635, 2.2597230597913066e-09
294, 604, 2.241277932289979e-09
539, 693, 2.1837155470854926e-09
41, 693, 2.1656904919441785e-09
382, 753, 2.1199587455677787e-09
32, 276, 2.119447776421535e-09
183, 327, 2.0772759426199037e-09
41, 263, 2.036136521797309e-09
101, 282, 2.0289927618599474e-09
101, 332, 2.0267624382938654e-09
385, 635, 1.9631547185482667e-09
385, 604, 1.9471244262852174e-09
32, 721, 1.8125586734282574e-09
183, 282, 1.8044551230363383e-09
647, 779, 1.802456445459805e-09
418, 753, 1.7862871472852922e-09
105, 285, 1.7541828391644893e-09
74, 270, 1.750148724921105e-09
11, 693, 1.7266750123674966e-09
74, 278, 1.688137648506517e-09
484, 721, 1.6860695585425585e-09
155, 385, 1.6733694663716679e-09
11, 263, 1.623383427610717e-09
129, 721, 1.606046496354601e-09
67, 270, 1.5511305854618586e-09
67, 278, 1.5401579010384507e-09
105, 327, 1.5367267911891589e-09
32, 391, 1.5128516221171028e-09
101, 574, 1.453850658825439e-09
294, 767, 1.4329278182755457e-09
74, 710, 1.3707420866949558e-09
74, 730, 1.3574142371217711e-09
129, 391, 1.3404916596023602e-09
41, 276, 1.2550651752146869e-09
385, 767, 1.2398146425945546e-09
153, 721, 1.2363485070695013e-09
67, 730, 1.2354008559046706e-09
67, 710, 1.2348222361147907e-09
155, 533, 1.1837234013900598e-09
153, 285, 1.1806706051130373e-09
155, 696, 1.1264582439330578e-09
501, 574, 1.106572701479583e-09
484, 574, 1.0995057381822844e-09
74, 758, 1.0815438720633208e-09
604, 836, 1.0785900541670244e-09
129, 285, 1.077644760076475e-09
32, 285, 1.0632088387848025e-09
41, 721, 1.0571194197920413e-09
740, 858, 1.0478716191905914e-09
153, 391, 1.0477598964117512e-09
11, 276, 1.0006460687696879e-09
67, 758, 9.867372730841732e-10
112, 270, 9.674366741893906e-10
574, 851, 9.530517496171672e-10
32, 327, 9.47320013178585e-10
604, 858, 9.410765018598806e-10
74, 332, 9.240968706831649e-10
657, 779, 9.060956018521889e-10
74, 282, 9.051157524424451e-10
539, 721, 8.982326450594483e-10
41, 391, 8.958594815636457e-10
112, 278, 8.697900478046729e-10
129, 327, 8.612371021185189e-10
503, 574, 8.588409517366592e-10
67, 332, 8.430918521168741e-10
11, 721, 8.381083912465528e-10
44, 385, 8.375201349125766e-10
67, 282, 8.257745917294598e-10
513, 696, 7.898701127174456e-10
11, 391, 7.1425634787721e-10
112, 730, 6.988273005511091e-10
112, 710, 6.976752069468543e-10
503, 730, 6.875115035170583e-10
503, 710, 6.863780652477908e-10
74, 574, 6.628792890534605e-10
153, 327, 6.627234806699633e-10
239, 730, 6.616383396858405e-10
239, 710, 6.605475561705419e-10
501, 730, 6.566113835790833e-10
501, 710, 6.555288875533806e-10
41, 285, 6.295962572818072e-10
67, 574, 6.047722325093878e-10
105, 278, 5.984925794426495e-10
101, 704, 5.946743864461995e-10
507, 693, 5.926672374131383e-10
44, 533, 5.924501657169521e-10
105, 270, 5.921816878013245e-10
153, 270, 5.869999529565696e-10
155, 263, 5.76731446947835e-10
556, 767, 5.620317128424099e-10
41, 327, 5.60970820584112e-10
44, 696, 5.595875188939862e-10
294, 753, 5.364311451555202e-10
112, 758, 5.197329531568142e-10
503, 758, 5.113171505612502e-10
11, 285, 5.019683696134612e-10
239, 758, 4.904237318009702e-10
101, 707, 4.879318043428148e-10
501, 758, 4.866976197763196e-10
112, 332, 4.798645848307345e-10
112, 282, 4.725692178081901e-10
153, 278, 4.670499266085559e-10
385, 753, 4.660296489881139e-10
129, 270, 4.579307520816985e-10
183, 710, 4.549911756426819e-10
105, 710, 4.5489923288967884e-10
183, 730, 4.5101950308664773e-10
105, 730, 4.509283629129641e-10
11, 327, 4.4725426009527997e-10
101, 306, 4.367886136143799e-10
657, 963, 4.346622764920271e-10
44, 257, 4.276468591858837e-10
382, 760, 4.2205528255996363e-10
744, 963, 4.131908864804827e-10
183, 332, 4.1245579847954463e-10
129, 278, 4.1147749775774005e-10
505, 696, 3.6817920084642494e-10
32, 270, 3.6766678760146326e-10
32, 278, 3.650659159075332e-10
44, 183, 3.595998004579419e-10
418, 760, 3.5562575368833826e-10
183, 758, 3.5000208330613693e-10
105, 758, 3.499313563188486e-10
112, 574, 3.4405402158856147e-10
239, 574, 3.259171008259381e-10
101, 291, 3.2450003805560623e-10
105, 332, 3.241760168419736e-10
44, 260, 3.2064171097940863e-10
105, 282, 3.20266621618665e-10
101, 288, 2.872772152586014e-10
744, 851, 2.842126953945637e-10
740, 836, 2.751631454876813e-10
32, 710, 2.740353438935713e-10
32, 730, 2.7075355295257567e-10
774, 836, 2.6927667618890085e-10
507, 721, 2.64703688931033e-10
74, 704, 2.564057651669642e-10
484, 710, 2.5491183158765757e-10
484, 730, 2.5185905989853694e-10
155, 463, 2.4675484064315537e-10
129, 710, 2.428133833070196e-10
129, 730, 2.399055001472511e-10
67, 704, 2.339296001384015e-10
183, 574, 2.3249037500438486e-10
105, 574, 2.3242820125261867e-10
153, 282, 2.3057681393483347e-10
586, 784, 2.2840645570106627e-10
586, 821, 2.2177969955339504e-10
41, 270, 2.1771981661220937e-10
74, 707, 2.1752968025542435e-10
41, 278, 2.1617966850166414e-10
155, 276, 2.1013258546250872e-10
129, 282, 2.0954909824297303e-10
44, 189, 2.0710323081381165e-10
32, 332, 1.998393145142461e-10
74, 306, 1.9915259103127361e-10
67, 707, 1.9846133758829413e-10
503, 604, 1.9693966556643527e-10
32, 282, 1.957345785517334e-10
32, 758, 1.957002373514313e-10
153, 710, 1.8303702394640587e-10
484, 758, 1.8204332782988502e-10
67, 306, 1.8169515789216306e-10
153, 730, 1.7934953667781813e-10
183, 288, 1.7876361439332486e-10
647, 851, 1.787406971962421e-10
129, 332, 1.7707080913550005e-10
11, 270, 1.7358499214911153e-10
129, 758, 1.7340331385772835e-10
183, 291, 1.726900463331614e-10
11, 278, 1.7235705340730354e-10
501, 604, 1.6768429476143042e-10
101, 604, 1.6648765455577796e-10
101, 635, 1.6443648129600664e-10
155, 693, 1.6060781669048967e-10
41, 710, 1.565027914445567e-10
41, 730, 1.5334986621387102e-10
382, 779, 1.4460233828974368e-10
32, 574, 1.4328086721262984e-10
74, 291, 1.432473627393288e-10
153, 332, 1.401920690963537e-10
153, 758, 1.35535096491266e-10
183, 306, 1.34950531529034e-10
67, 291, 1.306905024724034e-10
753, 963, 1.3007370800195087e-10
112, 704, 1.2863382929189894e-10
503, 704, 1.2769479537359895e-10
129, 574, 1.2695682589758138e-10
74, 288, 1.2608455000302662e-10
11, 710, 1.2477750646191691e-10
44, 463, 1.2350036834338154e-10
418, 779, 1.2184260608580353e-10
239, 704, 1.2178842064842706e-10
501, 704, 1.2086310388821475e-10
41, 332, 1.1833807233933068e-10
239, 306, 1.182248269772686e-10
574, 836, 1.1730663681623875e-10
41, 282, 1.1590738675353193e-10
67, 288, 1.150321575126525e-10
513, 693, 1.1122203491690978e-10
112, 306, 1.0646101423377334e-10
574, 858, 1.0235072652715343e-10
153, 574, 9.92324810295316e-11
11, 332, 9.434930488918924e-11
11, 282, 9.241135296137114e-11
155, 285, 8.65232775688922e-11
101, 299, 8.491051232181244e-11
41, 574, 8.484607580977985e-11
44, 263, 8.40139506762899e-11
101, 297, 7.567758381074319e-11
112, 291, 7.534768820944275e-11
74, 635, 7.456968596045546e-11
155, 391, 7.385529434700516e-11
74, 604, 7.384941716288509e-11
105, 306, 7.049482473604251e-11
11, 574, 6.764660026127192e-11
67, 635, 6.754831606025929e-11
67, 604, 6.737588219250201e-11
112, 288, 6.603049113200113e-11
657, 851, 6.228500451420667e-11
539, 710, 6.093162633389683e-11
503, 635, 6.064830248537302e-11
556, 753, 5.793729636625714e-11
112, 707, 5.6124406662057164e-11
501, 635, 5.590903967263646e-11
503, 707, 5.521560931835974e-11
392, 617, 5.382666048765838e-11
239, 707, 5.313767680577415e-11
501, 707, 5.273395055096814e-11
105, 291, 5.22310066540397e-11
44, 276, 5.178581229560223e-11
11, 730, 4.770601010521057e-11
155, 327, 4.6715817689297666e-11
105, 288, 4.565571649802833e-11
155, 270, 4.466844941180665e-11
32, 306, 4.306747326825544e-11
753, 851, 4.296025609649001e-11
101, 294, 3.970170387730001e-11
604, 784, 3.931304819219625e-11
183, 704, 3.8518149700443124e-11
105, 704, 3.8510366110532606e-11
604, 821, 3.850824013701579e-11
129, 306, 3.849103652718707e-11
44, 693, 3.84183537891084e-11
112, 604, 3.8063087632507126e-11
74, 299, 3.7732558075664406e-11
44, 391, 3.6964463576606446e-11
153, 306, 3.6038110320767303e-11
239, 604, 3.603764544359441e-11
539, 730, 3.461549855812471e-11
67, 299, 3.442497565174266e-11
155, 278, 3.4418310851782795e-11
74, 297, 3.351953021208814e-11
183, 707, 3.168423378416005e-11
183, 299, 3.167965685098733e-11
105, 707, 3.1677831163984294e-11
153, 291, 3.133457989749877e-11
32, 291, 3.097776400285622e-11
67, 297, 3.058125582408364e-11
183, 297, 3.049751455481934e-11
153, 288, 2.8762527030187337e-11
41, 758, 2.8646832100163093e-11
129, 291, 2.789702702777793e-11
507, 574, 2.7564325704396658e-11
32, 288, 2.7266243229256664e-11
155, 721, 2.7171697436382385e-11
505, 693, 2.6314217150153998e-11
44, 285, 2.5978056156352367e-11
129, 288, 2.59102744483136e-11
41, 306, 2.5503098724488977e-11
32, 704, 2.373983504453088e-11
44, 327, 2.3146470949693538e-11
539, 635, 2.311664182930244e-11
484, 704, 2.2083154482220762e-11
112, 635, 2.1897521455518576e-11
965, 1032, 2.157958563082709e-11
239, 635, 2.0732239052941277e-11
112, 299, 2.035501425266158e-11
11, 306, 2.0333267135501362e-11
101, 767, 1.8685538591075314e-11
513, 721, 1.850054826992467e-11
41, 291, 1.8343982446053594e-11
183, 294, 1.8281707069658227e-11
112, 297, 1.8076175681406686e-11
294, 760, 1.79410262246112e-11
74, 294, 1.7584601557545866e-11
484, 604, 1.7322691286074176e-11
129, 704, 1.7272522288688946e-11
155, 282, 1.6930815819195905e-11
41, 288, 1.614614557465138e-11
67, 294, 1.6043160372276278e-11
32, 707, 1.5861800739362284e-11
385, 760, 1.5586436823160404e-11
484, 707, 1.4754887531294667e-11
11, 291, 1.4625402953343687e-11
183, 604, 1.4463453537015931e-11
744, 1022, 1.4461456075894808e-11
105, 604, 1.4460519165423998e-11
129, 707, 1.4054601308516444e-11
507, 710, 1.4004980575899522e-11
105, 299, 1.3626460763061165e-11
153, 704, 1.3500508859742562e-11
11, 288, 1.28730980781889e-11
183, 635, 1.2847284886577729e-11
105, 635, 1.2844686878230996e-11
753, 1007, 1.2307061163627908e-11
105, 297, 1.2110175417054988e-11
11, 758, 1.1236106157876959e-11
647, 858, 1.1134045377226408e-11
392, 1032, 1.0807901525113633e-11
740, 821, 1.075473585039456e-11
41, 704, 1.0460630217845713e-11
44, 721, 1.0155881377900082e-11
153, 707, 9.930391459642659e-12
155, 332, 9.840244351017236e-12
392, 851, 9.534878223303449e-12
112, 294, 9.381166031526913e-12
539, 758, 9.162323267245044e-12
484, 635, 9.150979732121643e-12
44, 270, 8.983435903385804e-12
44, 278, 8.919887155053688e-12
796, 1102, 8.770357953360096e-12
41, 707, 8.490817595604703e-12
11, 704, 8.340115486472779e-12
32, 299, 8.159803133123175e-12
845, 1102, 8.159018872897506e-12
507, 730, 7.995556729999762e-12
507, 604, 7.764971690120733e-12
32, 604, 7.722120102154753e-12
153, 299, 7.444978657773022e-12
129, 299, 7.2695215393735245e-12
32, 297, 7.248720510730855e-12
155, 574, 6.994698165570362e-12
129, 604, 6.8423075712290645e-12
153, 297, 6.784686055435394e-12
32, 635, 6.760689844795117e-12
901, 1102, 6.563250961437189e-12
129, 297, 6.406830543103004e-12
105, 294, 6.38511304205652e-12
129, 635, 5.990416970964388e-12
44, 332, 4.882800768127204e-12
41, 299, 4.831958995602877e-12
44, 282, 4.782507149929832e-12
153, 604, 4.6519930985480355e-12
153, 635, 4.606292181435896e-12
41, 297, 4.292446730271937e-12
574, 784, 4.2038444831458325e-12
574, 821, 4.188127011493702e-12
505, 574, 4.1460171075875214e-12
41, 635, 3.938534232369494e-12
41, 604, 3.924096999934737e-12
11, 299, 3.852453935373736e-12
32, 294, 3.802734142653495e-12
839, 934, 3.797827172696837e-12
153, 294, 3.701994329204202e-12
44, 574, 3.500872328619979e-12
11, 297, 3.422308283962377e-12
129, 294, 3.345512269310138e-12
11, 604, 3.1286281493580165e-12
790, 934, 2.909724763245195e-12
155, 306, 2.6121017319854913e-12
155, 291, 2.2694300019077523e-12
41, 294, 2.2518503386303994e-12
101, 753, 2.10725117146641e-12
155, 288, 2.0957499571335586e-12
11, 294, 1.7953690639394416e-12
507, 758, 1.5379179855516908e-12
74, 767, 1.3599909776415537e-12
67, 767, 1.2407761010535672e-12
647, 836, 1.1073453075618144e-12
382, 617, 1.1069547872605966e-12
44, 306, 1.0522949003637916e-12
418, 617, 9.533545631906881e-13
539, 704, 8.502532413135958e-13
11, 707, 8.043378441849287e-13
44, 291, 7.568993630491399e-13
539, 604, 6.876765820590194e-13
44, 288, 6.662134210546753e-13
539, 707, 6.5581020387045e-13
11, 635, 6.532425296758164e-13
744, 836, 6.478684253280047e-13
647, 821, 6.206345273726239e-13
513, 604, 6.13208619978082e-13
505, 721, 5.521431180461037e-13
155, 299, 5.383546196209029e-13
740, 1032, 5.171413246019613e-13
155, 297, 4.909960704247715e-13
657, 836, 4.355840539856674e-13
155, 710, 4.353075030224966e-13
507, 635, 3.82290287991011e-13
294, 617, 2.979545823669921e-13
155, 294, 2.6768773620607026e-13
385, 617, 2.588508715216989e-13
556, 760, 2.412214307314095e-13
44, 299, 1.9937364728770706e-13
44, 297, 1.7711258749945882e-13
505, 604, 1.2481733603195143e-13
44, 294, 9.291461611478035e-14
294, 779, 8.792511018782444e-14
385, 779, 7.638577403292611e-14
155, 604, 6.646201123606628e-14
44, 604, 3.3264482637286624e-14
101, 617, 2.213291992369175e-14
513, 635, 1.6385865992749904e-14
507, 704, 1.365764950775145e-14
503, 617, 1.3368418839298363e-14
155, 635, 1.2161915153800929e-14
501, 617, 1.1781651652929118e-14
74, 617, 1.0091445180808617e-14
513, 710, 9.867473512666372e-15
507, 707, 9.57684332849592e-15
67, 617, 9.206843435942033e-15
112, 767, 8.24732553309455e-15
503, 767, 8.113780289895544e-15
239, 767, 7.808433883825114e-15
501, 767, 7.749107433040678e-15
44, 710, 7.053473595234558e-15
183, 767, 5.5726669601832126e-15
105, 767, 5.5715408584710776e-15
505, 635, 5.259395415263541e-15
112, 617, 5.240280868444995e-15
239, 617, 4.961412827677334e-15
539, 617, 4.938639423064503e-15
44, 635, 4.7778608720231716e-15
505, 710, 4.657702692534656e-15
155, 730, 4.514537201983995e-15
155, 704, 4.073572701356504e-15
183, 617, 3.5408254397721277e-15
105, 617, 3.5401099242714797e-15
484, 617, 3.1961973982025215e-15
513, 730, 3.0738386373256784e-15
155, 707, 2.8898533360072673e-15
513, 704, 2.8596993285872732e-15
74, 753, 2.5061196127674395e-15
67, 753, 2.286436728643522e-15
44, 730, 2.259542583945433e-15
32, 617, 2.1823117806902882e-15
513, 707, 2.025567834408833e-15
129, 617, 1.9336721291906553e-15
153, 617, 1.5113923302951037e-15
505, 730, 1.4920701743676662e-15
41, 617, 1.292291108974414e-15
507, 617, 1.0794596190963851e-15
11, 617, 1.0303257897981761e-15
513, 617, 3.1015056840218927e-16
155, 617, 1.065362916384904e-16
505, 617, 9.963094656304592e-17
44, 617, 5.3321808398657183e-17
