Gene = AT4G19100
index = 829
Annotated 5SS: [95]
Annotated 3SS: [356]
SMsplice 5SS: [95]
SMsplice 3SS: [218]
length: 1101
Partition function (logZ) = -7.9821625690079605
#Introns = 795
5SS, 3SS, prob
95, 218, 0.5405190877022709
95, 356, 0.370794218515497
95, 377, 0.02016139406580161
95, 315, 0.011097857683981275
95, 810, 0.009659084420225419
619, 810, 0.00894788190221884
134, 218, 0.008322056895125166
628, 810, 0.007181185953436456
95, 305, 0.006351619036599862
281, 356, 0.0054240972966692075
95, 190, 0.005179886810098967
95, 496, 0.004584660544908042
95, 456, 0.00356479035159187
173, 356, 0.003165269380931025
95, 524, 0.0018387329669752248
630, 810, 0.001625334423108144
95, 471, 0.0015827361264429513
134, 356, 0.0013495731285503812
628, 738, 0.0008646333975526574
703, 810, 0.0008102653021404359
681, 810, 0.000798320355868416
619, 738, 0.0007439562939219707
95, 385, 0.0004573228051908948
281, 377, 0.00044451688183327437
95, 504, 0.00041937659908242256
95, 382, 0.00041509217818389753
686, 810, 0.0003957297020717856
95, 416, 0.00039537569724368385
95, 738, 0.00038445685161576785
139, 218, 0.0003409650578425333
305, 377, 0.00030051536591875526
95, 458, 0.00027314714656331536
128, 218, 0.0002723774967892961
95, 393, 0.00024112206476862194
630, 738, 0.00021853985172096314
862, 979, 0.00017556963881806522
95, 979, 0.00017379426734385038
173, 377, 0.0001666842472218151
239, 356, 0.00016511245717629387
738, 810, 0.00016432178808413112
619, 979, 0.0001561498766942098
645, 810, 0.0001548495408482102
619, 750, 0.00015193909270578486
628, 750, 0.00014815282244363745
95, 565, 0.0001300775647821431
173, 315, 0.000127305687758958
628, 979, 0.0001257667965428168
218, 356, 0.00010640066045768579
95, 750, 0.00010346829162010058
95, 322, 9.454777957268667e-05
710, 810, 9.193279288227957e-05
173, 305, 8.41986046652095e-05
173, 810, 7.985579790201688e-05
134, 377, 7.338106787796514e-05
95, 861, 7.296334451575953e-05
139, 356, 7.04634400844996e-05
619, 861, 6.555542238333194e-05
95, 390, 5.520735744821582e-05
628, 861, 5.243727278909712e-05
295, 377, 5.061507988314755e-05
305, 810, 4.866867835967038e-05
95, 418, 4.7910324184613575e-05
645, 738, 4.657812753743271e-05
128, 356, 4.379488269390644e-05
95, 681, 4.295097871777332e-05
379, 456, 4.19950736913394e-05
134, 315, 4.12851291702604e-05
95, 423, 4.1244328198413745e-05
190, 356, 4.111636451150089e-05
95, 536, 3.937251550675736e-05
173, 496, 3.790409738189345e-05
54, 356, 3.7021026601846794e-05
54, 139, 3.630085761816844e-05
630, 750, 3.5516363812768875e-05
95, 573, 3.547236292966753e-05
78, 218, 3.521197475484e-05
134, 810, 3.515599806516126e-05
126, 218, 3.42824492848797e-05
466, 810, 3.428179364057652e-05
78, 356, 3.276514322068839e-05
95, 841, 3.244827533397151e-05
281, 810, 3.209874986110254e-05
198, 356, 3.1140698666525326e-05
173, 456, 2.9472035626242524e-05
619, 841, 2.8951518589208517e-05
630, 979, 2.875171144222106e-05
423, 496, 2.869004782535657e-05
54, 218, 2.7856000833575903e-05
95, 914, 2.7688357682457024e-05
95, 639, 2.689605134282288e-05
379, 471, 2.6842368645789935e-05
619, 914, 2.4704273187704042e-05
305, 496, 2.378558762433289e-05
628, 841, 2.3319996542900566e-05
134, 305, 2.331256463825054e-05
379, 496, 2.292656707168198e-05
95, 873, 2.2837341944815374e-05
305, 456, 2.2293095536150237e-05
95, 397, 2.189856287894798e-05
47, 356, 2.104764513144003e-05
379, 810, 2.0978446932953067e-05
619, 873, 2.037620424174009e-05
628, 914, 1.989887025647934e-05
47, 139, 1.9332038208174553e-05
423, 810, 1.770340681724988e-05
95, 533, 1.7394150853820233e-05
423, 524, 1.7089686607882243e-05
134, 496, 1.6686707583662076e-05
628, 873, 1.6412684090129085e-05
162, 356, 1.6268559862621992e-05
47, 218, 1.6020875677336265e-05
305, 385, 1.5759865774184454e-05
431, 524, 1.5571855720707774e-05
281, 496, 1.5215890885188894e-05
173, 524, 1.5201777614421557e-05
619, 681, 1.3909877957423579e-05
154, 356, 1.3660669981707516e-05
218, 315, 1.3548252124754933e-05
173, 471, 1.3085261685183406e-05
134, 456, 1.297470414906515e-05
95, 545, 1.2307280399921671e-05
565, 810, 1.2209086421906138e-05
630, 861, 1.1988671289528987e-05
281, 456, 1.1943892087167606e-05
305, 382, 1.132143591495095e-05
431, 810, 1.0845861891588963e-05
239, 315, 1.0520054843168317e-05
218, 305, 1.042105088241524e-05
305, 393, 1.0258594809467743e-05
312, 377, 9.722179249729652e-06
95, 1071, 9.33596213956143e-06
305, 524, 9.24966503688142e-06
903, 979, 9.0079461255083e-06
681, 750, 8.95310497927647e-06
681, 979, 8.38946165932116e-06
619, 1071, 8.388056151453006e-06
385, 496, 7.904709000255316e-06
305, 471, 7.903911909639935e-06
385, 471, 7.786189919718596e-06
95, 612, 7.735001302713162e-06
281, 382, 6.985443645897963e-06
628, 1071, 6.7559807431563245e-06
645, 750, 6.707772520743847e-06
134, 524, 6.692403732798167e-06
281, 385, 6.479599435936529e-06
154, 218, 6.282981773693878e-06
281, 524, 6.100876734176335e-06
982, 1071, 6.010980283731312e-06
305, 416, 5.883630277605367e-06
126, 356, 5.810585745071081e-06
134, 471, 5.76065657759215e-06
239, 377, 5.688158846706041e-06
385, 810, 5.6262766437670806e-06
312, 810, 5.502404723975597e-06
281, 471, 5.426715764849462e-06
95, 431, 5.425100050204333e-06
630, 841, 5.331613006986347e-06
379, 524, 5.319785170963041e-06
385, 456, 5.257437359229811e-06
423, 504, 4.979638374623744e-06
862, 933, 4.933589443607389e-06
95, 609, 4.705603011125379e-06
390, 496, 4.6144944902534845e-06
630, 914, 4.549455128785555e-06
95, 933, 4.447325399561542e-06
218, 377, 4.17881688844155e-06
862, 1071, 4.086532009937165e-06
703, 979, 4.000287410385507e-06
619, 933, 3.968089343043071e-06
139, 377, 3.831346646112898e-06
382, 456, 3.828964649444531e-06
379, 458, 3.789693550862868e-06
173, 385, 3.7808839760047747e-06
630, 873, 3.752412461523669e-06
686, 979, 3.7472499835661984e-06
418, 496, 3.7186968408806115e-06
382, 471, 3.6510228619056045e-06
431, 496, 3.604258624143014e-06
681, 861, 3.583376192794485e-06
326, 810, 3.498764793203854e-06
173, 504, 3.467166398404822e-06
173, 382, 3.431745251377327e-06
173, 416, 3.268740638434527e-06
869, 979, 3.2605811255073158e-06
628, 933, 3.19622793948567e-06
173, 738, 3.1784698537667477e-06
95, 405, 3.0828444130210276e-06
295, 810, 2.8915451477354475e-06
382, 496, 2.8084745927089526e-06
645, 979, 2.786444638916079e-06
312, 456, 2.752815817583112e-06
312, 496, 2.7186128543446708e-06
390, 471, 2.592394237902301e-06
128, 377, 2.3812827861510666e-06
466, 565, 2.350528003115205e-06
190, 377, 2.3406911060763655e-06
190, 315, 2.2910804527290965e-06
173, 458, 2.258224732749942e-06
382, 810, 2.258133491505396e-06
326, 456, 2.16008727220149e-06
390, 810, 2.15889116790303e-06
139, 315, 2.126921667306129e-06
305, 390, 2.12039206897475e-06
54, 377, 2.0129642540379396e-06
281, 393, 1.9949535303636606e-06
173, 393, 1.9934596320083426e-06
305, 504, 1.9784777698879683e-06
198, 315, 1.960677826525717e-06
8, 356, 1.926810696882404e-06
95, 667, 1.8687176989839376e-06
239, 810, 1.866514049016744e-06
218, 810, 1.8659462720053117e-06
703, 861, 1.8405447648475456e-06
139, 810, 1.8355526728189224e-06
78, 377, 1.7815568107014378e-06
305, 738, 1.7726794972223498e-06
190, 305, 1.7665247435843022e-06
198, 305, 1.7626306685853262e-06
281, 416, 1.7609031337091203e-06
799, 979, 1.6984597346476187e-06
95, 588, 1.6817235136666263e-06
326, 496, 1.6787646427906917e-06
134, 385, 1.6645096941879775e-06
686, 861, 1.588079672843988e-06
198, 377, 1.5651961678577488e-06
630, 1071, 1.5339388240871479e-06
134, 504, 1.5263975615580575e-06
305, 458, 1.521857218915825e-06
134, 382, 1.5108036308845159e-06
8, 218, 1.454385863495078e-06
431, 504, 1.4491562909149356e-06
379, 504, 1.440198844112288e-06
134, 416, 1.4390419052768144e-06
173, 979, 1.4368318243993311e-06
134, 738, 1.3993007767113494e-06
295, 496, 1.3920414674410477e-06
128, 315, 1.36170655415253e-06
681, 914, 1.3366765749052605e-06
385, 524, 1.3268062568793534e-06
418, 810, 1.3101975456756346e-06
377, 456, 1.2759367407170168e-06
281, 504, 1.2305904620857488e-06
466, 738, 1.2273330153441083e-06
681, 841, 1.2038752031155554e-06
139, 305, 1.197624606271963e-06
239, 305, 1.1829529374401393e-06
326, 416, 1.1795132529159834e-06
47, 377, 1.1444349649437035e-06
128, 810, 1.140844300082311e-06
295, 385, 1.127368018974962e-06
281, 738, 1.1233979591109046e-06
54, 315, 1.1080380032305157e-06
295, 456, 1.1049248831930229e-06
95, 403, 1.1002186628463922e-06
190, 810, 1.0794574976899692e-06
173, 565, 1.0754070751342355e-06
295, 382, 1.054704629677629e-06
312, 524, 1.0535927055019344e-06
312, 393, 9.976163440771693e-07
173, 322, 9.943301036642682e-07
134, 458, 9.941688195598238e-07
738, 979, 9.90957930091574e-07
78, 315, 9.806595657183195e-07
312, 471, 9.704102745826687e-07
54, 810, 9.643872659074606e-07
418, 524, 9.631254947928155e-07
312, 416, 9.62267112268823e-07
645, 861, 8.952920761217466e-07
95, 820, 8.90072334156557e-07
312, 385, 8.898168733888469e-07
218, 496, 8.866043492894834e-07
134, 393, 8.776076979639362e-07
139, 496, 8.712405390672618e-07
162, 377, 8.59274011820254e-07
78, 810, 8.53522708257093e-07
681, 873, 8.300868668434036e-07
914, 979, 8.254875893327449e-07
281, 458, 8.067708057569213e-07
305, 979, 8.013285548712929e-07
305, 397, 7.886562674601723e-07
390, 456, 7.810036197967955e-07
703, 841, 7.736546662723709e-07
326, 471, 7.679891572917267e-07
128, 305, 7.566918037251624e-07
154, 377, 7.427789795011795e-07
198, 810, 7.401680849216687e-07
630, 933, 7.307497779441591e-07
218, 456, 6.891332339374652e-07
139, 456, 6.774307142613065e-07
799, 914, 6.620962548401126e-07
377, 471, 6.424408398604012e-07
54, 305, 6.341616089374018e-07
134, 979, 6.325559090966021e-07
47, 315, 6.299552666370926e-07
173, 861, 6.032192949577431e-07
305, 418, 5.968088443888856e-07
686, 841, 5.929636669758222e-07
162, 315, 5.714818880631484e-07
738, 841, 5.636537341138537e-07
78, 305, 5.612593125891226e-07
466, 979, 5.544023718076958e-07
738, 861, 5.40162575752927e-07
281, 390, 5.263774344654232e-07
95, 1083, 5.196388704536314e-07
799, 873, 5.189255373415613e-07
862, 959, 5.122860908985356e-07
95, 1090, 5.116957094977698e-07
281, 979, 5.078000815767704e-07
312, 382, 5.06407509965512e-07
851, 979, 4.7206467710851993e-07
619, 1083, 4.636416425979918e-07
619, 1090, 4.5655445108404615e-07
173, 390, 4.56422926572398e-07
703, 914, 4.518638919951064e-07
681, 1071, 4.506190214992217e-07
686, 914, 4.334390545776069e-07
295, 393, 4.327095962391376e-07
154, 315, 4.219156332963082e-07
305, 423, 4.182894784206479e-07
703, 873, 3.746661335309642e-07
628, 1083, 3.734553986332746e-07
686, 873, 3.7141210906804643e-07
162, 305, 3.706971941469532e-07
8, 139, 3.7004442903666067e-07
628, 1090, 3.677467873075094e-07
47, 305, 3.605412849418832e-07
134, 322, 3.5694211133631284e-07
645, 914, 3.3960278669785466e-07
967, 1071, 3.263946721405372e-07
379, 979, 3.207668945250397e-07
95, 996, 3.1838587680912007e-07
154, 305, 2.9072568658973904e-07
423, 979, 2.827671665952594e-07
814, 979, 2.604970563603559e-07
173, 914, 2.289115405906608e-07
619, 996, 2.2276880612285695e-07
703, 1071, 2.1483059604778056e-07
710, 979, 2.143033745583341e-07
95, 959, 2.0916136440882805e-07
862, 1083, 2.0139049848946012e-07
686, 1071, 2.012403328188534e-07
862, 1090, 1.9831205837375682e-07
862, 996, 1.9099489592641784e-07
628, 996, 1.785571608935952e-07
565, 979, 1.7603342471700953e-07
431, 979, 1.7507717507753718e-07
982, 1083, 1.741130332246943e-07
750, 979, 1.5001496482981368e-07
619, 959, 1.4634714486153018e-07
628, 959, 1.1730187209234024e-07
982, 1090, 1.1599746203555374e-07
645, 1071, 1.1446593073872025e-07
95, 1010, 1.018512115263794e-07
312, 979, 9.89481342541673e-08
173, 1071, 7.718440727949414e-08
619, 1010, 7.126343989027173e-08
630, 1083, 6.647493230784602e-08
630, 1090, 6.545880145837665e-08
326, 524, 6.138450883531912e-08
390, 524, 6.112093486191237e-08
239, 496, 5.8818210189162546e-08
382, 524, 5.7264148177857996e-08
799, 1071, 5.435246321460536e-08
295, 524, 4.928571073549428e-08
903, 1071, 4.630375993773934e-08
305, 1071, 4.304606261713389e-08
377, 496, 4.238801225274769e-08
418, 504, 3.663378743066118e-08
128, 496, 3.6367666469282125e-08
385, 504, 3.5390817486466493e-08
190, 496, 3.4410787029327574e-08
239, 456, 3.0841707766735853e-08
54, 496, 3.074259513871873e-08
218, 524, 2.9716522636411092e-08
239, 524, 2.9104618447363487e-08
139, 524, 2.900625876864819e-08
305, 565, 2.7855641733438897e-08
78, 496, 2.7208471108294693e-08
295, 471, 2.702186152533743e-08
173, 536, 2.6985396904949795e-08
134, 565, 2.4336630940655217e-08
198, 496, 2.3593630039028827e-08
385, 458, 2.313024382772504e-08
466, 536, 2.090036785855547e-08
390, 504, 1.9268916563530214e-08
128, 456, 1.9094124614133723e-08
281, 565, 1.8512211464455957e-08
190, 456, 1.8066703734301184e-08
128, 524, 1.8028153303879247e-08
312, 504, 1.7934422336450482e-08
466, 545, 1.7549846298178486e-08
47, 496, 1.7477162832996553e-08
190, 524, 1.7058090444044445e-08
218, 471, 1.6288308494278763e-08
54, 456, 1.614079206969102e-08
239, 471, 1.5847010516077524e-08
139, 471, 1.5798510442606294e-08
382, 458, 1.573149933946609e-08
382, 504, 1.5364923890189628e-08
54, 524, 1.520763379980156e-08
78, 456, 1.428417727436811e-08
423, 565, 1.4041014660676182e-08
305, 536, 1.3753978275672502e-08
423, 536, 1.3601976118929594e-08
78, 524, 1.3459386333533577e-08
162, 496, 1.312073862356867e-08
379, 565, 1.2654065158666838e-08
377, 524, 1.261305352991008e-08
466, 573, 1.2477331843223466e-08
431, 536, 1.2429036922022683e-08
198, 456, 1.238712460203941e-08
134, 536, 1.185479437372317e-08
173, 573, 1.168029926038704e-08
198, 524, 1.1671872476662533e-08
173, 418, 1.1644570842443524e-08
173, 533, 1.1615497700283941e-08
154, 496, 1.1314334683009393e-08
326, 504, 1.1271935963418686e-08
173, 423, 1.0485264636350536e-08
128, 471, 9.819190075629224e-09
431, 565, 9.471778123315397e-09
312, 458, 9.431252962764534e-09
190, 471, 9.290836924562099e-09
295, 504, 9.185679978427595e-09
47, 456, 9.175857777897602e-09
281, 536, 9.108927451172803e-09
47, 524, 8.646029267355562e-09
126, 377, 8.327619673475381e-09
54, 471, 8.300433170221876e-09
173, 545, 7.483598169079913e-09
326, 458, 7.373415378908519e-09
78, 471, 7.324667187992947e-09
295, 416, 7.269850393148622e-09
162, 456, 6.888363109111355e-09
423, 533, 6.8755920527451424e-09
379, 536, 6.689999628447137e-09
162, 524, 6.491330525693544e-09
431, 533, 6.420563092875699e-09
198, 471, 6.351892964038512e-09
305, 533, 6.003037825377701e-09
281, 418, 5.980333209383561e-09
154, 456, 5.9349662619263445e-09
218, 504, 5.827883146079686e-09
139, 504, 5.732955255012008e-09
154, 524, 5.611276248186493e-09
8, 81, 5.608974645713166e-09
239, 504, 5.588007485561323e-09
377, 458, 5.462807098080223e-09
134, 390, 5.2827561837013996e-09
78, 190, 5.18222819749218e-09
134, 418, 5.12644693011374e-09
134, 573, 5.1148079433529485e-09
134, 533, 5.113647667488301e-09
466, 533, 5.108951752550984e-09
126, 496, 4.8122671210217e-09
305, 573, 4.716080057847891e-09
47, 471, 4.705213544784233e-09
134, 423, 4.616069877863347e-09
312, 390, 4.568536839359817e-09
173, 397, 4.564811446409745e-09
390, 458, 4.5001464550653556e-09
281, 397, 3.915075101843687e-09
126, 315, 3.803160693134522e-09
295, 458, 3.792898884579962e-09
326, 418, 3.782600796195947e-09
281, 533, 3.73460290768789e-09
305, 545, 3.6550413134586664e-09
128, 504, 3.5631825891779205e-09
162, 471, 3.5325395800309594e-09
281, 423, 3.4009023079621114e-09
190, 504, 3.3714540724347363e-09
134, 545, 3.2946056474876448e-09
312, 565, 3.2078774236403143e-09
377, 504, 3.178870166381824e-09
385, 565, 3.165226823098467e-09
281, 573, 3.1300583600710325e-09
54, 190, 3.105277936878895e-09
154, 471, 3.0536198095352285e-09
54, 504, 3.0021040837151396e-09
239, 385, 2.938272575266531e-09
312, 418, 2.8670002475720282e-09
379, 533, 2.8603306301618055e-09
326, 393, 2.8575506125232884e-09
295, 390, 2.8322085551302656e-09
8, 377, 2.7605182641949584e-09
239, 382, 2.7428801189826395e-09
78, 504, 2.6569865639931626e-09
423, 545, 2.5956854982451293e-09
312, 397, 2.545824115480053e-09
126, 456, 2.5242331150543296e-09
218, 458, 2.4249959406669895e-09
218, 416, 2.399315797469006e-09
139, 458, 2.3854962210046197e-09
281, 545, 2.3674617203658287e-09
218, 385, 2.358669446878479e-09
139, 385, 2.3341125514431852e-09
139, 416, 2.300357131773052e-09
126, 524, 2.299638965288084e-09
239, 458, 2.2811840396225103e-09
198, 504, 2.2607753998510036e-09
239, 416, 2.2223853101604484e-09
423, 573, 2.132809567517404e-09
218, 382, 2.1246735737491257e-09
139, 382, 2.0966706703925136e-09
686, 750, 2.0841589721346373e-09
379, 573, 2.0712988127218162e-09
126, 305, 2.038253827631944e-09
134, 397, 2.0096286881350315e-09
431, 545, 1.9772194348462685e-09
326, 565, 1.9660595877784507e-09
326, 423, 1.8125084920368215e-09
218, 322, 1.6778186423520945e-09
385, 536, 1.6586284545207526e-09
47, 504, 1.6563148048026097e-09
295, 565, 1.6248737759907121e-09
47, 190, 1.610991777401796e-09
8, 496, 1.540136090913613e-09
312, 536, 1.5395551886505687e-09
239, 322, 1.4904030393528753e-09
128, 458, 1.4758287201621933e-09
128, 385, 1.4507123873351408e-09
173, 431, 1.4417141017635475e-09
239, 393, 1.4311463977141462e-09
128, 416, 1.4297325055274359e-09
190, 385, 1.4132813567121535e-09
382, 565, 1.4038595306399401e-09
190, 458, 1.3964170020136232e-09
379, 545, 1.3850806590107695e-09
431, 573, 1.3554621924236903e-09
190, 416, 1.3528011426899407e-09
312, 423, 1.3143776084664922e-09
390, 565, 1.3128513677279166e-09
173, 750, 1.3071676176267693e-09
128, 382, 1.3031360085099697e-09
218, 393, 1.288425098178055e-09
190, 382, 1.2698664356310946e-09
126, 471, 1.2618585581055298e-09
139, 393, 1.2558772291046097e-09
54, 458, 1.247558868709987e-09
8, 94, 1.2269984408061792e-09
54, 385, 1.2263273373406751e-09
162, 504, 1.214140578485192e-09
8, 315, 1.2127476679133667e-09
54, 416, 1.2085924625167097e-09
218, 565, 1.1693623390648395e-09
139, 565, 1.1503150970459148e-09
54, 382, 1.1015769393437993e-09
78, 385, 1.0853505299987616e-09
78, 458, 1.077435213552892e-09
78, 416, 1.0696544305940189e-09
239, 565, 1.0573431622527652e-09
154, 504, 1.049534941655332e-09
326, 536, 9.789364992958167e-10
198, 385, 9.777757444050775e-10
78, 382, 9.749412563401642e-10
418, 565, 9.590527630224923e-10
379, 738, 9.36619638587111e-10
198, 416, 9.275957906702519e-10
198, 458, 9.226904244969941e-10
128, 190, 8.872897252218547e-10
198, 382, 8.759506500502018e-10
536, 810, 8.49065368292807e-10
173, 639, 8.483836535085132e-10
423, 738, 8.171335179569711e-10
418, 536, 8.165588102584662e-10
295, 536, 8.090539350657607e-10
8, 456, 8.00138220968229e-10
390, 536, 7.959609076616301e-10
128, 393, 7.805607540680488e-10
47, 810, 7.561363321534632e-10
385, 533, 7.55316766718365e-10
382, 536, 7.416641909059493e-10
190, 393, 7.38560168395021e-10
295, 397, 7.344148534672229e-10
377, 810, 7.310367466032798e-10
295, 418, 7.283028256070625e-10
305, 750, 7.241227919072933e-10
47, 385, 6.97206560177958e-10
47, 458, 6.834900253460304e-10
47, 416, 6.829017502374883e-10
312, 533, 6.770025523021561e-10
8, 524, 6.678453141492041e-10
8, 305, 6.641803096090903e-10
54, 393, 6.598296116622075e-10
128, 565, 6.518022289641787e-10
134, 431, 6.347053000998775e-10
47, 382, 6.223380128569676e-10
190, 565, 6.167299104844132e-10
173, 405, 6.03118915378028e-10
78, 393, 5.839765590477944e-10
134, 750, 5.754720814700836e-10
54, 565, 5.509864663020212e-10
162, 810, 5.470899517456001e-10
218, 536, 5.259386957389607e-10
312, 573, 5.2516813387265e-10
162, 385, 5.201673544420827e-10
139, 536, 5.173719057114411e-10
565, 738, 5.163556915574304e-10
198, 393, 5.04074866893164e-10
466, 750, 5.013537420153056e-10
162, 458, 4.998656488660981e-10
431, 738, 4.930292325661646e-10
162, 416, 4.878017289610725e-10
154, 810, 4.72918894862997e-10
385, 573, 4.723623605808613e-10
281, 750, 4.588970567605031e-10
162, 382, 4.517697155842507e-10
326, 397, 4.4433587937313646e-10
154, 385, 4.3472448985954635e-10
78, 565, 4.292958079730089e-10
154, 458, 4.283958558171426e-10
154, 416, 4.2166860099781703e-10
54, 154, 4.111795249190242e-10
173, 612, 4.046006792348506e-10
126, 504, 4.0270426840436887e-10
8, 471, 4.0041680009372464e-10
139, 322, 3.9670754409231744e-10
154, 382, 3.9052158414714033e-10
134, 639, 3.734954112894355e-10
198, 565, 3.722819006200025e-10
190, 322, 3.6240067915847436e-10
47, 393, 3.563892002009338e-10
295, 423, 3.4543010810933043e-10
326, 573, 3.339296159031351e-10
78, 154, 3.3292810878702324e-10
239, 390, 3.082994450667206e-10
198, 322, 2.831090347651466e-10
218, 390, 2.7715360318201056e-10
295, 573, 2.759818864650304e-10
326, 390, 2.687806830410967e-10
218, 418, 2.658192519728157e-10
134, 405, 2.6551919809390055e-10
139, 390, 2.602292228742418e-10
162, 393, 2.579027459317378e-10
139, 418, 2.5662501629441e-10
239, 418, 2.3663942540511904e-10
218, 423, 2.3622215014919205e-10
128, 322, 2.339938292733244e-10
139, 423, 2.3237442877677242e-10
326, 533, 2.3017652086819497e-10
154, 393, 2.229378938490998e-10
382, 573, 2.2223013751452962e-10
312, 545, 2.1689603925746435e-10
418, 533, 2.1468215980927602e-10
390, 573, 2.1273619710116088e-10
173, 403, 2.0628693728260902e-10
385, 545, 1.976487861433603e-10
390, 533, 1.94535388628437e-10
126, 190, 1.9290566444165627e-10
54, 322, 1.9214365878290024e-10
295, 533, 1.902321755314238e-10
382, 533, 1.8458154450755142e-10
645, 841, 1.820773828299784e-10
173, 681, 1.8189254611848058e-10
134, 612, 1.7812282977619695e-10
239, 423, 1.7625247409819376e-10
126, 385, 1.733939438883299e-10
126, 416, 1.7135733179762982e-10
78, 322, 1.7005510318978432e-10
305, 405, 1.6770201114655317e-10
128, 390, 1.6014150137653495e-10
47, 154, 1.5751401061878562e-10
126, 382, 1.557683256293658e-10
190, 390, 1.540180230220412e-10
128, 418, 1.451537207233328e-10
190, 418, 1.3734325721844126e-10
54, 390, 1.3537204389739278e-10
128, 423, 1.3145620028809768e-10
190, 423, 1.2438277599194147e-10
377, 565, 1.243130863738305e-10
47, 565, 1.238624983829683e-10
305, 431, 1.2315102191803428e-10
54, 418, 1.2270245804319642e-10
54, 423, 1.1112356486619238e-10
78, 418, 1.0859676190382336e-10
78, 390, 1.0856347650099281e-10
173, 588, 1.0834946244134152e-10
8, 190, 1.0597490198561898e-10
47, 322, 1.0438972167228595e-10
218, 397, 9.786412886227028e-11
173, 609, 9.731695411158949e-11
198, 390, 9.695900398840162e-11
139, 397, 9.504059668221513e-11
126, 458, 9.372514250263195e-11
162, 565, 9.299945314365686e-11
173, 841, 9.147020352164544e-11
134, 403, 9.081648870222206e-11
126, 393, 8.507702468595977e-11
162, 322, 8.236579501440525e-11
218, 573, 7.944024287214674e-11
139, 573, 7.814627479956626e-11
750, 841, 7.804286774258798e-11
645, 873, 7.033948719980901e-11
418, 573, 6.304187075938704e-11
154, 322, 6.138754205408072e-11
305, 861, 6.136182018076596e-11
78, 423, 5.537621014882522e-11
814, 914, 5.3013763254940096e-11
198, 418, 5.298129458039534e-11
305, 841, 5.067112913237305e-11
198, 423, 4.802180776159258e-11
281, 431, 4.525678275089267e-11
134, 609, 4.223188723642505e-11
47, 418, 3.924630126660431e-11
47, 390, 3.818862801195059e-11
305, 403, 3.500885001751489e-11
128, 397, 3.2332843945942345e-11
190, 397, 3.0593071128610006e-11
239, 397, 2.911716901199064e-11
162, 390, 2.867309773162377e-11
8, 385, 2.8649245719411926e-11
8, 382, 2.575072168681518e-11
816, 979, 6.971192697408873e-12
8, 154, 5.245658959116374e-12
385, 979, 3.8803959849959175e-12
785, 979, 3.4814956084356343e-12
134, 588, 2.9289263195390538e-12
326, 979, 2.840148909055127e-12
126, 322, 7.282305979011989e-13
8, 322, 2.345870694304997e-13
8, 416, 1.1589300784399884e-13
8, 393, 9.78221783678e-14
154, 390, 6.37726461175817e-14
8, 458, 5.6573495463986755e-14
8, 504, 4.919171322346349e-14
54, 397, 4.48371486645389e-14
78, 397, 3.968273525747199e-14
198, 397, 3.517366131656435e-14
281, 405, 3.1361191459114994e-14
126, 390, 2.7125787311714772e-14
47, 397, 2.5491362083129207e-14
126, 810, 2.1959929642262285e-14
162, 397, 1.9139632774789455e-14
312, 405, 1.6611664440501016e-14
154, 397, 1.654480026740847e-14
162, 418, 1.3321488244232605e-14
154, 418, 1.1515443627307675e-14
281, 403, 1.0522950789970125e-14
326, 405, 9.992194780022572e-15
8, 390, 8.995006604610763e-15
218, 405, 8.312054958812915e-15
139, 405, 7.870859516747617e-15
126, 397, 7.0373547357758934e-15
47, 423, 6.0032101265765756e-15
312, 403, 5.668029095106832e-15
126, 418, 4.898110610910845e-15
128, 405, 4.8919463600247316e-15
190, 405, 4.6287194284486105e-15
162, 423, 4.5073792807884535e-15
54, 405, 4.135297669252332e-15
154, 423, 3.896296799817808e-15
295, 405, 3.868831328635205e-15
239, 405, 3.819631731220124e-15
78, 405, 3.65990986285811e-15
198, 405, 3.1738446417077173e-15
326, 403, 2.709008982109903e-15
218, 403, 2.660102244474727e-15
139, 403, 2.5197567413322117e-15
47, 405, 2.3510498180229353e-15
8, 397, 2.3336116146555228e-15
162, 405, 1.7652344353138926e-15
126, 423, 1.6572954821461406e-15
8, 418, 1.6242307288249402e-15
128, 403, 1.5660951377266396e-15
154, 405, 1.5259149170243785e-15
190, 403, 1.481826344219676e-15
295, 403, 1.3692887724676997e-15
54, 403, 1.3238635700894402e-15
239, 403, 1.2285201426669033e-15
78, 403, 1.171674139270587e-15
198, 403, 1.0160664683275555e-15
218, 431, 7.883916796742273e-16
139, 431, 7.755499054637883e-16
47, 403, 7.526590476638435e-16
126, 405, 6.490501181127056e-16
326, 431, 6.20596247793842e-16
162, 403, 5.651176163098283e-16
8, 423, 5.495650185702805e-16
154, 403, 4.885024806617762e-16
128, 431, 4.82024679639919e-16
312, 431, 4.668316905392427e-16
190, 431, 4.560877890798725e-16
54, 431, 4.0746880434457493e-16
239, 431, 3.906544991004781e-16
78, 431, 3.606267831494076e-16
198, 431, 3.1273266999565e-16
47, 431, 2.316591295053108e-16
8, 405, 2.1522730500160799e-16
126, 403, 2.077852370629981e-16
295, 431, 1.8407830547788707e-16
162, 431, 1.739362005529506e-16
154, 431, 1.5035501105386833e-16
8, 403, 6.890231639157227e-17
126, 431, 6.395372153098317e-17
8, 431, 2.120727929294767e-17
