Gene = AT4G32080
index = 1003
Annotated 5SS: [67]
Annotated 3SS: [355]
SMsplice 5SS: [229]
SMsplice 3SS: [365]
length: 881
Partition function (logZ) = -8.026475793135662
#Introns = 748
5SS, 3SS, prob
229, 365, 0.44958353887980274
229, 339, 0.3842624840664304
455, 553, 0.05562155440376609
67, 365, 0.04521373879577602
229, 355, 0.03806819643139968
229, 341, 0.023319751693444732
67, 339, 0.01866049955299238
202, 365, 0.004103169349494122
255, 339, 0.003956830118628742
67, 185, 0.003670285504979945
255, 365, 0.0036471342345361416
67, 355, 0.003176189241090568
455, 523, 0.003134541220261861
67, 228, 0.002757244403275305
202, 339, 0.002494733416636078
229, 397, 0.0017975886595444973
455, 561, 0.0015530913747742894
67, 341, 0.001243796362764712
57, 365, 0.0009465857785021239
172, 365, 0.0009303582791344685
229, 553, 0.0008909616613488095
455, 578, 0.0006882618800843011
455, 583, 0.0004980321592200909
255, 355, 0.00044308003426608454
651, 729, 0.000441096827980324
57, 339, 0.00039067248068983007
172, 339, 0.0003707871725764522
202, 355, 0.00034637988105114877
128, 365, 0.00034448908769821855
255, 341, 0.00027287160615943384
67, 397, 0.00027196941466520224
455, 608, 0.000212373455467266
229, 523, 0.00020285185968377722
455, 581, 0.00017389572986995975
466, 553, 0.00016526624985040977
202, 341, 0.00016187991809059048
651, 744, 0.00016186454596029895
128, 339, 0.00014217665727635646
185, 365, 0.00013472249989843294
67, 553, 0.0001344632474373503
407, 553, 0.0001261514648410268
449, 553, 0.00012406601573249098
455, 729, 0.00011989569596693311
128, 228, 0.00010941533437556002
67, 170, 9.966453937516961e-05
455, 593, 8.448024847881935e-05
455, 830, 7.913067278079188e-05
455, 797, 6.934706034753266e-05
57, 355, 6.649606171760936e-05
172, 355, 6.553371709429108e-05
185, 339, 6.497396133737318e-05
57, 185, 5.9931600464852854e-05
455, 846, 5.946348157474559e-05
651, 770, 5.925443633296246e-05
651, 797, 5.6643789325037494e-05
57, 228, 5.6410446859335285e-05
455, 532, 5.520317315543093e-05
472, 553, 5.247055574023424e-05
407, 523, 5.233257248435049e-05
734, 830, 5.178304380495096e-05
33, 365, 5.040678841179652e-05
651, 830, 4.969650852061186e-05
455, 770, 4.437371156979661e-05
229, 561, 3.8906053767438875e-05
651, 846, 3.7959230179878935e-05
455, 744, 3.446179202699302e-05
229, 578, 3.412876012285925e-05
94, 365, 3.224295629847206e-05
651, 763, 3.177198991062892e-05
67, 523, 3.0711228618997564e-05
488, 553, 2.9577744500738428e-05
89, 365, 2.917251120887197e-05
229, 583, 2.7474478966871927e-05
57, 341, 2.6039871501529772e-05
449, 523, 2.586221928001754e-05
202, 397, 2.5273922948246102e-05
172, 341, 2.490167405681045e-05
128, 355, 2.419977993259695e-05
763, 846, 2.3183628472988967e-05
229, 481, 2.1919343195565528e-05
33, 339, 2.080376181396406e-05
108, 365, 2.045473416217352e-05
455, 763, 1.806445697386378e-05
455, 642, 1.6871932398645087e-05
229, 608, 1.6832528872093337e-05
734, 846, 1.6585584253900205e-05
170, 365, 1.4927407517833234e-05
33, 108, 1.4869738333339245e-05
70, 365, 1.4153606670603695e-05
474, 553, 1.4140328660863045e-05
94, 339, 1.3307231112039782e-05
14, 365, 1.2359216497882613e-05
202, 553, 1.2136056591420578e-05
488, 578, 1.208591065150914e-05
89, 339, 1.2040004805434879e-05
229, 729, 1.1481562019665896e-05
508, 583, 1.0946209578557388e-05
455, 790, 1.0519229841672916e-05
255, 397, 9.691163483438212e-06
128, 341, 9.476638577437513e-06
94, 185, 9.464951989800006e-06
651, 790, 9.42841029588106e-06
185, 355, 9.355776343203566e-06
229, 581, 9.229678504200184e-06
407, 481, 9.221456788087294e-06
229, 506, 9.140780431653695e-06
562, 729, 9.018296427844179e-06
108, 339, 8.442025982719097e-06
562, 642, 8.350454848291243e-06
488, 583, 8.21307121371849e-06
508, 608, 8.182697859464046e-06
229, 830, 7.577716687668881e-06
89, 185, 7.063512519537214e-06
229, 411, 6.804520527172437e-06
229, 797, 6.640817750810696e-06
773, 846, 6.628341595904932e-06
508, 578, 6.616271927999789e-06
442, 553, 6.4722579730882276e-06
14, 108, 6.010742679589632e-06
170, 339, 5.993214711792456e-06
562, 830, 5.9873999577002e-06
466, 561, 5.929075862985151e-06
67, 561, 5.890238614044774e-06
70, 339, 5.84144063252527e-06
488, 561, 5.715872782250829e-06
229, 846, 5.694345830776464e-06
57, 397, 5.693897186261409e-06
36, 365, 5.681789574651276e-06
407, 506, 5.5993807955998976e-06
229, 593, 5.553028686344041e-06
172, 397, 5.43636015619324e-06
562, 797, 5.247277875672006e-06
67, 578, 5.166972651338994e-06
14, 339, 5.100864473424624e-06
685, 770, 5.088759548478454e-06
455, 852, 5.050434004537566e-06
407, 561, 4.9854315332827105e-06
763, 830, 4.6897915752332085e-06
562, 846, 4.4992875019730635e-06
229, 472, 4.402851480911727e-06
229, 770, 4.249321457142655e-06
508, 593, 4.191295960920914e-06
185, 341, 4.168247815947556e-06
67, 583, 4.159540850667686e-06
108, 185, 4.050198758959938e-06
615, 729, 3.880061329945313e-06
407, 578, 3.710606928437016e-06
33, 355, 3.540992258008821e-06
255, 553, 3.4521794645074763e-06
229, 422, 3.4096780375233105e-06
67, 481, 3.318543217557153e-06
562, 770, 3.317592229208197e-06
229, 744, 3.308526817534792e-06
734, 797, 3.2353077984482946e-06
319, 397, 3.204863889176293e-06
651, 852, 3.1676448542836182e-06
651, 772, 3.1053167730333095e-06
442, 523, 3.084928341823703e-06
449, 561, 3.0701404089515806e-06
33, 228, 3.067005758357356e-06
407, 583, 2.9873993998032833e-06
94, 228, 2.949015101458832e-06
508, 581, 2.8536590526175713e-06
57, 553, 2.8150956135328244e-06
202, 523, 2.771855908813577e-06
685, 797, 2.696399076619823e-06
172, 553, 2.6877650930355528e-06
562, 744, 2.653757393624596e-06
67, 608, 2.54839856571208e-06
108, 228, 2.525198181170409e-06
89, 228, 2.4858960884081716e-06
455, 772, 2.459874687374865e-06
488, 581, 2.439412226587114e-06
36, 339, 2.344973776596463e-06
94, 355, 2.265013547292131e-06
33, 185, 2.254163593712952e-06
472, 561, 2.2210128766782025e-06
763, 852, 2.0828185595042598e-06
128, 397, 2.07216847529361e-06
89, 355, 2.0493199347157197e-06
466, 578, 1.787290050603297e-06
67, 729, 1.7382872529013867e-06
229, 763, 1.7342748692705758e-06
449, 578, 1.6189408955318663e-06
229, 642, 1.5591917971125042e-06
685, 763, 1.4760391716703487e-06
685, 830, 1.4504464859776375e-06
108, 355, 1.4369107334545925e-06
67, 581, 1.3973410226981914e-06
33, 341, 1.3866532995298283e-06
67, 506, 1.3838929854561766e-06
562, 763, 1.3662536906131475e-06
407, 608, 1.360633164197146e-06
70, 185, 1.2846853782072561e-06
229, 449, 1.2516093843380586e-06
407, 729, 1.2379017135904286e-06
488, 608, 1.2302727978480407e-06
449, 583, 1.1858288183178433e-06
466, 583, 1.1721696891198344e-06
67, 830, 1.1472550678334258e-06
734, 852, 1.110822169206752e-06
659, 744, 1.0884596679170984e-06
57, 170, 1.0690230169084398e-06
773, 852, 1.0582592864273686e-06
170, 355, 1.0576929703487107e-06
508, 729, 1.038492038305723e-06
128, 553, 1.024491902914448e-06
36, 108, 1.016729339221463e-06
229, 790, 1.0099023043497833e-06
67, 797, 1.0054099583286876e-06
67, 411, 1.0027057035624625e-06
70, 355, 9.9426710613011e-07
615, 830, 9.873017073546995e-07
229, 532, 9.760742339999132e-07
659, 729, 9.70165831342676e-07
70, 228, 9.165473878223884e-07
455, 615, 9.06753996624679e-07
615, 797, 8.891221140394341e-07
472, 578, 8.886010142896121e-07
94, 341, 8.869797728952194e-07
14, 355, 8.682142090967975e-07
67, 846, 8.621155133689922e-07
685, 846, 8.429985109995174e-07
67, 593, 8.407112730500273e-07
407, 830, 8.170018855707626e-07
89, 341, 8.025141096647735e-07
185, 397, 7.967699139145985e-07
562, 790, 7.884644465182947e-07
488, 593, 7.852372348764172e-07
455, 628, 7.70904718572437e-07
496, 578, 7.501711693507634e-07
407, 581, 7.472695043794603e-07
615, 846, 7.418233182271618e-07
615, 744, 7.334335808048443e-07
14, 228, 7.303791433655034e-07
407, 797, 7.159888456866027e-07
508, 830, 6.853789954064208e-07
496, 583, 6.724806893102377e-07
615, 770, 6.462553042278647e-07
67, 770, 6.433408932037661e-07
407, 846, 6.13943681532329e-07
508, 797, 6.006396367568548e-07
685, 790, 5.855815785290527e-07
455, 824, 5.39896912246261e-07
508, 846, 5.150344339668014e-07
455, 857, 5.115596986929518e-07
449, 608, 5.03304128492812e-07
67, 744, 5.009055452656732e-07
659, 770, 4.963202490040141e-07
229, 852, 4.848688610822566e-07
407, 770, 4.5814952747360173e-07
734, 824, 4.396223779773867e-07
610, 729, 4.084423811294416e-07
488, 729, 4.015297002159092e-07
754, 846, 3.9822243703260254e-07
508, 770, 3.8434128602065915e-07
659, 797, 3.823028299209745e-07
562, 852, 3.785416798504765e-07
407, 744, 3.5671479716504236e-07
14, 185, 3.412776811149872e-07
651, 824, 3.391562665862915e-07
488, 830, 3.256774054347624e-07
449, 729, 3.2000584571721803e-07
651, 857, 3.1797737120976727e-07
455, 696, 3.147853099848046e-07
455, 813, 3.067242741261627e-07
659, 830, 3.009711215268241e-07
754, 830, 2.995069061499939e-07
488, 797, 2.8541107885025517e-07
67, 763, 2.6256664306605184e-07
615, 763, 2.4953009550581897e-07
488, 846, 2.4473332169219053e-07
229, 772, 2.3616112135415624e-07
685, 772, 2.3351184793972718e-07
659, 846, 2.3291063789968615e-07
508, 744, 2.3271977648507572e-07
659, 763, 2.2827225126439806e-07
466, 729, 2.123568777882704e-07
449, 830, 2.11173679455517e-07
36, 185, 1.9791044427861947e-07
651, 813, 1.9377218349963742e-07
449, 797, 1.850644431342045e-07
734, 813, 1.6943798608549534e-07
763, 857, 1.6369087127892301e-07
449, 846, 1.5868842960757016e-07
202, 729, 1.5688958954699542e-07
67, 790, 1.5289771107005667e-07
488, 770, 1.4857924779541168e-07
466, 830, 1.40134751226852e-07
407, 763, 1.3880661111060072e-07
610, 830, 1.2506226654273898e-07
562, 772, 1.237703966887241e-07
466, 797, 1.228086746720277e-07
773, 857, 1.2231692986154943e-07
508, 763, 1.219786160532096e-07
449, 770, 1.1841955126956222e-07
488, 744, 1.1569245130720279e-07
466, 846, 1.0530556489318948e-07
455, 861, 1.049821967670101e-07
202, 830, 1.035458186773621e-07
610, 846, 9.392968308505443e-08
449, 744, 9.220583881179671e-08
202, 797, 9.074354967820602e-08
89, 170, 8.846780011493817e-08
734, 857, 8.512628720944967e-08
455, 869, 8.373896890293484e-08
407, 790, 8.082736150928907e-08
466, 770, 7.858319234039076e-08
202, 846, 7.781047051274202e-08
67, 852, 7.340842644809447e-08
615, 790, 7.296947666997532e-08
610, 797, 7.29611545383796e-08
508, 790, 7.102708615781216e-08
94, 170, 6.61533513956688e-08
229, 824, 5.183299005681962e-08
472, 830, 5.155246629685967e-08
229, 857, 4.9112485829531145e-08
407, 852, 3.880639795601356e-08
472, 846, 3.873958127802131e-08
651, 861, 3.675581186862855e-08
615, 852, 3.469776977150692e-08
508, 852, 3.410114247981944e-08
685, 852, 3.2293899033481587e-08
70, 170, 3.1741595160696914e-08
33, 170, 3.112810947356213e-08
651, 869, 2.931824520589967e-08
108, 341, 2.919259097025831e-08
798, 869, 2.8302103190646593e-08
36, 355, 2.2929322380664216e-08
170, 341, 2.086637183938884e-08
70, 341, 2.0199746768302595e-08
14, 341, 1.7638828697308268e-08
33, 397, 9.66212862685094e-09
36, 228, 9.334673846576587e-09
36, 341, 8.108937408661375e-09
94, 397, 6.180429281085941e-09
14, 170, 5.8992688609127805e-09
89, 397, 5.591876898914019e-09
67, 422, 5.1122649799422605e-09
108, 397, 3.920826514246056e-09
36, 170, 3.6691896947855946e-09
474, 561, 3.525893623145347e-09
108, 170, 3.0990591900833e-09
170, 397, 2.7787972253728693e-09
472, 583, 2.7360748483951376e-09
70, 397, 2.7126770100032234e-09
14, 397, 2.368764600834333e-09
202, 561, 2.2837802422514892e-09
407, 593, 2.20402777023384e-09
466, 581, 2.1226334874798224e-09
449, 581, 2.0376386993593106e-09
202, 578, 2.0220150027782805e-09
255, 523, 1.99288140701759e-09
57, 523, 1.6086152072103596e-09
202, 411, 1.5808106831722052e-09
474, 578, 1.567567658395908e-09
185, 553, 1.5610087444584069e-09
202, 583, 1.5524614311238415e-09
172, 523, 1.53585576024249e-09
466, 608, 1.3739822042141071e-09
496, 581, 1.1679950845966076e-09
36, 397, 1.088446749633976e-09
319, 553, 1.0878048148618188e-09
472, 581, 1.0322929877156148e-09
474, 583, 9.188251388490493e-10
442, 561, 8.816230158135972e-10
449, 593, 8.680110380734966e-10
466, 593, 7.631390758901407e-10
67, 472, 7.565558693064654e-10
449, 532, 7.157834865720524e-10
229, 484, 6.661299198789094e-10
255, 561, 6.496369654023081e-10
202, 608, 6.182382735467977e-10
33, 553, 5.940344893761997e-10
128, 523, 5.854200121356874e-10
255, 578, 5.751640494656575e-10
67, 449, 5.734597922370892e-10
67, 642, 5.644301195847963e-10
472, 608, 5.492244710450895e-10
407, 532, 5.468647862780722e-10
442, 578, 5.431425977974109e-10
202, 581, 5.322986567647328e-10
57, 561, 5.297503890616409e-10
508, 642, 5.251637242877093e-10
255, 411, 5.192556179492917e-10
172, 561, 5.057890739846591e-10
518, 608, 4.833163643704395e-10
57, 578, 4.690307826573401e-10
496, 561, 4.6380182585781277e-10
202, 422, 4.61776840795703e-10
496, 608, 4.582938992892347e-10
527, 608, 4.5309544376844645e-10
172, 578, 4.4781589618229083e-10
496, 593, 4.4685550572860393e-10
255, 583, 4.4159764261283695e-10
202, 481, 4.0669541545864363e-10
407, 642, 4.043607764374773e-10
67, 532, 3.980051926820961e-10
455, 610, 3.935116690685127e-10
442, 583, 3.903003985816494e-10
94, 553, 3.7997715554240115e-10
57, 411, 3.6638638397374435e-10
57, 583, 3.6011216488893496e-10
407, 484, 3.5248072209923055e-10
172, 411, 3.4982510271259164e-10
474, 581, 3.468857447513903e-10
172, 583, 3.4382381244196065e-10
89, 553, 3.437925395724734e-10
407, 472, 3.341340881060863e-10
472, 593, 3.225556824336028e-10
319, 411, 2.7927455306794187e-10
202, 593, 2.669262254886732e-10
108, 553, 2.402306359354445e-10
185, 523, 2.2421929031258847e-10
202, 506, 2.241578254376217e-10
323, 397, 1.954529987570327e-10
128, 561, 1.9211733907126453e-10
488, 642, 1.9025858698947631e-10
255, 608, 1.7585607991626573e-10
170, 553, 1.7027473139983855e-10
128, 578, 1.6984586649427158e-10
474, 608, 1.6862079432319305e-10
70, 553, 1.6622704085526851e-10
319, 523, 1.5201997455151273e-10
229, 442, 1.5144981995141206e-10
255, 581, 1.5059721348948293e-10
14, 553, 1.4515282454468749e-10
57, 608, 1.4101843364173214e-10
172, 608, 1.3463998222400355e-10
128, 411, 1.3333881111281016e-10
442, 581, 1.325710877245753e-10
255, 422, 1.31772922897349e-10
128, 583, 1.3028974885641055e-10
57, 581, 1.2281052390204174e-10
449, 642, 1.2179389703191552e-10
172, 581, 1.172556404725109e-10
255, 481, 1.1575124716638555e-10
518, 583, 1.0892586348316707e-10
57, 422, 1.0702935556393047e-10
518, 593, 1.0473624062723316e-10
229, 615, 1.0368516372394167e-10
442, 608, 1.0342259732365262e-10
172, 422, 1.021913482134603e-10
67, 484, 1.0084437969579631e-10
474, 593, 9.845853519108877e-11
57, 481, 9.433379774999234e-11
172, 481, 9.006710257711957e-11
33, 523, 8.400075505757589e-11
255, 593, 7.309736366038552e-11
185, 561, 7.27736582728066e-11
472, 729, 7.124498236472505e-11
466, 642, 6.940851188717343e-11
202, 472, 6.828449495803417e-11
36, 553, 6.578741186500745e-11
185, 578, 6.391716009639766e-11
255, 506, 6.376836312785119e-11
57, 593, 5.961017019960996e-11
466, 532, 5.81186983823156e-11
172, 593, 5.691392287362798e-11
442, 593, 5.612281835484549e-11
442, 532, 5.525071706696613e-11
94, 523, 5.3731506404130095e-11
57, 506, 5.1995563582822605e-11
202, 449, 5.179146590663961e-11
185, 411, 5.127200978934297e-11
172, 506, 4.964375482195158e-11
229, 628, 4.941542185601246e-11
202, 642, 4.8895687295851174e-11
185, 583, 4.884136519706558e-11
89, 523, 4.861474110295345e-11
128, 608, 4.760009187930708e-11
319, 422, 4.7212522528892045e-11
319, 561, 4.695541159491841e-11
562, 628, 4.458588528065658e-11
128, 581, 4.364654736704033e-11
319, 578, 4.030606652782451e-11
128, 422, 3.895113384031108e-11
508, 615, 3.740425758000737e-11
202, 532, 3.585038750148605e-11
128, 481, 3.433071102731176e-11
255, 729, 3.430246247797286e-11
108, 523, 3.4086938848150473e-11
355, 553, 3.3188479882933657e-11
319, 583, 3.037687919944082e-11
496, 729, 3.005303333335979e-11
610, 744, 2.906614157596264e-11
229, 610, 2.8579563065209785e-11
57, 729, 2.797331565222196e-11
172, 729, 2.6708045359022112e-11
33, 561, 2.636989517832246e-11
170, 523, 2.3185112797739725e-11
466, 744, 2.318241735356019e-11
67, 442, 2.2860417137152495e-11
33, 578, 2.263566039283178e-11
70, 523, 2.263396364798002e-11
527, 593, 2.202430232204888e-11
474, 729, 2.0910009220037417e-11
472, 642, 2.040689169586602e-11
442, 506, 2.0363476180096617e-11
14, 523, 1.9764436262849622e-11
255, 472, 1.9427587032969165e-11
442, 729, 1.9087166183302856e-11
128, 593, 1.900768471002902e-11
33, 411, 1.8936322982646337e-11
128, 506, 1.88810692721606e-11
33, 583, 1.7059484620151987e-11
94, 561, 1.66519619747957e-11
518, 581, 1.634505553973071e-11
57, 472, 1.5839102131379496e-11
67, 615, 1.569778001003929e-11
185, 581, 1.5496588951041677e-11
255, 449, 1.5279686529775572e-11
172, 472, 1.5122689644241077e-11
89, 561, 1.5066222304884033e-11
202, 744, 1.4576871955975e-11
94, 578, 1.4212977280548541e-11
185, 422, 1.4172243035599316e-11
508, 610, 1.3898216726213635e-11
185, 608, 1.374304660098263e-11
89, 578, 1.2859498216914326e-11
185, 481, 1.2540718496040416e-11
407, 615, 1.2260504474185771e-11
94, 411, 1.2112714450189696e-11
57, 449, 1.2005839338487087e-11
172, 449, 1.1463080635101978e-11
496, 642, 1.1429592949989375e-11
508, 628, 1.1364286500371691e-11
255, 642, 1.098976870875538e-11
89, 411, 1.0959240052214659e-11
94, 583, 1.0677070897234517e-11
108, 561, 1.051711078405733e-11
319, 581, 1.0288736042019216e-11
128, 729, 1.018027069668934e-11
255, 532, 1.0139587451393615e-11
89, 583, 9.660310535552692e-12
319, 608, 9.312506989305263e-12
202, 484, 9.101904233248842e-12
36, 523, 8.989951507385982e-12
108, 578, 8.970426545977713e-12
319, 481, 8.65035980260067e-12
488, 615, 8.539422633711492e-12
57, 532, 8.249981348772463e-12
472, 744, 8.155900447717134e-12
172, 532, 7.876824822935638e-12
108, 411, 7.682642066983937e-12
527, 729, 7.63776126713329e-12
67, 628, 7.481421579892426e-12
170, 561, 7.454495388972507e-12
518, 729, 7.295369636203481e-12
70, 561, 7.277290830011726e-12
185, 506, 7.250994240315229e-12
185, 593, 7.048976365479762e-12
108, 583, 6.736953588507408e-12
407, 628, 6.4320797803015775e-12
170, 578, 6.358210415114512e-12
70, 578, 6.207066197618993e-12
128, 472, 5.764291559827009e-12
33, 581, 5.7518799167261775e-12
170, 411, 5.445561922218542e-12
33, 422, 5.391033325283623e-12
70, 411, 5.315986663283491e-12
319, 506, 5.095299506843639e-12
33, 608, 4.945656192131224e-12
319, 593, 4.7764985142584305e-12
33, 481, 4.7465782504173865e-12
14, 411, 4.642027406896659e-12
67, 610, 4.326903461089075e-12
255, 744, 4.1463185424801245e-12
488, 628, 3.5209962988149668e-12
128, 449, 3.4604753937667478e-12
94, 422, 3.4484016416734698e-12
488, 763, 3.3858306921922373e-12
57, 744, 3.3812813717947324e-12
172, 744, 3.228341515616401e-12
449, 615, 3.1541834739176222e-12
94, 608, 3.1454032840703434e-12
89, 422, 3.1200158761242066e-12
94, 481, 3.029270230247715e-12
185, 729, 2.989404051564905e-12
89, 608, 2.845871566848637e-12
89, 481, 2.740797677748657e-12
466, 615, 2.6834774598468428e-12
610, 770, 2.656565897223215e-12
407, 610, 2.6438299684895785e-12
255, 484, 2.589541353358294e-12
449, 763, 2.5881643443227834e-12
527, 642, 2.571148607382835e-12
57, 642, 2.3512619459400285e-12
564, 642, 2.316795781273222e-12
488, 610, 2.2853743017157572e-12
172, 642, 2.244911239119442e-12
108, 422, 2.187644898683691e-12
36, 411, 2.1340368080993913e-12
202, 770, 2.1156827914111278e-12
496, 744, 2.0893017802985105e-12
202, 442, 2.0649917900191005e-12
518, 642, 1.83729132644484e-12
449, 628, 1.6768236693247352e-12
442, 642, 1.6175035407229886e-12
474, 642, 1.5729307333175756e-12
170, 422, 1.5506324262317004e-12
319, 449, 1.5456481439753412e-12
610, 763, 1.533538152818644e-12
442, 744, 1.5179123239767762e-12
70, 422, 1.513735900228952e-12
474, 744, 1.5041241409647716e-12
466, 763, 1.4952677538187817e-12
202, 615, 1.4168074111245978e-12
185, 449, 1.327836621962118e-12
14, 422, 1.3218248992607387e-12
466, 628, 1.1164891872346351e-12
564, 729, 1.1075423386156918e-12
472, 770, 1.0352421804533265e-12
202, 763, 9.527182418836784e-13
323, 411, 8.326363275094347e-13
128, 642, 8.080744933976917e-13
202, 628, 6.75237742748349e-13
319, 729, 6.374800741939405e-13
255, 442, 6.160690646482566e-13
36, 422, 6.076704727537391e-13
255, 770, 6.017954204803412e-13
472, 763, 5.502353398797178e-13
33, 449, 5.052806585925337e-13
57, 770, 4.907581566766008e-13
57, 442, 4.786011139312459e-13
172, 770, 4.685605121603671e-13
172, 442, 4.569677002975829e-13
355, 422, 4.449425816200793e-13
496, 770, 4.3797217288616236e-13
33, 729, 3.580052266055384e-13
94, 449, 3.232053202907421e-13
442, 770, 3.1819403259581244e-13
474, 770, 3.1521121921289194e-13
89, 449, 2.9242699526890286e-13
185, 472, 2.803408860409326e-13
355, 449, 2.4993150534292586e-13
319, 472, 2.3074736061910296e-13
108, 481, 2.1262421701686032e-13
108, 449, 2.0503947730935946e-13
128, 442, 1.7417706953047878e-13
323, 422, 1.5905675736053498e-13
170, 481, 1.507073838245113e-13
70, 481, 1.4712484222195058e-13
170, 449, 1.4533468857348283e-13
70, 449, 1.4187659887311255e-13
57, 484, 1.3745128499081973e-13
33, 506, 1.3419656566057037e-13
355, 523, 1.3193456729122447e-13
172, 484, 1.3123557729708644e-13
14, 481, 1.2847239714627097e-13
14, 449, 1.2388952457594717e-13
33, 472, 1.0668155571458488e-13
319, 442, 9.016317558667244e-14
94, 506, 8.583950968370422e-14
89, 506, 7.766515065278259e-14
185, 442, 6.697534052703506e-14
94, 472, 6.394093733082951e-14
89, 472, 5.785194427341594e-14
36, 449, 5.695459815472241e-14
355, 481, 5.358118774461111e-14
36, 481, 5.238332840720124e-14
128, 484, 5.002236087763901e-14
128, 532, 4.496993331118995e-14
108, 506, 4.1878240888618465e-14
108, 472, 4.0563739350547504e-14
14, 561, 2.970649330228831e-14
170, 506, 2.9683166838307373e-14
70, 506, 2.89775533084376e-14
170, 472, 2.8751452392961645e-14
70, 472, 2.806798696598305e-14
33, 442, 2.548606331457609e-14
14, 506, 2.5303787455232184e-14
14, 472, 2.45095356714147e-14
323, 553, 2.3580369918278464e-14
370, 553, 2.2928241697713465e-14
370, 449, 2.1461185107533797e-14
185, 484, 1.9234084376127955e-14
94, 442, 1.630228886948208e-14
355, 442, 1.4767772847943668e-14
89, 442, 1.4749848009370502e-14
355, 472, 1.3814327860734824e-14
36, 561, 1.365669449785156e-14
319, 484, 1.306674363505936e-14
14, 578, 1.2788512230737204e-14
36, 506, 1.1371932322555697e-14
36, 472, 1.1267544692759802e-14
108, 442, 1.0342072295523917e-14
170, 583, 9.620381675731008e-15
70, 583, 9.391690744564335e-15
14, 583, 8.20101489992021e-15
370, 481, 7.800059132673184e-15
355, 506, 7.707539893772414e-15
170, 442, 7.330599271699935e-15
33, 484, 7.319440030490853e-15
370, 523, 7.230819651653344e-15
70, 442, 7.156173346925516e-15
185, 532, 6.876852173920454e-15
94, 581, 6.282746702465512e-15
14, 442, 6.248915753376467e-15
36, 578, 5.879145775976244e-15
89, 581, 5.684450796122069e-15
323, 523, 5.36588448422707e-15
323, 449, 4.742931681747235e-15
94, 484, 4.681916711384319e-15
319, 532, 4.285675042223339e-15
89, 484, 4.236065281282427e-15
108, 581, 3.9857360602288634e-15
36, 583, 3.770177581071531e-15
108, 484, 2.970179310305411e-15
36, 442, 2.8727568925175213e-15
323, 481, 2.5903181883364468e-15
33, 593, 2.468384322976214e-15
33, 532, 2.350159093190609e-15
370, 472, 2.349575914968396e-15
170, 484, 2.105253863918915e-15
70, 484, 2.055208802320656e-15
108, 608, 1.8546233374750278e-15
14, 484, 1.7946500229507516e-15
94, 593, 1.5789144748394737e-15
94, 532, 1.5032911106565942e-15
89, 593, 1.4285569781108286e-15
89, 532, 1.3601351057844933e-15
170, 608, 1.31455124904131e-15
70, 608, 1.2833023901765898e-15
14, 608, 1.1206056831708117e-15
108, 532, 9.53678681079761e-16
36, 484, 8.25038042848125e-16
370, 506, 7.914437755158156e-16
355, 484, 7.64387289351084e-16
170, 532, 6.759644808008525e-16
70, 532, 6.598957891667238e-16
323, 472, 6.455553560423873e-16
14, 532, 5.762343912871157e-16
323, 506, 5.309040229374727e-16
370, 442, 5.016572129507772e-16
355, 561, 4.637605921335437e-16
323, 442, 2.8493345377573377e-16
36, 532, 2.6490696700163737e-16
355, 532, 1.5777415800229085e-16
170, 581, 1.4529027782042328e-16
70, 581, 1.4183650955590249e-16
14, 581, 1.2385451777081383e-16
355, 578, 1.2368765212569077e-16
370, 484, 9.883799470809564e-17
355, 583, 7.962586198241843e-17
323, 484, 3.813241248424318e-17
370, 532, 1.504065129276687e-17
323, 532, 1.1864867324429831e-17
