Gene = AT4G35080
index = 1053
Annotated 5SS: [356 594]
Annotated 3SS: [521 886]
SMsplice 5SS: [356]
SMsplice 3SS: [886]
length: 1988
Partition function (logZ) = -8.537938089274785
#Introns = 1067
5SS, 3SS, prob
356, 886, 0.45558974075503733
356, 659, 0.11705174970717212
356, 521, 0.10430515028173536
1468, 1554, 0.09819063367826858
356, 451, 0.07542610407835684
800, 886, 0.06631384406860522
1699, 1980, 0.05560587675463379
356, 986, 0.03851179290373454
356, 597, 0.03535304720832009
383, 886, 0.0286437077233589
356, 923, 0.017475208341616987
708, 886, 0.016453689378815983
1008, 1511, 0.013210373889422877
356, 858, 0.013032301272736508
1157, 1511, 0.012412623302140269
356, 796, 0.011692118361584408
1137, 1511, 0.010430063172329921
1381, 1511, 0.009965654657306797
383, 521, 0.009646899379524123
796, 886, 0.00937886858508972
1152, 1511, 0.00850941449020227
356, 1052, 0.008249085078802284
383, 659, 0.007359907014031668
356, 1511, 0.006558841732920418
1008, 1098, 0.006216703826546668
1008, 1554, 0.0052404879471203624
356, 839, 0.005086731559289359
1157, 1554, 0.004979075007171525
1699, 1816, 0.004796901482201413
356, 712, 0.004215027111989442
1137, 1554, 0.004188500795526933
776, 886, 0.004063115149246887
708, 796, 0.003527452373206614
1152, 1554, 0.0034172378087957925
1167, 1511, 0.0032585350247044936
644, 886, 0.003045605844309412
1008, 1076, 0.003020609818758729
1224, 1511, 0.0027856978920486283
356, 1554, 0.0026350384810895446
232, 886, 0.002552836709557602
383, 986, 0.002421842928534308
1381, 1554, 0.0023697226645948495
356, 547, 0.002231041472590617
383, 597, 0.0022228481029738074
599, 886, 0.0019731045554399244
536, 886, 0.00195146823963347
1157, 1276, 0.0018836210897024488
747, 886, 0.001802087943338385
1008, 1340, 0.0017272715202235095
1137, 1230, 0.0017208455407254947
1157, 1340, 0.0016698552953447543
1137, 1340, 0.0013630383151845469
708, 986, 0.001360082141529944
356, 622, 0.0013571390802627507
1406, 1511, 0.001344428941446454
1477, 1554, 0.001287097250944035
722, 886, 0.0012804854811266286
1167, 1554, 0.0012570781793198526
356, 926, 0.001153620740570519
1152, 1340, 0.001151934728889738
356, 972, 0.0011453460484388144
1152, 1276, 0.0011147669249292652
1208, 1511, 0.0011044925746264895
383, 923, 0.0010989955932213637
1152, 1230, 0.001080474421202519
1414, 1511, 0.0010767627877847573
594, 886, 0.0010746808489344225
356, 1076, 0.0010708979862729176
1224, 1313, 0.0010697555866036358
622, 886, 0.001068611169030127
1224, 1554, 0.0010557765184336836
1137, 1276, 0.0010436565487613723
1331, 1511, 0.0010348659439964076
787, 886, 0.0010271433305518332
383, 451, 0.001008925282607881
356, 479, 0.0009744536533722458
1008, 1276, 0.0009204624288010659
1157, 1230, 0.0009065370585038631
996, 1076, 0.0008830791939149521
536, 659, 0.0008758220038854196
1224, 1340, 0.0008660462797393568
356, 1340, 0.0008550155959707681
996, 1511, 0.0008277953386765024
383, 858, 0.0008195991476570798
583, 659, 0.0007951159923379925
1167, 1276, 0.0007365132235869775
383, 796, 0.0007353290679519592
1843, 1980, 0.0007245601168313715
1913, 1980, 0.0007033847452225277
583, 886, 0.0006987926628010451
800, 986, 0.0006768804501483894
191, 886, 0.0006710092756595426
232, 659, 0.0006559161665595847
1157, 1313, 0.0006392156733272
708, 923, 0.0006170126149957897
1008, 1313, 0.0006108040513329153
1683, 1980, 0.0006038348250154085
232, 521, 0.000588687418693866
708, 858, 0.0005737284343982682
800, 923, 0.0005708183237097571
383, 1052, 0.000518767445395414
370, 886, 0.0004888508650221289
356, 1276, 0.0004616500301311516
1468, 1980, 0.0004583067387702821
804, 886, 0.0004480954461413887
1137, 1313, 0.0004469188694846168
1174, 1511, 0.0004458607048324484
905, 986, 0.0004192524028785456
1110, 1511, 0.00041902492794499433
383, 1511, 0.0004125185504905919
1167, 1340, 0.0003934476231740225
1208, 1554, 0.0003862864852548681
356, 1098, 0.0003742902208969452
1152, 1313, 0.00037056398313341254
1468, 1558, 0.0003675488604285427
1157, 1295, 0.00036484144547920704
1331, 1554, 0.0003417389117883775
383, 839, 0.0003199180761985971
150, 245, 0.0003171701558894536
356, 1313, 0.0002901442476716463
683, 886, 0.00028626013423978914
776, 858, 0.0002780962256456533
996, 1554, 0.0002774987174247635
708, 1052, 0.0002740744689420046
1008, 1295, 0.0002739025837304363
708, 839, 0.0002689976111350086
813, 886, 0.00026782279357287226
383, 712, 0.0002650944773828515
1008, 1230, 0.00026050868333304136
644, 986, 0.0002461420343110501
608, 886, 0.00024026025976273553
1152, 1295, 0.00023395611547590828
1137, 1295, 0.0002312237263355091
996, 1098, 0.0002273378051070821
506, 886, 0.00022604816820026132
1748, 1980, 0.0002256456045607549
708, 1511, 0.00022287091079474175
1020, 1511, 0.00022225643006737618
1208, 1340, 0.00022013264523424632
889, 986, 0.00021747862743866207
232, 986, 0.00021586290385776054
819, 886, 0.0002134979061124241
383, 479, 0.00021067972868737232
540, 886, 0.0002089220717995743
1008, 1980, 0.00020867687837109532
487, 886, 0.0001995746872843819
1157, 1980, 0.00019814224294798714
232, 597, 0.0001981075734889099
1208, 1295, 0.00019599327117589117
1208, 1313, 0.00019453527595611963
594, 659, 0.0001924994774370751
1167, 1313, 0.00017857467895171955
1786, 1980, 0.0001738394715924871
1174, 1554, 0.00017246132531847659
191, 659, 0.00017240652136332163
1137, 1980, 0.0001665204463190039
1381, 1454, 0.00016636480616598096
383, 1554, 0.00016573082549774937
802, 886, 0.0001652385080190715
1174, 1276, 0.0001631576015052054
1110, 1554, 0.0001626833825427018
599, 986, 0.00015987262102285706
191, 521, 0.00015473552876256444
536, 986, 0.00015308943171769723
356, 1008, 0.00014922894300756342
1157, 1280, 0.00014085670413592269
836, 923, 0.00014007387503353334
370, 521, 0.00014006252718061192
1224, 1295, 0.0001385136317230389
1152, 1980, 0.00013581330849851315
383, 547, 0.00013566732803417728
1468, 1727, 0.0001337134712897294
356, 1230, 0.00013235446787511666
800, 1052, 0.00012911846978271103
1008, 1454, 0.0001289784170067038
506, 597, 0.00012725041685390616
370, 659, 0.00012562008442875718
653, 886, 0.0001229810990824497
722, 796, 0.0001226496594796587
1468, 1668, 0.00011902237270798488
1157, 1454, 0.00011703663738403625
356, 759, 0.00011635126435092563
644, 923, 0.00011123673200071131
800, 1511, 0.00010554685131146198
356, 1980, 0.00010501955218442823
540, 659, 0.00010452689730349119
1381, 1475, 0.00010407034432621531
776, 986, 0.00010384710617980485
722, 986, 0.00010308054910197852
356, 722, 0.00010279431739498252
1439, 1511, 0.00010187841667663645
1167, 1295, 0.00010128775630952687
1137, 1454, 0.00010042347259479458
747, 986, 9.991061172071473e-05
747, 858, 9.94752177907949e-05
232, 923, 9.795350108505508e-05
1208, 1276, 9.780995642986816e-05
747, 839, 9.416758053942485e-05
1381, 1980, 9.27850715294245e-05
796, 986, 9.253670324925009e-05
644, 796, 9.116079878852823e-05
1152, 1280, 8.738032581646107e-05
356, 776, 8.64613406347973e-05
594, 986, 8.614392801879522e-05
622, 986, 8.602923833628801e-05
1137, 1280, 8.569902987684536e-05
383, 622, 8.535488097227245e-05
1699, 1953, 8.525775799843831e-05
370, 451, 8.457483220085029e-05
644, 858, 8.190438721895714e-05
1020, 1098, 8.15585314103021e-05
1008, 1727, 8.112992193983012e-05
1152, 1454, 8.079004816063553e-05
1008, 1280, 8.036989482428123e-05
1157, 1727, 7.35979483878686e-05
356, 560, 7.356381871725491e-05
232, 858, 7.305227857174941e-05
375, 886, 7.289221592265347e-05
383, 926, 7.255527348999111e-05
796, 923, 7.246350720821765e-05
383, 972, 7.203649356018866e-05
599, 923, 7.188543064125223e-05
622, 712, 6.94250292368774e-05
536, 923, 6.89650809279079e-05
383, 1076, 6.73541614525126e-05
356, 1295, 6.720937044975576e-05
232, 796, 6.554024504015768e-05
506, 659, 6.429352727568052e-05
1137, 1727, 6.3151196986839e-05
776, 923, 6.120472663662593e-05
996, 1340, 6.094072107857449e-05
232, 451, 6.076812043559709e-05
191, 986, 5.6739238438976754e-05
583, 986, 5.558772981646156e-05
213, 886, 5.5078459485714326e-05
426, 521, 5.4079233162859756e-05
599, 858, 5.301083332210915e-05
356, 536, 5.2793690886755216e-05
191, 597, 5.2072257073536055e-05
1802, 1980, 5.1964287952196266e-05
722, 858, 5.1687499459717496e-05
644, 1052, 5.084672910631079e-05
1152, 1727, 5.0740864750863566e-05
536, 858, 5.0619902387359285e-05
1167, 1980, 4.9750513339767846e-05
599, 796, 4.955845171668486e-05
487, 659, 4.85655974814596e-05
722, 923, 4.710664386211428e-05
232, 1052, 4.62386798986903e-05
536, 796, 4.585878192537536e-05
356, 464, 4.578017241565742e-05
747, 923, 4.565673409591764e-05
836, 986, 4.4997552907550964e-05
487, 597, 4.4592579989529435e-05
599, 712, 4.2065832458371365e-05
536, 622, 4.1747638434053107e-05
1224, 1980, 4.160717297316702e-05
370, 986, 4.1336274222676086e-05
875, 986, 3.970684862583214e-05
594, 923, 3.90289626290001e-05
622, 923, 3.898240642956758e-05
150, 886, 3.8703129835965884e-05
370, 597, 3.794011924922443e-05
1174, 1340, 3.6156579634472666e-05
708, 1076, 3.607415653908396e-05
644, 712, 3.542766470179979e-05
1110, 1340, 3.4270030242090715e-05
426, 886, 3.371411640147248e-05
383, 1340, 3.3395113008614444e-05
1406, 1554, 3.33124448845159e-05
356, 563, 3.280392408223912e-05
599, 1052, 3.2643376690793574e-05
356, 736, 3.2015080433318884e-05
708, 926, 3.157459094816486e-05
536, 1052, 3.1563823404300495e-05
923, 986, 3.0267546748535223e-05
644, 839, 3.0093025314565255e-05
1137, 1208, 2.9139213628664333e-05
594, 858, 2.878137556188141e-05
708, 972, 2.8779760220190744e-05
622, 858, 2.875413822876053e-05
232, 839, 2.851485663219563e-05
722, 839, 2.8490492220136158e-05
1167, 1280, 2.8214058960206554e-05
800, 926, 2.7167327264229807e-05
996, 1276, 2.694680945115998e-05
819, 923, 2.6822818968599803e-05
622, 796, 2.6399760127248674e-05
594, 796, 2.6162309709011263e-05
446, 521, 2.596584509156735e-05
191, 923, 2.574692990167379e-05
446, 886, 2.5559829124147154e-05
583, 923, 2.5171151278109e-05
708, 1554, 2.5031944793576444e-05
1020, 1554, 2.496292884353944e-05
1468, 1535, 2.3644508280141943e-05
232, 712, 2.3624897232761283e-05
683, 986, 2.262233290446381e-05
375, 521, 2.2145677601636634e-05
839, 923, 2.1925314460092962e-05
1683, 1816, 2.0591078262101223e-05
608, 986, 1.989345055049786e-05
356, 629, 1.962834178582575e-05
495, 886, 1.9527717974989267e-05
409, 886, 1.9303585734677976e-05
191, 858, 1.9201681151867943e-05
599, 839, 1.9005436924720086e-05
594, 712, 1.880684784593057e-05
996, 1313, 1.8803835466808392e-05
370, 923, 1.875742755962876e-05
683, 796, 1.8738384415584582e-05
375, 659, 1.8730994860936892e-05
583, 858, 1.8556606220158985e-05
536, 839, 1.79772934309441e-05
1208, 1980, 1.735739046245275e-05
191, 796, 1.7227154477329054e-05
1699, 1872, 1.692260862654468e-05
583, 796, 1.686429758265576e-05
191, 451, 1.597280724297258e-05
536, 712, 1.518635162352761e-05
1110, 1276, 1.4784618572206592e-05
1331, 1980, 1.4767997784298004e-05
383, 1276, 1.4743961578795553e-05
356, 669, 1.4731055302545577e-05
213, 659, 1.4151645806459264e-05
370, 858, 1.3989013237878739e-05
800, 972, 1.3709357199368734e-05
213, 521, 1.2701157586203275e-05
409, 521, 1.2596347785463722e-05
1032, 1511, 1.2564914856149685e-05
370, 796, 1.2550605768472107e-05
161, 245, 1.221070938315344e-05
787, 858, 1.2140933940378508e-05
232, 547, 1.2130440259875745e-05
150, 213, 1.1791500975069501e-05
1167, 1230, 1.1477644365668862e-05
1604, 1980, 1.1466623368727556e-05
996, 1980, 1.1050191816504022e-05
594, 839, 1.0286443428901272e-05
622, 839, 1.0281937381791771e-05
1626, 1980, 1.005362923991162e-05
150, 659, 9.944232103696673e-06
923, 1052, 9.809855493507219e-06
356, 1454, 9.361553591043316e-06
383, 1098, 9.304708090630419e-06
776, 1052, 9.290878307430941e-06
722, 1052, 9.232019593421938e-06
747, 1052, 8.976964142939617e-06
1008, 1668, 8.96281141142964e-06
150, 521, 8.92498729476592e-06
181, 245, 8.826855482378462e-06
1662, 1980, 8.664707226697368e-06
375, 451, 8.53199652765452e-06
1157, 1668, 8.130718185059085e-06
1110, 1230, 8.052276082529492e-06
796, 1052, 7.994924430129505e-06
1643, 1980, 7.970035346405443e-06
594, 1052, 7.725652138882575e-06
622, 1052, 7.720941137483957e-06
800, 1076, 7.425741820788244e-06
356, 583, 7.224164674482825e-06
1137, 1668, 6.976615476332713e-06
1174, 1980, 6.6223179075679355e-06
383, 1980, 6.605207932194065e-06
1110, 1980, 6.41361073559136e-06
383, 464, 6.0905905140675075e-06
905, 1052, 5.670726888307914e-06
506, 986, 5.5882521398682076e-06
191, 1052, 5.461793882299555e-06
1477, 1980, 5.429640551793101e-06
487, 986, 5.341501233866715e-06
540, 986, 5.334074999433077e-06
708, 1098, 5.146328919504552e-06
356, 557, 4.976920335434754e-06
583, 1052, 4.800262231900457e-06
1712, 1980, 4.7792288428045984e-06
787, 986, 4.729680133585785e-06
232, 380, 4.682285999318472e-06
583, 712, 4.435549367835969e-06
819, 986, 4.38982497867782e-06
426, 659, 4.071200934373135e-06
608, 712, 3.964059911732652e-06
708, 1980, 3.5634657877814653e-06
1020, 1980, 3.469168958332145e-06
232, 349, 3.4672087155402495e-06
547, 659, 3.4276948593732293e-06
135, 213, 3.3140514164810543e-06
191, 712, 3.303217189963845e-06
1406, 1980, 3.2490311770316007e-06
232, 622, 3.2150931360048328e-06
653, 986, 3.175786134008775e-06
135, 245, 3.1435631483508885e-06
181, 886, 3.142891762050403e-06
446, 659, 3.0871116166490312e-06
383, 722, 3.0809462966784156e-06
547, 886, 2.9683952442636347e-06
495, 597, 2.8441129439090337e-06
683, 923, 2.800898255084093e-06
370, 1052, 2.694621504433303e-06
787, 923, 2.6554551583634652e-06
495, 659, 2.493185202923934e-06
608, 923, 2.4625068547271484e-06
370, 712, 2.4065176283215538e-06
839, 986, 2.367016380900466e-06
813, 923, 2.3526388257406226e-06
409, 659, 2.3200779107460164e-06
850, 986, 2.2815703921237634e-06
375, 597, 2.220653299441341e-06
796, 858, 2.1166600834942515e-06
383, 1008, 2.0578783012638984e-06
1208, 1280, 2.0379602495991758e-06
506, 923, 2.0270448561734155e-06
451, 886, 2.0103620007625597e-06
850, 923, 1.9970371824051482e-06
836, 1052, 1.9555337698298595e-06
826, 923, 1.9316534896003446e-06
540, 923, 1.9119426706367285e-06
1174, 1313, 1.904371938676417e-06
232, 972, 1.8225785899307406e-06
889, 1052, 1.7701453557403747e-06
213, 597, 1.6775438507473914e-06
644, 1076, 1.6745783466557441e-06
232, 926, 1.6682235562167753e-06
232, 1076, 1.5467199070254227e-06
540, 622, 1.522051830879454e-06
226, 886, 1.5040029693574703e-06
683, 858, 1.4973171058871465e-06
181, 659, 1.4940637668924778e-06
191, 839, 1.4862609248026046e-06
644, 722, 1.4462873719460427e-06
383, 560, 1.4286980254266813e-06
383, 759, 1.4045866641085945e-06
608, 858, 1.3049724961286164e-06
996, 1230, 1.2997158738449216e-06
683, 1052, 1.2601411908751611e-06
375, 986, 1.2122540265287098e-06
487, 923, 1.193012093991737e-06
451, 521, 1.1870982589825975e-06
150, 597, 1.173563479249423e-06
608, 1052, 1.1154428081134243e-06
383, 536, 1.1111410538232948e-06
813, 986, 1.1004280426828351e-06
608, 796, 1.095760479446771e-06
150, 220, 1.0754730615189804e-06
506, 858, 1.0748811390364454e-06
370, 839, 1.0410727981248733e-06
426, 597, 1.0310843642136846e-06
800, 1098, 1.0265570032168826e-06
540, 858, 1.0068414398972066e-06
599, 1076, 1.0003043946254756e-06
191, 547, 9.89984037648395e-07
446, 597, 9.63159926824432e-07
536, 1076, 9.39897971405333e-07
451, 659, 9.085086117434003e-07
506, 796, 8.785782501741593e-07
506, 712, 8.716234841236012e-07
181, 521, 8.646190936902636e-07
540, 1052, 8.457193242336561e-07
191, 622, 8.447837707560471e-07
540, 796, 8.241220865421269e-07
213, 986, 8.098421541131489e-07
929, 1052, 8.06264642484528e-07
487, 712, 8.036166133807013e-07
506, 1052, 7.996728673817444e-07
540, 712, 7.921783938815065e-07
383, 736, 7.760321939529268e-07
804, 986, 7.671605844164311e-07
487, 796, 7.247270417224625e-07
370, 547, 7.238747606443005e-07
653, 923, 7.185439304418255e-07
653, 796, 7.140164138897947e-07
226, 659, 7.048824642933891e-07
232, 479, 7.043915617426924e-07
804, 923, 6.945584745618493e-07
787, 1052, 6.864190582157832e-07
583, 839, 6.832653941609175e-07
819, 1052, 6.474390863780319e-07
836, 926, 6.298237165906081e-07
370, 622, 6.155234513591554e-07
487, 858, 6.130602793646494e-07
875, 1052, 6.124264407257345e-07
383, 563, 6.049226975521936e-07
776, 839, 6.027250440857646e-07
1032, 1098, 5.957966347527197e-07
409, 597, 5.764244836076348e-07
150, 986, 5.690686763926128e-07
776, 1076, 5.576434971127514e-07
722, 1076, 5.541107655421196e-07
380, 886, 5.433336820642985e-07
506, 622, 5.352088906818785e-07
644, 926, 5.063494043847365e-07
334, 886, 4.88253808992034e-07
383, 629, 4.7404552319902733e-07
426, 986, 4.675752842613184e-07
622, 722, 4.587430765159981e-07
370, 479, 4.404061359024837e-07
375, 923, 4.3960959489979284e-07
383, 776, 4.3839689872641723e-07
191, 349, 4.3320414410557994e-07
380, 659, 4.101331103613129e-07
226, 521, 4.0835957442970995e-07
826, 986, 4.0555211709741565e-07
334, 659, 4.0151811583381415e-07
383, 669, 3.828863135532587e-07
181, 597, 3.565821877811526e-07
653, 858, 3.5095170544471415e-07
446, 986, 3.415703460224165e-07
380, 521, 3.34535583254955e-07
213, 451, 3.337734434989983e-07
375, 712, 3.298988765012407e-07
536, 926, 3.2288182305108565e-07
487, 622, 3.1914446623670054e-07
213, 923, 3.1564267355679096e-07
599, 926, 3.1331944669589475e-07
599, 722, 3.045980195683119e-07
451, 597, 3.002660818065845e-07
796, 926, 2.940256431557439e-07
683, 839, 2.8736922750998653e-07
747, 1076, 2.827588539725517e-07
277, 886, 2.7787882672742075e-07
232, 722, 2.7461031115509635e-07
776, 926, 2.5754855291251295e-07
796, 1076, 2.5222263597851104e-07
213, 712, 2.492765746487509e-07
191, 926, 2.4782109741448235e-07
9, 245, 2.441671402723617e-07
375, 858, 2.4249691290958297e-07
334, 521, 2.4204848859723567e-07
191, 972, 2.2650922322052277e-07
150, 451, 2.2383451880009045e-07
277, 659, 2.2330511635935703e-07
608, 839, 2.2144852365530868e-07
889, 972, 2.171263761157451e-07
150, 923, 2.035559691894797e-07
722, 926, 2.034321048538315e-07
644, 972, 2.0303569779678804e-07
375, 796, 2.0236583498847216e-07
747, 926, 2.0011996599295399e-07
802, 923, 1.9837511845017803e-07
446, 547, 1.9055903173049046e-07
191, 479, 1.851482449874876e-07
506, 839, 1.8446619609471684e-07
540, 839, 1.7695835371425553e-07
150, 712, 1.7515745633557531e-07
213, 858, 1.734598958788835e-07
487, 839, 1.7247710334008224e-07
594, 926, 1.701093901925446e-07
622, 926, 1.7007318936549304e-07
226, 597, 1.700654294480793e-07
536, 722, 1.6491777303959092e-07
653, 1052, 1.5781008804107663e-07
409, 986, 1.5490076058934982e-07
487, 1052, 1.5429291465766086e-07
213, 796, 1.5291068192428647e-07
161, 886, 1.5174082086566645e-07
802, 986, 1.5128682594555802e-07
426, 712, 1.506406918052778e-07
594, 722, 1.492826674955014e-07
161, 659, 1.399541888413642e-07
426, 923, 1.3891862867352196e-07
383, 583, 1.3659329554836854e-07
9, 213, 1.3489344995121652e-07
277, 521, 1.330037874260168e-07
1118, 1511, 1.3252253715905274e-07
370, 926, 1.324118818042484e-07
599, 972, 1.3217596183722494e-07
536, 972, 1.291911271354019e-07
232, 560, 1.2624735491688047e-07
1012, 1098, 1.2607250826266e-07
232, 759, 1.2519334767081056e-07
644, 1098, 1.1959399626754374e-07
356, 571, 1.178666634245642e-07
653, 839, 1.1759255192678376e-07
191, 380, 1.1648633747429927e-07
446, 712, 1.141536517608347e-07
150, 858, 1.1110311961038894e-07
583, 926, 1.0957348300893644e-07
232, 346, 1.0913096727715913e-07
594, 1076, 1.0552992170376292e-07
622, 1076, 1.0546557094090183e-07
375, 547, 1.041737207884084e-07
380, 597, 9.98175873330437e-08
495, 712, 9.961329521133402e-08
819, 926, 9.842897617661021e-08
839, 926, 9.822270647400939e-08
334, 597, 9.772404243524457e-08
426, 547, 9.687122014369673e-08
150, 796, 9.533580613178223e-08
923, 1076, 9.518480297237814e-08
135, 220, 9.391287988259713e-08
135, 659, 9.350056184688288e-08
375, 622, 8.94217933881199e-08
776, 972, 8.893919505543839e-08
409, 712, 8.621242313431828e-08
536, 629, 8.594976420251326e-08
722, 972, 8.579595998724897e-08
375, 479, 8.570562145796209e-08
747, 972, 8.334382949160978e-08
495, 986, 8.274123417540463e-08
232, 536, 8.196901290686018e-08
583, 722, 8.088533136487021e-08
161, 521, 8.039326390525538e-08
213, 547, 7.792314082533753e-08
796, 972, 7.504092637079295e-08
451, 547, 7.476758252735205e-08
426, 858, 7.40801738725843e-08
191, 722, 7.185498154482728e-08
594, 972, 7.176181530815266e-08
622, 972, 7.173286445376114e-08
875, 972, 6.991469565954148e-08
181, 451, 6.975335450984973e-08
232, 736, 6.916915185361604e-08
370, 972, 6.888559597233632e-08
426, 796, 6.74615838010863e-08
213, 622, 6.67257246336313e-08
446, 923, 6.01163083690764e-08
277, 597, 5.5574445877775325e-08
181, 712, 5.552283000704864e-08
150, 547, 5.475587851856162e-08
547, 622, 5.440201584844838e-08
135, 521, 5.4379477468815865e-08
232, 563, 5.301225310794943e-08
370, 722, 5.234855636275059e-08
608, 722, 5.160924590475803e-08
380, 451, 5.1008246877143746e-08
905, 972, 5.0775163525004373e-08
213, 349, 4.869691305338015e-08
547, 712, 4.807861869238835e-08
150, 622, 4.6887556551289845e-08
583, 972, 4.6224326837325416e-08
495, 622, 4.579675040445356e-08
135, 886, 4.543923805666167e-08
334, 451, 4.541557441990803e-08
383, 557, 4.495874541338044e-08
409, 923, 4.4529310037286636e-08
375, 839, 4.350855673281838e-08
446, 796, 4.2906477518120475e-08
232, 629, 4.224814492846462e-08
426, 622, 4.205032126832316e-08
409, 547, 3.934473381964447e-08
232, 776, 3.9075107832448094e-08
232, 1098, 3.834423322673318e-08
850, 926, 3.744455888621931e-08
495, 923, 3.658366470376153e-08
644, 736, 3.5964369430350884e-08
451, 712, 3.555198496661618e-08
683, 926, 3.5400932632755924e-08
161, 597, 3.480312472677526e-08
226, 451, 3.427153533293557e-08
232, 669, 3.412722387408095e-08
191, 560, 3.3183926672454425e-08
787, 926, 3.222069340814431e-08
191, 759, 3.206143625916557e-08
608, 926, 3.12406732670639e-08
446, 622, 3.1235242526706884e-08
446, 858, 2.94385236519465e-08
836, 972, 2.8312474703826815e-08
181, 923, 2.8284430224944877e-08
226, 712, 2.758705450746675e-08
813, 926, 2.558066112049573e-08
370, 560, 2.4970403556426442e-08
540, 926, 2.4915449342250372e-08
547, 923, 2.4577924871541848e-08
409, 796, 2.447461351738384e-08
495, 796, 2.431952670113157e-08
135, 597, 2.3552796028128707e-08
506, 926, 2.3545519011091397e-08
409, 622, 2.3388147974116925e-08
370, 759, 2.3357738976477153e-08
150, 349, 2.3306684128962976e-08
370, 464, 2.282197556018356e-08
9, 659, 2.2548719480863673e-08
409, 858, 2.180243092407914e-08
191, 536, 2.1545431312248598e-08
826, 926, 2.1487225202047895e-08
708, 776, 2.1364511387880715e-08
213, 839, 2.132151971504359e-08
644, 759, 2.0192581847007668e-08
506, 722, 1.9093473478224657e-08
191, 736, 1.8181007155495974e-08
487, 722, 1.8006775414802587e-08
495, 858, 1.787993748022274e-08
540, 722, 1.741638262464843e-08
181, 547, 1.7340648104101616e-08
653, 722, 1.7224752067732828e-08
232, 464, 1.6411312838410414e-08
380, 712, 1.6152325964787212e-08
232, 390, 1.5928173552338245e-08
334, 712, 1.581277621887856e-08
181, 796, 1.5762093945709072e-08
232, 355, 1.5759029996217682e-08
370, 536, 1.5574295080963584e-08
181, 622, 1.506091110564744e-08
213, 479, 1.489001297005289e-08
150, 839, 1.4752423287115371e-08
487, 560, 1.4674340767063986e-08
191, 563, 1.393419070866072e-08
181, 858, 1.3894150106008412e-08
370, 736, 1.3245420948543424e-08
9, 521, 1.293716784510682e-08
191, 346, 1.2909076379283782e-08
426, 839, 1.2850547786738634e-08
547, 796, 1.2803154471874918e-08
232, 583, 1.1977705117113838e-08
547, 858, 1.1733971873776239e-08
277, 451, 1.1322463019256885e-08
409, 479, 1.1185300296195286e-08
191, 629, 1.1104861121854222e-08
150, 479, 1.0463075957827889e-08
370, 563, 1.0450109557624595e-08
540, 629, 1.0134833145978701e-08
451, 622, 9.727178899613067e-09
191, 776, 9.553718422187013e-09
536, 759, 9.21693964801631e-09
213, 380, 9.18266160251745e-09
277, 712, 9.109496053619897e-09
191, 669, 8.970289281051034e-09
226, 547, 8.616407279551111e-09
487, 563, 8.36152125830693e-09
370, 629, 8.090231683870638e-09
375, 722, 7.80565786476748e-09
383, 571, 7.689361970789586e-09
226, 622, 7.483627100394515e-09
181, 349, 7.306161590729496e-09
226, 349, 7.0286482925436955e-09
161, 451, 7.026413688993617e-09
370, 776, 6.960176685672071e-09
446, 536, 6.762260173597559e-09
370, 669, 6.5351306746397796e-09
150, 380, 6.491123585106105e-09
451, 796, 6.417275051735955e-09
213, 722, 5.8980729975356836e-09
873, 986, 5.763452770290608e-09
161, 712, 5.710035171281696e-09
583, 669, 5.680412787356188e-09
9, 597, 5.6714885647804364e-09
380, 479, 5.571282533332157e-09
536, 736, 5.312637534227869e-09
599, 759, 5.040417041173884e-09
380, 547, 5.0219654103007e-09
181, 986, 5.001456964122947e-09
226, 796, 4.9798847084595234e-09
334, 547, 4.9458639140767724e-09
135, 451, 4.755081324603003e-09
536, 669, 4.427910711344743e-09
380, 622, 4.393989027534365e-09
191, 464, 4.313688807080932e-09
334, 622, 4.301619807573516e-09
547, 986, 4.156902969940101e-09
150, 722, 4.14452196261655e-09
683, 759, 4.0763518956507034e-09
599, 736, 4.025319057911929e-09
594, 669, 4.001516451192654e-09
232, 557, 3.967089455886219e-09
375, 464, 3.9276740390768e-09
487, 759, 3.912783087056492e-09
191, 390, 3.905186604908703e-09
644, 776, 3.8767283759196805e-09
135, 712, 3.862965926418622e-09
375, 560, 3.74358617834506e-09
622, 759, 3.6763424049494866e-09
622, 736, 3.652740502876744e-09
426, 722, 3.610273806493716e-09
277, 349, 3.568707818067464e-09
9, 156, 3.517390475560694e-09
375, 759, 3.4828566748148024e-09
599, 669, 3.4094177698100634e-09
426, 536, 3.364257070810517e-09
181, 479, 3.3608801243482227e-09
446, 560, 3.2778360895004955e-09
1414, 1554, 3.23955619565405e-09
451, 986, 3.1951122738039614e-09
191, 583, 3.1483217099659108e-09
506, 629, 3.119117511856462e-09
380, 796, 2.9239242418664564e-09
334, 796, 2.862458312095973e-09
277, 547, 2.8502286534344253e-09
536, 776, 2.746478523284077e-09
594, 759, 2.7445239882456667e-09
213, 560, 2.723836505850375e-09
446, 722, 2.7209689647925454e-09
9, 220, 2.716659958278334e-09
487, 629, 2.6409561869278054e-09
213, 759, 2.631699116705268e-09
426, 560, 2.5804518041960216e-09
487, 583, 2.5507320910445053e-09
277, 622, 2.4790081588689064e-09
375, 536, 2.4152119095517827e-09
370, 583, 2.293648859674451e-09
506, 759, 2.2594504941103548e-09
487, 736, 2.2188131788182536e-09
594, 736, 2.1748897959278296e-09
191, 355, 2.138095974286048e-09
451, 536, 2.132869516922532e-09
181, 380, 2.1311510141443723e-09
583, 759, 2.1088660440750413e-09
409, 722, 2.054961222086161e-09
375, 736, 1.975015767057945e-09
150, 560, 1.9140150055434005e-09
683, 776, 1.8655097181915914e-09
150, 759, 1.8492709047074708e-09
446, 839, 1.818928247614276e-09
161, 547, 1.786682617413424e-09
213, 536, 1.7685138025365046e-09
226, 479, 1.6699901754123723e-09
683, 972, 1.6503541812891029e-09
277, 796, 1.6496245263282289e-09
653, 736, 1.6192522409645832e-09
426, 759, 1.6108912845913271e-09
375, 563, 1.5700640281854664e-09
277, 380, 1.5537944259591763e-09
161, 622, 1.5496925666991483e-09
213, 736, 1.4923517488475789e-09
495, 722, 1.488229215201594e-09
608, 972, 1.4564072728660162e-09
599, 776, 1.4416223669939146e-09
583, 736, 1.432698161875639e-09
213, 346, 1.4296336552094698e-09
653, 759, 1.3767462360211293e-09
451, 560, 1.2853258506971342e-09
506, 736, 1.2812615526282273e-09
334, 479, 1.2805996001720978e-09
150, 536, 1.2427184775206244e-09
226, 380, 1.2313379378518462e-09
446, 563, 1.2235857811331156e-09
446, 759, 1.2212719883097373e-09
135, 547, 1.2091262375233457e-09
375, 629, 1.2063289794163529e-09
506, 583, 1.2045296544748656e-09
819, 972, 1.2008109951428598e-09
409, 560, 1.1860340461447754e-09
487, 776, 1.1659374071286934e-09
540, 972, 1.1608727465196762e-09
9, 451, 1.1450212843206582e-09
213, 563, 1.1437602820897318e-09
487, 669, 1.1407500739083752e-09
409, 536, 1.0982322920465568e-09
135, 622, 1.0435962757616642e-09
191, 557, 1.0427434752503784e-09
375, 776, 1.0378272422684403e-09
426, 563, 1.0361257774051132e-09
540, 759, 9.396414108566565e-10
409, 759, 9.132916612804048e-10
213, 629, 9.115204000620472e-10
409, 839, 8.995777168343772e-10
622, 776, 8.797530713606349e-10
594, 776, 8.46211577134915e-10
161, 796, 8.163747989645204e-10
150, 563, 8.037098915306727e-10
370, 557, 7.891858147426001e-10
213, 776, 7.841979420286509e-10
161, 349, 7.838822607691391e-10
495, 839, 7.343051739609882e-10
608, 759, 7.009624186563626e-10
506, 776, 6.732746978367414e-10
232, 571, 6.607543536213325e-10
150, 346, 6.568098689338147e-10
583, 776, 6.414285234640546e-10
181, 560, 6.14807253217196e-10
181, 759, 5.834876372389511e-10
181, 839, 5.793492264114479e-10
277, 479, 5.52665950650112e-10
135, 796, 5.524765167917052e-10
150, 776, 5.510487230548673e-10
135, 349, 5.114369311672491e-10
547, 629, 4.818555258412657e-10
426, 776, 4.800159798624444e-10
409, 563, 4.764244704050288e-10
451, 563, 4.677414794642125e-10
451, 858, 4.210150139145273e-10
9, 195, 3.761400583315941e-10
451, 839, 3.7096479025268906e-10
446, 776, 3.6391659434409396e-10
213, 464, 3.5408055121332564e-10
161, 479, 3.4535438547637605e-10
226, 858, 3.267128513149303e-10
213, 390, 3.1632864576617774e-10
226, 839, 2.878732595163611e-10
540, 776, 2.7779153364406454e-10
150, 629, 2.7426321840272526e-10
487, 557, 2.727549142956706e-10
409, 776, 2.7000160733669725e-10
9, 181, 2.546446551370707e-10
150, 464, 2.488091655786817e-10
547, 839, 2.4556319832336126e-10
213, 355, 2.442792774020304e-10
426, 629, 2.389094140205511e-10
181, 536, 2.3057480894359907e-10
150, 390, 2.2037313560734888e-10
161, 380, 2.1513345053855682e-10
495, 629, 2.1325029419609491e-10
226, 346, 2.1274258193598256e-10
653, 776, 2.036018486350799e-10
181, 346, 2.0349322247214942e-10
495, 560, 2.0183066216938725e-10
380, 858, 1.9141785830727947e-10
334, 858, 1.8739392483216893e-10
446, 629, 1.869602736495948e-10
181, 722, 1.7525682154956225e-10
226, 560, 1.7497259391472962e-10
181, 776, 1.7388739117596748e-10
191, 571, 1.736782844560298e-10
375, 583, 1.7325485228213722e-10
487, 571, 1.7315776910989043e-10
9, 547, 1.6781393449858239e-10
608, 776, 1.677208649520142e-10
495, 583, 1.593467656795743e-10
375, 669, 1.5031593729071074e-10
135, 380, 1.4559021119916652e-10
9, 712, 1.438095141323384e-10
135, 479, 1.4243397726899157e-10
181, 563, 1.3747237534688734e-10
409, 629, 1.367853443449972e-10
213, 583, 1.309139836309937e-10
495, 563, 1.2954902629321025e-10
370, 571, 1.2767363982443098e-10
9, 796, 1.2594485641848217e-10
150, 355, 1.237129166242012e-10
9, 349, 1.2345475908128105e-10
506, 669, 1.2181735173146734e-10
446, 557, 1.1769010913782774e-10
375, 557, 1.1637326009433092e-10
9, 622, 1.1361587704634986e-10
213, 669, 1.1358099294043446e-10
540, 669, 1.1236413657374066e-10
451, 722, 1.1221920576159314e-10
380, 464, 1.1211604404850396e-10
150, 736, 1.1086960196790132e-10
277, 858, 1.0799445119663629e-10
226, 536, 1.0295693584674058e-10
426, 736, 9.65779946472755e-11
380, 560, 9.379414202244333e-11
150, 583, 9.199205920289157e-11
334, 560, 9.028018499196378e-11
446, 583, 8.991034616573637e-11
426, 583, 8.97436972577302e-11
181, 629, 8.809298179324272e-11
426, 557, 8.562740072986804e-11
213, 557, 8.559152062260149e-11
226, 986, 8.31535844021801e-11
9, 886, 8.266614025704333e-11
150, 669, 7.979733982336995e-11
446, 736, 7.321909347828448e-11
181, 390, 7.078680250322812e-11
426, 669, 6.951109160254304e-11
380, 536, 6.915019977855858e-11
226, 563, 6.83067542694507e-11
277, 346, 6.044128577377257e-11
150, 557, 6.014437888143025e-11
334, 536, 5.91800722417929e-11
451, 629, 5.6622150855653805e-11
446, 669, 5.2698745013419424e-11
277, 560, 4.948673658176036e-11
451, 557, 4.7289478699718395e-11
181, 464, 4.703880553260539e-11
409, 583, 4.634652151823719e-11
380, 839, 4.59389327858733e-11
334, 839, 4.497321719860968e-11
226, 629, 4.350104415239186e-11
380, 563, 4.125843002668338e-11
181, 355, 4.014057523998983e-11
409, 669, 3.9799747390151055e-11
334, 563, 3.913054032547336e-11
277, 355, 3.878997783029623e-11
409, 557, 3.8595069871730284e-11
451, 759, 3.7130860258182266e-11
495, 759, 3.6928464939336217e-11
9, 380, 3.5143735919039535e-11
226, 390, 3.506250191783392e-11
226, 355, 3.358591973788828e-11
277, 536, 3.2457319852265233e-11
277, 390, 3.153478245739614e-11
161, 560, 3.1021052271230506e-11
451, 583, 3.033793383200052e-11
9, 479, 2.963742704878543e-11
181, 583, 2.954908141917438e-11
226, 759, 2.8814006213065286e-11
380, 629, 2.4168082218041947e-11
334, 629, 2.3660027452794788e-11
226, 464, 2.3310361945273143e-11
9, 191, 2.2548600458770005e-11
334, 464, 2.2335851046358823e-11
161, 346, 2.1960952800513775e-11
277, 563, 2.190124973799765e-11
135, 560, 2.039945660860487e-11
161, 536, 1.9879171857890953e-11
375, 571, 1.9421471732385335e-11
181, 557, 1.9319179980017277e-11
181, 669, 1.592312022245237e-11
226, 722, 1.5007972516987535e-11
226, 583, 1.468266461067287e-11
135, 346, 1.4310934066271371e-11
213, 571, 1.4256035946086378e-11
161, 563, 1.3728927382496043e-11
277, 629, 1.363518952041973e-11
135, 536, 1.3453104675305633e-11
446, 571, 1.2220994455036022e-11
426, 571, 1.164148391592734e-11
495, 669, 1.0193882541273054e-11
495, 571, 1.0075717457924943e-11
150, 571, 1.0017586100255504e-11
226, 557, 9.599521425926785e-12
506, 571, 9.484016623572997e-12
135, 563, 9.290965361973725e-12
380, 722, 8.769245221320619e-12
380, 583, 8.620882109461835e-12
334, 722, 8.5849005645077e-12
334, 583, 8.439656301107195e-12
161, 629, 8.042712066414618e-12
277, 464, 8.006581169841359e-12
451, 669, 7.804458748054953e-12
161, 390, 7.303763739453638e-12
226, 669, 6.05635639175666e-12
380, 557, 5.6851323953119125e-12
334, 557, 5.517844590078375e-12
135, 629, 5.442854867209682e-12
547, 669, 5.375962959193139e-12
409, 571, 5.0780479988347394e-12
135, 390, 4.942776228958832e-12
277, 583, 4.8331381605391024e-12
161, 464, 4.831264994827249e-12
9, 560, 4.7544271978624695e-12
495, 557, 4.448267267519839e-12
451, 571, 4.284661283144489e-12
161, 355, 4.220914447661895e-12
380, 669, 3.5559713342677443e-12
334, 669, 3.4812186846715617e-12
9, 346, 3.4544883439437616e-12
135, 464, 3.2103784924493688e-12
181, 571, 3.2031703112184498e-12
277, 557, 3.1663823039046724e-12
9, 536, 3.156118477011388e-12
161, 583, 3.0296811199997904e-12
135, 355, 2.774772259876491e-12
277, 839, 2.731659995871494e-12
9, 563, 2.164621641417386e-12
135, 583, 2.0503176657218313e-12
277, 669, 2.0062139244016847e-12
161, 557, 1.9848653951517312e-12
226, 571, 1.5916256313797412e-12
161, 858, 1.5077804041979954e-12
135, 557, 1.3432451873878554e-12
161, 669, 1.2356228487521732e-12
9, 390, 1.1931270726697711e-12
135, 858, 1.0203809167733688e-12
380, 571, 9.635311129856722e-13
135, 669, 8.362000007995198e-13
9, 464, 7.749469762390865e-13
9, 355, 6.697968409646362e-13
608, 736, 5.901226887176073e-13
540, 736, 5.781521088283484e-13
409, 736, 5.458904178344805e-13
181, 736, 3.515662797770901e-13
380, 759, 1.3943631447230577e-13
334, 759, 1.3650512268898553e-13
9, 557, 7.370810447267494e-14
9, 583, 4.8666686887443356e-14
277, 722, 4.242056672297978e-14
334, 571, 1.4599158182398786e-14
277, 571, 8.413442843747934e-15
161, 571, 5.274016196354099e-15
135, 571, 3.569157329893694e-15
451, 776, 2.9127223490086784e-15
495, 776, 2.896845491741206e-15
226, 776, 2.2603085217444248e-15
9, 629, 1.122039058471314e-15
9, 571, 8.615518970825372e-16
