Gene = AT4G38430
index = 1094
Annotated 5SS: [ 527  731 1338 1804]
Annotated 3SS: [ 613  816 1449 1888]
SMsplice 5SS: [ 527  731 1338 1804]
SMsplice 3SS: [ 613  816 1449 1888]
length: 2486
Partition function (logZ) = 11.090408546928984
#Introns = 1420
5SS, 3SS, prob
1804, 1888, 0.9951472281376474
527, 613, 0.9916996874822378
1338, 1449, 0.8728670407976393
731, 816, 0.3613405859511718
68, 240, 0.1619340611006132
731, 800, 0.1418803945790133
1338, 1713, 0.10370094634879774
731, 1140, 0.0744315588545895
677, 800, 0.07108343784626649
731, 841, 0.04727538811511905
731, 805, 0.046150467595850446
1198, 1282, 0.036109241587184496
677, 1140, 0.03459507921841696
677, 816, 0.029022114545762274
685, 800, 0.022246098442837953
1082, 1150, 0.020376053731704806
68, 283, 0.015125302527751665
1082, 1282, 0.013714959274824653
68, 157, 0.013376302239846202
991, 1140, 0.01101168610854933
731, 1150, 0.010923691962181162
731, 1282, 0.010699954096905353
677, 805, 0.009542088824938165
685, 1140, 0.008401879920044158
68, 230, 0.008260214719395543
1082, 1154, 0.0081484204435874
1666, 1734, 0.008007241356565845
685, 816, 0.007988601185373687
1082, 1184, 0.007326234204691734
677, 841, 0.0070476671163396355
1082, 1206, 0.006601025981908134
1082, 1157, 0.006188533212425538
677, 778, 0.006124526378176082
731, 947, 0.00541258114242469
72, 240, 0.005366027881293912
677, 1150, 0.005077235556635185
677, 1282, 0.004973238639461171
1082, 1449, 0.00442209821439919
689, 800, 0.0042304785097785885
535, 613, 0.004156383428188492
1040, 1140, 0.0040953295663690575
731, 863, 0.004014802848473886
1185, 1282, 0.003966935834815206
1666, 1742, 0.0035323274954970375
731, 1449, 0.0035038826808799573
731, 1121, 0.0031971512683378936
1529, 1713, 0.003044880613753775
1082, 1209, 0.0028050576705423214
685, 805, 0.002788591636298302
731, 1206, 0.00277279229005324
677, 947, 0.0025157232893458347
1594, 1713, 0.0025112149213660302
731, 883, 0.002288739623116088
685, 778, 0.00221183152523165
731, 1154, 0.0021834734188912333
1794, 1888, 0.0020231650439961842
685, 841, 0.0019641323043644385
1970, 2074, 0.0018733389153858277
68, 279, 0.001842502524549726
731, 848, 0.0017917993168206866
677, 775, 0.0017586127849235267
1338, 1417, 0.0017536366558371628
1979, 2074, 0.0016896451199054816
906, 1140, 0.0016873460587620327
1082, 1253, 0.0016525028463775016
677, 1449, 0.0016285701926207472
1666, 1767, 0.0016219574059936864
1082, 1713, 0.0015560644326663667
1647, 1713, 0.0015404912127636385
677, 788, 0.0015266520948924267
677, 1121, 0.0014860079500685942
1198, 1449, 0.001448000411027755
1666, 1888, 0.001439599600766742
758, 841, 0.0014371053786419927
689, 816, 0.0013833508448915827
766, 1140, 0.0013772084724817172
991, 1150, 0.0013630415254997524
689, 1140, 0.0013420909647294337
731, 1253, 0.0013196280276644794
677, 1206, 0.001288765961576572
731, 1209, 0.0012555189921712214
1082, 1211, 0.0012459697299277838
766, 841, 0.0012398240762924683
731, 1713, 0.0012341734616498716
685, 1150, 0.0012330725725667817
991, 1282, 0.001230379073213161
731, 944, 0.001225898486675152
731, 1184, 0.0012113879050252335
677, 863, 0.0012096239953174291
685, 1282, 0.0012078044217432395
68, 613, 0.001194636156833201
731, 1101, 0.0011197605264165805
731, 1157, 0.0011136770331758676
1338, 1451, 0.0010984695634224243
677, 1154, 0.0010148584990845597
1503, 1713, 0.0010127448054974362
677, 762, 0.0009670965339232361
527, 630, 0.0009656964149778441
68, 320, 0.0009118657511665938
1804, 1895, 0.0008922945841803302
758, 1140, 0.0008868399177737792
1338, 1554, 0.0008858806588721569
677, 883, 0.0008676039736338581
1485, 1713, 0.0007190696617816191
28, 240, 0.0006371677904210956
991, 1121, 0.0006189356419638206
677, 1253, 0.000613288577116631
685, 947, 0.0006109759960801638
731, 1211, 0.0005898163050339634
527, 635, 0.0005896981442234536
685, 775, 0.0005867881977867781
677, 1209, 0.0005834878591317064
677, 1713, 0.0005736369218879668
677, 944, 0.000569786862518633
685, 788, 0.0005665324626619227
66, 240, 0.0005660428590014274
677, 1184, 0.0005630411749832003
68, 266, 0.0005496159190375226
677, 1101, 0.0005204548023973228
677, 1157, 0.0005176259801957606
1076, 1140, 0.0005138007319830983
689, 805, 0.0005102295426088891
72, 283, 0.0005075623616625114
731, 910, 0.0005064816585782771
1198, 1713, 0.0004974803408555087
1076, 1150, 0.00047579755241431945
985, 1140, 0.00046658130790787084
1338, 1734, 0.00045805995454032946
72, 157, 0.0004468821864554732
991, 1449, 0.0004080868808805535
991, 1101, 0.00039930080944860174
685, 1449, 0.00039551242370069025
689, 778, 0.00039215779108675705
731, 866, 0.0003797619389917821
677, 848, 0.00036430554147170297
685, 1121, 0.00036089708530646
68, 305, 0.00035882460359100735
1588, 1713, 0.0003559196764772499
1040, 1150, 0.00034268373272319493
68, 457, 0.0003368466572572735
689, 841, 0.00033629586869263797
991, 1206, 0.0003188045329011546
1338, 1485, 0.0003149525273733809
685, 1206, 0.0003129582303689771
1108, 1206, 0.00030770882863117595
72, 230, 0.00029885824301271937
766, 863, 0.00029271188025004134
527, 633, 0.00028975035800802125
685, 863, 0.00028549094543363297
921, 1140, 0.0002756595861917121
677, 1211, 0.0002741411051845407
991, 1154, 0.00025212732844384297
685, 1154, 0.0002464304407101162
906, 1150, 0.00024580549090538447
906, 1282, 0.00024071939888426104
1338, 1717, 0.00023663555122704894
1040, 1121, 0.00023434894526683288
677, 910, 0.00023240183281807234
527, 621, 0.0002274209349759007
89, 240, 0.00022422230141685761
685, 883, 0.0002161953775167089
490, 613, 0.00021342687248820718
1185, 1449, 0.00020547050039101017
766, 1150, 0.00020208239265500445
1108, 1282, 0.00019961529269924897
766, 1282, 0.00019789331602103897
689, 1150, 0.0001969339856180713
389, 613, 0.00019311281155766602
689, 1282, 0.00019286117452218168
1338, 1503, 0.00018796120013464524
1338, 1608, 0.00015570586283631446
685, 762, 0.00015280835051275485
991, 1253, 0.00015167042806831378
1082, 1163, 0.0001500861432086653
685, 1253, 0.00014888767273132705
1076, 1154, 0.0001444754457347569
991, 1209, 0.00014429540054390852
991, 1184, 0.00014339211991641209
991, 1713, 0.00014166361069201637
685, 1209, 0.0001416493546383651
685, 1713, 0.00013929873500544745
685, 944, 0.00013838128628048638
1658, 1734, 0.0001380825102824299
685, 1184, 0.00013672336911063583
758, 1150, 0.00013013157765554207
758, 1282, 0.00012730302084263008
991, 1157, 0.00012709335325234615
685, 1101, 0.00012637609816176147
685, 1157, 0.00012569184426182737
1804, 2074, 0.0001237763591441563
1338, 1888, 0.00012316384715742198
758, 863, 0.00012055964741065973
893, 1140, 0.00012018909059637746
677, 866, 0.00011995012999851497
1076, 1282, 0.0001185255486587037
1108, 1209, 0.00011793134921127746
689, 788, 0.00011357292364338457
1108, 1184, 0.00011051120498809448
766, 848, 0.00010968658716588412
1040, 1282, 0.00010730953563447263
947, 1140, 0.00010603086642850492
68, 434, 0.0001032855090678998
766, 947, 0.000102366865102255
1202, 1282, 9.799097698712936e-05
689, 947, 9.759688819605154e-05
689, 775, 9.61535480016594e-05
1076, 1157, 9.031042504939485e-05
685, 848, 8.814227259614916e-05
1185, 1253, 8.757621024083482e-05
68, 136, 8.159331354169719e-05
1338, 1665, 8.09275680030234e-05
68, 436, 8.08829404974679e-05
766, 883, 7.962595067426907e-05
906, 1449, 7.945924108396284e-05
68, 303, 7.924506734743711e-05
758, 848, 7.63123356214152e-05
1338, 1694, 7.369600441234018e-05
906, 1121, 7.181610575529817e-05
731, 1025, 7.039758111920534e-05
1185, 1713, 6.944660748763693e-05
758, 947, 6.675663464241562e-05
731, 1076, 6.638579310548772e-05
1804, 1923, 6.597606998850195e-05
1108, 1449, 6.560361622590841e-05
766, 1449, 6.477454586456652e-05
389, 457, 6.411585840128246e-05
689, 1449, 6.314091995547303e-05
991, 1076, 6.24482929877587e-05
72, 279, 6.182917207862371e-05
1082, 1262, 6.171204711203938e-05
28, 283, 6.01182236876149e-05
766, 1121, 5.914663901181577e-05
1338, 1742, 5.8970399770888816e-05
197, 283, 5.8749379236997955e-05
985, 1150, 5.819613583129505e-05
689, 1121, 5.759648764842703e-05
1647, 1734, 5.7368991020085165e-05
1040, 1154, 5.707958140096756e-05
685, 910, 5.644227758319203e-05
731, 869, 5.396501722477742e-05
991, 1211, 5.346246184917955e-05
66, 283, 5.287212193253154e-05
685, 1211, 5.2423928561378446e-05
527, 800, 5.193745828840428e-05
68, 359, 5.028973576351221e-05
527, 1140, 4.9703536044989214e-05
906, 1206, 4.918703241098618e-05
906, 1154, 4.9106959766198876e-05
731, 1262, 4.879352837586205e-05
68, 314, 4.80837604572868e-05
1814, 1888, 4.605875864806068e-05
689, 863, 4.560625630875098e-05
1338, 1458, 4.535772204299773e-05
985, 1282, 4.513150679736749e-05
66, 157, 4.4899793766264555e-05
762, 841, 4.420677101137143e-05
1082, 1216, 4.3871591863734517e-05
102, 240, 4.35487115916588e-05
758, 1449, 4.1699862766410135e-05
469, 613, 4.15616077307516e-05
758, 883, 4.108818390148171e-05
431, 613, 4.0900177871572165e-05
1076, 1206, 4.0676663990749205e-05
921, 1150, 4.044106408010028e-05
766, 1154, 4.036808636082388e-05
766, 1206, 4.0321958298824756e-05
72, 613, 4.0088096389043224e-05
689, 1206, 3.936280758904501e-05
689, 1154, 3.933959282245441e-05
1076, 1449, 3.906186221134692e-05
1108, 1211, 3.9041591100592675e-05
2294, 2422, 3.8749095368370113e-05
758, 1121, 3.805916726012352e-05
1970, 2060, 3.721401385246265e-05
1076, 1184, 3.6673987989650195e-05
1925, 2074, 3.6434377421202625e-05
1040, 1449, 3.481723000861441e-05
689, 883, 3.464403093436513e-05
904, 1140, 3.457938200874126e-05
762, 1140, 3.3653086430772964e-05
1463, 1713, 3.275382521184409e-05
677, 1025, 3.2720179909465694e-05
671, 800, 3.247731911197028e-05
28, 230, 3.2303649611838895e-05
921, 1282, 3.118930953038622e-05
677, 1076, 3.0855532130678777e-05
72, 320, 3.059963483917664e-05
1658, 1742, 3.043312736869609e-05
731, 926, 2.9841153455876608e-05
685, 866, 2.8766305017737144e-05
527, 816, 2.8390511907536984e-05
66, 230, 2.8320564426383456e-05
1529, 1608, 2.735065481589555e-05
1925, 2015, 2.6665541552200266e-05
1338, 1767, 2.6219329218090046e-05
758, 1206, 2.60093925574774e-05
906, 1101, 2.5851837561299518e-05
875, 1140, 2.5812759186621232e-05
731, 1028, 2.5253401843378634e-05
766, 866, 2.4795728341502827e-05
68, 348, 2.4427149299589505e-05
68, 326, 2.4339463277867795e-05
1101, 1206, 2.358490210416747e-05
766, 944, 2.2912528618268984e-05
1101, 1282, 2.283352374433726e-05
731, 1216, 2.2795026522616268e-05
906, 1209, 2.2272129329637084e-05
689, 944, 2.2104932208344945e-05
1040, 1206, 2.1879399633116494e-05
906, 1713, 2.1808215800999783e-05
906, 1184, 2.1503895636766534e-05
985, 1121, 2.0717898618300958e-05
758, 1154, 2.0577945523687445e-05
1040, 1157, 2.0518927654128513e-05
1101, 1184, 2.0488239221899232e-05
68, 338, 1.9883995618919068e-05
906, 1157, 1.9839059315275603e-05
1338, 1619, 1.9701133094178843e-05
1970, 2034, 1.894139777397817e-05
72, 266, 1.850496280915952e-05
985, 1449, 1.8401234469071632e-05
1338, 1471, 1.8275495539677167e-05
1979, 2060, 1.8199367971776818e-05
766, 1713, 1.7931239161995992e-05
1970, 2120, 1.7828643541347977e-05
677, 869, 1.768666642699164e-05
766, 1184, 1.7615126838430638e-05
89, 283, 1.7529706918102148e-05
689, 1713, 1.750758671055393e-05
1108, 1713, 1.7502509619111514e-05
689, 1184, 1.7194921392068537e-05
527, 645, 1.715448958728325e-05
68, 292, 1.7013798775097774e-05
766, 1101, 1.6726473011037116e-05
689, 1101, 1.6323445840999162e-05
766, 1157, 1.625665510382372e-05
1338, 1601, 1.625592185073918e-05
689, 1157, 1.5868347059596002e-05
689, 762, 1.5369310077457944e-05
1338, 1473, 1.5343889074244573e-05
758, 944, 1.5173599822202434e-05
1338, 1715, 1.517171950660782e-05
731, 980, 1.5133289191817456e-05
689, 848, 1.5028188788195975e-05
1338, 1426, 1.4929842495335039e-05
487, 613, 1.462074836634272e-05
671, 1140, 1.4269569944542384e-05
32, 240, 1.4055333319447952e-05
2218, 2311, 1.4035482951832404e-05
893, 1150, 1.3975050434730149e-05
1804, 2015, 1.3972224249656687e-05
671, 816, 1.3926488452494887e-05
2357, 2422, 1.3791042726740595e-05
1234, 1449, 1.3578369711791002e-05
775, 1140, 1.3497905567105237e-05
677, 926, 1.3471172256153908e-05
1082, 1554, 1.3101890506506078e-05
731, 1163, 1.309654093693908e-05
89, 230, 1.2861630707189432e-05
921, 1449, 1.2786757182160734e-05
2009, 2074, 1.275485262019155e-05
766, 910, 1.2496359079636756e-05
527, 682, 1.2075277720737633e-05
72, 305, 1.2041138541665828e-05
68, 356, 1.1984204613520747e-05
947, 1150, 1.1940128615870144e-05
985, 1101, 1.1611275686261474e-05
758, 1713, 1.155257325966841e-05
72, 457, 1.1303620840768677e-05
1979, 2120, 1.1049530441766734e-05
28, 157, 1.0789263701705737e-05
758, 1101, 1.0786871334216105e-05
731, 1554, 1.0528608013035835e-05
1485, 1554, 1.051585495737472e-05
758, 1157, 1.0442339625852155e-05
68, 398, 1.0431954532053919e-05
1076, 1713, 1.038817464765247e-05
758, 866, 1.020754658351127e-05
68, 421, 9.999319732939803e-06
527, 841, 9.909378523813474e-06
921, 1121, 9.677685349340017e-06
677, 1028, 9.634826269336568e-06
1040, 1713, 9.446135180011742e-06
985, 1154, 9.2659411240459e-06
1101, 1449, 9.045644364775214e-06
689, 910, 9.010473555538636e-06
1529, 1734, 8.826918222262077e-06
1804, 2034, 8.782353470795294e-06
527, 661, 8.747748934703684e-06
535, 630, 8.741197487219906e-06
2246, 2422, 8.183747418495455e-06
1198, 1304, 8.146199230885666e-06
1658, 1888, 7.786921011358899e-06
527, 805, 7.586211909255859e-06
28, 279, 7.323356257677527e-06
758, 910, 7.300723657099239e-06
1082, 1304, 6.768231170293156e-06
68, 350, 6.6584798134985265e-06
1925, 2034, 6.641581638395672e-06
685, 1025, 6.475206476043579e-06
197, 279, 6.457274112756344e-06
66, 279, 6.440665762569124e-06
1082, 1451, 6.004449103128423e-06
677, 980, 5.932269541105209e-06
685, 1076, 5.911694572611647e-06
1338, 1581, 5.8944757294726855e-06
68, 484, 5.824674529709713e-06
762, 863, 5.759862214718547e-06
1338, 1672, 5.723192213237881e-06
731, 885, 5.674570738852206e-06
893, 1449, 5.552907435075979e-06
875, 947, 5.516732286943554e-06
535, 635, 5.44769022477891e-06
1821, 1888, 5.364343112210855e-06
389, 484, 5.2111254348334555e-06
775, 863, 4.855283806359778e-06
731, 1451, 4.816434228473388e-06
947, 1449, 4.715136814409421e-06
28, 613, 4.686697981749128e-06
689, 866, 4.531784272352925e-06
671, 805, 4.409779399235751e-06
2218, 2422, 4.383374172642889e-06
685, 869, 4.321233959992404e-06
1503, 1608, 4.210940094420561e-06
1202, 1449, 4.199983518444817e-06
66, 613, 4.1218062003890834e-06
1082, 1417, 4.048125153257633e-06
1804, 2120, 4.005358139365096e-06
731, 957, 3.989685000103758e-06
677, 1554, 3.888869823541442e-06
1658, 1767, 3.810704151295692e-06
671, 841, 3.6849356806822083e-06
28, 320, 3.6243737340873623e-06
1082, 1485, 3.579071652295873e-06
1529, 1888, 3.483081592801405e-06
72, 434, 3.465969478086903e-06
666, 800, 3.4351664770819343e-06
775, 841, 3.389964915144923e-06
2294, 2389, 3.334024424445576e-06
1198, 1554, 3.286650734150292e-06
201, 283, 3.2776632600753403e-06
1748, 1888, 3.2731516296473352e-06
731, 1417, 3.230522733290335e-06
1529, 1619, 3.220924302272204e-06
66, 320, 3.1875248176570707e-06
2357, 2444, 2.943928951529517e-06
102, 283, 2.8754463666522428e-06
72, 436, 2.7142026562298205e-06
535, 633, 2.6881451372985286e-06
685, 926, 2.6838392562693075e-06
2246, 2311, 2.6624901263430453e-06
72, 303, 2.659240267040715e-06
89, 157, 2.6587006107926275e-06
1678, 1767, 2.640610051949102e-06
102, 230, 2.6241679969875406e-06
766, 869, 2.5161305030534556e-06
527, 947, 2.4811332497075864e-06
762, 848, 2.4528187550516893e-06
1146, 1449, 2.3079678282581023e-06
731, 1485, 2.274126095664511e-06
671, 778, 2.2640531838030475e-06
1082, 1503, 2.2221247464094986e-06
677, 885, 2.219160253675526e-06
68, 630, 2.1426050021963674e-06
89, 279, 2.1424860737275962e-06
28, 266, 2.129126711219992e-06
762, 947, 2.101967557052311e-06
1678, 1888, 2.0778112741934478e-06
66, 266, 1.9033146360771736e-06
2317, 2422, 1.8730505975785082e-06
527, 1449, 1.8721786722299385e-06
677, 957, 1.8543727899242e-06
1647, 1888, 1.8509933112512509e-06
1082, 1888, 1.8203370425892546e-06
731, 1503, 1.7827491394138543e-06
677, 1451, 1.7708636054650273e-06
68, 635, 1.7283139057029505e-06
68, 387, 1.7244235500122196e-06
2330, 2422, 1.6917480433913287e-06
72, 359, 1.6875812569486641e-06
72, 314, 1.6135549666220646e-06
1463, 1554, 1.6081402480465394e-06
342, 613, 1.6039111977325019e-06
1166, 1449, 1.5769258214076785e-06
535, 621, 1.5662204887424512e-06
1804, 1998, 1.5005252529735754e-06
1198, 1451, 1.4989749753943755e-06
2009, 2120, 1.4986277859667837e-06
731, 1888, 1.465741402165501e-06
2305, 2422, 1.4551392309308965e-06
28, 305, 1.426212648885805e-06
762, 883, 1.4069509716859628e-06
1666, 2074, 1.3961843944863172e-06
1594, 1888, 1.3635086296994633e-06
2294, 2370, 1.3395671485559256e-06
28, 457, 1.3388573651510516e-06
1804, 1912, 1.3348929277249844e-06
2357, 2457, 1.3304445562043296e-06
89, 613, 1.3266096273096693e-06
32, 283, 1.3261525224684097e-06
1666, 1895, 1.2883439265679569e-06
904, 1449, 1.2717064524512692e-06
1794, 1895, 1.2649274926123537e-06
1970, 2115, 1.2582340589365958e-06
666, 816, 1.2568443254260685e-06
762, 1449, 1.2566448693441514e-06
66, 305, 1.2543099986692404e-06
2294, 2363, 1.2153228914917964e-06
1804, 2060, 1.2104223343918383e-06
775, 883, 1.1989532298897892e-06
677, 1417, 1.188258861285628e-06
66, 457, 1.1774837232111627e-06
1925, 1998, 1.1539597083101668e-06
875, 1449, 1.1478916386131625e-06
1503, 1888, 1.1458363333293324e-06
72, 136, 1.1274386043423106e-06
758, 869, 1.0619173593024527e-06
677, 1485, 1.0510998973790412e-06
781, 863, 1.0395752397771005e-06
89, 320, 1.026592414296417e-06
1198, 1417, 1.0126869937651469e-06
68, 577, 1.0122245232442277e-06
1666, 1788, 1.0039616284022163e-06
1666, 1794, 9.881221201846014e-07
68, 511, 9.864970939744792e-07
1804, 1959, 9.148615568873839e-07
1925, 2120, 9.061058942688706e-07
1736, 1888, 8.903101593566329e-07
1198, 1485, 8.886411753997151e-07
2357, 2435, 8.80537914775659e-07
342, 457, 8.430321265678153e-07
1914, 2074, 8.349012484381355e-07
72, 348, 8.197060233627844e-07
1892, 2074, 8.170334663904355e-07
72, 326, 8.167635285473464e-07
342, 434, 8.118929221080102e-07
197, 320, 8.092627352957654e-07
1485, 1888, 8.090663981934363e-07
1979, 2115, 7.847487451352839e-07
490, 577, 7.731314572319983e-07
68, 633, 7.642756927249243e-07
28, 136, 7.529843448066567e-07
32, 230, 7.311370487355617e-07
2246, 2347, 6.827647861134984e-07
677, 1888, 6.812132929566347e-07
72, 338, 6.672506389282645e-07
671, 1449, 6.648911377290821e-07
1823, 1888, 6.37762584925503e-07
775, 1449, 6.287218489384685e-07
2215, 2311, 6.113250493534025e-07
89, 266, 6.082901135300852e-07
527, 676, 5.994518067903152e-07
342, 436, 5.906926668615701e-07
1970, 2076, 5.895551195281165e-07
1198, 1888, 5.868067827758744e-07
350, 613, 5.756711959387011e-07
72, 292, 5.70934952956809e-07
2246, 2363, 5.684011638186691e-07
197, 305, 5.665424523849171e-07
197, 613, 5.538698763278049e-07
2294, 2444, 5.460140125971831e-07
1979, 2076, 5.402080624977851e-07
1804, 1914, 5.308661113804954e-07
671, 775, 5.286465017422369e-07
68, 800, 5.206399496718223e-07
671, 788, 5.014474266505942e-07
1970, 2422, 4.716661025260136e-07
421, 613, 4.7057298625842747e-07
1914, 2015, 4.56060334489081e-07
2088, 2159, 4.464450606935167e-07
350, 457, 4.4525172756848173e-07
197, 266, 4.410396156119633e-07
1925, 2060, 4.2701240210405174e-07
66, 136, 4.13113447387027e-07
28, 434, 4.1052675319653153e-07
89, 305, 4.0397022877345534e-07
72, 356, 4.021560021774683e-07
671, 762, 3.941185357621257e-07
89, 457, 3.792271205262608e-07
66, 434, 3.610456068089863e-07
2255, 2422, 3.597320266635144e-07
72, 398, 3.50066880932153e-07
389, 630, 3.458231056149779e-07
102, 279, 3.456705965835046e-07
1666, 1923, 3.455987732962201e-07
557, 635, 3.41362128357122e-07
72, 421, 3.3554888104601197e-07
893, 1121, 3.348863102837848e-07
921, 1101, 3.3467483525123525e-07
685, 980, 3.274107895919983e-07
28, 436, 3.214837323364023e-07
68, 621, 3.15797725963059e-07
28, 303, 3.1497371217483357e-07
2294, 2457, 3.119051853677643e-07
201, 279, 3.10478886156049e-07
350, 434, 3.079854289719639e-07
1970, 2159, 3.0602593855110084e-07
947, 1121, 2.9047140421672835e-07
66, 436, 2.827350186482189e-07
490, 630, 2.817901046538841e-07
2088, 2422, 2.811022430123108e-07
389, 635, 2.7901242744248945e-07
66, 303, 2.7700965687515295e-07
671, 947, 2.7354632968737585e-07
1794, 2074, 2.683489241641544e-07
1804, 2115, 2.664060945634475e-07
775, 947, 2.624470107295177e-07
2294, 2435, 2.6176352007391336e-07
1979, 2422, 2.615128298671614e-07
32, 157, 2.584777030166826e-07
217, 283, 2.552221578082226e-07
2308, 2422, 2.533595189131161e-07
389, 511, 2.510378878226804e-07
350, 436, 2.4953373051373593e-07
233, 320, 2.4939083162671966e-07
557, 630, 2.438652154215205e-07
2246, 2389, 2.345928424231141e-07
906, 1025, 2.3220467306612377e-07
72, 350, 2.2343974495853236e-07
1588, 1888, 2.2218239067226182e-07
68, 342, 2.2138737230230502e-07
2215, 2422, 2.208242806312913e-07
102, 613, 2.1886876476723206e-07
685, 1028, 2.1872775241816682e-07
490, 635, 2.1303882159571077e-07
731, 971, 2.069533919664828e-07
28, 359, 1.99885561182973e-07
1804, 1964, 1.9687353552455374e-07
72, 484, 1.9545959856277952e-07
431, 511, 1.919007070558498e-07
28, 314, 1.911175172601694e-07
906, 980, 1.9051756160125721e-07
1970, 2311, 1.8971592335029338e-07
2246, 2320, 1.8508864393195078e-07
985, 1076, 1.844729789363519e-07
2246, 2370, 1.8380712763398509e-07
1804, 1935, 1.8072353009190878e-07
66, 359, 1.7579318075553617e-07
2088, 2185, 1.7551090005834574e-07
2218, 2363, 1.7469447707700885e-07
102, 320, 1.696059480587574e-07
66, 314, 1.680819567878232e-07
292, 613, 1.6633730177004882e-07
2246, 2444, 1.6193833617151399e-07
32, 279, 1.6154647922597582e-07
389, 577, 1.6104586181959572e-07
781, 1140, 1.6007036558879585e-07
875, 944, 1.5753046965409556e-07
197, 457, 1.5479136105232907e-07
2323, 2422, 1.547212709587938e-07
457, 613, 1.506613162909003e-07
2235, 2311, 1.473513187793668e-07
535, 645, 1.4308569111563964e-07
197, 303, 1.3921204272105038e-07
991, 1888, 1.3244636460927225e-07
2152, 2422, 1.321985842110119e-07
1804, 2422, 1.3097724850925595e-07
685, 1888, 1.3038383242506343e-07
557, 633, 1.251729184772504e-07
389, 633, 1.2339120725395719e-07
424, 613, 1.2326958148551694e-07
2218, 2320, 1.2275696576518367e-07
1892, 2015, 1.2026001883559814e-07
921, 1154, 1.1765908642925327e-07
2218, 2347, 1.1671864232537092e-07
89, 434, 1.1627892706618269e-07
1979, 2159, 1.155641703671915e-07
766, 1025, 1.1464490906661665e-07
2088, 2311, 1.1306317202137943e-07
689, 1025, 1.117211774333296e-07
1666, 2015, 1.1106278112011542e-07
2246, 2457, 1.1096296231337585e-07
2320, 2422, 1.078577592700112e-07
781, 883, 1.0717181722587347e-07
68, 682, 1.05825387567276e-07
1979, 2311, 1.0518779583463229e-07
2305, 2389, 1.0495460318902146e-07
671, 863, 1.0324320970914654e-07
32, 613, 1.0316417018991889e-07
1804, 1995, 1.0295462158542453e-07
762, 944, 1.00350109918675e-07
102, 266, 9.932059808192503e-08
775, 848, 9.918098321748235e-08
28, 348, 9.709007955041395e-08
28, 326, 9.674155575338785e-08
490, 633, 9.671162584990118e-08
677, 971, 9.619025007117194e-08
2009, 2115, 9.398447463799202e-08
904, 1150, 9.37835905411498e-08
762, 1150, 9.194526344235575e-08
89, 436, 9.105808314571934e-08
2218, 2389, 8.96778347721428e-08
685, 957, 8.944387502286194e-08
89, 303, 8.921530927684257e-08
875, 1150, 8.82807970767819e-08
469, 577, 8.685735181427082e-08
766, 926, 8.648390595030566e-08
66, 348, 8.53877278727084e-08
66, 326, 8.508121195187043e-08
1338, 2074, 8.443183542121087e-08
320, 613, 8.406614197357946e-08
689, 869, 8.38858743973703e-08
2218, 2444, 8.382273331073414e-08
1914, 2034, 8.173537542923538e-08
2088, 2164, 8.167822485454465e-08
2192, 2422, 8.111765729752499e-08
535, 682, 8.045965264264644e-08
689, 926, 8.020399211766581e-08
32, 320, 7.995033284198624e-08
28, 338, 7.903250161300568e-08
1794, 1923, 7.872452057326028e-08
68, 645, 7.862640517658471e-08
762, 866, 7.726718808332877e-08
1804, 1933, 7.641563464788809e-08
921, 1025, 7.593842441127565e-08
1338, 1895, 7.574906786030594e-08
666, 805, 7.552775819371897e-08
758, 1025, 7.382785286946134e-08
775, 866, 7.347510799878531e-08
2235, 2422, 7.340094640430309e-08
431, 630, 7.287320673367267e-08
985, 1157, 7.255218100108831e-08
72, 630, 7.180144895497511e-08
217, 320, 7.157720295840551e-08
2192, 2311, 7.116192652804855e-08
666, 841, 6.993621795516568e-08
1666, 2034, 6.980612265850055e-08
1970, 2225, 6.976520311997997e-08
66, 338, 6.950664549951895e-08
2088, 2204, 6.771269056444644e-08
28, 292, 6.762439023356457e-08
2152, 2225, 6.694719398090008e-08
102, 305, 6.674095062897255e-08
671, 883, 6.648345729215715e-08
2246, 2435, 6.62571657474721e-08
781, 947, 6.477031257583903e-08
527, 863, 6.46049034122093e-08
342, 421, 6.446487176239316e-08
685, 885, 6.279897199042469e-08
102, 457, 6.265191254348873e-08
527, 778, 6.254258851743017e-08
2218, 2370, 6.197165755816761e-08
2088, 2225, 6.149970996859455e-08
1185, 1888, 6.147728913600332e-08
535, 661, 6.107291205580485e-08
2334, 2422, 6.075849463695235e-08
2218, 2457, 5.993697047643819e-08
1708, 1888, 5.955123201280344e-08
66, 292, 5.9473563700430725e-08
314, 613, 5.7962924581235375e-08
72, 635, 5.793678668276762e-08
72, 387, 5.786677575174147e-08
1804, 2159, 5.7865364652981206e-08
2152, 2311, 5.776281749731223e-08
68, 661, 5.7675367677119256e-08
431, 635, 5.752448065337355e-08
469, 630, 5.683384556321983e-08
89, 359, 5.6615819196257224e-08
201, 320, 5.5804353510925514e-08
487, 577, 5.5015347529833245e-08
197, 292, 5.438035835554358e-08
89, 314, 5.413343320894002e-08
1804, 2311, 5.3598106830582676e-08
758, 926, 5.2868551501062606e-08
217, 305, 5.268082687914309e-08
906, 1028, 5.2360888625928257e-08
1814, 1895, 5.185729693648969e-08
389, 621, 5.103116436497809e-08
197, 314, 5.093801721273643e-08
1804, 1867, 4.919152307964351e-08
1804, 1869, 4.8021038460702804e-08
490, 621, 4.77370706813688e-08
28, 356, 4.763247683964259e-08
1970, 2204, 4.7508389972099565e-08
197, 434, 4.746314698395333e-08
762, 910, 4.6968281671126195e-08
32, 266, 4.696656996073134e-08
2255, 2347, 4.4399047190356465e-08
469, 635, 4.409178201161079e-08
201, 305, 4.359426566203203e-08
766, 980, 4.2795972137017174e-08
431, 577, 4.278336401799623e-08
671, 944, 4.2531005826836364e-08
66, 356, 4.1891293004601935e-08
689, 980, 4.177332627331821e-08
28, 398, 4.1463479732351756e-08
233, 613, 4.053718015321761e-08
775, 944, 4.0378493650756654e-08
28, 421, 3.9743966920165697e-08
527, 883, 3.968840678574281e-08
947, 1025, 3.948101629440762e-08
1979, 2225, 3.86813545410178e-08
292, 457, 3.859238773452676e-08
197, 436, 3.716842071276247e-08
2354, 2422, 3.656273455247444e-08
66, 398, 3.6465850480668694e-08
2255, 2363, 3.5790910286411324e-08
2218, 2313, 3.501141377660468e-08
66, 421, 3.495359204231465e-08
535, 800, 3.487789659620412e-08
2218, 2435, 3.454899131328467e-08
201, 613, 3.4340002064768383e-08
233, 305, 3.4204023122892805e-08
72, 577, 3.396739130393585e-08
991, 1554, 3.321857324919279e-08
72, 511, 3.310405156341167e-08
685, 1554, 3.213724309080286e-08
527, 944, 3.1839316214796934e-08
68, 816, 3.162237539808785e-08
32, 305, 3.146004587716437e-08
1040, 1184, 3.056452112947641e-08
766, 1028, 2.994879624201079e-08
893, 980, 2.9794211721936315e-08
32, 457, 2.9533363742528885e-08
1925, 2422, 2.927292512748407e-08
689, 1028, 2.923313295404532e-08
2317, 2389, 2.792424053472451e-08
758, 980, 2.7604746129280124e-08
89, 348, 2.7499862303058764e-08
89, 326, 2.740103415648225e-08
1082, 1608, 2.6498309219560207e-08
28, 350, 2.6465143013841182e-08
320, 457, 2.635018418911295e-08
758, 1184, 2.565203861323851e-08
72, 633, 2.562409205067495e-08
666, 778, 2.56051601988278e-08
431, 633, 2.5440318779107248e-08
671, 848, 2.4483009026917418e-08
775, 910, 2.3726802159988947e-08
197, 359, 2.348731171874109e-08
685, 971, 2.3361218584956166e-08
66, 350, 2.327527632320843e-08
28, 484, 2.314980063989052e-08
89, 338, 2.238518398090178e-08
557, 645, 2.2161371226279186e-08
766, 885, 2.1787945245662003e-08
217, 613, 2.14047172579211e-08
666, 947, 2.135770661231416e-08
32, 136, 2.0670498002401245e-08
527, 788, 2.066364566852954e-08
1485, 1608, 2.0476180550764267e-08
66, 484, 2.035946198961157e-08
487, 630, 1.9884000267103093e-08
469, 633, 1.959100284066132e-08
535, 816, 1.9341773173248836e-08
758, 1028, 1.931796996861588e-08
102, 434, 1.9210632748509384e-08
89, 292, 1.9153867772664948e-08
197, 326, 1.902409089803091e-08
677, 1503, 1.768011145001074e-08
2159, 2422, 1.7579715076161442e-08
1529, 1601, 1.727243682982784e-08
314, 457, 1.7016743974589578e-08
389, 682, 1.695417242948946e-08
2009, 2422, 1.6821644871244093e-08
2305, 2444, 1.677770232095569e-08
292, 434, 1.653678779036318e-08
1198, 1503, 1.653014233124082e-08
671, 910, 1.6075713827706473e-08
921, 1028, 1.578712526191829e-08
781, 866, 1.5464509735626805e-08
2317, 2444, 1.514094016126728e-08
487, 635, 1.507367258549593e-08
1114, 1449, 1.5071958227561867e-08
102, 436, 1.5043858607969035e-08
527, 848, 1.4875315246427676e-08
102, 303, 1.487230108446804e-08
1282, 1449, 1.4859328456604821e-08
2308, 2389, 1.4459330195322032e-08
320, 434, 1.4156993861534227e-08
197, 348, 1.3945661831447547e-08
89, 356, 1.3491746922548331e-08
766, 957, 1.3280408670030828e-08
197, 338, 1.2843639341740483e-08
389, 645, 1.2661243665807669e-08
292, 436, 1.2613651659158711e-08
689, 957, 1.2572706397694979e-08
893, 1025, 1.2421346986671952e-08
2374, 2457, 1.192317302047197e-08
947, 1028, 1.1875994146267793e-08
527, 910, 1.1853121693670298e-08
201, 266, 1.1793807201851473e-08
89, 398, 1.1744356742359048e-08
217, 303, 1.1612579225152542e-08
217, 279, 1.1599021682001128e-08
89, 421, 1.1257321090031416e-08
233, 314, 1.1253197056572204e-08
527, 775, 1.1191245133570832e-08
431, 621, 1.0867136369271633e-08
233, 457, 1.084730291023385e-08
201, 303, 1.0797516508510267e-08
758, 885, 1.0758258305268605e-08
68, 841, 1.0641969682417329e-08
72, 621, 1.0597278256310509e-08
2330, 2444, 1.03422205469958e-08
320, 436, 1.0230251727470849e-08
2305, 2457, 1.020120403765622e-08
490, 682, 1.003327407302994e-08
389, 800, 1.0005803909774323e-08
469, 621, 9.965713724804435e-09
201, 457, 9.571122157201918e-09
689, 885, 9.458226594519982e-09
1970, 2363, 9.433461244396615e-09
102, 359, 9.353566689041324e-09
389, 661, 9.282154848593817e-09
350, 421, 9.247483724758535e-09
32, 434, 9.055676526210233e-09
102, 314, 8.9432545046527e-09
991, 1451, 8.78942876951693e-09
1970, 2444, 8.714110543774057e-09
2317, 2457, 8.699599227815606e-09
28, 630, 8.504522587591395e-09
490, 645, 8.470217772367227e-09
557, 661, 8.205971877533462e-09
1232, 1449, 8.144813370438834e-09
342, 484, 8.126803443222143e-09
991, 1417, 8.061379558185695e-09
666, 863, 7.993840750401429e-09
314, 434, 7.960054019629107e-09
2255, 2389, 7.83376798760989e-09
89, 350, 7.49612799442173e-09
66, 630, 7.479465088083345e-09
72, 342, 7.429133884882286e-09
2255, 2370, 7.159280553830703e-09
685, 1451, 7.091892617855181e-09
32, 436, 7.091505992710294e-09
292, 359, 7.0065624502493675e-09
32, 303, 6.947819562018454e-09
671, 866, 6.8699030980547e-09
28, 635, 6.862322671302035e-09
28, 387, 6.854029408597619e-09
487, 633, 6.826111378211455e-09
781, 848, 6.768721909518877e-09
1970, 2389, 6.666272926795605e-09
89, 484, 6.556922905657649e-09
557, 682, 6.49151077896935e-09
775, 869, 6.4552246373518925e-09
557, 621, 6.415199935828808e-09
762, 869, 6.381739583806406e-09
68, 805, 6.37508581082328e-09
666, 788, 6.257643148873893e-09
66, 635, 6.0352009550841625e-09
66, 387, 6.027907286541889e-09
233, 326, 5.918547342683067e-09
666, 883, 5.9183804650830885e-09
197, 356, 5.906030792228525e-09
314, 436, 5.904070737465811e-09
217, 457, 5.840019112858288e-09
666, 775, 5.816161827723553e-09
2305, 2435, 5.729956028959835e-09
2317, 2435, 5.618568401237325e-09
2088, 2363, 5.618548909349312e-09
2215, 2363, 5.601980013672264e-09
233, 303, 5.46951346432129e-09
490, 661, 5.367426227664499e-09
535, 841, 5.327235874162833e-09
217, 314, 5.266632181356655e-09
527, 762, 5.084093838185072e-09
68, 676, 4.932758204533668e-09
527, 866, 4.866621189019093e-09
666, 762, 4.856136681021686e-09
197, 398, 4.837180473162826e-09
2330, 2435, 4.761575474471642e-09
685, 1417, 4.749217157310352e-09
2255, 2444, 4.745821872088929e-09
292, 398, 4.601732274976521e-09
197, 421, 4.595057035240956e-09
102, 348, 4.543282512249259e-09
102, 326, 4.526947451667393e-09
32, 359, 4.409166288854585e-09
490, 800, 4.3926899034985914e-09
1970, 2457, 4.3178238113526216e-09
3, 240, 4.27282931385578e-09
32, 314, 4.215708340605209e-09
28, 577, 4.0232676469666244e-09
535, 676, 3.958939077428912e-09
28, 511, 3.919742305711191e-09
201, 292, 3.8908085382390775e-09
102, 338, 3.698282362581963e-09
201, 314, 3.6977031927489583e-09
197, 350, 3.6965481467722356e-09
389, 816, 3.638059560407478e-09
2088, 2444, 3.5962238099001304e-09
766, 1076, 3.5623894170771516e-09
72, 682, 3.55120061492625e-09
66, 577, 3.5383397005033484e-09
431, 682, 3.503715998762264e-09
2330, 2457, 3.481069807504213e-09
689, 1076, 3.4714273879497746e-09
66, 511, 3.447292358612364e-09
906, 1076, 3.4295353794847585e-09
2062, 2422, 3.421656828817015e-09
233, 434, 3.3561564452874853e-09
1979, 2444, 3.3480000141649535e-09
487, 621, 3.316528298450371e-09
350, 484, 3.2901641655287123e-09
2255, 2457, 3.2785136563601847e-09
320, 398, 3.270075312760661e-09
102, 292, 3.268421072029037e-09
535, 805, 3.2115013783326684e-09
314, 398, 3.1440106799920246e-09
2374, 2444, 3.1000922218329385e-09
28, 633, 3.0350455708510564e-09
201, 434, 2.934771839703512e-09
233, 359, 2.9293190574900874e-09
342, 630, 2.9119136707221553e-09
2215, 2444, 2.787157184456637e-09
2354, 2444, 2.7307236274164586e-09
469, 682, 2.710048857368168e-09
320, 421, 2.6841851500339795e-09
197, 484, 2.6764310189620025e-09
66, 633, 2.6692288901723742e-09
421, 511, 2.6444150919520806e-09
72, 645, 2.6384797148512285e-09
431, 645, 2.612913446853263e-09
233, 436, 2.604665034369213e-09
233, 338, 2.587230377963491e-09
2088, 2457, 2.571490661703921e-09
921, 1157, 2.511187911911522e-09
89, 630, 2.408879165391119e-09
1979, 2457, 2.3939974892855265e-09
342, 635, 2.3492903490743824e-09
201, 436, 2.2982216796570803e-09
758, 1076, 2.2939889384424657e-09
102, 356, 2.228990932877329e-09
32, 348, 2.1416523514203066e-09
32, 326, 2.1339521873183914e-09
469, 645, 2.0367198243527435e-09
292, 421, 1.9626281195852833e-09
233, 348, 1.957526337499245e-09
781, 910, 1.946844892200784e-09
89, 635, 1.943731225220049e-09
89, 387, 1.9413821847494018e-09
102, 398, 1.9403150967107414e-09
72, 661, 1.9354221691923903e-09
431, 661, 1.9158664277940586e-09
102, 421, 1.859850695843272e-09
217, 434, 1.7907142850489303e-09
32, 338, 1.7433287709239789e-09
201, 359, 1.5658072111328273e-09
781, 944, 1.5615281217341457e-09
469, 661, 1.5251598109885748e-09
32, 292, 1.4916758667482823e-09
217, 436, 1.4023094881788547e-09
292, 387, 1.3839047745715817e-09
217, 326, 1.377710257151604e-09
314, 421, 1.3359317704281886e-09
217, 292, 1.2992709302649261e-09
342, 577, 1.2877936052655494e-09
201, 326, 1.277502888890099e-09
28, 621, 1.2551946180682028e-09
102, 350, 1.238454402699868e-09
217, 359, 1.2097457913256694e-09
1163, 1449, 1.1570498638537956e-09
89, 577, 1.139577855400215e-09
89, 511, 1.1100891427357234e-09
66, 621, 1.1039049197528327e-09
102, 484, 1.0832859373156633e-09
32, 356, 1.0507212923301052e-09
350, 630, 1.0466252296134554e-09
342, 633, 1.038935817858616e-09
197, 630, 1.0053983369940425e-09
342, 511, 9.931902585845274e-10
32, 398, 9.146427452317125e-10
201, 348, 9.033984602655395e-10
421, 484, 8.970566024472924e-10
28, 342, 8.799437594893299e-10
32, 421, 8.767127303451536e-10
89, 633, 8.596670731762181e-10
350, 635, 8.444014558526717e-10
292, 356, 8.425078059097045e-10
201, 338, 8.36124526757834e-10
421, 630, 8.300358677912434e-10
197, 387, 8.184744479827633e-10
197, 635, 8.112328874055693e-10
66, 342, 7.73883373321868e-10
389, 676, 7.534008655979045e-10
233, 356, 7.452799007512071e-10
487, 682, 7.35848113626098e-10
1185, 1451, 7.291685061510168e-10
424, 511, 7.143696656117886e-10
217, 338, 7.000964311690522e-10
292, 484, 6.921587763980868e-10
217, 348, 6.921368059945444e-10
421, 635, 6.696987108325002e-10
666, 848, 6.604933478600004e-10
921, 1076, 6.557109067923404e-10
32, 350, 5.837934965562819e-10
487, 645, 5.835176569116091e-10
1185, 1417, 5.649592303921736e-10
781, 869, 5.290036188531166e-10
32, 484, 5.106488246455261e-10
233, 350, 4.941362655996986e-10
350, 577, 4.6376549736593273e-10
197, 577, 4.6202076173430766e-10
490, 676, 4.6005335919580896e-10
197, 511, 4.531206250457544e-10
490, 816, 4.4191446793496897e-10
421, 577, 4.3111971375179234e-10
342, 621, 4.2967601667152185e-10
28, 682, 4.206219551592503e-10
3, 283, 4.031463641591662e-10
102, 630, 3.979770636481459e-10
201, 356, 3.9736591185542776e-10
487, 661, 3.944421353032143e-10
350, 633, 3.734248104800229e-10
350, 511, 3.7139668653396865e-10
66, 682, 3.699240253045142e-10
89, 621, 3.555299116245747e-10
557, 676, 3.452211818784405e-10
197, 633, 3.4384273302915235e-10
233, 421, 3.34005246391505e-10
233, 398, 3.3355158190122005e-10
102, 635, 3.2112815300551406e-10
102, 387, 3.207406965056067e-10
72, 800, 3.178962049226655e-10
28, 645, 3.1251408847250017e-10
320, 484, 3.0689276962970536e-10
201, 398, 3.048220254133793e-10
292, 630, 3.025260779955561e-10
217, 356, 2.9959270621648815e-10
421, 633, 2.957070256111899e-10
201, 421, 2.8412574935194826e-10
66, 645, 2.748464937555362e-10
557, 800, 2.6941031732269825e-10
89, 342, 2.49241290985872e-10
431, 800, 2.4676555538086804e-10
292, 635, 2.4360675470133814e-10
457, 630, 2.4174736332452066e-10
201, 350, 2.4063747734449226e-10
666, 944, 2.361063690407836e-10
457, 577, 2.2927092205282999e-10
28, 661, 2.2924107319898237e-10
389, 841, 2.201046700822738e-10
314, 387, 2.1743483379227e-10
3, 230, 2.1662500128666113e-10
424, 630, 2.1626162166184945e-10
314, 484, 2.1603951617153143e-10
66, 661, 2.016104473928086e-10
469, 800, 1.985290413351588e-10
457, 635, 1.9472412442073953e-10
72, 816, 1.9299221448096122e-10
102, 577, 1.882725606192837e-10
32, 630, 1.8760157238126934e-10
233, 484, 1.8755804979455183e-10
217, 398, 1.848613591043812e-10
102, 511, 1.8340065527608883e-10
217, 350, 1.817158048718316e-10
424, 635, 1.7445893043458857e-10
217, 421, 1.7336539709463524e-10
72, 676, 1.6552941002069325e-10
201, 484, 1.6549152814602322e-10
557, 816, 1.6111956351420504e-10
431, 676, 1.5777296641609528e-10
350, 621, 1.5379636639538433e-10
320, 630, 1.5215244641920962e-10
32, 635, 1.5137620478965875e-10
32, 387, 1.5119356214706227e-10
1463, 1888, 1.5024546675431257e-10
781, 1449, 1.4734146953767905e-10
68, 535, 1.4668930413507448e-10
197, 621, 1.4243474344891084e-10
342, 682, 1.4240301878342135e-10
102, 633, 1.420256205825418e-10
292, 577, 1.3647313588543047e-10
197, 342, 1.357015387506898e-10
389, 805, 1.3101242752267326e-10
906, 1888, 1.2528358863544109e-10
421, 621, 1.2384201554495792e-10
469, 676, 1.2263771367964788e-10
320, 635, 1.2247474964052996e-10
89, 682, 1.1913870124901614e-10
424, 577, 1.1888829530981987e-10
292, 511, 1.1378220995007796e-10
320, 387, 1.1004417924685769e-10
292, 633, 1.0724995140030563e-10
342, 645, 1.0592367036940645e-10
314, 630, 1.0470662432544525e-10
217, 484, 1.0097822000212283e-10
766, 1888, 9.7512938967914e-11
1108, 1888, 9.533372232625054e-11
689, 1888, 9.532422431216603e-11
32, 577, 8.874957061796062e-11
89, 645, 8.804686222902329e-11
32, 511, 8.645300915474118e-11
314, 635, 8.427015948571387e-11
342, 661, 7.735521920281177e-11
320, 577, 6.74794502869255e-11
32, 633, 6.660086170923033e-11
233, 387, 6.599868356514382e-11
457, 633, 6.574574019544219e-11
89, 661, 6.461570186797889e-11
233, 630, 6.420395903180778e-11
758, 1888, 6.27880482577343e-11
201, 630, 5.866658768256697e-11
102, 621, 5.847886639532774e-11
1076, 1888, 5.66925894689897e-11
424, 633, 5.411701759830511e-11
320, 511, 5.373938467457199e-11
1821, 1895, 5.345225744540743e-11
233, 635, 5.141399582217213e-11
201, 387, 5.09283436029667e-11
1040, 1888, 5.0735695580924305e-11
3, 157, 5.055494450654196e-11
350, 682, 5.040671508920922e-11
3, 279, 4.911001967573663e-11
197, 682, 4.7398375813829534e-11
201, 635, 4.7129478038357075e-11
314, 577, 4.6602627378949194e-11
102, 342, 4.117778863778127e-11
421, 682, 3.9934169946461835e-11
314, 511, 3.740875335429377e-11
197, 645, 3.492901779470099e-11
217, 630, 3.476101216417784e-11
233, 511, 3.175363742337178e-11
233, 577, 3.152202444905843e-11
217, 387, 3.005998246923093e-11
431, 816, 2.881597327750247e-11
201, 511, 2.8017768473518974e-11
788, 863, 2.7921984439424456e-11
201, 577, 2.781315445124294e-11
985, 1888, 2.741148852012451e-11
595, 682, 2.7349791717531186e-11
1925, 2115, 2.6646399544847638e-11
1979, 2204, 2.636826684689399e-11
487, 676, 2.6282532596621384e-11
3, 320, 2.4304885670643246e-11
1658, 1895, 2.3550363264490033e-11
1970, 2185, 2.344600581035149e-11
233, 342, 2.326598098539699e-11
1666, 2120, 2.245642774200698e-11
788, 883, 2.2072503865177676e-11
469, 816, 2.028869223736532e-11
32, 342, 1.9410747102920712e-11
921, 1888, 1.935757855159877e-11
28, 676, 1.9294426867146986e-11
102, 682, 1.9022390372195325e-11
389, 535, 1.8003708334993172e-11
217, 511, 1.7095644782239186e-11
66, 676, 1.6968852826372936e-11
1892, 2034, 1.4583097788349753e-11
431, 535, 1.4443717741305147e-11
3, 266, 1.427780890746227e-11
1814, 1923, 1.3374700076736399e-11
1338, 1923, 1.3352179200880528e-11
1979, 2185, 1.2999650581702785e-11
1925, 2311, 1.1409169570521546e-11
2069, 2159, 1.0118156659002897e-11
3, 305, 9.564105341825507e-12
1892, 2120, 9.443241689324571e-12
1101, 1888, 9.434435860420038e-12
1914, 2120, 9.433891219261678e-12
2062, 2159, 9.387328699558142e-12
1834, 1923, 9.016192748802399e-12
1529, 1895, 8.992598484831598e-12
3, 457, 8.978434347525704e-12
1804, 2225, 8.927888300493238e-12
201, 342, 8.840782298025332e-12
1925, 2159, 8.801931836971518e-12
292, 621, 8.404414515053288e-12
535, 778, 8.396269585322869e-12
3, 613, 7.944863024726773e-12
1821, 1923, 7.305847077701597e-12
217, 342, 7.08804621275491e-12
217, 577, 7.054116780471298e-12
490, 805, 6.843940607418793e-12
487, 800, 6.7514760292432596e-12
893, 1888, 6.628083032199709e-12
1748, 1895, 6.379033746073067e-12
457, 621, 6.272711990062969e-12
320, 633, 6.114614327242568e-12
1234, 1888, 6.005812718432153e-12
68, 762, 5.7680615891755e-12
2159, 2311, 5.7612174978617055e-12
424, 621, 5.5642877936586434e-12
32, 621, 5.296016366812541e-12
28, 800, 4.976149229037704e-12
1823, 1895, 4.973466548195813e-12
490, 841, 4.934450771509109e-12
947, 1888, 4.848390338958257e-12
2009, 2311, 4.538981012872134e-12
1678, 1895, 4.472904963131359e-12
1082, 1895, 4.4617417655463456e-12
66, 800, 4.376369637254552e-12
389, 778, 4.261116908889138e-12
535, 762, 4.229255874836713e-12
314, 633, 4.025800863635338e-12
1794, 2015, 3.995018376455408e-12
1647, 1895, 3.984631376737755e-12
487, 816, 3.5146828545103567e-12
320, 621, 3.170302541704891e-12
72, 535, 3.118654236632956e-12
217, 635, 2.8834348629090375e-12
666, 866, 2.826601370187479e-12
3, 434, 2.753031282299891e-12
233, 633, 2.4287868348085744e-12
2215, 2320, 2.375183476397739e-12
3, 136, 2.3139303819307717e-12
201, 633, 2.2523428862318725e-12
314, 621, 2.185870745075396e-12
350, 645, 2.1649448902949095e-12
3, 436, 2.155900500352446e-12
2009, 2159, 2.132561653092394e-12
3, 303, 2.1121987819971494e-12
1794, 2034, 2.0205263447156087e-12
1658, 1923, 1.8740414202283933e-12
469, 535, 1.757109154247957e-12
421, 645, 1.6251502556465398e-12
535, 863, 1.5465190444844609e-12
1594, 1895, 1.5204663601394362e-12
389, 762, 1.4126984267388994e-12
3, 359, 1.3404380764449658e-12
233, 621, 1.3179759495807033e-12
3, 314, 1.2816244143541995e-12
201, 621, 1.2222721075050063e-12
1970, 2347, 1.1008899842664148e-12
217, 633, 1.0036275402864815e-12
1804, 2076, 9.905047359624542e-13
102, 645, 8.634214972666458e-13
2215, 2347, 8.147404457207783e-13
197, 661, 7.934683128148083e-13
350, 661, 7.451222347631589e-13
217, 621, 7.270298865652062e-13
490, 762, 6.831674124877845e-13
1814, 2074, 6.620747373858106e-13
2088, 2347, 6.556876696862158e-13
3, 348, 6.510873389151103e-13
3, 326, 6.487463415302538e-13
1979, 2347, 6.103890462247193e-13
1666, 2060, 6.000063007573938e-13
421, 661, 5.659656677676118e-13
3, 338, 5.299922987484244e-13
1925, 2076, 5.058871846350881e-13
1914, 2060, 4.925089463587054e-13
3, 292, 4.534868294384375e-13
3, 356, 3.194315511026521e-13
102, 661, 3.148671876051665e-13
32, 645, 3.041940419082504e-13
292, 645, 3.009255704171306e-13
457, 645, 2.975195971354453e-13
535, 788, 2.830605110021114e-13
3, 398, 2.780620836808163e-13
3, 421, 2.6653090946573167e-13
431, 762, 2.644202963572046e-13
431, 805, 2.401220610292212e-13
557, 762, 2.3801353286462867e-13
424, 645, 2.3503031708489637e-13
1914, 1998, 2.156294190813934e-13
72, 762, 1.9355982844277807e-13
469, 762, 1.93083830755639e-13
3, 350, 1.7748004445626676e-13
3, 484, 1.5524289797996323e-13
32, 661, 1.1562678904806591e-13
292, 661, 1.1437159761511292e-13
457, 661, 1.0902857964369813e-13
1892, 1998, 1.0094086095688817e-13
431, 841, 9.306611280483281e-14
424, 661, 8.933705820357857e-14
292, 682, 7.784373160180536e-14
32, 682, 5.175085273374013e-14
535, 775, 5.020817492643464e-14
457, 682, 4.879770523217049e-14
389, 788, 4.7461421113905176e-14
3, 387, 4.5787613970111386e-14
557, 805, 3.580082088712437e-14
469, 805, 3.499903888545022e-14
424, 682, 3.3140982684870646e-14
487, 762, 2.9910997566556613e-14
3, 511, 2.6282631483813902e-14
28, 762, 2.2926193788570627e-14
66, 762, 2.0162879724070707e-14
1338, 2015, 1.1165229073101967e-14
1658, 2074, 8.120314576542055e-15
557, 841, 7.733335027077636e-15
469, 841, 7.6015823452293e-15
1892, 2060, 6.643778503187992e-15
68, 863, 6.033129061294239e-15
3, 342, 5.8783148631815705e-15
28, 535, 2.0017861784981122e-15
66, 535, 1.7605091504759851e-15
89, 800, 1.4000449608151618e-15
671, 869, 9.074105310284612e-16
527, 869, 6.850639926854139e-16
389, 863, 6.529873165581047e-16
89, 535, 5.669996133572135e-16
421, 535, 3.3796514567825584e-16
342, 535, 3.24875621156706e-16
1503, 1895, 2.9860532238649444e-16
490, 778, 2.5872042018947045e-16
457, 535, 2.4842112814566756e-16
389, 775, 2.3900421890513297e-16
197, 535, 2.257811061967075e-16
3, 86, 1.7994230388451072e-16
666, 910, 1.5679108415165191e-16
431, 778, 1.2487821849889928e-16
350, 535, 1.216301898390774e-16
424, 535, 1.0194418216363021e-16
102, 535, 9.367545058114148e-17
557, 778, 7.893556890971104e-17
469, 778, 7.715930573099236e-17
490, 775, 7.442617396758079e-17
32, 535, 4.415755535046765e-17
292, 535, 4.4148036997573653e-17
431, 775, 3.592751457647932e-17
320, 645, 2.5807443281770662e-17
557, 775, 2.2740289570002325e-17
469, 775, 2.219263887759041e-17
487, 778, 1.9115668309018163e-17
320, 535, 1.662925594712209e-17
233, 535, 1.500700387153987e-17
201, 535, 1.3879454947381215e-17
314, 535, 1.1930339508677543e-17
217, 535, 8.271260693837963e-18
788, 866, 6.646680197195785e-18
535, 883, 3.71572696105805e-18
3, 89, 2.2339247529186228e-18
3, 76, 2.122794771860063e-18
320, 661, 6.334103323987537e-19
3, 66, 3.651674348812946e-19
3, 72, 3.1248042289921303e-19
