Gene = LOC101743018
index = 555
Annotated 5SS: [361]
Annotated 3SS: [839]
SMsplice 5SS: [361 990]
SMsplice 3SS: [ 839 1395]
length: 1916
Partition function (logZ) = -4.556771093149804
#Exons = 960
3SS, 5SS, prob
0, 361, 0.9612063070917107
839, 990, 0.8101992599891509
1395, -1, 0.3611774937294931
1359, -1, 0.30842646963627013
839, -1, 0.08896043546839554
839, 1032, 0.04407893815745823
1892, -1, 0.04200850355564732
1464, -1, 0.033741603579948126
1582, -1, 0.030404656244204027
1131, -1, 0.030043359825406575
1131, 1304, 0.025402480473857552
0, 559, 0.024461599880201024
1812, -1, 0.023846350445077328
875, 990, 0.019579520818119648
1678, -1, 0.016050546522754224
1743, -1, 0.01444407461563181
839, 1026, 0.012996598931417589
1794, -1, 0.011828375553513992
1290, -1, 0.01046987363163554
1131, 1311, 0.007956959672319129
1425, -1, 0.006530296943496949
1661, -1, 0.005652593510136595
1853, -1, 0.0030784698158192363
0, 608, 0.0030092186817782998
907, 990, 0.0029963614995133538
875, -1, 0.0027994215019291778
0, 66, 0.0026713123183408575
0, 256, 0.00241182188334613
875, 1032, 0.0021806321509523045
1729, -1, 0.00187464574454736
473, 559, 0.0018054333978082485
839, 1005, 0.0016293220255955243
1599, -1, 0.001597607280328469
1359, 1501, 0.0015238514824698843
853, 990, 0.0014324082965555106
839, 969, 0.001400465209405
1724, -1, 0.0012060382550048003
0, 555, 0.0011087323772944603
1395, 1501, 0.0010754069348426118
0, 251, 0.0010702897467495837
1363, -1, 0.0010381317449588727
0, 74, 0.0010095149813233876
839, 1089, 0.00100823433427249
1088, -1, 0.0009920984839593306
839, 1304, 0.0009899311553143917
907, -1, 0.0009196082565898042
189, 361, 0.0007577619058470877
865, 990, 0.0006625363000378986
907, 1032, 0.0006502411434857254
1107, -1, 0.0006380681800757397
839, 1085, 0.0006327258128809123
473, 608, 0.0006188445469129618
875, 1026, 0.0005930536182151828
0, 366, 0.0005712852641214461
0, 990, 0.0005577046316650594
839, 1132, 0.0005200995979347972
1395, 1606, 0.00046731278865381126
1504, -1, 0.00042029402062674547
1088, 1304, 0.0004088107245706402
1290, 1304, 0.0003842992043672705
0, 273, 0.0003841694141709411
1107, 1304, 0.00037193294237666423
1131, 1360, 0.0003472290353562742
839, 1311, 0.00030703281423722425
1359, 1606, 0.00025238112664383055
1582, 1764, 0.00024730961436352335
1395, 1764, 0.00022817617151707522
0, 49, 0.0002141358250535963
1642, -1, 0.000209545306985143
1335, -1, 0.00020678123433687948
1444, -1, 0.00019397949921434182
0, 617, 0.00019376896583126656
0, 477, 0.00018536645495717782
0, 316, 0.00018339781363731152
1254, -1, 0.00017025948858033588
1290, 1311, 0.00016135152328305776
907, 1026, 0.00015937945542059186
853, -1, 0.0001575387609568057
1582, 1757, 0.0001417773002742039
1304, -1, 0.0001363854970490074
0, 612, 0.00013619077619636874
1395, 1757, 0.0001312415535203121
1088, 1311, 0.00012698661576915636
457, 559, 0.00012446897606854397
0, 425, 0.00012361008748619075
1359, 1764, 0.00012301654019613014
1107, 1311, 0.00011151181158250522
1470, -1, 0.00010687249256666647
1131, 1340, 0.00010074532033953208
853, 1032, 9.972235420916331e-05
1668, -1, 9.799097479274079e-05
1131, 1281, 9.162982184524424e-05
0, 84, 9.044059855803329e-05
1464, 1606, 8.762022943914577e-05
865, -1, 8.064635512266274e-05
1118, -1, 7.646910724262784e-05
1290, 1360, 7.59140350860762e-05
1678, 1764, 7.57911879120222e-05
473, 555, 7.160464977648515e-05
1359, 1757, 7.074530765563686e-05
1774, -1, 6.662981144527747e-05
1820, -1, 6.597787157971801e-05
865, 1032, 5.9108074602754764e-05
0, 199, 5.886545366737129e-05
1242, -1, 5.7744555001955494e-05
1118, 1304, 5.4560433332808255e-05
875, 1089, 5.365669302006331e-05
241, 361, 5.345500687436377e-05
875, 1304, 5.266409898132648e-05
875, 1005, 5.248453839158316e-05
1464, 1764, 5.1087398223242495e-05
473, 617, 4.195996731233758e-05
0, 767, 4.183949884763476e-05
1661, 1764, 3.9780662105606265e-05
0, 1032, 3.857883173352142e-05
616, -1, 3.5801823184248636e-05
0, 732, 3.434971353198207e-05
153, 361, 3.386273176011707e-05
875, 1085, 3.365847185529464e-05
197, 361, 3.291437151695826e-05
839, 956, 3.263402462372966e-05
0, 698, 3.2068091937047946e-05
1678, 1757, 3.202523242159983e-05
473, -1, 3.155888337586112e-05
907, 1089, 3.145435352111524e-05
407, 559, 3.118000693730915e-05
1865, -1, 2.997614082242054e-05
1876, -1, 2.9975113941697206e-05
1464, 1757, 2.9381503955200188e-05
457, 608, 2.901075974601981e-05
473, 612, 2.886826068315595e-05
853, 1026, 2.868687739401651e-05
875, 1132, 2.767104903045497e-05
907, 1304, 2.7578856734883807e-05
286, 361, 2.6903762593679393e-05
0, 1304, 2.652326388985614e-05
1290, 1501, 2.5084761392568564e-05
875, 969, 2.2920796270226788e-05
1071, -1, 2.2263948464038574e-05
1395, 1623, 2.1694176516708425e-05
577, 608, 2.1687409215711393e-05
0, 314, 2.1289899555438533e-05
839, 1068, 2.057769698881089e-05
0, 298, 2.0007068691244844e-05
1254, 1304, 1.9788652230005316e-05
907, 1085, 1.9732088839894856e-05
0, 44, 1.9613539741197144e-05
0, 153, 1.94580990762369e-05
0, 116, 1.9050209727582173e-05
0, 47, 1.7498562459933352e-05
1661, 1757, 1.74666816163349e-05
1131, 1308, 1.695650818203723e-05
1118, 1311, 1.6638620943184453e-05
865, 1026, 1.6534189011146955e-05
875, 1311, 1.633166222297652e-05
558, 608, 1.622741099725158e-05
1599, 1764, 1.607587074672494e-05
577, -1, 1.561277062039835e-05
749, 990, 1.4522354035538966e-05
907, 1132, 1.4492817422204261e-05
616, 767, 1.4471338469864038e-05
0, 749, 1.4356272924526997e-05
1425, 1606, 1.3843544667751527e-05
616, 990, 1.3364436107086083e-05
0, 106, 1.30857474867178e-05
1359, 1623, 1.2142169790241425e-05
1743, 1764, 1.1391339120372688e-05
1464, 1501, 1.1288091100401453e-05
839, 1360, 1.0300344492919445e-05
1242, 1304, 1.0235075359600546e-05
907, 1005, 9.917513095520788e-06
0, 666, 9.710666842823387e-06
1689, -1, 9.223281740609287e-06
0, 1311, 9.073859943514217e-06
0, 1026, 8.813790471017769e-06
1599, 1757, 8.780161214583953e-06
1062, -1, 8.62416725732649e-06
616, 732, 8.556741154291855e-06
1254, 1311, 8.555592817366585e-06
907, 1311, 8.552960953030955e-06
1290, 1340, 8.540567183857541e-06
839, 1047, 8.421401694062652e-06
1425, 1501, 8.240105758115111e-06
1131, 1501, 8.017528463641745e-06
1395, 1729, 7.762542886650402e-06
1071, 1304, 7.23969906923127e-06
1582, 1729, 6.948079325324307e-06
558, -1, 6.393206193100682e-06
1395, 1613, 6.313501008778666e-06
1088, 1360, 6.204986250249165e-06
1425, 1764, 6.016439625204342e-06
1131, 1231, 5.655389870995638e-06
1372, -1, 5.604350238429963e-06
1311, -1, 5.464950936601434e-06
749, -1, 5.418994571024036e-06
1359, 1472, 5.259724745193319e-06
1107, 1360, 5.240042698325606e-06
1395, 1536, 5.223970410127827e-06
423, 559, 5.162881425887232e-06
1464, 1623, 5.152908684478577e-06
723, 990, 5.093745038049609e-06
457, 555, 5.042565230980277e-06
1363, 1501, 5.013867608361738e-06
839, 1104, 4.959879562207742e-06
1743, 1757, 4.848349350377747e-06
1131, 1262, 4.805844939766857e-06
1359, 1474, 4.737808283220397e-06
577, 732, 4.728334581514355e-06
1323, -1, 4.643441216959602e-06
616, 749, 4.561914475088435e-06
1359, 1729, 4.5252663973580574e-06
1242, 1311, 4.414251494916967e-06
1344, -1, 4.357204881232372e-06
577, 767, 4.14858008186221e-06
1359, 1536, 4.144462018261812e-06
839, 1281, 3.873771722354549e-06
1582, 1606, 3.76622167578607e-06
1359, 1613, 3.6805355358648134e-06
1378, -1, 3.619987743740173e-06
1254, 1360, 3.496649377576735e-06
577, 698, 3.4857073963035386e-06
1425, 1757, 3.4603226241106518e-06
1290, 1606, 3.4556028445180447e-06
1088, 1132, 3.411872670126814e-06
577, 990, 3.307822417859349e-06
616, 698, 3.2864416566617575e-06
1131, 1285, 3.213844266524463e-06
853, 1005, 3.2008181844360604e-06
473, 698, 2.980568436854156e-06
1131, 1242, 2.9514132837476157e-06
0, 566, 2.899755785130841e-06
907, 969, 2.8702363380913245e-06
723, -1, 2.765426768535634e-06
1062, 1304, 2.447782266198366e-06
1359, 1507, 2.3934838855420366e-06
407, 608, 2.300239958864783e-06
1071, 1311, 2.238099406250152e-06
853, 1089, 2.223462377671306e-06
853, 1304, 2.1777583358077906e-06
189, 559, 2.1601252973584144e-06
1395, 1472, 2.1503586184220018e-06
1729, 1764, 2.1153397173466036e-06
853, 969, 2.1041599157368226e-06
473, 732, 2.102713893632059e-06
1642, 1764, 2.0371966273018134e-06
1395, 1474, 1.9879624700814887e-06
1088, 1281, 1.896185040850502e-06
577, 617, 1.8824500164091238e-06
1464, 1729, 1.8291028795243548e-06
457, 617, 1.823159573556208e-06
1678, 1805, 1.7999724058319923e-06
1088, 1340, 1.7923836647546774e-06
577, 749, 1.7837979281328752e-06
1395, 1507, 1.7587555726167279e-06
558, 698, 1.6860440372352795e-06
1290, 1764, 1.6801117474935241e-06
473, 767, 1.6659926345005124e-06
558, 732, 1.640607711304901e-06
865, 1005, 1.6319299494366325e-06
1107, 1281, 1.6307622371271194e-06
1724, 1764, 1.56051763111426e-06
1242, 1360, 1.5269148659163198e-06
1107, 1340, 1.5130461823089178e-06
1131, 1315, 1.4795808749545145e-06
473, 990, 1.4658919254289515e-06
457, -1, 1.4367981770760083e-06
558, 617, 1.425851333886799e-06
1304, 1311, 1.4066869422122172e-06
407, 555, 1.3999499826638923e-06
853, 1085, 1.3973190579275154e-06
0, 775, 1.388905516948422e-06
1464, 1613, 1.3823777147140229e-06
865, 1089, 1.3542288360063452e-06
473, 666, 1.3289833759287069e-06
865, 1304, 1.3280551208728402e-06
457, 612, 1.30757189885233e-06
1395, 1567, 1.288308817131985e-06
923, 990, 1.2661320199404827e-06
1395, 1805, 1.255530742207972e-06
839, 1340, 1.2436782837862716e-06
1582, 1805, 1.2430151987619975e-06
0, 532, 1.2209645229735796e-06
1107, 1132, 1.2089526872701827e-06
875, 1068, 1.1965701087625546e-06
558, 767, 1.1750192148996466e-06
853, 1132, 1.1452260100420302e-06
577, 612, 1.1214312165425554e-06
1131, 1606, 1.107707056872629e-06
1504, 1764, 1.0453968630786541e-06
558, 990, 1.0270506391476277e-06
1335, 1501, 9.7711335810593e-07
1290, 1757, 9.661577940463983e-07
286, 559, 9.60427523627356e-07
1642, 1757, 9.509904685360632e-07
941, 990, 9.325663077810769e-07
1363, 1606, 8.916504316161177e-07
1729, 1757, 8.861480751166354e-07
865, 969, 8.523364152607246e-07
865, 1085, 8.522130754639084e-07
558, 612, 8.446234403502871e-07
473, 477, 8.441539152120881e-07
0, 448, 8.125668704127568e-07
941, -1, 8.097883707521934e-07
1062, 1311, 7.610120153610663e-07
1118, 1360, 7.417031925771767e-07
1359, 1805, 7.319254943681272e-07
473, 749, 7.132083102967654e-07
865, 1132, 6.984599927377331e-07
749, 1032, 6.871613630834913e-07
1359, 1567, 6.865360431198458e-07
1661, 1805, 6.846032643269688e-07
853, 1311, 6.754057714677106e-07
1724, 1757, 6.510462925595369e-07
616, 1032, 6.338741859305616e-07
1304, 1360, 6.240632880772205e-07
1425, 1623, 6.128675919612911e-07
923, -1, 6.122211715116944e-07
907, 1068, 6.019357163027027e-07
1504, 1757, 5.994466503577473e-07
1504, 1606, 5.926158715890367e-07
1359, 1444, 5.901732834613627e-07
1668, 1764, 5.894570063492707e-07
558, 749, 5.498188385558345e-07
875, 1360, 5.463153491512154e-07
1131, 1764, 5.385868724630097e-07
1678, 1729, 5.251743569466727e-07
423, 608, 5.16312068448818e-07
1444, 1606, 4.930030043911228e-07
875, 1047, 4.900966339819258e-07
616, 775, 4.717743745862418e-07
1254, 1340, 4.5552354530586665e-07
577, 666, 4.493966841480698e-07
916, 990, 4.3600311887632125e-07
1363, 1764, 4.335430212621215e-07
1304, 1501, 4.2662090977632915e-07
1743, 1805, 4.241092327248637e-07
875, 956, 4.14838055566185e-07
189, 366, 3.9454868722365185e-07
865, 1311, 3.729559995574975e-07
1582, 1623, 3.7109893767484083e-07
338, 361, 3.630591198931782e-07
1599, 1729, 3.417020249286262e-07
1335, 1360, 3.3948299392798285e-07
241, 559, 3.3385453718289536e-07
923, 1032, 3.24867086087668e-07
1661, 1729, 3.131812697128486e-07
1131, 1757, 3.097202302981686e-07
1088, 1231, 3.0432087921310187e-07
298, 361, 3.041486792038258e-07
616, 666, 3.0379156875516e-07
1464, 1805, 2.9583805678831077e-07
558, 666, 2.9198360259202673e-07
907, 1360, 2.8611631891739064e-07
1290, 1308, 2.813712714024724e-07
941, 1032, 2.7658822945336724e-07
228, 361, 2.7103042647137396e-07
1470, 1606, 2.677238332036143e-07
839, 1501, 2.663072345318063e-07
875, 1104, 2.638449590913129e-07
473, 566, 2.6348346874493123e-07
1088, 1308, 2.5278204017542577e-07
1254, 1501, 2.5275350295135975e-07
1668, 1757, 2.5218661791966956e-07
1363, 1757, 2.49311374479533e-07
0, 622, 2.4095198053444267e-07
189, 256, 2.3067975409141725e-07
1107, 1308, 2.2519200893874086e-07
423, 555, 2.2385347368410535e-07
1444, 1764, 2.2327509351407e-07
723, 1032, 2.210887741197298e-07
1242, 1340, 2.1958315712719852e-07
1118, 1340, 2.1444234354019342e-07
1425, 1729, 2.1326303279584455e-07
1118, 1281, 2.0577707795142911e-07
875, 1281, 2.055458431895353e-07
1290, 1472, 1.9976016296710862e-07
1425, 1613, 1.9240831482054015e-07
1395, 1444, 1.919029527091023e-07
907, 1047, 1.869719992102774e-07
749, 1026, 1.8258004735613484e-07
0, 507, 1.8144110379152102e-07
1470, 1764, 1.737651854672417e-07
1107, 1231, 1.7016330654661687e-07
1290, 1474, 1.6843680426096685e-07
1290, 1623, 1.6720317860193806e-07
616, 1026, 1.656856052292574e-07
907, 1104, 1.486595007649441e-07
189, 608, 1.4478823407389827e-07
338, 559, 1.435924257096187e-07
1088, 1501, 1.4330453395697848e-07
1088, 1262, 1.4317860780284085e-07
577, 1032, 1.4115285650922038e-07
1088, 1242, 1.3754038515465844e-07
1444, 1757, 1.2839560948066512e-07
1444, 1501, 1.2717925347388867e-07
407, 617, 1.2528147831006402e-07
1335, 1606, 1.2512219354553762e-07
1071, 1132, 1.220339657903168e-07
577, 775, 1.2101201143569094e-07
1107, 1501, 1.2096912329463215e-07
723, 767, 1.1935721650056764e-07
1599, 1606, 1.1652667255802153e-07
1464, 1536, 1.1526803500585032e-07
622, 767, 1.0912379690024104e-07
1107, 1262, 1.0815790766459588e-07
907, 1281, 1.0764990257852856e-07
457, 698, 1.0739057648948894e-07
189, 316, 1.0608787664390699e-07
749, 767, 1.0536062860659984e-07
153, 559, 1.0511204038557363e-07
189, 555, 1.0203272542959545e-07
916, 1032, 1.0036916094176183e-07
1470, 1757, 9.992465591860263e-08
106, 361, 9.833747183183829e-08
407, 612, 9.697304135872022e-08
1794, 1805, 9.680293126585902e-08
197, 559, 9.66592086764188e-08
1118, 1132, 9.644160409323349e-08
622, 990, 9.602134898881193e-08
1599, 1805, 8.648255006674488e-08
1107, 1242, 8.623722077609513e-08
189, 251, 8.453981969026403e-08
360, 559, 8.43608410326115e-08
1071, 1360, 7.933517376368649e-08
1464, 1567, 7.838679988461809e-08
0, 375, 7.717661601180163e-08
457, 732, 7.574891421616924e-08
923, 1026, 7.137070939761631e-08
1582, 1613, 7.111547033044454e-08
189, 273, 6.903647105880059e-08
1425, 1536, 6.633727845025655e-08
875, 1340, 6.588080058681308e-08
929, 990, 6.533196902877683e-08
286, 608, 6.451505821676213e-08
1062, 1132, 6.32213860438455e-08
1088, 1285, 6.292612018878001e-08
723, 1026, 6.10199177604238e-08
473, 1032, 6.09034511673575e-08
1335, 1764, 6.062461723049058e-08
457, 767, 6.001972849907795e-08
457, 477, 5.955384248174192e-08
1290, 1444, 5.808867919305194e-08
622, 732, 5.7624990853897936e-08
941, 1026, 5.705761078988055e-08
1107, 1285, 5.52697445150389e-08
153, 256, 5.2891155640812466e-08
0, 1005, 5.283865884931628e-08
473, 622, 5.276408028372093e-08
473, 775, 5.007404672232679e-08
907, 956, 4.906423632501065e-08
413, 559, 4.7223661268205566e-08
286, 555, 4.544566228024282e-08
189, 425, 4.5192749824949874e-08
457, 990, 4.455500275183246e-08
457, 666, 4.4098300283453215e-08
1290, 1729, 4.3152105269253786e-08
407, 477, 4.284633772355126e-08
853, 1068, 4.2807422175241915e-08
853, 956, 4.255723849703023e-08
952, 990, 4.241728821365283e-08
1242, 1501, 4.1649502294394876e-08
558, 1032, 4.120438825950794e-08
189, 477, 4.080413062160617e-08
0, 969, 3.9555357911736494e-08
839, 886, 3.8957888504617994e-08
577, 1026, 3.8358067822706475e-08
473, 532, 3.638292694428425e-08
1290, 1315, 3.5933647043117676e-08
558, 775, 3.50835455746293e-08
1335, 1757, 3.491864834100131e-08
1304, 1340, 3.437401096032372e-08
630, 767, 3.433349272274802e-08
1071, 1089, 3.418381792971221e-08
1304, 1606, 3.3775816799575126e-08
941, 1304, 3.371189075293218e-08
1118, 1308, 3.337448813860806e-08
630, 990, 3.335630251966692e-08
839, 862, 3.269451647581353e-08
622, 749, 3.242131745158677e-08
723, 732, 3.186608878277262e-08
241, 366, 3.167992078894771e-08
563, 608, 3.127372795347661e-08
749, 969, 3.0901593451411744e-08
342, 361, 3.0751748444609145e-08
941, 1089, 3.0576414006828e-08
1131, 1472, 3.04259035051119e-08
423, 617, 2.9128074942189236e-08
616, 969, 2.8517629522225695e-08
1290, 1613, 2.8413359442869945e-08
1071, 1281, 2.8134200496274384e-08
1131, 1623, 2.7787854199155806e-08
116, 361, 2.7784689875081656e-08
865, 1068, 2.725728878911672e-08
1254, 1281, 2.6580975178784945e-08
1504, 1623, 2.6368854965269223e-08
457, 749, 2.569706189357051e-08
1088, 1315, 2.3772815819661436e-08
241, 608, 2.2471268329565484e-08
723, 749, 2.2452499338886965e-08
423, 612, 2.2194928351704307e-08
916, 1026, 2.2113982342706622e-08
1363, 1623, 2.1196039933239655e-08
923, 1089, 2.101391343360133e-08
839, 902, 2.09712211707281e-08
749, 1005, 2.062870415336198e-08
622, 698, 2.0556546887408292e-08
1335, 1340, 2.0336477783315622e-08
1107, 1315, 2.0332789560563155e-08
153, 251, 2.024558319171074e-08
286, 477, 2.0005268550241773e-08
853, 1047, 1.9981767254802176e-08
1290, 1536, 1.9769355438087214e-08
1290, 1507, 1.905690978769147e-08
923, 1304, 1.9042081278572317e-08
616, 1005, 1.90372449503009e-08
298, 559, 1.892297471130164e-08
941, 1132, 1.8341601031939334e-08
929, 1032, 1.7708112583671493e-08
457, 566, 1.741038981381531e-08
197, 366, 1.7403983812748507e-08
286, 366, 1.7398899482703242e-08
1118, 1231, 1.73793688724495e-08
941, 1085, 1.735962548023429e-08
1062, 1089, 1.7251702355484282e-08
153, 366, 1.7244563232700593e-08
1062, 1360, 1.6785319693279262e-08
473, 1026, 1.6203957965811948e-08
865, 956, 1.615142033374578e-08
286, 425, 1.5962713590813342e-08
241, 555, 1.5836273072139015e-08
630, 732, 1.5660327006223595e-08
1131, 1474, 1.502828295411178e-08
1254, 1308, 1.4757505012084233e-08
342, 559, 1.447921466291567e-08
946, 990, 1.4472418380332514e-08
839, 1115, 1.368786840053521e-08
952, 1032, 1.3575605281011606e-08
1254, 1606, 1.3395960315681791e-08
749, 1304, 1.327991233974979e-08
1071, 1340, 1.3006316816574043e-08
153, 273, 1.2865301082153216e-08
1470, 1501, 1.2773699443287487e-08
0, 787, 1.2763113484485436e-08
749, 1089, 1.274039554703196e-08
616, 1304, 1.2271263630410877e-08
923, 1085, 1.2223596346003841e-08
189, 314, 1.179111215182731e-08
616, 1089, 1.1759016009439299e-08
1464, 1507, 1.1047072042088484e-08
853, 1104, 1.0951591316313955e-08
1131, 1210, 1.0543438459038942e-08
1372, 1501, 1.010648663453506e-08
338, 608, 9.665028501406333e-09
630, 749, 9.423142375874402e-09
1118, 1262, 9.275555992448872e-09
923, 1132, 9.11426698448048e-09
153, 316, 9.063143490273586e-09
1242, 1281, 8.96098466786793e-09
189, 617, 8.367462297045137e-09
1344, 1501, 8.201968793906597e-09
0, 1089, 8.092557767687989e-09
1425, 1507, 7.890790352135854e-09
241, 425, 7.839190788512339e-09
407, 698, 7.687756023938014e-09
189, 298, 7.618068296909459e-09
865, 1047, 7.57650226953943e-09
853, 1360, 7.469909188951343e-09
1311, 1360, 7.375501173743922e-09
1323, 1501, 7.276088650648011e-09
1311, 1501, 7.207013694602141e-09
839, 1148, 7.197905148165685e-09
197, 256, 7.122151239212798e-09
153, 608, 7.0749613786870444e-09
0, 1132, 7.053059234795255e-09
338, 555, 6.811300618865628e-09
558, 1026, 6.658519787162223e-09
1464, 1472, 6.573029512974965e-09
197, 608, 6.5060117353974226e-09
1062, 1281, 6.362614988836798e-09
875, 1501, 6.352875317273027e-09
241, 477, 6.335669242099345e-09
1464, 1474, 6.276956921784131e-09
189, 612, 6.275333700503429e-09
1118, 1501, 6.1143044175509235e-09
1131, 1507, 6.108666950361876e-09
1118, 1242, 5.5783125866036255e-09
723, 969, 5.561902104139192e-09
407, 732, 5.424231321075781e-09
1378, 1501, 5.38448971063859e-09
360, 608, 5.3269553675965e-09
723, 775, 5.223120715587562e-09
630, 698, 5.147033246805566e-09
1088, 1606, 5.09636813210385e-09
153, 555, 4.985985174289954e-09
839, 1231, 4.9761775842973224e-09
1363, 1472, 4.87929050460369e-09
0, 1085, 4.80032675723551e-09
680, 990, 4.748571891952141e-09
1689, 1764, 4.7135455538319795e-09
1363, 1474, 4.590986795857123e-09
197, 555, 4.585025460940104e-09
865, 1360, 4.54619442566232e-09
749, 775, 4.49596875728592e-09
839, 1210, 4.451442674937561e-09
1425, 1472, 4.342645521405569e-09
407, 425, 4.331534274284273e-09
423, 477, 4.317434173786752e-09
407, 767, 4.29789515237262e-09
1444, 1623, 4.26842393050839e-09
1425, 1474, 4.193172628899756e-09
360, 555, 4.072745931601603e-09
558, 566, 4.006933172129801e-09
563, 732, 3.964478242756126e-09
723, 1005, 3.9209070339972615e-09
413, 608, 3.87172600813037e-09
197, 316, 3.8292963652560875e-09
749, 1085, 3.801856520153361e-09
1131, 1613, 3.797642893784231e-09
563, 698, 3.7502865772984765e-09
616, 787, 3.734096125501753e-09
286, 617, 3.728392163032449e-09
622, 775, 3.6459998884503037e-09
407, 566, 3.631759844702305e-09
577, 969, 3.624532247405126e-09
1071, 1231, 3.6105783113856523e-09
0, 820, 3.5413889419981848e-09
616, 1085, 3.508924315658447e-09
1131, 1327, 3.4849465635355193e-09
839, 853, 3.354536629094768e-09
839, 1308, 3.331508283550488e-09
241, 256, 3.305803776808174e-09
865, 1104, 3.2470660974956996e-09
1323, 1360, 3.1440628383820275e-09
407, 666, 3.1369134461058797e-09
563, 767, 2.9713406381054753e-09
749, 1132, 2.9582340274494916e-09
286, 612, 2.7961769242309656e-09
577, 622, 2.778177463773842e-09
457, 532, 2.7624581689306804e-09
563, 617, 2.76054891364334e-09
616, 1132, 2.7308186037058265e-09
197, 251, 2.6062688433250813e-09
916, 1089, 2.506777002351163e-09
241, 316, 2.388570036680206e-09
1062, 1340, 2.3176300298909465e-09
1131, 1290, 2.2775198889156997e-09
473, 507, 2.222222491487914e-09
153, 425, 2.209302254720453e-09
457, 622, 2.20367225623129e-09
197, 273, 2.1715869239607247e-09
338, 477, 2.160129036540834e-09
558, 622, 2.1096376887163948e-09
413, 555, 2.1030396130150964e-09
197, 425, 2.0316360227140494e-09
616, 622, 2.0022020079263786e-09
153, 477, 1.9947592950950155e-09
680, 767, 1.9184515885331846e-09
622, 666, 1.8777512477026895e-09
407, 749, 1.8377399684243588e-09
197, 477, 1.8343460392980513e-09
457, 775, 1.8041795914432806e-09
839, 1242, 1.7735280524837003e-09
423, 698, 1.641956620821434e-09
563, 612, 1.6358548179077743e-09
839, 1262, 1.5625782945037025e-09
563, 749, 1.3631084690032268e-09
241, 617, 1.2992179979484126e-09
407, 532, 1.295513149807766e-09
298, 608, 1.274203738685589e-09
241, 251, 1.240834688970126e-09
228, 559, 1.215617669265436e-09
630, 775, 1.1844519748977063e-09
423, 732, 1.1561847753477158e-09
153, 314, 1.0463108070393113e-09
342, 608, 9.749771830955722e-10
241, 612, 9.743727892699145e-10
241, 273, 9.659179866541033e-10
946, 1032, 9.460948327583276e-10
1088, 1210, 9.455107008566305e-10
153, 298, 9.210832494545402e-10
423, 767, 9.165681535392556e-10
298, 555, 8.979783195034882e-10
286, 316, 8.40212073691237e-10
577, 787, 8.36543054956123e-10
839, 1178, 8.339836784330076e-10
622, 1032, 8.254436527752891e-10
189, 199, 7.328333847282907e-10
875, 1115, 7.281375904637916e-10
929, 1026, 7.014931793605243e-10
360, 477, 6.884907414431638e-10
342, 555, 6.838520113903703e-10
616, 820, 6.838423657137316e-10
423, 666, 6.699842952532832e-10
423, 566, 6.346296529530815e-10
563, 666, 5.951921456569378e-10
338, 617, 5.561125958682552e-10
577, 1005, 5.467749061745316e-10
1131, 1148, 5.235970062708845e-10
251, 361, 5.199912428018931e-10
952, 1026, 5.160349669215917e-10
189, 698, 5.118929375834e-10
106, 256, 5.103649431524918e-10
680, 732, 4.838871836753378e-10
423, 425, 4.731342695829664e-10
630, 666, 4.671710812759492e-10
338, 425, 4.519237674717179e-10
839, 1285, 4.412472031528729e-10
1107, 1210, 4.284929961779622e-10
197, 314, 4.220077763438758e-10
726, 990, 4.205909649825543e-10
338, 612, 4.17042081667141e-10
923, 1005, 4.1481503239226926e-10
153, 617, 4.0708365602820587e-10
298, 477, 4.005040278624934e-10
457, 1032, 3.9846308439855396e-10
875, 886, 3.9494291901719183e-10
423, 749, 3.8873480268387527e-10
907, 1115, 3.863806405620797e-10
875, 1148, 3.8245253459583085e-10
197, 617, 3.743470673050536e-10
473, 787, 3.707252531957396e-10
967, 990, 3.625177598503151e-10
680, 749, 3.6161996450943355e-10
189, 732, 3.5712658588192867e-10
989, 1032, 3.457282188360972e-10
941, 1005, 3.1238268286142744e-10
407, 990, 3.0859325236682845e-10
106, 559, 3.0771786345307284e-10
360, 617, 3.06505767377445e-10
153, 612, 3.0528172996623486e-10
473, 969, 2.8613107707535046e-10
189, 767, 2.819659860874315e-10
197, 612, 2.8073178233113397e-10
630, 1032, 2.782547826496019e-10
875, 1231, 2.6471186728053606e-10
558, 787, 2.5974246475988327e-10
197, 298, 2.562018100650534e-10
1344, 1360, 2.5562157966119075e-10
241, 314, 2.490157878566875e-10
473, 1005, 2.423065221925141e-10
189, 448, 2.414858672109068e-10
875, 1210, 2.364869931661559e-10
298, 425, 2.3498559255739893e-10
360, 612, 2.2985597560598567e-10
338, 366, 2.2729929846077378e-10
189, 566, 2.2663168332066493e-10
0, 1360, 2.2340037533541697e-10
286, 698, 2.230931254204003e-10
967, 1032, 2.1737113919477747e-10
106, 251, 2.1506149838904765e-10
413, 617, 2.072466634675165e-10
563, 990, 2.038783391908657e-10
189, 666, 2.0351817327423716e-10
558, 969, 2.004725915477526e-10
907, 1148, 2.0030120102172824e-10
342, 477, 1.9494943147572113e-10
298, 366, 1.9274703860223693e-10
622, 1026, 1.922248760166113e-10
875, 902, 1.868673320521246e-10
153, 199, 1.783905613543356e-10
875, 1308, 1.7722201548030234e-10
946, 1026, 1.6965886142850845e-10
457, 507, 1.6837016144668735e-10
423, 532, 1.6440916820937408e-10
577, 820, 1.6309266594846386e-10
413, 612, 1.5961427142766638e-10
286, 732, 1.590577629896074e-10
228, 366, 1.5052758585836025e-10
1290, 1327, 1.5051358917763334e-10
558, 1005, 1.4877539062385297e-10
189, 532, 1.449431920876069e-10
680, 698, 1.4239769039532106e-10
407, 622, 1.4145824758405036e-10
907, 1231, 1.3863670041670077e-10
907, 1340, 1.364066159938804e-10
1131, 1335, 1.363491619549258e-10
916, 1005, 1.2818320616665217e-10
241, 298, 1.271141469188714e-10
286, 767, 1.2563902118104971e-10
407, 775, 1.2463649962152857e-10
907, 1210, 1.2385480989008263e-10
189, 749, 1.215717116856565e-10
116, 256, 1.2069225012313066e-10
1071, 1085, 1.1464651702240906e-10
286, 448, 1.1377213216428104e-10
407, 507, 1.1237870456461271e-10
726, 767, 1.050426116357524e-10
286, 566, 1.009830379816056e-10
875, 1242, 9.434425565935792e-11
907, 1308, 9.281594558872024e-11
457, 1026, 9.268207263648555e-11
749, 956, 9.108183445157756e-11
286, 666, 9.060978097460006e-11
360, 425, 8.963593072978219e-11
286, 314, 8.814377491172075e-11
116, 559, 8.419486764117686e-11
839, 1606, 8.335478911902787e-11
875, 1262, 8.31226130863671e-11
563, 775, 8.300163503468525e-11
616, 956, 8.239060207647149e-11
106, 273, 7.950455912576066e-11
228, 608, 7.881021299746128e-11
680, 1032, 7.796680646000437e-11
241, 698, 7.768367947569627e-11
680, 775, 7.762574538459376e-11
941, 1068, 7.602101568837076e-11
923, 969, 7.560718241915847e-11
473, 820, 7.227669815665821e-11
298, 617, 7.121369478530084e-11
723, 1089, 7.06241811878e-11
630, 1026, 6.935708585057241e-11
723, 787, 6.807063182608099e-11
1088, 1148, 6.713268455774212e-11
407, 448, 6.503370625093641e-11
1425, 1567, 6.465022099585786e-11
286, 532, 6.458410474764587e-11
923, 1068, 6.373598749175839e-11
1088, 1327, 5.789570133805489e-11
616, 862, 5.746443970091766e-11
1062, 1085, 5.734533000248752e-11
749, 787, 5.734518496225598e-11
723, 820, 5.689562492181258e-11
941, 969, 5.683073687078332e-11
228, 555, 5.5765942495903206e-11
423, 990, 5.543693754595498e-11
241, 732, 5.536394880504149e-11
342, 617, 5.4490289685791286e-11
286, 749, 5.4109739575992465e-11
298, 612, 5.3415306993058656e-11
749, 820, 5.245593442568566e-11
413, 477, 5.161097212223306e-11
916, 1085, 5.1536032052408226e-11
116, 251, 5.072684847220559e-11
558, 820, 5.0639462950219456e-11
106, 366, 4.918834335795173e-11
1107, 1327, 4.8872738348232865e-11
360, 366, 4.863526088409562e-11
286, 298, 4.74531664347702e-11
577, 1089, 4.602385385363601e-11
916, 1132, 4.507975820484015e-11
875, 1178, 4.436444902933774e-11
723, 1085, 4.4185070108983e-11
964, 990, 4.38632221577976e-11
241, 767, 4.369907734180666e-11
723, 1132, 4.267948229239674e-11
342, 612, 4.087157056634024e-11
969, 990, 4.048241700165533e-11
853, 886, 3.940518211248629e-11
241, 448, 3.823163147195292e-11
342, 425, 3.732536122068619e-11
907, 1262, 3.55787576103464e-11
853, 862, 3.521510465292126e-11
241, 566, 3.5130085745140125e-11
952, 1089, 3.3815949151822636e-11
338, 698, 3.336108636543639e-11
907, 1242, 3.282817592080046e-11
423, 622, 3.2205037583599964e-11
241, 666, 3.151969384636003e-11
723, 956, 3.1302750993289e-11
952, 1132, 2.989263523277834e-11
189, 507, 2.93855327185185e-11
577, 1085, 2.8797996622293956e-11
726, 732, 2.8612726622745582e-11
1118, 1210, 2.804339758657272e-11
577, 1132, 2.782454857030058e-11
622, 787, 2.780032758539824e-11
228, 425, 2.6663989372911225e-11
423, 775, 2.6543125616842238e-11
749, 862, 2.5270314438026405e-11
153, 698, 2.4420869276501514e-11
106, 316, 2.430176805091963e-11
338, 732, 2.3812452402204727e-11
197, 199, 2.3756713165909056e-11
929, 1089, 2.323050661954498e-11
616, 886, 2.2595830104125487e-11
1290, 1567, 2.2590665288364835e-11
241, 532, 2.2505371636931775e-11
197, 698, 2.2457007691964287e-11
228, 477, 2.2283673336213958e-11
116, 273, 2.0978171775832658e-11
853, 902, 2.088159047715617e-11
228, 256, 2.061430250637756e-11
473, 1089, 2.0391836964382114e-11
106, 608, 2.0033066214347516e-11
952, 1085, 1.9462068529924766e-11
342, 366, 1.9144428330813562e-11
749, 886, 1.867873053453387e-11
360, 698, 1.838722131624891e-11
853, 1115, 1.7983079716896288e-11
907, 1178, 1.726439103814193e-11
338, 566, 1.5109715125943916e-11
1131, 1536, 1.4672980737587363e-11
106, 555, 1.4175933574709649e-11
1107, 1148, 1.3669211464633229e-11
338, 666, 1.3556858310297523e-11
1363, 1536, 1.312444806268465e-11
853, 1340, 1.0452265346042371e-11
1290, 1335, 8.884101615965814e-12
1071, 1210, 8.832504610223245e-12
0, 1068, 6.787019954265662e-12
853, 1210, 4.158998908745196e-12
1062, 1210, 3.473415248464199e-12
865, 1115, 2.732275932346344e-12
853, 1148, 2.6693785771726925e-12
1088, 1335, 2.3575084992890355e-12
1107, 1335, 1.9900941413029455e-12
989, 1026, 1.9239844477040917e-12
865, 1340, 1.7709068009508857e-12
865, 1148, 1.6280092918561973e-12
1470, 1623, 1.600868681252079e-12
1131, 1444, 8.64499528202986e-13
916, 969, 6.247698636094105e-13
929, 1005, 6.20595726771005e-13
189, 990, 4.720081808375226e-13
622, 1005, 4.5377739504871513e-13
839, 875, 4.1587389905854805e-13
967, 1026, 3.7770627233238724e-13
622, 969, 2.8033778459372604e-13
577, 956, 2.1055841445731376e-13
989, 1132, 1.1845023871182485e-13
558, 1089, 7.294945551786311e-14
929, 1085, 7.191199405420247e-14
929, 1132, 4.119417274151451e-14
839, 1315, 3.341399759097719e-14
473, 1085, 2.2250460139351767e-14
723, 862, 1.99650751208944e-14
577, 862, 1.6412969153420346e-14
1107, 1606, 1.5027202816998146e-14
616, 853, 9.361173646840898e-15
473, 862, 7.273626992713256e-15
558, 862, 5.0961454245304075e-15
749, 853, 3.0124557298426787e-15
723, 853, 2.331112204781243e-15
577, 853, 2.317735924462722e-15
0, 1047, 1.6447695381478116e-15
952, 1005, 1.3953659911417965e-15
473, 853, 1.027135701320683e-15
558, 853, 7.19645495967987e-16
153, 666, 5.211748001491782e-16
197, 666, 4.792633039918071e-16
360, 666, 3.924084882603151e-16
0, 956, 3.920069597227515e-16
413, 666, 2.628951655360354e-16
116, 608, 1.3343508574488983e-16
228, 617, 1.2835230207777917e-16
298, 666, 9.386385102016304e-17
228, 612, 8.703244908225302e-17
342, 666, 7.182141649204797e-17
251, 559, 7.165705068313484e-17
116, 555, 6.587417854657719e-17
106, 477, 4.934243567067442e-17
106, 617, 3.268382829390022e-17
116, 477, 1.3944826208328273e-17
106, 612, 7.860138704261078e-18
116, 617, 3.484442706618815e-18
251, 608, 2.305889731713166e-18
116, 612, 2.2213793606751063e-18
473, 956, 2.1814310969318554e-18
251, 555, 8.948272850616483e-19
251, 477, 7.140616309409518e-19
