Gene = LOC101741391
index = 457
Annotated 5SS: [ 499 1378]
Annotated 3SS: [1012 1956]
SMsplice 5SS: [ 499 1378]
SMsplice 3SS: [1012 1956]
length: 2202
Partition function (logZ) = -3.770747263559576
#Exons = 1060
3SS, 5SS, prob
1956, -1, 0.9645288496110658
1012, 1378, 0.5327641611077781
0, 499, 0.5060944818212582
0, 262, 0.230909353073539
365, 499, 0.2194312215756465
1012, 1283, 0.20030124671467217
1270, 1378, 0.14126695100092088
0, 76, 0.11997789689637196
0, 251, 0.07023293257591315
1012, 1145, 0.0546258238776879
337, 499, 0.04249986363777876
1012, 1204, 0.0348954883009025
1163, 1378, 0.030657636307484488
1012, 1118, 0.0210800599192178
1012, -1, 0.013796930783434216
0, 743, 0.011993955669550485
0, 285, 0.010588606522185923
1012, 1195, 0.010455107516642442
0, 410, 0.00926988952400213
1050, 1378, 0.00925183498769253
0, 171, 0.0077901649445106065
0, 1378, 0.007773016759449
1320, 1378, 0.007720982011320744
1628, -1, 0.007167457733625427
1163, 1283, 0.005807464972620486
0, 200, 0.004476619118170508
0, 621, 0.0039290225871880585
1040, 1378, 0.003715189791317656
1050, 1283, 0.00348015137531963
1887, -1, 0.003213563886907038
2174, -1, 0.002886406405092165
0, 528, 0.0023558875989303537
0, 801, 0.0022391191432261305
1012, 1124, 0.0020390440393100342
0, 148, 0.001994888800926216
0, 155, 0.001992545163074099
0, 635, 0.001494117278863672
371, 499, 0.001456154790557643
1956, 2074, 0.0013983869048938328
1040, 1283, 0.0013976500567863916
0, 438, 0.0013823831687593392
2186, -1, 0.0013676364695487096
343, 499, 0.0013399619873610024
1868, -1, 0.001327691329817478
2028, -1, 0.0012381068086783737
1012, 1112, 0.0011420252181748628
365, 528, 0.0010612304678108155
1115, 1378, 0.0009551066245776093
0, 1283, 0.0009076349093690325
1270, 1283, 0.0008007163026970678
310, 499, 0.0007409337869706903
1670, -1, 0.0006981917975185739
1628, 1746, 0.0006702403997701934
1742, -1, 0.0006058353783883029
1970, -1, 0.0005874393072425249
0, 877, 0.0005649307196166405
1377, -1, 0.0005453849396655626
1050, 1204, 0.000545199591357613
365, 621, 0.0005296386716086713
1012, 1289, 0.0005261044033324051
0, 942, 0.0004343359713702509
424, 499, 0.0004326836847311014
1115, 1283, 0.0003946661308522996
0, 590, 0.00037704079458958026
0, 808, 0.0003766497531677592
365, 743, 0.00036100305437666727
0, 923, 0.0003522041217588903
289, 499, 0.0003468790154092327
0, 986, 0.0003337206060107796
304, 499, 0.00032069590904625685
0, 424, 0.0003144744135518986
1507, -1, 0.00030435285150558667
365, 410, 0.00030230560204250737
1050, 1145, 0.00028385061841004506
0, 639, 0.0002670407880681544
1012, 1152, 0.0002626934001429647
1270, -1, 0.0002474270691805115
1040, 1204, 0.00023782840209998744
1355, 1378, 0.00023350952442132116
1012, 1218, 0.00022516340490341273
0, 479, 0.00020321504533960016
0, 863, 0.00019158351843168544
0, 783, 0.000186905715679396
612, 743, 0.00018015005774178432
365, 635, 0.0001688187538717372
1040, 1145, 0.00016736269378607373
0, 609, 0.00015667474106594172
1654, -1, 0.00015511248680321542
1936, -1, 0.0001501193883084822
337, 410, 0.00014761284339644874
337, 528, 0.00014412642601265997
1050, 1195, 0.00014255331995804288
1050, -1, 0.00013593922140470787
1175, 1378, 0.00013593372401296983
1986, -1, 0.0001311061694592283
365, 438, 0.00013044908994573325
766, 942, 0.00013006053541570682
1628, 1783, 0.00012897285187342942
638, 743, 0.0001271974178443176
766, 877, 0.00012617502174484214
1503, -1, 0.0001253667952917421
319, 499, 0.0001250975964917792
766, 923, 0.00011808202637834608
1012, 1272, 0.00011575469335563924
1790, -1, 0.00011416916296729267
1012, 1314, 0.00011381573623754384
693, 801, 9.630020082489073e-05
0, 279, 9.4353587318675e-05
0, 695, 8.91433742530927e-05
1170, 1378, 8.901623261912698e-05
1163, -1, 8.608511094031821e-05
1292, 1378, 8.534547730158712e-05
693, 743, 8.426433299097556e-05
1628, 1822, 8.394902591525211e-05
0, 304, 7.786043906100311e-05
365, 590, 7.334333492941772e-05
1050, 1118, 7.330650491923658e-05
1705, -1, 7.234283078685207e-05
337, 621, 6.95731879817425e-05
0, 195, 6.855730808324412e-05
365, 479, 6.514700492861809e-05
1040, 1195, 6.50510291292579e-05
0, 1145, 6.428483105407363e-05
1040, -1, 6.272794459492329e-05
316, 499, 5.798060592143616e-05
1956, 2086, 5.69243242826802e-05
337, 438, 5.645913383839615e-05
1320, -1, 5.5070915809018104e-05
0, 1204, 5.438020865179042e-05
766, 986, 5.259242192355657e-05
1397, -1, 4.89387113011411e-05
337, 743, 4.742133396089871e-05
766, 801, 4.712913295600764e-05
1040, 1118, 4.663428657864414e-05
0, 906, 4.618050994008286e-05
0, 162, 4.564805025528619e-05
0, 686, 4.273485436816761e-05
1753, -1, 4.1318329185663245e-05
1012, 1215, 4.121154973805609e-05
638, 801, 4.0057230212947e-05
0, 1118, 3.906691245361716e-05
1956, 2081, 3.706411565838099e-05
0, 533, 3.59778170397712e-05
148, 262, 3.364372358949454e-05
365, 801, 3.302561495754202e-05
1163, 1204, 3.295139804847795e-05
216, 499, 3.279476256230607e-05
0, 709, 3.238570310324016e-05
1826, -1, 3.220726256494161e-05
1783, -1, 3.212498097756585e-05
994, 1378, 3.188707927562127e-05
2152, -1, 3.1183809149287506e-05
1466, -1, 3.087144117597107e-05
693, 877, 2.978639678480687e-05
365, -1, 2.8650185884267876e-05
800, 942, 2.794957509721967e-05
612, 801, 2.674616332977616e-05
766, 863, 2.6534692462078143e-05
0, 51, 2.6323075128544233e-05
1085, 1378, 2.5562113764641605e-05
365, 639, 2.5262436525958636e-05
1195, 1378, 2.432932460671374e-05
1997, -1, 2.2889951776665345e-05
1956, 2100, 2.2525840365314305e-05
148, 499, 2.239031695357923e-05
337, 635, 2.197836987659923e-05
0, 673, 2.1889534478104397e-05
1012, 1234, 2.1629422168150873e-05
365, 609, 2.147539232794609e-05
1678, -1, 2.138354242486301e-05
1670, 1746, 2.0957309571818364e-05
1250, 1378, 2.0721511506378147e-05
384, 499, 2.0500204063045416e-05
1507, 1647, 1.9692675407445867e-05
1628, 1647, 1.9296422258786967e-05
1152, 1378, 1.8518094434155233e-05
1012, 1057, 1.8487711233471113e-05
800, 923, 1.8423717964860757e-05
1082, 1378, 1.8283852502522908e-05
1163, 1289, 1.7979290643914855e-05
1175, 1283, 1.7513644828379115e-05
337, 479, 1.707337158796944e-05
800, 986, 1.693868984019673e-05
2100, -1, 1.6260245467747023e-05
365, 424, 1.587066307967298e-05
766, 906, 1.5848735408800786e-05
693, 808, 1.5619390135116454e-05
365, 533, 1.5519506688560864e-05
0, 522, 1.5354048734480446e-05
1377, 1576, 1.4420261491048792e-05
0, 1195, 1.4000243968089488e-05
1170, 1283, 1.3973175215049733e-05
1129, 1378, 1.39417842236711e-05
533, 743, 1.2752535128779008e-05
2122, -1, 1.2641115977336397e-05
994, 1283, 1.2186669596762292e-05
0, 473, 1.2026307194569487e-05
1012, 1115, 1.1947193892252698e-05
1670, 1822, 1.193044994946106e-05
1548, -1, 1.1923442093860776e-05
1628, 1670, 1.1482486474162771e-05
1507, 1746, 1.1411429085224254e-05
673, 743, 1.115194086888218e-05
262, 499, 1.1092253568495831e-05
0, 371, 1.1035362676624042e-05
1085, 1283, 1.07188139542982e-05
1956, 2043, 1.0556353367393237e-05
693, 863, 1.046003430772206e-05
395, 499, 1.0387311332096761e-05
377, 499, 1.0326554443872023e-05
0, 481, 1.0218520456954182e-05
408, 499, 1.0117851425709323e-05
766, 1378, 1.0117817162514699e-05
337, 590, 9.635444344466398e-06
1897, -1, 9.540988674601806e-06
693, 923, 9.45298602965322e-06
693, 942, 9.407265535903458e-06
1956, 2122, 9.334078964645933e-06
0, 543, 9.283034943629063e-06
800, 877, 9.152083238436122e-06
1050, 1289, 9.138997575107689e-06
766, -1, 9.059685857241925e-06
424, 621, 9.046113885971313e-06
673, 801, 9.038234549220451e-06
1115, 1204, 8.932568276198564e-06
1628, 1681, 8.689644280682838e-06
0, 192, 8.489968532483023e-06
1670, 1783, 8.429189259530033e-06
766, 808, 8.363320889960028e-06
1503, 1647, 8.252156647211727e-06
289, 410, 8.148559901554982e-06
310, 410, 7.755720497960204e-06
371, 528, 7.668014496261759e-06
1654, 1746, 7.667523293164327e-06
148, 251, 7.631587447791948e-06
1082, 1283, 7.550668255170364e-06
337, 424, 7.483792210359417e-06
1377, 1647, 7.12333228902851e-06
1012, 1323, 7.121274405474085e-06
1050, 1124, 7.021237248960115e-06
365, 522, 6.987608747996341e-06
1121, 1378, 6.630726930965701e-06
0, 80, 6.556634485974266e-06
162, 499, 6.466673911538898e-06
1163, 1314, 6.243629478068653e-06
1129, 1283, 5.9787814632617895e-06
162, 262, 5.9246898600889404e-06
424, 743, 5.713552755666752e-06
2197, -1, 5.70859882620114e-06
337, -1, 5.543048213662444e-06
1163, 1195, 5.520496714389224e-06
1507, 1670, 5.480069816712342e-06
345, 499, 5.3776378209314825e-06
1152, 1283, 5.3528407354592315e-06
638, 808, 5.3257105414001135e-06
670, 743, 5.216991347684287e-06
1115, -1, 5.084436785617462e-06
343, 528, 4.807729991569219e-06
389, 499, 4.796077855017896e-06
1355, -1, 4.720970176850493e-06
424, 528, 4.710017038070617e-06
1982, -1, 4.6991546888058085e-06
1503, 1746, 4.457375739846275e-06
1040, 1124, 4.419963533162193e-06
304, 410, 4.278609831318472e-06
337, 801, 4.2689514954995665e-06
365, 808, 4.2503884659645604e-06
1520, -1, 4.234071259617832e-06
994, 1145, 4.228644803455086e-06
1050, 1218, 4.167701647039806e-06
365, 695, 4.1127225769035954e-06
693, 783, 4.1056955677778e-06
371, 621, 4.001577158008455e-06
670, 801, 3.9553948203843765e-06
1593, -1, 3.7648217281530046e-06
343, 410, 3.6819737961703895e-06
693, 986, 3.6759954210155357e-06
1040, 1289, 3.6680303307537958e-06
1887, 2074, 3.6642223536621084e-06
365, 543, 3.6517279508881594e-06
638, 877, 3.567659238002045e-06
1050, 1112, 3.4560052348591143e-06
365, 481, 3.433779582290409e-06
612, 808, 3.394192710401706e-06
349, 499, 3.3806099941498625e-06
365, 473, 3.3698364818051743e-06
0, 769, 3.3654424141755454e-06
1377, 1746, 3.3296342894032466e-06
337, 639, 3.318883851555249e-06
365, 877, 3.2064283432463595e-06
1507, 1576, 3.1027559561763947e-06
1956, 2119, 3.0100548713088855e-06
1742, 1822, 2.9625436729393655e-06
533, 621, 2.9465340694352554e-06
766, 1283, 2.8974716494394294e-06
638, 783, 2.825612271095105e-06
337, 609, 2.8213562349694754e-06
365, 783, 2.8207360689866535e-06
371, 743, 2.719025196964481e-06
742, 877, 2.6794960441193584e-06
424, 635, 2.6792215565226252e-06
216, 262, 2.6710174237740514e-06
1507, 1681, 2.5899637024026503e-06
1427, -1, 2.5859214183552516e-06
0, 1289, 2.528792350235904e-06
365, 686, 2.4898044759048994e-06
1654, 1822, 2.4612809038900774e-06
0, 606, 2.4519977978538316e-06
1654, 1783, 2.4196883767788206e-06
921, 1378, 2.3928706229074416e-06
612, 783, 2.3128136203029934e-06
612, 877, 2.3118119240798037e-06
148, 285, 2.304963230866845e-06
343, 621, 2.284771172590608e-06
310, 438, 2.1993997213775253e-06
800, 1378, 2.165557349903942e-06
310, 528, 2.1605443547822973e-06
1600, -1, 2.1564413398699544e-06
337, 533, 2.0154143366543128e-06
693, -1, 2.003435117102033e-06
1121, 1283, 1.9867215492711277e-06
800, 906, 1.8129073997126676e-06
766, 783, 1.812216557183541e-06
1012, 1415, 1.7666809971817027e-06
371, 410, 1.7285672600959776e-06
1040, 1112, 1.7224779968829423e-06
800, 863, 1.7078538046955836e-06
1163, 1272, 1.7012783199708884e-06
289, 438, 1.6953564090126452e-06
533, 635, 1.6487663135655932e-06
612, 621, 1.642197318617746e-06
994, 1118, 1.6400232809331812e-06
216, 410, 1.625541101954257e-06
1115, 1195, 1.606726313651741e-06
693, 906, 1.5967205709082605e-06
994, 1204, 1.5943049399401898e-06
1377, 1476, 1.5838745477012167e-06
897, 986, 1.5572367054313688e-06
742, 801, 1.5533030287452996e-06
1270, 1289, 1.5502327308758352e-06
343, 743, 1.543886964372168e-06
365, 673, 1.5254863331775749e-06
863, 986, 1.5141270008430853e-06
1012, 1427, 1.510881668393451e-06
1503, 1670, 1.4737458370592278e-06
343, 438, 1.4695943209350587e-06
897, 1378, 1.467059437308472e-06
1050, 1272, 1.460320473961321e-06
742, 923, 1.4520519146887253e-06
673, 877, 1.4411119661057458e-06
1050, 1314, 1.4356397283684123e-06
365, 709, 1.4351842235733173e-06
800, -1, 1.3978395718175927e-06
673, 808, 1.379090755492074e-06
1377, 1511, 1.37307460826208e-06
2107, -1, 1.3698116287011627e-06
1040, 1218, 1.355474711661161e-06
1397, 1576, 1.3407438390803062e-06
742, 942, 1.3324266582138359e-06
703, 801, 1.3157675837600344e-06
1088, 1378, 1.3144015262038295e-06
1012, 1576, 1.2785284045642097e-06
371, 635, 1.2750159545145034e-06
424, 590, 1.2718965577774083e-06
638, 863, 1.2718177489596723e-06
638, 923, 1.2640643245974253e-06
162, 251, 1.261675768546771e-06
0, 760, 1.2457074343804837e-06
638, 942, 1.2268272420942165e-06
1050, 1152, 1.1867692907667056e-06
1742, 1746, 1.179451386173753e-06
1565, -1, 1.1546598968047117e-06
533, 801, 1.1542724448718306e-06
310, 621, 1.1445501787284555e-06
1115, 1145, 1.1293135352433854e-06
289, 528, 1.1192390912913887e-06
365, 863, 1.1175901159176003e-06
304, 438, 1.115122197123471e-06
365, 923, 1.107281224776617e-06
1377, 1670, 1.0957906772137707e-06
766, 1145, 1.094705195081755e-06
1377, 1503, 1.085335067367434e-06
0, 955, 1.0826632707408084e-06
365, 942, 1.0748396141082326e-06
171, 499, 1.07105343096568e-06
1466, 1647, 1.063030352246768e-06
1868, 2074, 1.057168117358458e-06
703, 743, 1.0555803816148017e-06
1270, 1314, 1.0349245191215701e-06
1377, 1496, 1.0146916553550355e-06
337, 522, 1.0080705242136907e-06
1503, 1576, 9.817932742643012e-07
148, 410, 9.724933036763105e-07
337, 473, 9.658033248392831e-07
1012, 1301, 9.636942444107554e-07
0, 1124, 9.428068970264377e-07
473, 499, 9.392756887672018e-07
304, 528, 9.043440081892051e-07
766, 1118, 9.02087371624545e-07
337, 481, 8.730231492474958e-07
994, -1, 8.663854019989934e-07
319, 410, 8.582689613650582e-07
921, 986, 8.553578316348479e-07
612, 863, 8.261949569031607e-07
612, 923, 8.219154819625611e-07
612, 942, 7.95439744911415e-07
612, 635, 7.614788653684351e-07
1820, -1, 7.3077401037619e-07
863, 942, 7.26799586054012e-07
310, 743, 7.158011043049743e-07
371, 438, 7.155609820082034e-07
1507, 1783, 7.017994442598675e-07
0, 1112, 6.962795423400141e-07
171, 262, 6.86345251813865e-07
343, 635, 6.805042733482853e-07
1040, 1152, 6.773182346998442e-07
742, 863, 6.751554833256953e-07
1970, 2074, 6.709355997045371e-07
1085, 1204, 6.328672582546758e-07
1548, 1746, 6.240108728416164e-07
670, 808, 5.96086388287403e-07
703, 877, 5.793133314220312e-07
337, 808, 5.580583424598979e-07
289, 621, 5.545011039006058e-07
673, 863, 5.462819306549763e-07
670, 877, 5.412532596150547e-07
337, 695, 5.403140165195948e-07
800, 808, 5.38647039774831e-07
216, 251, 5.32961573478181e-07
410, 499, 5.29037871473195e-07
371, 590, 5.239412037008009e-07
897, 942, 5.126800899893016e-07
742, 986, 5.036717448060486e-07
2073, -1, 4.973762287057126e-07
1082, 1204, 4.935674294496564e-07
638, 986, 4.921453359276784e-07
766, 1204, 4.894439144035274e-07
612, -1, 4.886767095110702e-07
162, 285, 4.783677167338324e-07
673, 942, 4.759398233388515e-07
424, 801, 4.687493224561792e-07
638, -1, 4.6262985045373685e-07
343, 479, 4.606405116927791e-07
673, 783, 4.6042968359141584e-07
304, 621, 4.5248762663195616e-07
337, 543, 4.397060045040112e-07
316, 410, 4.3518101773276465e-07
365, 986, 4.3219395638224766e-07
262, 410, 4.26440830878955e-07
424, 639, 4.014721274083216e-07
365, 606, 3.978482591458513e-07
337, 877, 3.889825651701205e-07
424, 609, 3.835252475162792e-07
251, 499, 3.8346014832305914e-07
673, 923, 3.782460294652648e-07
994, 1195, 3.77298444836341e-07
438, 499, 3.7269689601968013e-07
337, 783, 3.705776906847265e-07
371, 479, 3.6981749619698623e-07
0, 899, 3.6484377058473516e-07
921, 1145, 3.634057028692251e-07
289, 743, 3.5198615515179306e-07
310, 424, 3.474343112721477e-07
310, 479, 3.400834900415811e-07
319, 528, 3.309099318982791e-07
310, 635, 3.275919416787409e-07
337, 686, 3.2710114323769404e-07
921, 1118, 3.2105510861112864e-07
289, 424, 3.1453571256771565e-07
800, 1145, 3.107658661646882e-07
2028, 2074, 3.0709840492080213e-07
304, 743, 2.999574289458465e-07
216, 285, 2.964130596970417e-07
612, 695, 2.961820124895406e-07
1115, 1118, 2.8693429106833114e-07
343, 590, 2.8619303508810444e-07
742, 808, 2.861850855193737e-07
533, 639, 2.8615376881778544e-07
612, 986, 2.7575027912947637e-07
162, 410, 2.712126527551966e-07
319, 438, 2.6536841493875154e-07
800, 1118, 2.553105480761235e-07
1936, 2074, 2.4801104386905584e-07
1628, 2074, 2.3457608756248628e-07
863, 923, 2.3222079668420042e-07
703, 808, 2.2995934935832847e-07
670, 863, 2.1892049528311467e-07
783, 942, 2.108251079173158e-07
371, 801, 2.1044900112209833e-07
670, 783, 2.0722950962761748e-07
921, 942, 2.0564087017757642e-07
703, 863, 2.0485556471263256e-07
337, 673, 2.0041265424848643e-07
371, 639, 1.910567517241334e-07
343, 424, 1.9071674466794572e-07
337, 709, 1.885491028836383e-07
365, 906, 1.8737531133967293e-07
304, 424, 1.8426451169469035e-07
612, 709, 1.832917630553655e-07
742, 906, 1.8071814286568245e-07
289, 479, 1.7714536890318395e-07
319, 621, 1.7088305749379552e-07
783, 923, 1.7034727087026816e-07
289, 635, 1.6970400925043048e-07
897, 1145, 1.6711210285434935e-07
897, 923, 1.6401796100208844e-07
371, 609, 1.6359925475472274e-07
386, 499, 1.630046026506239e-07
638, 906, 1.629485959805462e-07
216, 438, 1.6043050707586175e-07
1050, 1215, 1.5959385524828724e-07
533, 695, 1.5544484631505697e-07
473, 621, 1.5458129577626608e-07
670, 923, 1.5292342295743847e-07
304, 479, 1.5261329252667777e-07
316, 528, 1.5234420978757231e-07
703, 923, 1.5069926598483682e-07
673, 986, 1.5058715395772443e-07
533, 808, 1.5034783303956639e-07
670, 942, 1.4688824082741324e-07
337, 863, 1.455650099905096e-07
906, 986, 1.4498979868719668e-07
703, 942, 1.4475186107138063e-07
304, 635, 1.446192628644979e-07
337, 923, 1.4413035134903762e-07
310, 590, 1.4395734625274736e-07
171, 251, 1.4167406411593734e-07
337, 942, 1.3844219119650073e-07
897, 1118, 1.3798433092825216e-07
638, 695, 1.3645629479880704e-07
316, 438, 1.323379042589787e-07
612, 639, 1.2981511720416064e-07
424, 438, 1.2661966127705113e-07
1050, 1234, 1.2503671069220244e-07
343, 801, 1.2015406558483663e-07
384, 528, 1.1937109757868113e-07
310, -1, 1.184515670946945e-07
921, 1204, 1.1572372957018058e-07
612, 686, 1.1443879921244254e-07
371, 533, 1.1385735836905288e-07
319, 743, 1.132524956069687e-07
473, 743, 1.1164804703801609e-07
783, 877, 1.1113976848942778e-07
994, 1124, 1.0876504236050487e-07
343, 639, 1.0849384427321399e-07
148, 438, 1.0795074488729291e-07
0, 665, 1.0636552069901993e-07
343, -1, 1.0440503136938762e-07
405, 499, 1.0391781590278384e-07
1163, 1218, 1.038337414215039e-07
232, 499, 1.0345425428068188e-07
1986, 2074, 1.033641086066623e-07
612, 906, 1.0202402454127344e-07
800, 1204, 1.0188274044365599e-07
533, 783, 1.0081487998941416e-07
533, 877, 1.0010581242720791e-07
1887, 2086, 9.93379331882116e-08
216, 528, 9.504171466792936e-08
343, 609, 9.294090223995704e-08
638, 709, 9.176002522656867e-08
499, 743, 9.110826248291702e-08
371, 424, 9.064459298918497e-08
693, 695, 8.903585312175418e-08
235, 499, 8.84719952403383e-08
1085, 1145, 8.811441126014671e-08
533, 590, 8.804366631289426e-08
533, 686, 8.682522277802815e-08
408, 621, 8.560178349272614e-08
1742, 2074, 8.510600278663627e-08
408, 528, 8.290017529791558e-08
127, 262, 8.164607638133266e-08
424, 533, 8.02737654354003e-08
0, 706, 7.916842194792764e-08
1887, 2043, 7.90619245902022e-08
279, 499, 7.784134144257577e-08
239, 499, 7.783763699694096e-08
316, 621, 7.75908239906596e-08
424, 479, 7.724365027644306e-08
1887, 2081, 7.517454993576346e-08
289, 590, 7.32332298108774e-08
499, 621, 7.299490517436814e-08
863, 877, 7.288966550293447e-08
1082, 1145, 7.19476121050029e-08
384, 621, 7.1393351426736e-08
395, 528, 7.11543610407338e-08
533, 609, 7.052802432138374e-08
343, 533, 6.782818275951909e-08
424, 808, 6.699117037838624e-08
1040, 1215, 6.619064685702119e-08
220, 499, 6.612087705801422e-08
424, 695, 6.583739827238513e-08
148, 528, 6.489122197336128e-08
693, 1145, 6.433108856645333e-08
994, 1112, 6.362575827230623e-08
729, 877, 6.261216543017653e-08
304, 590, 6.240828227461925e-08
0, 747, 6.081858612823574e-08
310, 801, 5.896956021673822e-08
533, 709, 5.731780688458205e-08
408, 743, 5.6544143707596735e-08
473, 635, 5.570731560542028e-08
693, 709, 5.55227115687759e-08
693, 1118, 5.242318789247134e-08
729, 801, 5.137602329048875e-08
316, 743, 5.1301806249019556e-08
766, 1124, 5.032534539413685e-08
384, 743, 4.719261269526558e-08
742, 783, 4.5679733000337933e-08
783, 986, 4.557260028903937e-08
424, 783, 4.509331227790612e-08
148, 200, 4.385473161468955e-08
703, 783, 4.292786618900281e-08
171, 285, 4.1430513610763015e-08
1040, 1234, 3.552369992620905e-08
670, 986, 3.155040317763743e-08
703, 986, 3.0946381853991935e-08
148, 171, 2.982387138043465e-08
365, 769, 2.7924201471052436e-08
1868, 2043, 2.7509388084698877e-08
1670, 2074, 2.6664822486356267e-08
337, 986, 2.6395191995944592e-08
921, 1283, 2.3896386222662616e-08
1195, 1283, 2.1645377689423096e-08
1790, 2074, 2.0250541041113325e-08
766, 955, 1.9141150757743052e-08
127, 251, 1.9116680823843785e-08
1115, 1218, 1.887501440836405e-08
800, 1283, 1.817063300222496e-08
693, 769, 1.6989347290475148e-08
638, 769, 1.629903570803908e-08
0, 897, 1.4096245136768256e-08
1868, 2086, 1.3989140612169578e-08
1970, 2086, 1.3822654017837458e-08
148, 279, 1.334656615389583e-08
1115, 1289, 1.3317863497407245e-08
365, 371, 1.3195224232457506e-08
766, 899, 1.3162979358972856e-08
0, 680, 1.2882770517071567e-08
1088, 1283, 1.2442029080336808e-08
1012, 1157, 1.1750850228135863e-08
897, 1283, 9.818810139067167e-09
262, 285, 8.122566454350928e-09
840, 986, 7.97767521859144e-09
822, 986, 7.681915461846382e-09
1887, 2122, 6.314611013553464e-09
693, 1378, 6.083324829399062e-09
0, 625, 6.0648571839608695e-09
1040, 1272, 5.978360557591379e-09
162, 200, 5.9266031550978115e-09
1040, 1314, 5.566121428094657e-09
2028, 2122, 5.4246321709750884e-09
148, 155, 5.196787833391764e-09
800, 955, 4.9419682988269275e-09
162, 171, 4.736241109315864e-09
127, 285, 4.623592598694078e-09
251, 262, 4.577476973722284e-09
863, 1378, 3.620635691730478e-09
220, 262, 3.2038976748127426e-09
533, 986, 3.0311677064787256e-09
232, 262, 2.872823405215095e-09
162, 279, 2.6461264174653974e-09
235, 262, 2.161688157132947e-09
239, 262, 1.5930366484957428e-09
216, 279, 1.4741251773061126e-09
693, 955, 1.4212245113648633e-09
693, 1283, 9.820662980299347e-10
171, 200, 6.53657389986815e-10
863, 1283, 6.124451716875291e-10
220, 251, 5.886349445774026e-10
1250, 1283, 5.611833406285757e-10
148, 195, 5.428490899862952e-10
232, 251, 5.378079284240867e-10
251, 285, 5.078483434082505e-10
235, 251, 4.0690643199271544e-10
220, 285, 3.823818801510899e-10
232, 285, 3.377319934879708e-10
906, 1283, 3.3214620134655213e-10
171, 279, 3.272923453483248e-10
239, 251, 3.021751047047605e-10
235, 285, 2.5240706688736794e-10
127, 200, 2.3123917250695835e-10
148, 304, 2.1847823879299335e-10
239, 285, 1.8404127438967043e-10
127, 171, 1.6978473721097288e-10
148, 162, 1.4686281241919184e-10
638, 686, 9.030615677666328e-11
1012, 1043, 8.951859764814769e-11
377, 528, 8.500388020098874e-11
162, 195, 8.203320051774842e-11
262, 438, 7.641223817759704e-11
395, 621, 7.291959332151866e-11
216, 621, 6.827015705609026e-11
424, 686, 6.661309758665406e-11
310, 609, 6.505093240873962e-11
319, 479, 6.433031150534118e-11
371, 522, 6.395905832471616e-11
148, 192, 6.212350789117935e-11
262, 279, 6.045993859264081e-11
171, 410, 5.988761002651596e-11
127, 499, 5.85274875771843e-11
533, 673, 5.834774465650402e-11
162, 304, 5.243321883012188e-11
262, 528, 5.106640936064038e-11
612, 673, 5.071986995179303e-11
319, 424, 5.013854349889789e-11
216, 304, 4.991535668253967e-11
216, 424, 4.8760270807719724e-11
389, 528, 4.766764927798155e-11
148, 621, 4.66125209457932e-11
310, 533, 4.5496629905051974e-11
371, 695, 4.47544224612158e-11
343, 522, 4.2908939711657194e-11
127, 279, 4.202985399423025e-11
377, 621, 4.032967771527506e-11
162, 438, 3.9878016960606584e-11
863, 1118, 3.690680414057259e-11
906, 1378, 3.675876273741891e-11
319, 635, 3.582069047412446e-11
310, 639, 3.497944798758045e-11
289, 609, 3.3698704826706314e-11
424, 522, 3.334490614168445e-11
148, 424, 3.285805198808941e-11
424, 673, 3.2377585420656785e-11
371, 686, 3.1700537044368266e-11
279, 285, 3.133950141447098e-11
316, 479, 3.050023857798409e-11
162, 528, 2.972176060408023e-11
319, 590, 2.942686604221136e-11
304, 609, 2.8717541047217196e-11
127, 155, 2.8073774209214812e-11
345, 528, 2.8027838307425062e-11
389, 621, 2.7175271890720324e-11
316, 424, 2.5898372852811013e-11
343, 695, 2.555333469216053e-11
371, 543, 2.5440240276635703e-11
766, 1112, 2.446270613358622e-11
251, 410, 2.434236019178414e-11
638, 673, 2.4003033481059956e-11
384, 410, 2.394250112504782e-11
127, 148, 2.3826606282046503e-11
424, 543, 2.3586249003035274e-11
289, 533, 2.3568878185276596e-11
466, 499, 2.336305604566538e-11
262, 621, 2.3048693194155218e-11
499, 635, 2.1938796229432476e-11
438, 621, 2.0769923233477102e-11
304, 533, 2.0085051642285817e-11
310, 522, 1.9273265815573013e-11
289, 304, 1.881018365969324e-11
349, 528, 1.8458592189038618e-11
408, 635, 1.8343435888413947e-11
216, 479, 1.8251831359082692e-11
289, 639, 1.8120602566124518e-11
343, 686, 1.809998629114182e-11
1115, 1314, 1.7810334407339813e-11
473, 528, 1.7428530652732208e-11
262, 424, 1.721179586634672e-11
408, 590, 1.686664481603118e-11
345, 410, 1.6816488962645217e-11
1115, 1272, 1.6811314271109997e-11
316, 635, 1.6627150301378782e-11
304, 639, 1.5442111222642248e-11
371, 673, 1.540818372392215e-11
673, 695, 1.5330715417913656e-11
384, 635, 1.5299076922219495e-11
337, 606, 1.48601656780048e-11
343, 543, 1.3900840040382606e-11
1270, 1272, 1.3735414362552768e-11
316, 590, 1.3659282333930036e-11
162, 621, 1.3420721733761913e-11
377, 410, 1.339045611162255e-11
473, 590, 1.3370558894497284e-11
384, 590, 1.2894210801317567e-11
310, 695, 1.285352821063327e-11
148, 479, 1.246172424688216e-11
343, 473, 1.2162666348620178e-11
345, 621, 1.1315630078243414e-11
395, 635, 1.12966349519848e-11
343, 481, 1.1105685089769837e-11
395, 410, 1.0932232638013343e-11
319, 609, 1.0850790320732325e-11
216, 635, 1.059032948947743e-11
408, 410, 1.0370856910882103e-11
395, 590, 1.0068386421400435e-11
289, 522, 9.9842396060473e-12
310, 473, 9.934968843838403e-12
384, 438, 9.665208214314325e-12
162, 424, 9.491433740742991e-12
162, 192, 9.430668196402148e-12
371, 481, 9.18295003021408e-12
349, 410, 9.178324575688906e-12
171, 195, 9.105341585253146e-12
310, 686, 9.104435378316427e-12
371, 473, 8.960692259541399e-12
343, 673, 8.797576955370005e-12
216, 590, 8.700005586292313e-12
304, 522, 8.508422272795671e-12
473, 609, 7.946314043161519e-12
310, 481, 7.936892316720974e-12
319, 533, 7.53922335863502e-12
673, 686, 7.373753998457299e-12
171, 304, 7.312858297035933e-12
148, 635, 7.230713630049935e-12
410, 528, 7.132692395311007e-12
670, 695, 7.120724454970438e-12
349, 621, 7.0945097054408334e-12
1163, 1323, 7.089000141249358e-12
410, 621, 6.7567571725508426e-12
232, 410, 6.749428567102075e-12
438, 528, 6.706246717929817e-12
289, 695, 6.65355813273843e-12
310, 543, 6.5919586444168e-12
377, 635, 6.256094809600265e-12
473, 639, 6.233803326027991e-12
171, 438, 6.200256871664446e-12
345, 438, 6.088000497090684e-12
319, 639, 5.834730442652375e-12
408, 609, 5.820540401012723e-12
235, 410, 5.790619987780382e-12
262, 479, 5.74088471032444e-12
304, 695, 5.6700644659652845e-12
148, 590, 5.6457394475049274e-12
289, 473, 5.401966093369671e-12
377, 438, 5.146985387778199e-12
384, 479, 5.146177703678607e-12
239, 410, 5.046856329986256e-12
316, 609, 4.999256556488773e-12
389, 410, 4.939510291265233e-12
377, 590, 4.8849388371584626e-12
304, 473, 4.522488780080764e-12
310, 673, 4.425250361384619e-12
389, 635, 4.218022788601132e-12
499, 590, 4.081530917346572e-12
289, 481, 4.080463076419673e-12
499, 639, 3.8577693158108724e-12
251, 279, 3.741015612465439e-12
304, 481, 3.546076806346653e-12
289, 543, 3.414869862160686e-12
171, 528, 3.3144673142790924e-12
262, 635, 3.2136362831213747e-12
127, 195, 3.192950000020082e-12
384, 609, 3.037216515119114e-12
499, 528, 2.9131278004029134e-12
408, 639, 2.854298982754675e-12
220, 279, 2.7861397867102876e-12
438, 635, 2.784361459595674e-12
316, 639, 2.5873038156295565e-12
316, 533, 2.4758512717887012e-12
232, 279, 2.4605271332396775e-12
384, 639, 2.3805492789444148e-12
304, 543, 2.34859881261427e-12
395, 609, 2.2427403122769124e-12
220, 410, 2.170145658781712e-12
499, 609, 2.1392371250047462e-12
319, 522, 2.1349124510135996e-12
384, 533, 2.1168542427841023e-12
389, 590, 2.1093291800898343e-12
216, 609, 2.102422504934192e-12
1742, 1783, 2.0429612325862034e-12
424, 606, 2.0275201113151186e-12
262, 304, 2.027313302255969e-12
395, 438, 2.013403426569204e-12
424, 481, 2.0038659639404734e-12
466, 621, 1.894153910866158e-12
235, 279, 1.840633781582268e-12
162, 479, 1.8085073631612762e-12
408, 438, 1.8001424034324655e-12
424, 473, 1.7863094914736e-12
349, 438, 1.7146516819239722e-12
262, 590, 1.6973861155301571e-12
408, 533, 1.5798901464221804e-12
216, 533, 1.5769437492250027e-12
279, 410, 1.5532369555435448e-12
319, 473, 1.5355576323886483e-12
377, 479, 1.4935455148636683e-12
148, 609, 1.4354619540077607e-12
251, 438, 1.3723240056820717e-12
239, 279, 1.3444783762813658e-12
438, 590, 1.3168928845664974e-12
395, 533, 1.308505882791359e-12
251, 528, 1.2980676387283838e-12
395, 479, 1.2921798375764645e-12
127, 410, 1.2890357538594607e-12
171, 621, 1.2796751508107318e-12
377, 609, 1.2420239923567274e-12
408, 479, 1.1643718677524241e-12
386, 528, 1.1356347784586954e-12
345, 479, 1.0910012989483152e-12
148, 533, 1.0766830883470386e-12
171, 192, 1.0511593668890056e-12
162, 590, 9.877565692388121e-13
389, 438, 9.869101142652286e-13
316, 522, 9.738073435632702e-13
405, 528, 9.707665608651518e-13
377, 533, 9.37594785179312e-13
319, 543, 8.874072199042842e-13
371, 606, 8.620725027636458e-13
389, 609, 8.374096978443654e-13
345, 590, 8.328759400721551e-13
127, 162, 8.133366426611678e-13
171, 424, 7.372241967137445e-13
262, 609, 7.111475280152418e-13
405, 621, 6.79516868575751e-13
384, 522, 6.793623225126922e-13
349, 479, 6.566748311975061e-13
438, 609, 6.334139444621478e-13
389, 479, 6.22479817594482e-13
216, 522, 6.045680838968946e-13
410, 590, 5.840663346305468e-13
384, 424, 5.582881320164843e-13
349, 590, 5.472986982262336e-13
127, 304, 5.318712448236123e-13
386, 621, 5.209175231369742e-13
251, 621, 4.972352505065902e-13
343, 606, 4.922156511151109e-13
729, 743, 4.730805241102324e-13
389, 533, 4.222413149795259e-13
262, 533, 4.149733276040565e-13
345, 424, 3.959727211164748e-13
127, 192, 3.6547633655253285e-13
316, 543, 3.6262488484582194e-13
533, 543, 3.489974870226643e-13
384, 543, 3.44924616627469e-13
408, 522, 3.349560733520929e-13
533, 606, 3.2583895416063245e-13
148, 522, 3.1498772579761694e-13
395, 522, 2.99738577636641e-13
408, 543, 2.9305743388500484e-13
232, 528, 2.7135004497578334e-13
783, 801, 2.711859408178096e-13
319, 481, 2.541584334523304e-13
310, 606, 2.475883415429244e-13
289, 801, 2.468843120354227e-13
162, 533, 2.4195921830370376e-13
377, 522, 2.39205922104505e-13
216, 543, 2.3096663841924924e-13
235, 528, 2.266664382801917e-13
345, 533, 2.263052816803435e-13
395, 543, 2.258806713406743e-13
395, 743, 2.12335138794601e-13
304, 801, 2.1039077850375668e-13
279, 528, 1.9943056068544772e-13
239, 528, 1.99421069846052e-13
216, 743, 1.993685783310132e-13
232, 438, 1.8684845936625142e-13
473, 533, 1.7987827294044447e-13
171, 479, 1.7977571891791e-13
466, 528, 1.6993334327013952e-13
220, 528, 1.6709836156797978e-13
235, 438, 1.636786373260764e-13
251, 424, 1.601113881924787e-13
148, 543, 1.5769609644008235e-13
377, 424, 1.569116747926261e-13
262, 522, 1.560492369238419e-13
349, 533, 1.5011796767298839e-13
377, 543, 1.477495394741567e-13
239, 438, 1.470276104346115e-13
316, 473, 1.433517125831282e-13
279, 438, 1.4259532862368292e-13
148, 743, 1.3612987263967728e-13
251, 304, 1.2968731386898448e-13
389, 522, 1.28963911868043e-13
395, 424, 1.2370501447252742e-13
316, 481, 1.2018010861922896e-13
220, 438, 1.1716945550614207e-13
408, 424, 1.1356273565984546e-13
127, 528, 1.095313761057693e-13
349, 424, 1.0790578927226368e-13
377, 743, 1.015585459559006e-13
220, 304, 9.583204826737266e-14
162, 522, 9.098789939340052e-14
389, 543, 9.072927648057827e-14
216, 473, 8.987117601255213e-14
232, 304, 8.678336312056117e-14
345, 522, 8.581215338896881e-14
262, 543, 7.812480773029993e-14
216, 481, 7.106629730411755e-14
127, 438, 6.955942924366612e-14
162, 635, 6.833346275062197e-14
251, 479, 6.61307549866605e-14
473, 479, 6.61047966487168e-14
235, 304, 6.501704180358598e-14
148, 473, 6.136095557633479e-14
389, 424, 5.812055098231731e-14
345, 635, 5.760580480857889e-14
410, 438, 4.8248786191137975e-14
239, 304, 4.7459046050743025e-14
386, 410, 4.559405566542657e-14
337, 371, 4.248033166279348e-14
389, 743, 4.1666490582241234e-14
232, 424, 4.159350085255849e-14
438, 533, 4.0669613633000985e-14
410, 533, 4.065764683265167e-14
349, 522, 3.9679846374757994e-14
235, 424, 3.6121683972750247e-14
262, 743, 3.5432280719710974e-14
239, 424, 3.2041318816073095e-14
473, 522, 2.84591876424979e-14
473, 543, 2.594574488543488e-14
499, 533, 2.5674389056172126e-14
171, 533, 2.32933791576499e-14
162, 543, 2.1852465795542034e-14
345, 543, 1.9733789935411642e-14
410, 479, 1.7806265282887994e-14
410, 522, 1.3362536029172733e-14
349, 543, 1.32171861014504e-14
438, 479, 1.2495872296812524e-14
405, 410, 1.2311251153657163e-14
438, 522, 1.1740951568512998e-14
349, 635, 1.1729042437028791e-14
410, 635, 1.1171731114425584e-14
220, 424, 1.1167081581511178e-14
279, 424, 1.1114659701951796e-14
162, 609, 1.0632275307386938e-14
438, 543, 9.304111225665836e-15
386, 438, 9.049985490256912e-15
232, 479, 9.033749730397828e-15
345, 609, 8.964929065312844e-15
410, 543, 8.115405106592214e-15
235, 479, 7.776418769017506e-15
171, 590, 7.661611535384724e-15
279, 304, 7.427488636204497e-15
279, 479, 7.257473741816877e-15
127, 424, 7.051001699013806e-15
239, 479, 6.8416910869327936e-15
386, 479, 6.6798183862776825e-15
220, 479, 5.811823594359246e-15
405, 438, 4.880464274741728e-15
289, 371, 3.4024317140750654e-15
216, 371, 2.6679681144938942e-15
310, 371, 2.500057705913965e-15
148, 371, 1.8279336859867836e-15
304, 371, 1.4624771701492992e-15
343, 371, 1.0728068361271011e-15
148, 481, 8.545339617890051e-16
162, 371, 5.315346108965472e-16
262, 473, 4.938854335147584e-16
262, 481, 4.2334783784038674e-16
384, 481, 4.110399783352238e-16
384, 473, 3.4551136032015473e-16
262, 371, 3.2136664442249347e-16
162, 473, 2.879706368473805e-16
319, 371, 2.7278513656744914e-16
162, 481, 2.468421585209897e-16
377, 481, 2.1957772467497743e-16
395, 481, 1.9237735576020232e-16
377, 473, 1.8845459824533148e-16
408, 481, 1.7470448374297484e-16
395, 473, 1.5761457540252138e-16
345, 481, 1.556348246900846e-16
345, 473, 1.5163534056440943e-16
316, 371, 1.4586565527631696e-16
408, 473, 1.4054968904750767e-16
349, 481, 9.409449652836379e-17
171, 371, 9.306823480172846e-17
389, 481, 9.257254190710248e-17
349, 473, 9.007104137093844e-17
389, 473, 7.682629375265932e-17
171, 473, 4.785175780876381e-17
171, 481, 4.1017484684728296e-17
