Gene = LOC101739921
index = 382
Annotated 5SS: [ 151  475 1043 1438]
Annotated 3SS: [ 242  805 1312 2219]
SMsplice 5SS: [ 151 1043 1438]
SMsplice 3SS: [ 805 1312 2261]
length: 2543
Partition function (logZ) = -3.124602249217479
#Exons = 1032
3SS, 5SS, prob
1312, 1438, 0.9713468520693941
2261, -1, 0.7514625190414579
0, 151, 0.6865764664140964
805, 1043, 0.3822504725846964
242, 475, 0.36172424351814936
0, 475, 0.2574701561921969
836, 1043, 0.14544201155289818
2219, -1, 0.075317319833592
572, 695, 0.055230086553834046
572, 750, 0.051753202836250456
572, 1043, 0.04541159494826816
0, 1043, 0.028543165284111327
1754, -1, 0.026847678408159454
2206, -1, 0.023997054790882127
1737, -1, 0.02153448560007722
2209, -1, 0.020245459800968476
2084, -1, 0.01960702877663138
887, 1043, 0.018475505043181985
242, 424, 0.017827909035192588
2348, -1, 0.01683655130856385
293, 475, 0.013723349641540589
1312, -1, 0.012004880627864969
1295, 1438, 0.008755055684617472
252, 475, 0.008141335719266713
2161, -1, 0.007416913697604082
0, 424, 0.006915404104771349
2384, -1, 0.006912096244053478
0, 26, 0.006765025652968286
572, 708, 0.0066704955191746115
572, 773, 0.00549379672274709
0, 300, 0.00483683854796499
324, 475, 0.004471604446219573
2144, -1, 0.0025192148488888547
962, 1043, 0.0023369111789232466
242, 439, 0.002322600209203631
805, 957, 0.002312975812595563
2261, 2406, 0.002117309790680314
2518, -1, 0.001963167242195975
927, 1043, 0.0016816746679877918
265, 475, 0.001649158134998957
1505, -1, 0.0015620442012532565
269, 475, 0.0014649828329124756
2226, -1, 0.0014508008891709074
0, 325, 0.001383932686289789
722, 1043, 0.0013399532229425974
242, 300, 0.0013243860720862797
2328, -1, 0.0012287559326797923
572, -1, 0.0011422250613401356
2489, -1, 0.001126211312257566
242, 370, 0.001118439535618077
0, 439, 0.001068466866350934
242, 325, 0.0009726732829402123
0, 15, 0.0009486724692068097
1625, -1, 0.0009376218700714159
0, 695, 0.0008809240631370169
0, 165, 0.0008714807653844122
1312, 1419, 0.000853615173056483
1966, -1, 0.0008427375689218172
1371, 1438, 0.0008202777616688165
0, 750, 0.0007935859413166376
572, 670, 0.0007778284331148928
572, 655, 0.0007288645421267171
2069, -1, 0.0006788722173062292
2477, -1, 0.0006724731715743812
255, 475, 0.0006401830387694113
1754, 1967, 0.0005748090598173888
2047, -1, 0.0005299406944114632
0, 105, 0.0005280302755252834
0, 370, 0.0004776441750925337
1312, 1442, 0.0004766027217002463
0, 197, 0.0004747346115369509
836, 957, 0.0004634991821073959
414, 475, 0.00045903871497187954
252, 424, 0.0003973591529906609
361, 475, 0.0003944411805374477
367, 475, 0.000370251825891958
1621, -1, 0.000369146095835571
1754, 1919, 0.00036247990819685406
293, 424, 0.0003622376432759962
1737, 1967, 0.00036184651269611525
1754, 1940, 0.0003538427976730889
643, 1043, 0.00035136822403336116
869, 1043, 0.0003448469117272142
805, -1, 0.00033302329053044774
2533, -1, 0.0002886474603021666
572, 957, 0.00028502188032852177
572, 869, 0.0002711893620577128
2311, -1, 0.0002589636310283268
0, 1438, 0.0002531883727334568
737, 1043, 0.00024813377160717214
1754, 1979, 0.00023765502843822356
1737, 1919, 0.0002371141444042989
2261, 2447, 0.00022704229645366964
0, 65, 0.00022316699444320366
841, 1043, 0.00021456451449522316
1685, -1, 0.00021387884418987483
1737, 1940, 0.0002087913125291322
274, 475, 0.00019867698444615107
1979, -1, 0.00018439909777723693
1674, -1, 0.00016578394132534335
242, 434, 0.0001646701535643641
2084, 2220, 0.0001555685358616758
1737, 1979, 0.00014960415870123196
242, 495, 0.00014327499131381314
2219, 2406, 0.0001424109850076415
2353, -1, 0.0001410968611476688
805, 917, 0.0001362355053201393
242, 498, 0.00013622057248140033
242, 343, 0.00013192649486036353
0, 495, 0.00013039455518809747
0, 498, 0.00012862683404920748
805, 1053, 0.00012317608760512431
805, 869, 0.00012091989129775297
2261, 2392, 0.00012089620436779951
643, 750, 0.00011830784692878514
0, 773, 0.00011700076710111909
1922, -1, 0.00011664423816034215
242, -1, 0.00011292531366718896
439, 475, 0.000111790036982994
572, 699, 0.00010945840173824195
336, 475, 0.00010500991276611234
0, 343, 0.00010461543913702958
304, 475, 9.570748564770068e-05
1737, 1822, 9.420190255281553e-05
0, 708, 8.978762893237924e-05
1295, -1, 8.871266998777903e-05
363, 475, 8.642233562691559e-05
1042, 1243, 8.399220715196057e-05
242, 695, 8.301274397055142e-05
1312, 1534, 8.269708239713573e-05
1528, -1, 8.085565098708944e-05
2178, -1, 8.070876685608346e-05
1099, 1438, 7.960908794899167e-05
265, 424, 7.507155038154974e-05
1042, 1438, 7.492970660773172e-05
1099, 1243, 7.319646638700299e-05
836, -1, 7.312680507633325e-05
1774, -1, 7.085415424528248e-05
0, 434, 7.076700803071288e-05
1754, 1822, 6.933704509899182e-05
1312, 1605, 6.836731190806358e-05
2359, -1, 6.830896477760324e-05
805, 927, 6.62357967040688e-05
1597, -1, 6.606895829059993e-05
293, 439, 6.520392680196862e-05
269, 424, 6.266122018060087e-05
1754, 2069, 6.177260897413089e-05
0, 957, 6.150471975650399e-05
1534, -1, 5.9087389168658886e-05
0, 265, 5.895030174749245e-05
1810, -1, 5.7669198543700814e-05
1325, 1438, 5.570047081687909e-05
252, 439, 5.401637523584073e-05
324, 424, 5.279344767032614e-05
1754, 2006, 5.1026681125974994e-05
743, 1043, 4.9328643417631375e-05
1928, -1, 4.860301805677505e-05
591, 750, 4.600682291398341e-05
836, 1053, 4.59480013898426e-05
0, 69, 4.393701860030429e-05
591, 1043, 4.356474775176843e-05
572, 917, 4.1222422392306996e-05
2411, -1, 4.081308850180823e-05
1102, 1438, 3.9426733622705585e-05
1737, 2069, 3.888659572088456e-05
242, 750, 3.806556276120933e-05
1505, 1650, 3.7859904441495945e-05
242, 1043, 3.728750750169405e-05
1505, 1605, 3.705165794737004e-05
1105, 1438, 3.615987024460648e-05
2206, 2406, 3.597946992964963e-05
1102, 1243, 3.453735260069798e-05
1371, -1, 3.391914850581721e-05
1236, 1438, 3.2858603383398505e-05
1737, 2006, 3.212191001708054e-05
2209, 2406, 3.2119471570728845e-05
805, 1243, 3.169789355267184e-05
255, 424, 3.093884557159031e-05
2405, -1, 3.061346955332778e-05
572, 668, 3.055013016561607e-05
0, 655, 2.995694815026102e-05
805, 1438, 2.98821723969551e-05
1241, 1438, 2.9786208683240565e-05
1105, 1243, 2.9147791249844956e-05
591, 695, 2.881652499825333e-05
572, 632, 2.798871690022227e-05
0, 1243, 2.7654100307500814e-05
1633, -1, 2.6832627158457908e-05
643, 773, 2.6407264164946153e-05
417, 475, 2.5980045813702535e-05
572, 659, 2.4230531465271013e-05
1791, -1, 2.3724813227737275e-05
643, 695, 2.3482072008796017e-05
1042, -1, 2.318656514201966e-05
2458, -1, 2.2809269418911827e-05
1017, 1043, 2.144256211705724e-05
0, 670, 2.0586407515547185e-05
1355, 1438, 1.985344905005791e-05
1856, -1, 1.9818239372540458e-05
0, 869, 1.9482746051325126e-05
252, 370, 1.913368139999525e-05
252, 300, 1.860658282071169e-05
977, 1043, 1.7962854556397035e-05
1312, 1650, 1.6500674293196936e-05
998, 1043, 1.6181023061573508e-05
836, 917, 1.4976632538610473e-05
2261, 2397, 1.4973286795556513e-05
572, 927, 1.475948951015678e-05
572, 1053, 1.4637019739749795e-05
0, 243, 1.4564019559906236e-05
2195, -1, 1.4083289423752082e-05
252, 325, 1.3953454935245236e-05
722, 750, 1.3542932698876605e-05
2187, -1, 1.2973461886643413e-05
387, 475, 1.2778328504533133e-05
0, 75, 1.224500821412088e-05
324, 439, 1.2117204439581872e-05
1803, -1, 1.1858322704277353e-05
836, 1243, 1.1827867243711073e-05
836, 1438, 1.1150362116717972e-05
265, 439, 1.0961120768204928e-05
2219, 2447, 1.0825268341938256e-05
1099, -1, 1.0704165888138414e-05
2219, 2392, 1.0638905788658587e-05
836, 869, 1.0584572599500911e-05
0, 1053, 1.0324990740332764e-05
0, 155, 1.0114609514642932e-05
1966, 2069, 1.0022069913429011e-05
805, 1127, 9.75610930932057e-06
2348, 2406, 9.711526918527583e-06
1042, 1246, 9.650767890920908e-06
269, 439, 9.388036118460221e-06
1295, 1419, 8.952563460035783e-06
2161, 2220, 8.928756505185652e-06
1099, 1246, 8.905170757845625e-06
722, 957, 8.404907522834272e-06
836, 927, 8.259862071624887e-06
572, 756, 7.945397877408193e-06
572, 630, 7.886148539756022e-06
274, 424, 7.803582112904396e-06
887, 957, 7.734101716665844e-06
805, 937, 7.502519892155573e-06
242, 708, 7.353970254033531e-06
722, 869, 7.230122550103366e-06
0, 260, 7.196910081826512e-06
805, 969, 7.015715880948516e-06
2206, 2220, 6.914526552145602e-06
242, 387, 6.7682216541061585e-06
1625, 1822, 6.411422947439516e-06
887, 1053, 6.12584810592922e-06
293, 370, 5.871849207082398e-06
2069, 2220, 5.678787205952224e-06
2161, 2406, 5.630153477287385e-06
591, 773, 5.613509821044533e-06
2084, 2406, 5.5097624175914404e-06
0, 917, 5.464624863414422e-06
2209, 2220, 5.365762970158999e-06
2144, 2220, 5.343573904134048e-06
293, 495, 5.098146410140323e-06
2348, 2447, 5.045127664548957e-06
1340, 1438, 5.033835904846519e-06
1754, 2118, 5.008063007960542e-06
293, 498, 4.765638766198562e-06
242, 655, 4.7512999240830786e-06
150, 475, 4.53788222001015e-06
293, 300, 4.525998527990457e-06
722, 773, 4.41234032743031e-06
0, 212, 4.322253229512547e-06
242, 773, 4.289338287670004e-06
255, 439, 4.268521044441988e-06
1102, 1246, 4.2219990148419385e-06
242, 265, 4.188839920900399e-06
293, 434, 4.182603825233045e-06
1295, 1442, 4.036682850080902e-06
591, 708, 3.957516215813688e-06
2047, 2220, 3.908451662772429e-06
2084, 2118, 3.869521800407476e-06
643, 708, 3.836988974894308e-06
1105, 1246, 3.817026759028311e-06
805, 1246, 3.7909576907758083e-06
252, 434, 3.782084078648103e-06
0, 46, 3.776842802564565e-06
572, 1243, 3.765614907373815e-06
836, 1127, 3.6406078302071167e-06
185, 475, 3.5973066927501366e-06
0, 1246, 3.556174677984716e-06
572, 1438, 3.54640069725593e-06
1754, 2220, 3.509790100393721e-06
805, 1141, 3.493742424427515e-06
2261, 2306, 3.3872499673216998e-06
982, 1043, 3.317812063669262e-06
572, 596, 3.3026733801686258e-06
252, 495, 3.224693471401502e-06
1042, 1127, 3.1855256117620714e-06
1737, 2118, 3.1519335270739638e-06
293, 325, 3.1040658068019216e-06
1625, 1967, 3.083336177701747e-06
252, 498, 3.0659195071412413e-06
2226, 2406, 3.061711028314625e-06
2206, 2447, 2.864260049675149e-06
423, 475, 2.854771444940234e-06
805, 1056, 2.8545539473839605e-06
722, -1, 2.848549353305626e-06
2206, 2392, 2.823794027275109e-06
293, 695, 2.813822149845579e-06
1810, 1967, 2.778525225155103e-06
1966, 2118, 2.7422836787208905e-06
242, 670, 2.7109776830712478e-06
2209, 2447, 2.522285622711864e-06
1922, 2069, 2.5198568238588456e-06
265, 370, 2.5150845029741232e-06
2209, 2392, 2.4968751819474045e-06
1685, 1822, 2.4719955080483224e-06
1042, 1196, 2.399151730624698e-06
1621, 1822, 2.34447755271798e-06
0, 632, 2.3073602005816437e-06
1102, -1, 2.296601065287798e-06
414, 695, 2.2756343911920895e-06
0, 927, 2.2317949215653475e-06
1774, 1967, 2.2193676554894e-06
1737, 2220, 2.2094290920477236e-06
643, 957, 2.2055037529017326e-06
252, -1, 2.187704841804307e-06
1042, 1141, 2.1064193635099578e-06
643, 869, 2.098001404188527e-06
361, 424, 2.0964421724955567e-06
0, 387, 2.066786459629192e-06
265, 300, 2.0610916796903213e-06
324, 495, 2.0537766611632373e-06
0, 1127, 2.0464572124349006e-06
252, 343, 1.992471487160132e-06
1966, 2220, 1.988847877488953e-06
414, 424, 1.9752974106973915e-06
324, 498, 1.9675621197161235e-06
1674, 1822, 1.964598381726341e-06
304, 424, 1.9211339082327057e-06
1105, -1, 1.8913745028627273e-06
269, 370, 1.8770168810415848e-06
252, 695, 1.8683600212423462e-06
367, 424, 1.7975798613429302e-06
805, 1066, 1.7869763625720969e-06
439, 695, 1.7855759355317492e-06
887, -1, 1.782043059553008e-06
293, -1, 1.7688115727009168e-06
1685, 1967, 1.6762768576465605e-06
572, 794, 1.6589270338765377e-06
836, 969, 1.630266658564056e-06
962, 1243, 1.598836682328369e-06
737, 957, 1.5555150264326516e-06
1979, 2069, 1.54599569680905e-06
265, 325, 1.5408825154433865e-06
2384, 2406, 1.5302207829106699e-06
2144, 2406, 1.5285907506510858e-06
0, 699, 1.5065899070043834e-06
962, 1438, 1.4874957769151372e-06
269, 300, 1.4874180189416909e-06
1625, 1919, 1.4711703560607054e-06
1505, 1822, 1.3940281831318879e-06
1042, 1053, 1.3872696689972694e-06
1625, 1940, 1.3820391362162756e-06
255, 370, 1.3712954756281108e-06
1528, 1650, 1.3711280676291627e-06
887, 1438, 1.345900070490711e-06
572, 937, 1.345654961437452e-06
1505, 1534, 1.3336773511673861e-06
643, -1, 1.3309649388817845e-06
722, 917, 1.3188308837591184e-06
293, 750, 1.2897124646125342e-06
805, 1129, 1.2733567793714474e-06
255, 300, 1.2709143844570141e-06
293, 1043, 1.2624941855576829e-06
2219, 2306, 1.2490487590657198e-06
2328, 2406, 1.2420623969562438e-06
836, 1141, 1.2387894664029613e-06
274, 439, 1.2099568365814432e-06
2219, 2397, 1.1909674479258096e-06
572, 1127, 1.1589936998574607e-06
962, 1053, 1.1102955519703976e-06
269, 325, 1.104545861074369e-06
324, 695, 1.0762937917960657e-06
414, 750, 1.0401523078160895e-06
1625, 1979, 1.0339198016904334e-06
1625, 1650, 1.0321626614950675e-06
0, 596, 1.029074801067212e-06
836, 937, 1.028984925118594e-06
836, 1056, 1.0121762735255662e-06
414, 1043, 1.0116219436392408e-06
737, 750, 1.0088136048093292e-06
1810, 1979, 1.0080579038802913e-06
1774, 1940, 9.871927070084949e-07
255, 325, 9.550843149906476e-07
336, 424, 9.15942155058932e-07
1621, 1967, 9.157526903923861e-07
0, 1141, 9.019658866062218e-07
105, 475, 8.684503560615136e-07
2384, 2447, 8.567976377235142e-07
252, 750, 8.563201019170658e-07
105, 151, 8.419596953253405e-07
252, 1043, 8.38298816145244e-07
1928, 2069, 8.308861616038739e-07
439, 750, 8.159195106417955e-07
0, 659, 8.114237978523854e-07
572, 969, 8.064889747860644e-07
887, 1243, 7.961906237524359e-07
439, 1043, 7.912349378328437e-07
836, 1246, 7.277263113392628e-07
927, 1053, 6.903511997359436e-07
737, 869, 6.511825096305559e-07
1674, 1967, 6.034086514760775e-07
1534, 1650, 5.888519061579655e-07
1979, 2118, 5.806794261437649e-07
805, 1196, 5.759820568644641e-07
2206, 2306, 5.621404822919745e-07
1774, 1919, 5.586758520326068e-07
0, 327, 5.571163987764762e-07
1810, 1940, 5.375427907442022e-07
1528, 1605, 5.366015239068657e-07
1685, 1919, 5.252733564523554e-07
1791, 1967, 5.241157836738808e-07
1979, 2220, 5.133433294895053e-07
2328, 2447, 5.070039131663871e-07
0, 1196, 5.031411722353754e-07
1685, 1940, 5.014959278526686e-07
1505, 1967, 4.896060417130177e-07
324, 1043, 4.824349424147839e-07
2161, 2447, 4.75606194427378e-07
265, 434, 4.716654543214306e-07
1774, 1979, 4.6959383368364235e-07
739, 1043, 4.6845097904812105e-07
2084, 2447, 4.6555924397782156e-07
324, 434, 4.4899806589259155e-07
2209, 2306, 4.403909431903675e-07
265, 495, 4.295833869651232e-07
2161, 2392, 4.2112737226968365e-07
242, 327, 4.191490280921726e-07
2084, 2392, 4.11945174727094e-07
2311, 2406, 4.1111814889033814e-07
1312, 1822, 4.1029107629701643e-07
265, 498, 4.024903705501771e-07
269, 434, 4.008110392775139e-07
1371, 1534, 3.767321668727464e-07
1685, 1979, 3.7508154785156097e-07
2348, 2392, 3.74968201207985e-07
269, 495, 3.719617076686065e-07
1966, 1979, 3.6938655687451393e-07
2047, 2118, 3.6852791697364446e-07
2084, 2306, 3.572965779672885e-07
1803, 1967, 3.549497631915552e-07
361, 439, 3.526293329584409e-07
1856, 1967, 3.52225906551382e-07
269, 498, 3.4850278221094806e-07
836, 1066, 3.4306689659262536e-07
324, 370, 3.4123736612804166e-07
2161, 2306, 3.211387319383777e-07
414, 498, 3.17193444625448e-07
414, 439, 3.166819816542413e-07
293, 343, 3.105048614263391e-07
2206, 2397, 3.100351729240562e-07
367, 439, 3.0511704380650246e-07
414, 495, 2.9662119144432744e-07
0, 668, 2.925576415224018e-07
962, 1127, 2.822238166665668e-07
363, 424, 2.810387624623148e-07
2209, 2397, 2.752073169940302e-07
150, 300, 2.666181764429712e-07
2047, 2069, 2.431183395609252e-07
304, 439, 2.3502185414910032e-07
2226, 2447, 2.258809989777541e-07
2226, 2392, 2.2131410499206336e-07
242, 632, 2.1947204573208952e-07
265, 695, 2.057809617821695e-07
324, 750, 1.8726190994911793e-07
255, 434, 1.8581937869745977e-07
269, 695, 1.7817876566222753e-07
361, 495, 1.7580011527439e-07
367, 498, 1.7536112760102272e-07
361, 498, 1.7519846829857388e-07
367, 495, 1.7421671442989789e-07
255, 495, 1.6673958617659544e-07
498, 695, 1.6081962285791892e-07
1922, 2220, 1.583953836356705e-07
255, 498, 1.562229833809715e-07
293, 708, 1.5515189116164643e-07
265, 343, 1.541524256741422e-07
2069, 2406, 1.5322136635467964e-07
591, 670, 1.4895606888533875e-07
336, 439, 1.4044028993327056e-07
367, 695, 1.3348723895785278e-07
274, 370, 1.3161563762089425e-07
150, 424, 1.2635899598774239e-07
2144, 2447, 1.2612142792568428e-07
591, 655, 1.2492135701560386e-07
414, 708, 1.24365567681868e-07
2311, 2447, 1.21024159899195e-07
242, 596, 1.1787511297478226e-07
361, 695, 1.1736773028127069e-07
2144, 2392, 1.1441709539152483e-07
737, 773, 1.1319620066654531e-07
269, 343, 1.1127298637532457e-07
643, 670, 1.0746108441770804e-07
274, 300, 1.0673815662896822e-07
2144, 2306, 1.0504444740801386e-07
252, 708, 1.0301986949760572e-07
197, 475, 1.0134122419303685e-07
185, 424, 1.0016832520688691e-07
439, 708, 9.752516530235799e-08
185, 300, 9.712809954461725e-08
643, 655, 9.38884033104326e-08
255, 343, 9.282767440277965e-08
2047, 2406, 9.056959741681612e-08
1754, 2406, 9.048364295895971e-08
242, 699, 8.409132421658022e-08
252, 387, 8.12533194270912e-08
417, 695, 8.041133261249535e-08
255, 695, 7.984854643563223e-08
274, 325, 7.960388088027209e-08
439, 498, 7.891234059998026e-08
743, 750, 7.792907837778331e-08
2178, 2406, 7.703363339841332e-08
363, 439, 7.499535620102552e-08
150, 325, 7.453028743359208e-08
1371, 1419, 7.409783139397399e-08
439, 495, 7.311229611208227e-08
417, 424, 7.235096374079898e-08
242, 630, 7.141010966538113e-08
2353, 2406, 7.042162888826537e-08
293, 655, 6.83630424162743e-08
265, 750, 6.576432203411322e-08
2384, 2392, 6.29380454323305e-08
324, 708, 5.935658661676836e-08
105, 300, 5.8788820352048466e-08
242, 260, 5.7975898470820024e-08
1737, 2406, 5.695659107281799e-08
269, 750, 5.6943099221469626e-08
242, 659, 5.5952347192972315e-08
414, 655, 5.480598453925041e-08
2348, 2397, 5.260170844803497e-08
1966, 2406, 5.112935773502498e-08
274, 434, 5.082163671783464e-08
242, 668, 5.0283577391952925e-08
274, 495, 4.902693983838776e-08
2328, 2392, 4.8621780161647284e-08
498, 750, 4.7727530422095144e-08
2161, 2397, 4.6817328417107306e-08
274, 498, 4.5934553372258097e-08
2084, 2397, 4.576927301894861e-08
252, 655, 4.5392624065135875e-08
1505, 1666, 4.50055829246347e-08
439, 655, 4.297849867117125e-08
185, 325, 4.274759595505851e-08
367, 750, 4.267481221241901e-08
252, 265, 4.239486220206478e-08
293, 670, 4.083343364270908e-08
293, 773, 4.050564286171419e-08
1371, 1442, 4.0268504560713506e-08
363, 495, 3.919210895006932e-08
363, 498, 3.918766390065836e-08
1922, 1967, 3.887097076305326e-08
2353, 2447, 3.816459111225286e-08
1928, 2220, 3.7559460353429685e-08
361, 750, 3.752146446494409e-08
1312, 1425, 3.659936597855629e-08
336, 495, 3.5677467392447764e-08
336, 498, 3.4189744822395315e-08
293, 387, 3.36719183620658e-08
591, 699, 3.3666901538326494e-08
387, 424, 3.355217209529092e-08
414, 670, 3.27182683984175e-08
414, 773, 3.246756853066509e-08
2178, 2220, 2.960123516283934e-08
324, 343, 2.8972519127797164e-08
643, 699, 2.8708373702434554e-08
2195, 2406, 2.7754174006412768e-08
1621, 1979, 2.754153927871051e-08
363, 695, 2.7239718362092302e-08
252, 670, 2.710207998997273e-08
252, 773, 2.6895489383257825e-08
1674, 1979, 2.658319580495549e-08
324, 655, 2.6147230723666092e-08
1621, 1919, 2.582826899543582e-08
417, 750, 2.5689309048527036e-08
439, 670, 2.5657110818333497e-08
255, 750, 2.5515168476600006e-08
439, 773, 2.5459407641970387e-08
2226, 2397, 2.51330543612343e-08
1674, 1919, 2.4942888931081963e-08
304, 495, 2.482502068053297e-08
0, 130, 2.4702562662626955e-08
105, 424, 2.408601076585899e-08
1053, 1438, 2.4062428697376167e-08
274, 695, 2.3403098757108696e-08
1621, 1940, 2.3324949890214196e-08
304, 498, 2.3022052942985127e-08
2359, 2406, 2.273627051717581e-08
1674, 1940, 2.2525382345114764e-08
1810, 1919, 2.1875729098879572e-08
2187, 2406, 2.1464286183265383e-08
265, 708, 2.07936662892928e-08
1505, 1919, 2.0215978832757114e-08
2226, 2306, 1.9647841434700376e-08
361, 434, 1.956954581356937e-08
411, 475, 1.917451717483372e-08
927, 1438, 1.8842678755015125e-08
1505, 1940, 1.8256612293259646e-08
417, 498, 1.8224563114503375e-08
417, 439, 1.8119299551174875e-08
269, 708, 1.8004531424730984e-08
1737, 1864, 1.7915144850571836e-08
414, 434, 1.7712399726814625e-08
743, 773, 1.7357094532429983e-08
1754, 1864, 1.7165550381023278e-08
417, 495, 1.700755593796471e-08
367, 434, 1.6853737583914658e-08
150, 439, 1.6687471214517014e-08
1312, 1666, 1.6644968487627684e-08
336, 695, 1.644197525039981e-08
304, 370, 1.6029971878910208e-08
324, 670, 1.554750443418577e-08
324, 773, 1.5487396265493936e-08
304, 434, 1.4654102361405155e-08
150, 370, 1.4425178253583437e-08
2271, 2406, 1.3378825009972268e-08
367, 708, 1.3294342049965188e-08
185, 439, 1.3228627138335774e-08
361, 370, 1.3086666954380079e-08
498, 708, 1.3061914863864794e-08
185, 370, 1.2757484896616218e-08
105, 325, 1.2706853382097175e-08
265, 387, 1.1978629124666799e-08
361, 708, 1.168895816381939e-08
423, 695, 1.1674968628025104e-08
367, 370, 1.1647204444455837e-08
274, 343, 1.1644898327673124e-08
304, 695, 1.0748936911742941e-08
2144, 2397, 1.0404793138738777e-08
387, 695, 9.792470338025205e-09
1393, 1438, 9.449016685934731e-09
269, 387, 9.234762690140958e-09
265, 655, 9.142646061094016e-09
1017, 1438, 8.992405263574235e-09
304, 325, 8.967580261199017e-09
2311, 2392, 8.819845876612905e-09
387, 439, 8.659140187702903e-09
363, 750, 8.658387672457284e-09
155, 475, 8.410709813742557e-09
643, 756, 8.335199183218086e-09
2359, 2447, 8.30890609537441e-09
417, 708, 8.008208144142794e-09
255, 708, 7.95232485064009e-09
269, 655, 7.916307592034542e-09
336, 434, 7.8400448871249e-09
274, 750, 7.4405894614802016e-09
293, 632, 7.4392912461534065e-09
1099, 1419, 7.35486325641385e-09
387, 498, 7.295533333140232e-09
1856, 1979, 7.233133563297401e-09
1922, 1979, 7.200499871268507e-09
1791, 1979, 7.11209769929344e-09
387, 495, 7.0300484915719755e-09
2384, 2397, 7.029484862813927e-09
1042, 1419, 6.949677391076755e-09
1505, 1979, 6.685035281306905e-09
130, 475, 6.209424679278273e-09
252, 327, 6.038130312472199e-09
255, 387, 5.986815184596979e-09
414, 632, 5.9631345248517085e-09
722, 1438, 5.794403546418575e-09
367, 655, 5.739396466115102e-09
498, 655, 5.736966394040889e-09
591, 668, 5.681676333978271e-09
2069, 2447, 5.555519454316057e-09
265, 773, 5.3687609856176915e-09
336, 370, 5.322717995210866e-09
265, 670, 5.30410917851112e-09
1803, 1979, 5.2557485463384405e-09
439, 632, 5.111366517515834e-09
361, 655, 5.04632459006034e-09
336, 750, 5.006266972563221e-09
252, 632, 4.939641930462059e-09
269, 773, 4.64862521126634e-09
269, 670, 4.592648504409356e-09
150, 343, 4.447004157305188e-09
591, 632, 4.143346014353655e-09
197, 424, 4.062996924318594e-09
363, 434, 4.028874472447035e-09
293, 596, 3.9955471740487976e-09
643, 668, 3.767179170789925e-09
591, 659, 3.753415515757791e-09
498, 670, 3.749419892527498e-09
414, 596, 3.584658153750877e-09
1979, 2406, 3.569536165317403e-09
2069, 2392, 3.5535212470338837e-09
423, 750, 3.540195987379072e-09
0, 246, 3.4955554472076745e-09
367, 773, 3.4836716214904393e-09
417, 655, 3.4575123583772207e-09
367, 670, 3.4421309820527184e-09
255, 655, 3.433155624574682e-09
304, 750, 3.265270601987276e-09
1621, 1650, 3.1909262359544106e-09
498, 773, 3.0598423099576643e-09
387, 750, 3.036341331076366e-09
361, 670, 3.0264698247442673e-09
324, 632, 2.8466189913280667e-09
361, 773, 2.7402348516805465e-09
252, 596, 2.6530178353053582e-09
591, 869, 2.5601159535107018e-09
185, 343, 2.5577718941202457e-09
439, 596, 2.5515845105640404e-09
324, 387, 2.5162168318573443e-09
293, 630, 2.4205487882168146e-09
105, 439, 2.4058209096712036e-09
293, 699, 2.4057641749865615e-09
363, 708, 2.354294974169345e-09
255, 265, 2.298390528720103e-09
722, 1053, 2.289300848846558e-09
572, 754, 2.2746970538376096e-09
0, 630, 2.2318059881971657e-09
242, 869, 2.2106270437617216e-09
242, 756, 2.1882190138658175e-09
1625, 1666, 2.099538591781306e-09
363, 370, 2.092487203032454e-09
105, 370, 2.0590820518852684e-09
197, 300, 2.052124942146754e-09
130, 151, 1.9970615198638377e-09
1528, 1666, 1.9598434915752254e-09
414, 699, 1.92839561987151e-09
0, 554, 1.8778942408238023e-09
417, 773, 1.866112994812064e-09
255, 773, 1.8537581290519962e-09
743, 869, 1.7241636571645536e-09
1102, 1419, 1.6652907178044096e-09
417, 670, 1.5875192843122214e-09
255, 670, 1.5763872607531624e-09
150, 265, 1.5458662761513554e-09
423, 439, 1.5319168318036172e-09
324, 596, 1.528882267303508e-09
643, 659, 1.5227778059692574e-09
572, 593, 1.4687552544284613e-09
1534, 1605, 1.4683365627298363e-09
414, 630, 1.4623441683252938e-09
2328, 2397, 1.4371393788445102e-09
293, 659, 1.4299389455365708e-09
1295, 1534, 1.4019492627069133e-09
1371, 1605, 1.3917977688125379e-09
1534, 1666, 1.37804564602988e-09
293, 668, 1.2991730072892687e-09
439, 630, 1.2617651615813574e-09
1597, 1650, 1.2560626150613955e-09
252, 630, 1.2113521677535401e-09
414, 659, 1.1462003587821041e-09
1295, 1605, 1.044806478473811e-09
414, 668, 1.041381921740861e-09
242, 554, 9.938346554368926e-10
105, 165, 9.591474604957564e-10
252, 659, 9.494703380168228e-10
439, 659, 8.98829005032919e-10
363, 655, 8.873977633755086e-10
252, 668, 8.626425438698975e-10
252, 260, 8.557335598669099e-10
1105, 1419, 8.21586019368394e-10
1621, 1666, 8.086857356927758e-10
1371, 1650, 8.083790105649326e-10
1236, 1419, 7.873595059197881e-10
805, 1419, 7.538414921897848e-10
423, 498, 6.847348085764081e-10
423, 495, 6.582353031369025e-10
841, 957, 6.511136294723714e-10
150, 165, 6.423291189909009e-10
1295, 1650, 5.970032579022401e-10
105, 197, 5.877603174465485e-10
150, 495, 4.115385221727819e-10
150, 197, 3.937019302117085e-10
150, 498, 3.7306302871290335e-10
743, 957, 3.7076024116457415e-10
869, 957, 3.3581367207942826e-10
185, 495, 3.2623803813999946e-10
591, 957, 3.1820161665651216e-10
242, 957, 2.9936696470102094e-10
185, 498, 2.957374394866917e-10
927, 957, 2.8422334232705843e-10
293, 327, 2.390864056674991e-10
1295, 1425, 2.3182882279004565e-10
197, 325, 1.945461037373527e-10
998, 1438, 1.8238105455606606e-10
150, 434, 1.7336335603191786e-10
304, 343, 1.7068167003411308e-10
242, 593, 1.6790710399133818e-10
1473, 1605, 1.644580642462866e-10
105, 265, 1.5219601742762425e-10
417, 434, 1.510227630181104e-10
185, 434, 1.3743000164109432e-10
274, 387, 1.3674945546624647e-10
1597, 1605, 1.2177043717443086e-10
265, 327, 1.1906426955097862e-10
1966, 2006, 1.1832226422804005e-10
643, 917, 1.0881733537059213e-10
155, 300, 1.0556653022396033e-10
105, 343, 1.0439013553830598e-10
722, 927, 9.989714570844705e-11
130, 300, 9.784134916696363e-11
197, 439, 8.711439564037519e-11
269, 327, 8.538453645751768e-11
737, 917, 8.459422669003008e-11
1597, 1666, 8.126454511732296e-11
105, 495, 7.843837187902147e-11
255, 327, 7.36909470213885e-11
387, 434, 7.327187367672846e-11
242, 246, 7.161623258999755e-11
105, 498, 7.108845216176828e-11
1922, 2006, 6.955586172669644e-11
197, 370, 6.92571074535463e-11
185, 265, 6.695115477942523e-11
185, 197, 6.502522626008722e-11
336, 343, 6.415440985147964e-11
1625, 2006, 6.396190741364145e-11
0, 593, 6.339086259682354e-11
1810, 2006, 6.128598215941467e-11
255, 260, 5.822042079591279e-11
643, 1438, 5.751719008859996e-11
1312, 1967, 5.464115118566433e-11
155, 424, 5.0461411016292065e-11
1625, 2069, 4.4962747671772577e-11
887, 917, 4.252465970048907e-11
150, 260, 4.082536952514835e-11
1791, 1940, 3.796454830076149e-11
130, 424, 3.664298369382933e-11
293, 554, 3.3687460811614614e-11
105, 434, 3.268502313349302e-11
155, 325, 2.877998635260314e-11
150, 243, 2.8260793342722745e-11
1528, 1534, 2.749717218554527e-11
324, 327, 2.403078368739676e-11
252, 554, 2.2368259080970874e-11
869, 1438, 2.2131020585379828e-11
977, 1438, 2.2003157779634266e-11
737, 1438, 2.1915691495365602e-11
414, 554, 2.1801703099073738e-11
105, 243, 2.1747577257300542e-11
887, 927, 2.1373885465037974e-11
105, 260, 2.1207202314082428e-11
130, 325, 2.0931603290574636e-11
304, 387, 1.9598671201370752e-11
0, 517, 1.8326855181634073e-11
1922, 2118, 1.816034077419453e-11
643, 927, 1.7834770386642276e-11
1597, 1822, 1.757502319885231e-11
1791, 1919, 1.7256091156486073e-11
423, 434, 1.6837110305676636e-11
2069, 2118, 1.6530726539013582e-11
197, 343, 1.594036976415198e-11
1803, 1940, 1.583663098748964e-11
242, 517, 1.535831097978152e-11
361, 387, 1.530655788625707e-11
265, 1043, 1.3864760208040374e-11
197, 495, 1.3709735033251731e-11
737, 927, 1.3474025662943128e-11
367, 387, 1.337223011824641e-11
324, 554, 1.2890390032154022e-11
197, 498, 1.2425090165882077e-11
269, 1043, 1.2004548221177361e-11
411, 424, 1.0763461216979415e-11
274, 655, 9.557328809345207e-12
439, 554, 9.16308700322129e-12
274, 327, 8.889385456905871e-12
105, 155, 8.137054009133812e-12
150, 387, 8.123455484794157e-12
0, 559, 8.068153952194174e-12
185, 260, 7.783070361113619e-12
150, 327, 7.593642238491818e-12
155, 439, 7.34190326074662e-12
1241, 1419, 6.99976161702301e-12
336, 387, 6.813962209697067e-12
185, 387, 6.760095370058782e-12
336, 655, 6.727831136530292e-12
411, 498, 6.680470956611894e-12
411, 495, 6.4741095932042164e-12
1810, 2069, 6.187397316174505e-12
150, 155, 5.7588386784277466e-12
197, 434, 5.7128035167152515e-12
293, 593, 5.668667191168064e-12
130, 439, 5.421781725896028e-12
1325, 1419, 5.264264241168093e-12
155, 370, 5.215074787381184e-12
414, 593, 5.088518045491612e-12
0, 565, 5.0423523973865814e-12
423, 655, 4.776666817931413e-12
185, 243, 4.628670732160119e-12
185, 327, 4.500252941851285e-12
304, 655, 4.3979067781110925e-12
105, 212, 4.390233525995838e-12
387, 655, 4.090681515551912e-12
130, 370, 3.851180841972705e-12
0, 756, 3.5760809724907117e-12
242, 559, 3.468794553349537e-12
150, 212, 3.345380224764154e-12
130, 165, 3.2959775935010096e-12
363, 387, 3.2623023505198964e-12
1099, 1442, 3.098990647341446e-12
411, 439, 3.034887643937139e-12
1042, 1442, 2.931819738136041e-12
130, 197, 2.1366790812688404e-12
155, 343, 1.6888076220955714e-12
197, 265, 1.6286127222977607e-12
105, 387, 1.5516139837820741e-12
155, 165, 1.4923482898684877e-12
105, 327, 1.2971320844233608e-12
130, 265, 1.1810029564835883e-12
1325, 1442, 1.1803759815631323e-12
155, 495, 1.1728146450506118e-12
130, 343, 1.1243238532876233e-12
836, 1419, 1.1100294030563257e-12
155, 498, 1.0627653937288383e-12
304, 327, 1.0294862146081503e-12
265, 554, 8.969407030338172e-13
155, 197, 8.938190280799332e-13
363, 670, 8.80076498645309e-13
130, 495, 8.660894572658751e-13
155, 265, 8.017591064565507e-13
130, 498, 7.84821290337695e-13
269, 554, 7.766305812309263e-13
274, 670, 7.561207842834869e-13
367, 554, 6.47067383842279e-13
361, 554, 5.594143181248063e-13
336, 670, 5.319847598642923e-13
185, 212, 5.222345600919615e-13
293, 517, 5.205921291168274e-13
155, 434, 4.871437392224086e-13
130, 434, 3.5974146340524303e-13
255, 554, 3.48181691305634e-13
197, 387, 2.9927776302001e-13
265, 632, 2.704491854818216e-13
417, 554, 2.6750124540867023e-13
269, 632, 2.341727904572408e-13
197, 260, 1.8809565502591256e-13
324, 630, 1.8422901513775912e-13
367, 632, 1.7550949444808052e-13
411, 434, 1.6196769824443782e-13
591, 630, 1.5956485021930646e-13
361, 632, 1.5431550736238081e-13
130, 260, 1.5422524499652533e-13
197, 327, 1.485527642543995e-13
363, 554, 1.3113649864951396e-13
130, 243, 1.2551851598741593e-13
498, 632, 1.2369210408334988e-13
293, 559, 1.1757980056364104e-13
324, 659, 1.1577387074557101e-13
197, 243, 1.1103000476010084e-13
417, 632, 1.0572997520722286e-13
255, 632, 1.0498515159008402e-13
274, 554, 1.023914977127075e-13
414, 559, 8.272101066468485e-14
252, 559, 7.807223751306333e-14
252, 517, 7.688225306876878e-14
336, 554, 7.207797468770586e-14
265, 630, 6.475762371408737e-14
269, 630, 5.526788689243626e-14
324, 517, 4.842903934668226e-14
387, 554, 4.7695325225386747e-14
304, 554, 4.7120109820810483e-14
324, 559, 4.499150285157873e-14
367, 630, 4.1422567553213834e-14
265, 596, 4.138417928517613e-14
265, 659, 3.9331064635006976e-14
439, 559, 3.7217976915822536e-14
361, 630, 3.642050561610853e-14
269, 596, 3.583315943105262e-14
423, 554, 3.434110768224976e-14
269, 659, 3.40554368497174e-14
130, 155, 2.8555392970086814e-14
155, 243, 2.7680007924590552e-14
367, 596, 2.685649028099524e-14
414, 517, 2.6563329342056932e-14
498, 659, 2.633108596997936e-14
361, 596, 2.3613383063505168e-14
591, 596, 2.309075200323263e-14
150, 246, 2.3044688489976993e-14
498, 554, 2.0807696787248716e-14
417, 596, 1.8118156867371066e-14
130, 212, 1.775135860680433e-14
242, 565, 1.7341692242499386e-14
155, 260, 1.6853393873020907e-14
105, 246, 1.6595057902070482e-14
105, 130, 1.643099785339741e-14
255, 596, 1.606484431052818e-14
265, 559, 1.5814787968199105e-14
265, 517, 1.5573737470974342e-14
269, 559, 1.369348935803982e-14
269, 517, 1.3484771895299574e-14
197, 212, 1.3056336645056445e-14
367, 559, 1.1256632875463308e-14
361, 559, 9.664224330452555e-15
367, 517, 9.513645495241471e-15
361, 517, 8.943464942482656e-15
155, 212, 7.577331533549948e-15
439, 517, 7.364999572530974e-15
255, 559, 6.139112210854777e-15
255, 517, 6.045539280637721e-15
2084, 2180, 5.832175824775456e-15
417, 559, 5.169793386240331e-15
439, 668, 4.282414915025725e-15
185, 246, 3.850609679971424e-15
1754, 2093, 3.3767335872508246e-15
324, 668, 2.606914468765891e-15
1737, 2093, 2.1252174016962662e-15
363, 517, 2.0408941042196513e-15
274, 517, 1.7778413882254833e-15
417, 517, 1.555829555365282e-15
336, 517, 1.4014376901117622e-15
1966, 2093, 1.1676212891246559e-15
155, 327, 9.971827655053968e-16
2084, 2093, 8.760376797548092e-16
130, 327, 7.147478356649633e-16
293, 565, 5.878217011555774e-16
414, 565, 4.490781016028848e-16
252, 565, 3.90309859754452e-16
324, 565, 2.2492793504481555e-16
439, 565, 2.1936598601958252e-16
130, 246, 9.973607868798359e-17
197, 246, 9.230887536684011e-17
265, 565, 7.906354256698994e-17
269, 565, 6.845844414272546e-17
367, 565, 5.4950409481354133e-17
155, 246, 5.3886153005058804e-17
361, 565, 4.6833375283900406e-17
255, 565, 3.069152495641782e-17
417, 565, 2.833737309963894e-17
304, 517, 1.8384451878896605e-17
387, 517, 1.1208685181664075e-17
423, 517, 4.025359173323088e-18
155, 387, 6.6623925749501e-23
130, 387, 4.919982875113041e-23
