Gene = LOC101741956
index = 490
Annotated 5SS: [ 235 1003 1935 3333 3505 7116]
Annotated 3SS: [ 922 1804 2147 3411 6656 7223]
SMsplice 5SS: [ 235 1003 1181 1935 2289 3505]
SMsplice 3SS: [ 922 1096 1810 2147 3411 4259]
length: 8236
Partition function (logZ) = 4.236012859713226
#Introns = 2160
5SS, 3SS, prob
1003, 1096, 0.8545846826616169
1935, 2147, 0.7517767416951299
235, 922, 0.5873531205954723
2289, 3411, 0.4821871729637928
3333, 3411, 0.4292032316077324
1181, 1810, 0.3188394368327763
235, 862, 0.2750256342004659
3505, 4753, 0.19112917200144186
3505, 6348, 0.178750437941091
1316, 1810, 0.15450158014100002
6478, 7223, 0.1394758489074701
2289, 3227, 0.12033809664487981
1181, 1804, 0.10821681722805614
3505, 4259, 0.10336343379431416
4959, 6348, 0.0959935155213669
3505, 5885, 0.0834405637113425
1181, 2147, 0.0798193710746896
6478, 7690, 0.0737523051972564
1181, 1266, 0.06968828369863446
4959, 5885, 0.06883818415928805
2289, 3103, 0.06228344755786398
3505, 7690, 0.06180291929137162
6478, 6916, 0.06028370452787287
2289, 3192, 0.05829426368002295
1003, 1810, 0.057869532925965105
3505, 4460, 0.057670232655656524
7804, 8166, 0.057467097193346646
3505, 7223, 0.055380037529994916
1316, 1804, 0.052921252899122834
2289, 3176, 0.04850321527790556
6478, 6656, 0.048055173070255974
7116, 7223, 0.04346908957790749
2358, 3411, 0.04336837825789595
3505, 3729, 0.0432522825709198
1316, 2147, 0.04297742753394314
7116, 7690, 0.04224450059247643
7411, 7690, 0.03998082723295617
1935, 3411, 0.03711429742182141
828, 922, 0.0342422964102606
6208, 6348, 0.03239966772907859
7804, 8009, 0.03129450132383448
3505, 6656, 0.028810082343160064
6030, 6348, 0.026355309926278846
1382, 1810, 0.024695900692606826
2289, 3179, 0.023889531184145395
3505, 6916, 0.023716402692220164
7804, 7899, 0.022588599688701718
1181, 1757, 0.021134015198693804
235, 677, 0.021120764428193918
1003, 1804, 0.019871147299309822
7024, 7690, 0.017155476283769847
3505, 5960, 0.015579738935962638
1003, 1180, 0.01557521935627404
2289, 3143, 0.014008144865222377
4959, 6656, 0.0129960813334897
1935, 2193, 0.012927272305582205
6478, 7829, 0.012229206783535784
4959, 7223, 0.012202002651242551
785, 862, 0.011986120985781244
6208, 7223, 0.011855133619639545
6478, 7465, 0.011672469793109654
1607, 1810, 0.011572691666637812
4959, 5960, 0.011276928824141929
2289, 3189, 0.011007936663850169
3505, 8166, 0.010869243462023845
1003, 1115, 0.01085241430214632
3505, 7829, 0.010684209070592714
1935, 3227, 0.010452094396611069
2358, 3227, 0.010419963914584817
6182, 6348, 0.01017927510764586
1003, 2147, 0.010070406283457881
4959, 7690, 0.010034631647754961
3505, 4018, 0.009939569576400251
7411, 7829, 0.009446658945770585
1382, 2147, 0.009394313982327696
7411, 8166, 0.009144652096713132
7024, 7223, 0.00896215936351513
6112, 6348, 0.008956584019152284
1316, 1757, 0.008949956879652984
2289, 3086, 0.008916210676425791
1181, 1773, 0.008910378491111082
2289, 3205, 0.0088729989103978
785, 922, 0.008825971939842447
1181, 1350, 0.00861569960699674
6208, 6656, 0.008584407920239508
606, 922, 0.008567737351589976
3590, 4753, 0.008514157501650386
1382, 1804, 0.008457245413760573
3505, 8009, 0.008447166909071354
3590, 6348, 0.008399117886202165
6478, 8166, 0.008294752759491401
1607, 2147, 0.008000055575278827
4959, 6916, 0.007923349328657934
7411, 8009, 0.007656717565828707
3505, 3809, 0.007403925106935115
235, 827, 0.007114634002001933
3505, 6004, 0.0067824699424127825
6478, 8009, 0.0067600184784304025
3505, 7465, 0.006635395781116128
4684, 4753, 0.0065788683466197675
3505, 3788, 0.006518719939553528
7116, 7829, 0.006469192573685358
3505, 4299, 0.006313243055899678
6208, 6916, 0.006191258589368672
1181, 1517, 0.005978169086586977
1003, 1266, 0.00586790216454113
6208, 7690, 0.005794435843989491
157, 922, 0.00577125457394741
6030, 6656, 0.00570653123902506
1935, 3103, 0.005514380283234951
1935, 3192, 0.005496648399232698
2358, 3103, 0.005358611928626021
615, 922, 0.005309138819089553
4684, 6348, 0.005294277736533359
4959, 6004, 0.005219220095131901
4344, 4753, 0.004952928490907033
3590, 4259, 0.00492997571058151
235, 946, 0.0048581001151948135
2358, 3192, 0.004812019511698803
3505, 4528, 0.0047560510566343655
6030, 7223, 0.0047170037799008045
4461, 6348, 0.004703004511962455
1935, 3176, 0.004573480688852935
235, 470, 0.00454949278734065
1181, 1766, 0.0043582929730558
7116, 8166, 0.0043067222748837475
4344, 6348, 0.004188746264809102
2358, 3176, 0.004120445700273447
6018, 6348, 0.004013628904818263
7116, 8009, 0.003986326905237397
1607, 1804, 0.003958057925701287
1316, 1773, 0.003932936280461912
4461, 4753, 0.00391866107192403
1003, 1757, 0.0038454106329908443
1181, 1453, 0.003816940973468655
3952, 4753, 0.0038069770168292004
6182, 7223, 0.0037864261436379456
3590, 5885, 0.0036594178746415973
7804, 7966, 0.003609541960247574
7804, 7942, 0.0035714070762224654
7116, 7465, 0.0035585172723577876
235, 337, 0.003448751748216642
606, 862, 0.0033608128275907654
6478, 6940, 0.0031360207712854736
4461, 5885, 0.0031353361018738478
4684, 5885, 0.0031215533398619203
6030, 7690, 0.003069975031435626
6182, 6656, 0.0030550290412212104
6112, 7223, 0.003007482485749121
235, 1096, 0.0030020413416340015
157, 862, 0.0029324951538012385
3952, 6348, 0.0028641808596814285
1003, 1350, 0.002828122799749832
1181, 1440, 0.0027994543940110307
7804, 8204, 0.0027152393976277783
6742, 7223, 0.002679174245457121
3590, 4460, 0.002671410216969224
6112, 6656, 0.0026384564422503704
235, 784, 0.002609467457858072
4344, 5885, 0.002540451860756477
6030, 6916, 0.0024243421767562202
1906, 2147, 0.0023756997284906365
1935, 3179, 0.0022825567562541624
3590, 7690, 0.002214647375369869
3590, 7223, 0.0021939282852678306
3461, 4753, 0.002131198205440018
7024, 7829, 0.002126706146944434
1586, 1810, 0.0021186933942873606
615, 862, 0.0020936110243107466
6086, 6348, 0.002060575711342302
3590, 3729, 0.002032665889779425
2358, 3179, 0.0020238285327799786
1316, 1766, 0.0018706473874309227
1316, 1517, 0.0018613576337690723
2289, 3153, 0.0017904775829512532
2289, 3239, 0.0017880127071934642
289, 922, 0.0017876208847955818
235, 636, 0.0017643027362147373
3505, 7899, 0.0017534412906857785
1316, 1453, 0.001673976493583616
3505, 4669, 0.0016692599959002247
6478, 7514, 0.0016547036980700059
1003, 1773, 0.0016097817762012892
4959, 8166, 0.0015779130393144582
3461, 6348, 0.0015567875532355678
6742, 7690, 0.0015550743053458695
477, 922, 0.001525722028900496
3952, 5885, 0.0015195437167676027
1003, 1517, 0.0015072025977020224
1586, 2147, 0.0014996859016739028
6182, 7690, 0.0014912048295670154
1382, 1757, 0.0014797455296258696
2289, 3258, 0.0014692801756625285
1316, 1440, 0.0014520345046445677
6478, 7899, 0.0013931891836236414
7024, 7465, 0.0013821030977725548
3505, 4145, 0.0013403236875895736
4959, 7829, 0.0012917182788719306
4332, 4753, 0.001290282790988833
7024, 8166, 0.001264219258070203
3461, 4259, 0.0012549044671229675
7416, 7690, 0.0012354661042094754
2358, 3143, 0.0012296769157883118
7411, 7899, 0.0012288958698620073
441, 922, 0.0012253718847756332
1935, 2214, 0.0012072441817058289
2332, 3411, 0.0012056924407811524
1181, 1827, 0.001203347073391723
1003, 1453, 0.0011875621396104383
235, 411, 0.0011605719765285607
1935, 3143, 0.0011582095263318833
3505, 4868, 0.001156981116137821
4653, 4753, 0.0011486814798901612
3461, 5885, 0.0011479434282037333
3590, 6656, 0.0011443479247591993
3505, 3905, 0.0011339889550195778
1946, 2147, 0.0011027646248037192
1181, 2193, 0.0010998251523568398
6478, 6548, 0.0010932951109527515
1181, 3411, 0.0010549918312853328
1935, 3189, 0.0010522639666843117
3952, 4259, 0.0010364772034318838
4959, 7465, 0.0010080417906440584
4344, 4460, 0.001004761093269999
1181, 1606, 0.0009984846936049974
3505, 4440, 0.000994749023135891
6850, 7223, 0.000986921016664747
1181, 1713, 0.0009235899638655856
8010, 8166, 0.0008968804663008472
3952, 4460, 0.0008920232361878858
4461, 7223, 0.0008908438209129188
289, 862, 0.0008809565870897687
2289, 3125, 0.000871535326994115
3505, 6376, 0.0008689520847465659
4332, 6348, 0.0008639723162495482
6112, 7690, 0.0008559737437019842
1003, 1440, 0.0008535587323126798
3505, 7514, 0.0008479664253607824
2358, 3189, 0.0008407709128411647
4959, 5757, 0.0008255536101264023
7411, 7514, 0.000817657147461526
3505, 5757, 0.0008168351283895858
6018, 6656, 0.0008037443351518933
1935, 3086, 0.0007955364887078257
252, 922, 0.0007883894286634987
1003, 1766, 0.0007874319580630121
235, 901, 0.0007813725706703625
1607, 1757, 0.0007733912935757332
1181, 1872, 0.0007678327951887175
3849, 4753, 0.0007343013080709877
2358, 3086, 0.0007288261112770659
1586, 1804, 0.0007141971092005607
2289, 3045, 0.0007128579800167636
477, 862, 0.0006877778523569559
6208, 7465, 0.0006834485602064605
285, 922, 0.0006797324304612036
4684, 7223, 0.0006697723138585057
2358, 3205, 0.0006661425663025076
1316, 3411, 0.0006661333701942667
4344, 7223, 0.0006592930195591562
1559, 1810, 0.0006575269545131877
235, 762, 0.0006568961133908785
3461, 3729, 0.0006534976423816516
1382, 1773, 0.0006443737352561458
3461, 4460, 0.0006395365665561351
1382, 1453, 0.0006274534699597534
1316, 2193, 0.0006230102405071673
4959, 8009, 0.0006043218372466017
4332, 5885, 0.0005992116729073985
1935, 3205, 0.0005947206148621499
1894, 2147, 0.0005938860987986511
4653, 5885, 0.0005904336109862668
2289, 2943, 0.0005891694107587393
3153, 3411, 0.0005848831428739727
606, 677, 0.0005826334345414013
4684, 6656, 0.000579821318799483
1181, 1374, 0.0005776954826537362
6478, 6618, 0.0005686448580020697
2289, 2982, 0.0005675973659167559
7778, 8166, 0.0005601384575738193
4344, 6656, 0.0005600783061969761
3461, 7223, 0.0005598832180857485
1316, 1827, 0.0005500164457785221
3505, 4818, 0.0005484289549514729
2289, 2910, 0.0005477477978278155
3505, 3630, 0.0005468981676520476
4461, 6656, 0.0005463336399814834
6018, 7223, 0.0005332606022824573
441, 862, 0.0005291515323227263
6208, 8166, 0.0005280059615708154
3590, 5960, 0.0005161344207790579
2289, 6348, 0.000513613192687861
6086, 6656, 0.0005069373697419883
3505, 4411, 0.0005065969999055006
610, 922, 0.0004906347191791377
235, 1039, 0.0004742618140750046
239, 922, 0.00046908661627457533
4653, 6348, 0.00046834302125637424
4302, 4753, 0.000458773153462805
1357, 1810, 0.00044879312964274734
4684, 5960, 0.00044533675433907163
4461, 5960, 0.000435243997952969
235, 727, 0.00043109229165429067
1287, 1810, 0.0004271486445953741
4019, 4753, 0.0004179661047384955
235, 597, 0.0004159308826243579
1316, 1713, 0.00041075732661307126
727, 922, 0.00040823616236324874
1559, 2147, 0.0004010709433252724
1181, 1731, 0.0003946442948381367
3590, 4018, 0.00038704124616369964
3593, 4753, 0.00038657200925629176
3952, 7223, 0.0003797884249207349
4344, 5960, 0.0003767476258832592
1181, 1824, 0.0003755397909347135
1316, 1872, 0.0003727112386944796
1316, 1606, 0.00037179684933626964
6043, 6348, 0.0003712042816217638
3505, 5793, 0.000370511487772871
3505, 3602, 0.00036508662695447226
252, 862, 0.0003639359542032535
2289, 2986, 0.00035377651368462054
1978, 2147, 0.00035341661945460193
874, 946, 0.00035092072055564657
1153, 1810, 0.0003494814853712493
1181, 1721, 0.00034780565060649665
1382, 1517, 0.00034093806673404504
285, 862, 0.00033425109669970053
3631, 4753, 0.0003315069201702971
3511, 4753, 0.00032959938979663976
1181, 3227, 0.0003267185168947709
1607, 1773, 0.00032331980583094486
6892, 7223, 0.0003185972155500103
1181, 1640, 0.00031768038501294273
4959, 5793, 0.00030940142487422863
6086, 7223, 0.0003092599990620073
6478, 7708, 0.00030819522632616656
1382, 1766, 0.0003027352498435464
235, 594, 0.0003020590797756071
3849, 4259, 0.00030147503941210574
2289, 3418, 0.00030124655660449266
235, 372, 0.0002999404843078731
3505, 6618, 0.00029051809853489603
4959, 6376, 0.00028441207216171915
3333, 3418, 0.00027953578783524135
2289, 3270, 0.0002788922387663911
3590, 4299, 0.0002781362987133007
6478, 6730, 0.0002675638365486024
3153, 3227, 0.00025839342499309615
6478, 6699, 0.0002566304565556072
2042, 2147, 0.00025372396676134564
3590, 6004, 0.00025015093423690147
4959, 5048, 0.00024615929174119053
157, 677, 0.0002437551790235865
615, 677, 0.00024270857837467363
3505, 8204, 0.00024019230752876102
1351, 1810, 0.00023970505249873208
512, 922, 0.0002388024846639577
3505, 3922, 0.00023784575125298846
3505, 5048, 0.00023682886450998545
2018, 2147, 0.00023655820508286063
3593, 4259, 0.00023414452202229988
4974, 5885, 0.00022958855732933446
1003, 1606, 0.00022911443985972968
3505, 4062, 0.00022738376052178878
2265, 3411, 0.00022721994167481416
235, 428, 0.00022398362477350154
3849, 4460, 0.00022302215235902445
727, 862, 0.00022262515585816787
3590, 3809, 0.00022152765774829573
3952, 6656, 0.00022143995883909396
3461, 6656, 0.00021996739110362835
239, 862, 0.00021840134264377507
3590, 3788, 0.0002182828694842478
3505, 4509, 0.00021364825895064927
3505, 4841, 0.00021152563389271065
3849, 5885, 0.00021104401408128653
1559, 1804, 0.00021043294408648716
4332, 4460, 0.00020999466564385305
2289, 4753, 0.000208496321747299
3505, 3768, 0.00020125967253316928
1181, 1480, 0.00019813533556331005
3590, 4528, 0.00019670448826066407
4639, 4753, 0.00019663073100335848
4461, 7690, 0.00019555292544314322
1003, 1374, 0.00019542766500477862
4344, 7690, 0.00019363028327315564
610, 862, 0.0001933172718542426
7321, 7690, 0.00019048752020094743
3511, 4259, 0.00018684663123821828
1003, 1827, 0.00018680038445255265
2289, 5885, 0.00018593521522505002
1003, 1713, 0.00018370806629715658
2289, 3078, 0.00018098362130445869
4302, 5885, 0.00018080132320490353
2332, 3227, 0.00017960141675468623
2289, 3261, 0.00017946393247011353
3505, 5824, 0.00017835883477219488
3631, 3729, 0.0001759492817831025
1554, 1810, 0.00017588774052590137
3505, 7708, 0.00017498819531028905
3631, 4259, 0.00017369092243382255
1181, 3192, 0.0001724747597126123
1316, 1731, 0.0001698003364573852
1316, 1824, 0.00016959947567359176
2821, 3411, 0.0001695047166833363
1181, 3103, 0.00016938329036430427
1458, 1810, 0.00016897308646903755
4669, 4753, 0.00016861851636427305
621, 922, 0.00016596192462512314
6478, 7115, 0.0001650449116179086
4959, 5679, 0.0001632333323252252
3333, 4753, 0.00016104354573157902
3952, 5960, 0.00016035463699384312
1357, 2147, 0.00015968902280911985
3505, 5679, 0.0001593746238303493
3952, 4018, 0.0001585439390366777
1607, 1766, 0.00015694365084608893
1316, 3227, 0.0001562442911939838
828, 946, 0.00015330583820773582
1316, 1721, 0.00015193279915856316
3505, 3589, 0.000151322386134141
2289, 3072, 0.0001508448542516906
1357, 1804, 0.0001505963871350886
4959, 5824, 0.00014782632277848985
3505, 4632, 0.00014487351012477598
235, 1180, 0.0001443420963413143
1161, 1810, 0.00014399334973903862
2289, 2915, 0.0001439247980259232
1935, 2169, 0.00014388877846128385
2289, 2730, 0.00014325005053723527
1382, 3411, 0.00014131471554471476
1181, 3176, 0.00013752026310356397
3505, 3614, 0.0001375188351662244
1287, 1804, 0.00013569978360341634
1586, 1757, 0.00013399833224998566
1316, 1640, 0.0001328234693158481
1181, 1243, 0.0001286260652619237
2227, 3411, 0.00012800860745526785
2289, 2458, 0.0001278082824916226
1935, 2112, 0.0001274809980524082
1382, 2193, 0.00012729285615146712
1287, 2147, 0.0001257081843403419
3461, 4018, 0.0001255113536894193
1003, 1872, 0.0001253745545302551
1607, 3411, 0.00012424708304483993
1935, 3239, 0.0001239605788402933
3505, 6548, 0.00012353777506580432
6478, 6714, 0.00012293368123280387
3286, 3411, 0.00012268325886301854
1181, 1838, 0.00012208426568134347
1607, 2193, 0.00012004449636379308
2289, 3213, 0.00011813874543878188
177, 922, 0.00011790401325594028
1935, 3153, 0.00011738932215649287
4639, 5885, 0.00011554422573506576
1003, 2193, 0.00011545663836237253
3505, 3668, 0.00011532425769691029
2289, 3729, 0.00011531894539409352
3505, 6699, 0.00011477845204130676
3505, 3976, 0.00011419114118974466
235, 1810, 0.00011413548493971828
3593, 4460, 0.0001139826390902849
4684, 6004, 0.00011389224875942627
1153, 1804, 0.00011189064577042768
1935, 2002, 0.00011036467135304892
2289, 2963, 0.00011010562151055716
822, 922, 0.0001099478436744342
2358, 3153, 0.0001054932266705312
235, 540, 0.00010529078795748794
235, 340, 0.00010513592242006702
3593, 5885, 0.00010440364695314208
1554, 2147, 0.00010427477655485252
512, 862, 0.0001038536467014448
3333, 4259, 0.0001035234323393917
2358, 3239, 0.0001027145429988892
1935, 3258, 0.00010241470700267743
2289, 4259, 0.0001006178721105389
1181, 2214, 0.00010033363419129168
4461, 6004, 9.87030385311157e-05
4019, 5885, 9.858615807279965e-05
2332, 3103, 9.826329855757354e-05
3593, 3729, 9.809510575818535e-05
4344, 6004, 9.807319170919478e-05
828, 1096, 9.76677535415826e-05
874, 1096, 9.764959726000098e-05
2335, 3411, 9.620985260100427e-05
4461, 4528, 9.469085940795282e-05
1906, 3411, 9.44930028470801e-05
3511, 4460, 9.414167765781612e-05
2373, 3411, 9.166661689913822e-05
1003, 1144, 9.111944803372585e-05
4660, 4753, 9.056732688002385e-05
1382, 1827, 8.974752522104574e-05
3461, 3809, 8.95996132688056e-05
1282, 1810, 8.951214763291549e-05
3505, 4998, 8.917386489759704e-05
3461, 3788, 8.676078342081234e-05
2289, 3245, 8.596779620952416e-05
3461, 5960, 8.534861204433555e-05
3511, 5885, 8.489897673424348e-05
1466, 1810, 8.397203695741153e-05
3333, 3729, 8.343530224364258e-05
2358, 3258, 8.315051709930817e-05
4019, 4460, 8.288228809503272e-05
1596, 1810, 8.246763195649748e-05
1351, 2147, 8.175148414551717e-05
4019, 4259, 8.06374518852262e-05
2289, 3112, 8.057657662362253e-05
1351, 1804, 8.04469611700801e-05
1316, 3103, 7.927448989354484e-05
3631, 5885, 7.885789565899106e-05
606, 946, 7.87162181128475e-05
1153, 2147, 7.854458095936303e-05
157, 827, 7.716765603552719e-05
1458, 2147, 7.628384366350001e-05
785, 1096, 7.505715104863895e-05
3590, 4669, 7.458261862174453e-05
1316, 1480, 7.347593366742039e-05
2289, 3264, 7.262650504291819e-05
235, 898, 7.208037871757831e-05
606, 1096, 7.189185905532814e-05
785, 946, 7.137360500185011e-05
1607, 1713, 7.036353400782917e-05
1003, 1731, 7.005321684602493e-05
606, 827, 6.989141428042148e-05
235, 759, 6.950428124989748e-05
1003, 1640, 6.800074258854645e-05
3277, 3411, 6.697015587341782e-05
157, 470, 6.675889405331753e-05
3631, 4460, 6.645259965038191e-05
1382, 1713, 6.633188273670024e-05
3511, 3729, 6.60068691455062e-05
1935, 2289, 6.53699782263935e-05
621, 862, 6.51885177661106e-05
1181, 1866, 6.47465296681785e-05
7116, 7514, 6.466289636087748e-05
235, 1115, 6.426060241865687e-05
1003, 1721, 6.371227458302613e-05
6043, 6656, 6.356487040793925e-05
1382, 1872, 6.348619582101601e-05
6823, 7223, 6.330502314489205e-05
289, 677, 6.241614163265235e-05
177, 862, 6.180125049493763e-05
2548, 3411, 6.0465022110666106e-05
1003, 1480, 6.037011021318492e-05
3952, 4299, 6.0057984493886144e-05
1003, 1824, 5.965359089272396e-05
1935, 3125, 5.9331193841684334e-05
1554, 1804, 5.84433488510968e-05
1003, 3411, 5.84118660715282e-05
1458, 1804, 5.7800665866855776e-05
1181, 1477, 5.756383356852636e-05
1316, 1838, 5.652136793956819e-05
1935, 3045, 5.606216455630223e-05
1596, 2147, 5.547939675101578e-05
815, 922, 5.539871727477545e-05
3505, 5900, 5.516250000785458e-05
2358, 3125, 5.486177160076573e-05
1935, 2221, 5.442513405025318e-05
235, 577, 5.390827616791734e-05
1316, 2214, 5.354644252699974e-05
1382, 1606, 5.197260086648485e-05
1935, 2943, 5.159332172714741e-05
615, 946, 5.085651252816485e-05
1935, 2910, 5.031537764034563e-05
1181, 1276, 5.0297119442775105e-05
157, 946, 4.920858750406243e-05
3333, 5885, 4.904113968189139e-05
484, 922, 4.875673723299688e-05
4442, 4753, 4.860900891498292e-05
1161, 1804, 4.847032998634936e-05
1946, 3411, 4.8446380044475914e-05
2665, 3411, 4.81436012019484e-05
2358, 2943, 4.759434800973653e-05
1003, 1121, 4.7459188750288166e-05
615, 1096, 4.6535641190271594e-05
2289, 2998, 4.603988217385208e-05
3333, 4460, 4.5982074923258774e-05
1683, 1810, 4.560993453517299e-05
4601, 4753, 4.546457872748261e-05
455, 922, 4.5455284803514916e-05
3755, 4753, 4.526904203336091e-05
615, 827, 4.512697857378349e-05
1935, 2982, 4.509512547750896e-05
2358, 2910, 4.463953215128701e-05
828, 901, 4.4352607251680735e-05
2358, 3045, 4.3589534616471886e-05
4869, 5885, 4.3375417650107895e-05
3461, 4299, 4.3211424187025996e-05
235, 873, 4.318671476146371e-05
4302, 4460, 4.3022948111214303e-05
2289, 4460, 4.300477694060959e-05
1586, 1773, 4.243770134115757e-05
3952, 4528, 4.240336292464056e-05
1989, 2147, 4.2216878383853524e-05
2358, 2982, 4.2042141808876255e-05
235, 1266, 4.1723176412128083e-05
67, 922, 4.165822155570292e-05
1440, 1810, 4.114074124126364e-05
3505, 3845, 4.100294331904559e-05
1181, 1462, 4.050376221412885e-05
3505, 6190, 3.966020284024224e-05
3505, 3740, 3.878623753647564e-05
574, 922, 3.872550288845982e-05
1153, 1266, 3.842212025838622e-05
4881, 5885, 3.8382680605963094e-05
1466, 2147, 3.797809990913105e-05
1906, 2193, 3.783487577596189e-05
405, 922, 3.766636652851062e-05
8, 922, 3.7510705308963365e-05
4601, 5885, 3.724609135099547e-05
235, 1804, 3.722265625278259e-05
3461, 4528, 3.5715902986375444e-05
3590, 4145, 3.504130320042496e-05
2289, 2862, 3.498414512365845e-05
1161, 2147, 3.446368198000053e-05
3505, 3869, 3.377890333745764e-05
7009, 7223, 3.326017838440116e-05
477, 677, 3.234351975219727e-05
1316, 1866, 3.194652493150974e-05
2289, 2967, 3.186090174934288e-05
2289, 7223, 3.174475581005504e-05
2243, 3411, 3.1615155211994686e-05
1607, 1872, 3.1553881682901195e-05
1607, 1827, 3.112499466687102e-05
2289, 2706, 3.088238525645427e-05
4332, 6656, 3.052532459732062e-05
157, 1096, 3.0461852935966022e-05
1282, 1804, 3.0327007160004417e-05
4344, 4528, 2.890877354675276e-05
610, 677, 2.885638533084824e-05
1382, 1480, 2.8365429429616196e-05
157, 784, 2.8198099796335397e-05
2289, 2850, 2.803256234462579e-05
1357, 1757, 2.765577435252916e-05
2358, 3418, 2.7625783900049223e-05
252, 677, 2.7615197109409827e-05
1935, 2986, 2.7612698843498423e-05
1683, 2147, 2.74406006634924e-05
1382, 1731, 2.7417257870936347e-05
1320, 1810, 2.7088268273650225e-05
56, 922, 2.6813765975759795e-05
606, 784, 2.671910935116838e-05
1282, 2147, 2.6666606438432534e-05
441, 677, 2.6654550906138524e-05
2289, 6656, 2.6471028965465525e-05
1181, 1357, 2.6360512467366762e-05
1559, 1757, 2.6190179950242673e-05
1181, 1957, 2.598783499024192e-05
1287, 1757, 2.566722050960312e-05
267, 922, 2.5643889335941395e-05
1382, 1721, 2.4676931523891164e-05
1003, 3103, 2.4098910669194214e-05
285, 677, 2.3871974969666384e-05
1477, 1810, 2.3821145320214617e-05
1935, 2458, 2.3332325723589346e-05
1440, 2147, 2.327190371012772e-05
4344, 4669, 2.2976473392945596e-05
1181, 1491, 2.2947442634065234e-05
2358, 2458, 2.2698314159367586e-05
1935, 3418, 2.268176762456783e-05
235, 956, 2.2104939808177695e-05
1287, 1350, 2.19666931266144e-05
67, 862, 2.194590938037949e-05
484, 862, 2.1910957699962572e-05
2238, 3411, 2.1846080455997876e-05
1466, 1804, 2.1696303833250775e-05
1596, 1804, 2.169321419919914e-05
3590, 3905, 2.1643254142945765e-05
1316, 1477, 2.162295152187732e-05
1521, 1810, 2.14412308835235e-05
157, 636, 2.1127194335955097e-05
1161, 1266, 2.1103776281705917e-05
2458, 3411, 2.102694482907476e-05
1586, 2193, 2.0973777306291653e-05
4959, 6190, 2.0864103241868185e-05
289, 827, 2.0805134341411495e-05
1586, 1766, 2.0796685288711366e-05
2358, 2986, 2.0511612472633917e-05
1153, 1757, 2.0424344801634198e-05
455, 862, 2.0414878030468043e-05
4332, 5960, 2.0204242098755335e-05
1586, 3411, 1.9076313822892296e-05
8, 862, 1.8875234413399083e-05
1181, 1273, 1.856561294348644e-05
1382, 1824, 1.8401452623642595e-05
1003, 1243, 1.827118957314262e-05
2838, 3411, 1.8002071645932986e-05
1003, 1838, 1.796323710590491e-05
1382, 1640, 1.7925396014352792e-05
1946, 2193, 1.789080058377987e-05
615, 784, 1.753945173110454e-05
405, 862, 1.750313307292144e-05
1683, 1804, 1.7432042167219727e-05
2875, 3411, 1.735327258110704e-05
2467, 3411, 1.7101980505995563e-05
1003, 1477, 1.6929857833615787e-05
239, 677, 1.6700878763748817e-05
477, 827, 1.6512063133404765e-05
1316, 1462, 1.6416870561557806e-05
235, 806, 1.641685386750264e-05
157, 337, 1.6386100928577303e-05
1935, 2026, 1.6266248140507036e-05
289, 946, 1.6249331879188343e-05
639, 922, 1.598377582080618e-05
785, 901, 1.574546549616203e-05
235, 380, 1.5660702389609477e-05
1607, 1721, 1.5406690065310887e-05
3505, 3842, 1.5388084099295757e-05
311, 922, 1.516080701344135e-05
574, 862, 1.5148086796396606e-05
6030, 7465, 1.5086477271101759e-05
2628, 3411, 1.5060150473020638e-05
1205, 1810, 1.4981523619558377e-05
3952, 4669, 1.4900815834678107e-05
1894, 3411, 1.4842611819562606e-05
874, 1039, 1.4522117793294322e-05
157, 411, 1.4515007092696997e-05
477, 946, 1.4236880432837815e-05
300, 922, 1.3885997153009174e-05
1440, 1804, 1.3880682188897473e-05
1607, 1731, 1.3856276057625824e-05
56, 862, 1.3730428344635866e-05
289, 470, 1.353207850354015e-05
1316, 1957, 1.3475184868677332e-05
4669, 5885, 1.3466732819021766e-05
235, 980, 1.3361785554701459e-05
1477, 2147, 1.3329750577657882e-05
1181, 2112, 1.3327667668916671e-05
1521, 2147, 1.3181356427745918e-05
1181, 1819, 1.2742076333714556e-05
441, 827, 1.2596877686850638e-05
267, 862, 1.210368928797501e-05
1003, 1462, 1.2100021818896492e-05
727, 827, 1.1970731275314761e-05
2358, 2915, 1.1804798916449844e-05
1357, 1453, 1.1791112509592764e-05
1181, 2169, 1.1641478909705782e-05
2616, 3411, 1.1505741323681973e-05
828, 1039, 1.1479968559695424e-05
3755, 4259, 1.145602243000975e-05
4461, 4669, 1.1362041141860718e-05
1935, 2322, 1.1343158136191468e-05
235, 1350, 1.126553842860848e-05
477, 1096, 1.1203292641967314e-05
3590, 4440, 1.1075213743271927e-05
1181, 1554, 1.1046601898690056e-05
1935, 2915, 1.0989267938989962e-05
2358, 2730, 1.0747247240360703e-05
1607, 2214, 1.070101907698583e-05
1382, 2214, 1.058745837648278e-05
3755, 4460, 1.0572529790527954e-05
1181, 1521, 1.0541761299343156e-05
76, 922, 1.0532551873726236e-05
2289, 2432, 1.0499996378343663e-05
441, 946, 1.0481370469692399e-05
1357, 1440, 1.0445595189062648e-05
1935, 2730, 1.0331292585880366e-05
1003, 1866, 1.01439025994292e-05
1978, 3411, 1.0080880568330265e-05
332, 922, 1.0060333462775991e-05
289, 1096, 9.972817255063174e-06
1181, 1586, 9.896115594280387e-06
320, 922, 9.870798941948454e-06
606, 901, 9.838623220937666e-06
1607, 1824, 9.758325798558572e-06
252, 827, 9.395274178555579e-06
606, 1039, 9.337415902368342e-06
1894, 2193, 9.302565345444499e-06
1153, 1350, 9.06955678490447e-06
785, 1039, 9.038849134153617e-06
1382, 1477, 8.767239095861317e-06
441, 1096, 8.400258266557592e-06
1320, 2147, 8.196393020763331e-06
1935, 2963, 8.096040718246906e-06
1003, 2214, 8.047051563452116e-06
289, 784, 7.97398774443149e-06
3849, 4528, 7.946151436091092e-06
285, 827, 7.915954955922373e-06
235, 1757, 7.84464860375173e-06
1003, 1357, 7.740416428499709e-06
1316, 2112, 7.711359795190052e-06
157, 901, 7.548991636413993e-06
157, 762, 7.439140432240619e-06
1316, 1491, 7.335870432213863e-06
311, 862, 7.2584956735643974e-06
1382, 1462, 7.1986599239169155e-06
1316, 2169, 7.056298559765137e-06
874, 1180, 7.044152461176249e-06
300, 862, 6.7981999697541725e-06
2293, 3411, 6.786445423338053e-06
606, 762, 6.759307648703245e-06
252, 946, 6.703251244238652e-06
2358, 2963, 6.665463176870745e-06
1003, 1491, 6.631459329033806e-06
751, 922, 6.60528226341788e-06
252, 337, 6.498744147853319e-06
798, 922, 6.451316313519543e-06
1020, 1096, 6.3904122132026924e-06
828, 1180, 6.388089525969367e-06
1282, 1350, 6.376333458911335e-06
1153, 1517, 6.33212596769777e-06
639, 862, 6.241597205186642e-06
1181, 1305, 6.157463630683986e-06
1181, 1590, 6.1461664659253635e-06
285, 946, 6.144167442703186e-06
615, 901, 6.109596637912298e-06
615, 1039, 6.075901166404986e-06
4175, 4259, 6.0385950046831695e-06
1586, 1713, 5.8229594536938345e-06
1935, 2261, 5.809582498391706e-06
4332, 4528, 5.7926189707599125e-06
239, 827, 5.687764930479445e-06
76, 862, 5.683083927506833e-06
235, 693, 5.679567731789357e-06
1357, 1517, 5.670595540596738e-06
2018, 3411, 5.6541342397407346e-06
252, 470, 5.627722930928363e-06
477, 784, 5.594275660563946e-06
606, 727, 5.593265485710304e-06
1181, 2002, 5.5085136291298875e-06
1287, 1517, 5.447393559067314e-06
751, 862, 5.4436731522988104e-06
4344, 4440, 5.3839133758546395e-06
1351, 1440, 5.328949554431824e-06
717, 922, 5.315671104148256e-06
1351, 1453, 5.2978505910372675e-06
1559, 2193, 5.266191510176692e-06
512, 677, 5.255693370692111e-06
285, 470, 5.083940189684748e-06
177, 677, 5.052240054788614e-06
289, 636, 5.019829674259562e-06
3461, 4145, 4.908033458295198e-06
157, 597, 4.894990095055793e-06
157, 727, 4.845446944871976e-06
1181, 1298, 4.823941191312359e-06
289, 411, 4.782524105358324e-06
390, 922, 4.661532849020116e-06
157, 1039, 4.653708095748671e-06
798, 862, 4.6460659495642835e-06
3333, 3809, 4.6276049308444565e-06
1181, 1934, 4.613015307389579e-06
1978, 2193, 4.6061079193141665e-06
610, 946, 4.594190423666799e-06
320, 862, 4.585150295995406e-06
441, 784, 4.549568099822742e-06
3511, 3809, 4.541795340766436e-06
1586, 1872, 4.513109931478218e-06
615, 727, 4.492027019098686e-06
332, 862, 4.486644702647541e-06
776, 862, 4.486303911967116e-06
1287, 1453, 4.4839787256183506e-06
615, 762, 4.463769478967613e-06
1153, 1453, 4.45195565627793e-06
785, 1180, 4.451935531272215e-06
2289, 3809, 4.435856041512087e-06
1181, 1315, 4.425237008993109e-06
2289, 3788, 4.3527210044783595e-06
1935, 2706, 4.274692673548415e-06
1181, 2289, 4.2464680580100025e-06
610, 1096, 4.200284837964703e-06
1935, 2227, 4.1970589596006166e-06
727, 1096, 4.074145578250318e-06
610, 827, 4.061902276209996e-06
3333, 3788, 4.060303812279061e-06
3849, 4299, 4.053301773944196e-06
235, 1517, 4.03344562252204e-06
1003, 1276, 4.016195287479957e-06
1161, 1350, 3.968879089646255e-06
3593, 4299, 3.9278324458299125e-06
1906, 2214, 3.926144166775029e-06
239, 946, 3.916355460158011e-06
3511, 3788, 3.887164677603918e-06
606, 1180, 3.884753883765192e-06
1205, 2147, 3.864453957405408e-06
3593, 3809, 3.831135146411029e-06
252, 1096, 3.8078050456475996e-06
1065, 1180, 3.7277065340021118e-06
285, 1096, 3.727346529445858e-06
1935, 2198, 3.6873537165699633e-06
2026, 2147, 3.6400139221420264e-06
169, 922, 3.596029905267705e-06
3593, 3788, 3.594508887457962e-06
157, 594, 3.5468838701792144e-06
727, 946, 3.5368109588059865e-06
239, 470, 3.534258589122742e-06
828, 898, 3.5115359627381163e-06
67, 142, 3.4841320936290283e-06
235, 1453, 3.421265778817437e-06
1382, 1866, 3.4099362670367258e-06
1316, 2002, 3.342506039530426e-06
252, 784, 3.3419538894232766e-06
1287, 1440, 3.3331817814671624e-06
3590, 4509, 3.317946364889876e-06
235, 2147, 3.3124034474897216e-06
1316, 1554, 3.3087708084979626e-06
3511, 4299, 3.2342182406481403e-06
3631, 4299, 3.2259433234464114e-06
584, 922, 3.1798592143036265e-06
1337, 2147, 3.155792043001925e-06
1181, 1899, 3.1313881878939054e-06
1316, 1586, 3.1039260821313384e-06
239, 337, 3.087479386950259e-06
3631, 3809, 3.046607427286693e-06
1316, 1521, 3.0235315927925994e-06
1351, 1517, 3.014232086065096e-06
285, 784, 2.9932285963310433e-06
776, 922, 2.991818808584168e-06
4092, 4460, 2.9497319201520683e-06
157, 428, 2.9250119170695506e-06
1153, 1440, 2.9195082867284703e-06
3631, 3788, 2.8972553743387847e-06
3461, 4440, 2.886885096592366e-06
1181, 1894, 2.8695928362571468e-06
157, 372, 2.866775831101294e-06
269, 922, 2.8655902870674926e-06
1181, 1887, 2.8464306285735265e-06
235, 970, 2.8152736339311284e-06
3952, 4440, 2.804679771177076e-06
477, 636, 2.803498915800603e-06
380, 922, 2.7741966019759407e-06
289, 372, 2.758329610658364e-06
6100, 6656, 2.7366578885461572e-06
717, 862, 2.72336770295287e-06
4092, 4259, 2.7187466567999834e-06
2358, 2862, 2.6630269633307454e-06
1161, 1517, 2.6223889199445394e-06
1524, 2147, 2.6097702644228004e-06
1003, 1554, 2.6058348711941286e-06
1287, 1374, 2.599155308465425e-06
874, 1266, 2.577451999963825e-06
615, 1180, 2.487875541889761e-06
512, 827, 2.461611870710612e-06
239, 1096, 2.3681308363265946e-06
2358, 2432, 2.3664143616911994e-06
56, 142, 2.36393327127515e-06
874, 1115, 2.3357604800399032e-06
289, 901, 2.314180049698961e-06
1316, 2289, 2.302754885660705e-06
2358, 2706, 2.281819312680761e-06
1559, 3411, 2.2638475547420535e-06
235, 1440, 2.258937878109201e-06
1003, 1586, 2.256601946809426e-06
795, 922, 2.2500020259701103e-06
49, 922, 2.2489181450850013e-06
252, 636, 2.215023616140674e-06
2358, 2850, 2.212116936621468e-06
2018, 2193, 2.182715606624055e-06
828, 1266, 2.1748471037456946e-06
828, 1115, 2.1708792853848396e-06
390, 862, 2.1410482165866985e-06
3593, 4528, 2.1365802341294365e-06
1316, 1934, 2.1306075757791035e-06
441, 636, 2.0965279266822465e-06
1003, 1957, 2.090611176255394e-06
2358, 4259, 2.079033200170962e-06
67, 677, 2.0749327348988436e-06
574, 677, 2.069192455451312e-06
239, 784, 2.0622438795406475e-06
512, 946, 2.0571266792160866e-06
289, 762, 2.0554142812340474e-06
8, 677, 2.0443670894509025e-06
1440, 1517, 2.027901935966858e-06
1003, 1521, 2.0217916147487663e-06
795, 862, 2.0172307257793655e-06
477, 901, 1.9442566985107753e-06
1357, 2193, 1.9299200054527226e-06
1316, 1590, 1.9210748526076157e-06
285, 636, 1.893662362677295e-06
169, 862, 1.8690245553608054e-06
2358, 3729, 1.8657946472009058e-06
1382, 1957, 1.8656532230904102e-06
3952, 4145, 1.854612656317433e-06
512, 1096, 1.8394699152866516e-06
27, 922, 1.8146958418106978e-06
3511, 4528, 1.7997812343283413e-06
874, 956, 1.7986809832528825e-06
785, 873, 1.7922543731468327e-06
1163, 2147, 1.7885604968597933e-06
3333, 4299, 1.76602388862005e-06
1161, 1453, 1.7589747508992766e-06
1129, 2147, 1.750641377728355e-06
1181, 2221, 1.7440719117866823e-06
785, 1115, 1.7389460479035873e-06
4025, 4460, 1.6886162994483036e-06
285, 411, 1.6883022749239774e-06
477, 1039, 1.6618234039080591e-06
1586, 2214, 1.6531695262047572e-06
1065, 2147, 1.6422810226219703e-06
621, 946, 1.626935252931115e-06
4019, 4528, 1.6234010221225431e-06
4025, 4259, 1.6080253024896646e-06
3590, 3768, 1.605544050744337e-06
1382, 2169, 1.5974610576128243e-06
2358, 4460, 1.576344505960779e-06
785, 1266, 1.5719639351118646e-06
610, 784, 1.5687711778054649e-06
177, 827, 1.564880450341733e-06
252, 411, 1.5485517043107792e-06
3590, 4411, 1.5339571574263275e-06
289, 1039, 1.5188177576242215e-06
606, 1115, 1.5179969048855544e-06
1382, 2112, 1.511610126754139e-06
1287, 2193, 1.5064566127549114e-06
441, 901, 1.5043457911010323e-06
785, 898, 1.5037800921264797e-06
1529, 2147, 1.4919293320952444e-06
1310, 2147, 1.489818881972507e-06
1316, 1899, 1.4898159288448538e-06
621, 1096, 1.4860613542701589e-06
157, 1180, 1.4793478538487111e-06
1935, 4259, 1.478875996722696e-06
621, 827, 1.4647917089132814e-06
1003, 1590, 1.4571169145044112e-06
1287, 3411, 1.4472192315663864e-06
1323, 2147, 1.4465523681233996e-06
1003, 1273, 1.410204259483542e-06
1003, 1153, 1.4052610497148852e-06
239, 636, 1.3894505390807689e-06
4175, 4460, 1.3889738320252775e-06
874, 2147, 1.3810246269593992e-06
1382, 1491, 1.379064021757285e-06
269, 862, 1.3584775900447712e-06
1946, 2214, 1.3524606567049076e-06
2042, 2193, 1.3184092275028615e-06
157, 540, 1.3046282205485958e-06
1316, 2221, 1.3032488198484672e-06
56, 677, 1.3004297263565023e-06
380, 862, 1.2938784871857497e-06
1316, 1404, 1.2814295444479266e-06
3461, 3905, 1.2781778371684207e-06
2289, 4299, 1.2743816629493327e-06
8, 142, 1.2457700393348286e-06
1163, 1266, 1.2375579297649703e-06
477, 762, 1.2275821948498035e-06
606, 1266, 1.2250432501927035e-06
3461, 3547, 1.2122395739807812e-06
1282, 1517, 1.2105953079461198e-06
584, 862, 1.2092193542899442e-06
177, 470, 1.2082134798198434e-06
289, 727, 1.199960040150731e-06
1357, 3411, 1.199278465887154e-06
441, 1039, 1.1982827410062896e-06
289, 597, 1.1760546178147871e-06
1181, 1559, 1.1720986861624076e-06
1161, 1440, 1.1717892973374573e-06
1287, 1606, 1.1571705007727302e-06
1607, 2169, 1.1459895790254643e-06
1935, 4460, 1.1321827093192533e-06
49, 862, 1.1300627316295875e-06
828, 2147, 1.123073614222511e-06
441, 762, 1.1161310193396083e-06
1554, 2193, 1.1161246217646012e-06
3593, 4018, 1.1050172493250785e-06
235, 300, 1.103565685736939e-06
3511, 4018, 1.070837577182258e-06
1153, 2193, 1.062227522383167e-06
484, 677, 1.0481039769622766e-06
970, 1096, 1.0468408709394679e-06
1607, 1957, 1.0426879988365199e-06
4019, 4299, 1.0378294637994169e-06
235, 1002, 1.0373952883909591e-06
1003, 1315, 1.028643830618425e-06
1153, 1606, 1.0236399871069073e-06
252, 901, 1.0219296019774744e-06
177, 946, 1.0200244949969653e-06
285, 372, 1.019992207867187e-06
874, 1350, 1.0120873976100299e-06
661, 922, 1.0108571931590804e-06
405, 677, 1.0094571857291635e-06
3499, 4259, 9.996290596558017e-07
615, 1115, 9.98385026664894e-07
1181, 1909, 9.945886759251854e-07
864, 946, 9.818141876206521e-07
477, 597, 9.71950831824009e-07
1607, 2112, 9.634042611003157e-07
1153, 3411, 9.456692535901285e-07
455, 677, 9.339764528893921e-07
239, 411, 9.282448697210372e-07
1181, 1404, 9.18861560697243e-07
267, 677, 9.04569562543972e-07
1003, 1305, 8.937640621738245e-07
27, 862, 8.922008204408386e-07
1282, 1453, 8.918366945241582e-07
1351, 2193, 8.79704344083765e-07
285, 901, 8.689797273215608e-07
252, 762, 8.658435691099436e-07
606, 898, 8.620574472231614e-07
289, 594, 8.410087889363132e-07
3631, 4018, 8.235401418319319e-07
3333, 4018, 8.216444039989012e-07
1935, 3729, 8.171667321614425e-07
828, 1350, 8.031767501961702e-07
157, 759, 7.937757338476476e-07
285, 762, 7.838218447251643e-07
615, 1266, 7.795827557881855e-07
512, 784, 7.638654568620373e-07
289, 428, 7.609379090027027e-07
1458, 2193, 7.608655618189808e-07
477, 594, 7.530947353217526e-07
1894, 2214, 7.495965770797135e-07
1065, 1266, 7.420590973092406e-07
1155, 2147, 7.419579847280626e-07
3849, 4018, 7.343735675807748e-07
606, 759, 7.129377149981546e-07
477, 727, 7.127474862232564e-07
157, 898, 6.942481785835382e-07
3593, 4145, 6.736107170152404e-07
1282, 1440, 6.687827594002397e-07
4332, 4440, 6.5581494360474e-07
874, 980, 6.520410164262748e-07
157, 1115, 6.503842374130803e-07
76, 142, 6.476168777294256e-07
3461, 3768, 6.459637295239346e-07
1596, 2193, 6.37900713810655e-07
157, 577, 6.339859302792828e-07
8, 470, 6.322352863279372e-07
67, 470, 6.309105982177683e-07
252, 1039, 6.293702621658545e-07
1382, 2002, 6.256623262644445e-07
239, 901, 6.214370341723647e-07
177, 1096, 6.200784444572926e-07
1129, 1266, 6.190944444200983e-07
1039, 1115, 6.185976063141311e-07
3511, 4145, 6.028183981929088e-07
4344, 4411, 5.933624497985669e-07
3702, 4259, 5.810945300092844e-07
441, 727, 5.799032040651488e-07
1153, 1374, 5.788692128233021e-07
477, 1180, 5.772947750360657e-07
177, 784, 5.77119069086141e-07
405, 470, 5.757944877784026e-07
285, 1039, 5.735475018417535e-07
621, 784, 5.699264205887488e-07
235, 1144, 5.660176497014428e-07
67, 827, 5.626565864394012e-07
252, 727, 5.622293327504531e-07
610, 901, 5.605308830124113e-07
828, 956, 5.590149203157847e-07
512, 636, 5.573461948353447e-07
441, 597, 5.53415879293474e-07
727, 1039, 5.502042653649584e-07
252, 597, 5.482737386465787e-07
2289, 4018, 5.456010561544664e-07
157, 340, 5.453223616486142e-07
610, 1039, 5.448047906480599e-07
76, 677, 5.443314380212558e-07
727, 901, 5.412489958479396e-07
615, 898, 5.395815976807188e-07
484, 827, 5.357150119318019e-07
785, 1350, 5.237972618676867e-07
785, 2147, 5.229378551172655e-07
239, 762, 5.208996907828356e-07
822, 946, 5.124288455678159e-07
311, 677, 5.101004573467367e-07
606, 873, 5.080477407099354e-07
1039, 1180, 5.078712417918817e-07
2289, 3375, 5.027719919045949e-07
252, 372, 5.015183998102592e-07
1935, 2156, 4.982229484182322e-07
235, 864, 4.97903165208878e-07
3631, 4145, 4.935546681769282e-07
8, 827, 4.916929298967545e-07
1282, 1374, 4.916195381053702e-07
300, 677, 4.766050420074255e-07
615, 759, 4.75451998908592e-07
235, 989, 4.753203484414381e-07
1607, 2289, 4.725491910672677e-07
455, 827, 4.6931579647694416e-07
67, 169, 4.6382858210153737e-07
1382, 2289, 4.628689010997618e-07
285, 727, 4.5625244509136055e-07
285, 597, 4.539890030971625e-07
289, 1180, 4.5169525261926895e-07
484, 946, 4.4595560862502445e-07
157, 873, 4.3844123497078216e-07
1155, 1266, 4.306234847980092e-07
1607, 2221, 4.2962597423784857e-07
1607, 2002, 4.2544632248515515e-07
1935, 2432, 4.2348554588541744e-07
3849, 4145, 4.1979742307544306e-07
157, 1266, 4.173567092536789e-07
3461, 4411, 4.170174881224523e-07
1205, 1350, 4.079946570992427e-07
177, 636, 4.0686101473701174e-07
455, 946, 4.065246917319e-07
441, 594, 4.032457439382877e-07
235, 1374, 4.015558696086135e-07
56, 470, 4.0036131645803315e-07
252, 594, 3.9943986324922146e-07
610, 762, 3.963712159480251e-07
405, 827, 3.8583679238190236e-07
1382, 2221, 3.850511488080428e-07
287, 922, 3.83176419978911e-07
441, 1180, 3.8026882461328407e-07
239, 1039, 3.7877117135155987e-07
441, 540, 3.709805950350103e-07
3755, 4299, 3.6778135767188287e-07
67, 946, 3.6505563040850964e-07
822, 1096, 3.635749961697389e-07
3849, 4440, 3.62287417000212e-07
484, 1096, 3.6178566711329327e-07
1181, 3418, 3.6178431329306475e-07
574, 827, 3.5756148186942295e-07
610, 727, 3.5569263825032986e-07
512, 597, 3.5438474502320815e-07
1161, 2193, 3.525518350121383e-07
56, 827, 3.517331706685719e-07
874, 1517, 3.501470524682205e-07
606, 956, 3.4955251483538647e-07
606, 1350, 3.462506694332949e-07
2358, 3809, 3.448806035587336e-07
239, 727, 3.4406704755705357e-07
477, 540, 3.437262965676339e-07
177, 337, 3.3883283236614775e-07
405, 946, 3.3650178505336296e-07
574, 946, 3.331870680342702e-07
2332, 2458, 3.313187801707672e-07
239, 597, 3.302323295832702e-07
3499, 3729, 3.287042102315837e-07
8, 946, 3.2865869022439363e-07
1065, 1350, 3.283414566482192e-07
1989, 2193, 3.2816231321239083e-07
332, 677, 3.2541203048799697e-07
320, 677, 3.252896580116107e-07
285, 594, 3.250904754993671e-07
2358, 3788, 3.235425262786486e-07
455, 1096, 3.1613421594617794e-07
785, 956, 3.1285695690362966e-07
661, 862, 3.1112051005831445e-07
64, 922, 3.061447264947539e-07
3333, 4145, 3.035792670728501e-07
252, 428, 3.0181633808047797e-07
1906, 2002, 2.9940803875814736e-07
267, 827, 2.976327228987488e-07
574, 1096, 2.966980027619844e-07
1320, 1453, 2.947621308190282e-07
512, 901, 2.9389496930133247e-07
828, 1517, 2.846846755668392e-07
1466, 2193, 2.8134824868303727e-07
970, 1039, 2.8095180901470066e-07
815, 946, 2.807117273755791e-07
285, 428, 2.802307902742804e-07
828, 980, 2.7922728000625865e-07
235, 542, 2.784193048689439e-07
289, 540, 2.7734422358153845e-07
1382, 1521, 2.7222047267840764e-07
235, 995, 2.6942279948952255e-07
1320, 1440, 2.679802575093633e-07
177, 411, 2.610627213704744e-07
512, 594, 2.5860015357914213e-07
239, 372, 2.4820134505317283e-07
2289, 4145, 2.4657344617539074e-07
512, 1039, 2.4640733763788915e-07
405, 1096, 2.4606716594860476e-07
3590, 3668, 2.4563916823388265e-07
477, 1115, 2.4546542890877575e-07
1161, 1374, 2.412252227810972e-07
1153, 1243, 2.4032022670427586e-07
239, 594, 2.4009450521887047e-07
864, 1096, 2.336668387355459e-07
1320, 1517, 2.3329875197387595e-07
1137, 1266, 2.3312146485380643e-07
67, 1096, 2.3280585755145586e-07
1559, 2214, 2.3264712781935674e-07
8, 82, 2.317362492459522e-07
615, 873, 2.3065770813599487e-07
727, 1180, 2.2993567233876104e-07
157, 956, 2.294696658620695e-07
615, 1350, 2.235402645370972e-07
815, 1096, 2.2341462346228163e-07
615, 956, 2.2221559640720662e-07
610, 1180, 2.1939465546137885e-07
67, 784, 2.1831791053915e-07
289, 759, 2.1627882372449538e-07
3461, 3630, 2.162114962091058e-07
584, 677, 2.1608577261959419e-07
56, 946, 2.1582346783941983e-07
8, 1096, 2.1560828091663472e-07
1978, 2214, 2.1542359923212836e-07
477, 577, 2.1529943370648227e-07
267, 946, 2.1471640878728e-07
289, 898, 2.1367605360492827e-07
606, 980, 2.1177132852562423e-07
252, 340, 2.1145941052222572e-07
56, 169, 2.113711622723697e-07
874, 970, 2.0020513772189246e-07
8, 784, 2.0011224748021917e-07
289, 1115, 1.997506880616799e-07
1163, 1350, 1.997440059892071e-07
3952, 4411, 1.992888493938601e-07
8, 169, 1.9705690650670333e-07
621, 1039, 1.9432909515287136e-07
252, 1180, 1.917802025227808e-07
287, 862, 1.9012581951047486e-07
8, 337, 1.889862216690793e-07
898, 1096, 1.8875351911445268e-07
1129, 1350, 1.876918403322898e-07
822, 901, 1.8702476455820714e-07
3511, 3905, 1.838610834170365e-07
4019, 4145, 1.8371427246521358e-07
1205, 1517, 1.8354302717039575e-07
267, 470, 1.8267658560852953e-07
512, 762, 1.816702804756766e-07
3593, 3905, 1.8102484944287904e-07
785, 980, 1.802487083451227e-07
441, 1115, 1.794797897008805e-07
67, 636, 1.7926772354057078e-07
2332, 2730, 1.7899436970686565e-07
239, 428, 1.7896436181089212e-07
49, 142, 1.7859533078689824e-07
157, 806, 1.7793942031691338e-07
751, 827, 1.755704994292309e-07
484, 784, 1.7340892029805402e-07
311, 827, 1.733436939520633e-07
606, 693, 1.6899686815459986e-07
285, 1180, 1.6859469612207644e-07
1586, 1957, 1.684020625583024e-07
267, 337, 1.67040102576808e-07
8, 636, 1.6518169951916197e-07
3631, 4528, 1.641182047372855e-07
64, 862, 1.6121852355996755e-07
300, 827, 1.6028309999344944e-07
477, 1266, 1.593925717414419e-07
1906, 2289, 1.59221498743729e-07
76, 470, 1.5920237773712316e-07
157, 380, 1.59084525642032e-07
67, 337, 1.587562639287643e-07
8, 411, 1.5759866740262088e-07
621, 727, 1.5735085407735056e-07
177, 762, 1.5581290795235906e-07
1382, 1934, 1.5562213022132713e-07
3333, 3905, 1.550497575768859e-07
1935, 3809, 1.5423862874922556e-07
639, 946, 1.5359577946241163e-07
177, 901, 1.5346897620891957e-07
3702, 3788, 1.5318564475270348e-07
76, 169, 1.5291950098086856e-07
67, 411, 1.524323847947321e-07
1065, 1517, 1.5217988137642342e-07
169, 677, 1.5214927784705716e-07
76, 827, 1.4571694906443203e-07
1039, 1266, 1.4484276484913095e-07
56, 1096, 1.4218057338821622e-07
2289, 3504, 1.4137071363985572e-07
1935, 3788, 1.4015646365286516e-07
289, 380, 1.400844061599983e-07
405, 784, 1.3891614863512625e-07
289, 873, 1.3725641302202292e-07
289, 577, 1.358174464603014e-07
56, 784, 1.3537204449345207e-07
621, 901, 1.3399759503689532e-07
639, 1096, 1.3203881768536028e-07
574, 636, 1.3151728043820083e-07
157, 980, 1.2994868765129642e-07
4332, 4411, 1.298696142906777e-07
311, 946, 1.2980424568155487e-07
390, 677, 1.2886928290314348e-07
455, 784, 1.2810537513521616e-07
477, 759, 1.278959149183932e-07
3755, 4018, 1.2788544319254637e-07
252, 540, 1.2599170498500145e-07
615, 980, 1.2576221710262972e-07
267, 1096, 1.2408928893595445e-07
289, 1266, 1.2336740771193528e-07
300, 946, 1.2207772810905193e-07
1894, 1957, 1.2162977695680338e-07
621, 762, 1.194699991911966e-07
3631, 3905, 1.1909167335470366e-07
311, 470, 1.1745947619464691e-07
1020, 1115, 1.174393383192257e-07
239, 1180, 1.149417679481077e-07
390, 470, 1.1454099275459051e-07
477, 898, 1.1443081058392597e-07
56, 636, 1.1436665196974491e-07
332, 827, 1.1413978253415523e-07
3590, 3922, 1.1252928520223907e-07
49, 677, 1.0967362140989892e-07
606, 806, 1.0910353719038002e-07
300, 470, 1.0757641263836193e-07
1161, 1243, 1.0744727188833046e-07
267, 784, 1.0688226885626019e-07
285, 540, 1.0651157813797044e-07
441, 898, 1.064989567222626e-07
56, 337, 1.0084244801432623e-07
441, 759, 1.0066364138982327e-07
1316, 2458, 1.0039918253884216e-07
177, 597, 9.950663505524206e-08
1607, 2458, 9.941358189448996e-08
1020, 1180, 9.888803303945356e-08
615, 693, 9.852899942289014e-08
177, 1039, 9.630143767759228e-08
56, 411, 9.580801745112978e-08
1003, 1298, 9.55304177563411e-08
177, 727, 9.547442960275569e-08
2289, 3905, 9.536811437804291e-08
785, 1517, 9.477057898389781e-08
239, 340, 9.455417744010591e-08
3590, 3845, 9.444291188112833e-08
252, 898, 9.347482475443335e-08
76, 946, 9.344805225841364e-08
252, 759, 9.221025425367136e-08
441, 1266, 9.181525533179303e-08
269, 677, 9.172227361875359e-08
1382, 2458, 9.074750770823291e-08
2227, 2289, 8.968853284282065e-08
1050, 1180, 8.929992292831839e-08
27, 677, 8.919840320850312e-08
512, 1180, 8.88823549683959e-08
1155, 1350, 8.828863782934297e-08
157, 1350, 8.820558907418318e-08
1287, 1357, 8.677752706297676e-08
311, 1096, 8.496418956897482e-08
484, 636, 8.479367775786513e-08
252, 1115, 8.427580266375862e-08
235, 1046, 8.413860418292054e-08
1251, 1350, 8.354511433943587e-08
27, 142, 8.303260409540015e-08
285, 759, 8.259652085860988e-08
320, 946, 8.245152000001316e-08
332, 946, 8.230896764898764e-08
239, 540, 8.179302594660377e-08
332, 470, 8.048238048533064e-08
574, 784, 7.981542501036726e-08
727, 1115, 7.968872643391995e-08
1946, 2289, 7.915800668216041e-08
1316, 2322, 7.878991468861939e-08
300, 1096, 7.795886863824355e-08
441, 577, 7.646523190164657e-08
320, 470, 7.60386174373187e-08
455, 636, 7.43574953120359e-08
311, 411, 7.33012543374544e-08
289, 956, 7.297492121416882e-08
285, 1115, 7.273733950983557e-08
177, 594, 7.263379154324591e-08
610, 1115, 7.263354050535598e-08
380, 677, 7.153951350232472e-08
1161, 1757, 7.081349125636315e-08
1607, 2322, 7.016091662083146e-08
252, 577, 6.988839412161163e-08
2373, 2458, 6.924468248980234e-08
1382, 1554, 6.920871573075423e-08
405, 636, 6.8297227009573e-08
1050, 1115, 6.730249335144999e-08
2289, 3547, 6.724739306726706e-08
311, 784, 6.704640285431642e-08
727, 1266, 6.653398807861363e-08
267, 636, 6.564303284604713e-08
1586, 2289, 6.561153336191838e-08
3333, 3768, 6.542918461304175e-08
1287, 1773, 6.538246767467763e-08
828, 970, 6.512337600082257e-08
1906, 2458, 6.481879275986702e-08
380, 470, 6.437796781958446e-08
1382, 2322, 6.433881909938608e-08
1559, 1773, 6.374708869990316e-08
512, 727, 6.335442215724399e-08
1607, 1934, 6.331163392669244e-08
477, 956, 6.310550175310516e-08
300, 784, 6.285404717671411e-08
332, 411, 6.228877958108473e-08
67, 762, 6.058832000533887e-08
2265, 2458, 6.021057154404912e-08
76, 1096, 6.002628471650483e-08
320, 411, 5.8840827603189465e-08
177, 372, 5.882722815728492e-08
610, 1266, 5.7510409207439935e-08
177, 428, 5.743712751368963e-08
157, 693, 5.6538436156778393e-08
332, 1096, 5.5623893288605756e-08
2289, 3768, 5.5058022999029704e-08
320, 1096, 5.504667245457729e-08
2332, 2432, 5.480945022684549e-08
606, 2147, 5.469295992401078e-08
252, 1266, 5.389634953443197e-08
3590, 3740, 5.374390745448117e-08
285, 577, 5.232724467286914e-08
3511, 3768, 5.20286864178962e-08
267, 411, 5.161848906736612e-08
239, 1115, 5.0645085523480726e-08
3593, 3768, 4.997539292693444e-08
874, 1453, 4.9278208539374646e-08
3461, 3602, 4.890514000619226e-08
285, 380, 4.852599853808009e-08
300, 411, 4.84868169296301e-08
621, 1180, 4.815519829250798e-08
3505, 3744, 4.6499411075862184e-08
606, 970, 4.620956913267487e-08
285, 1266, 4.586959047380894e-08
3153, 3729, 4.5611212639406437e-08
3511, 3630, 4.5077810528317075e-08
905, 1096, 4.453792963616279e-08
751, 1096, 4.4260905980814987e-08
3590, 3842, 4.348519871171706e-08
3333, 3504, 4.30376076525699e-08
76, 636, 4.2972941986680326e-08
239, 577, 4.292978223316454e-08
2358, 4018, 4.268190685044286e-08
3631, 3768, 4.223062598164954e-08
8, 597, 4.156884204088183e-08
76, 337, 4.0857176930000635e-08
67, 597, 4.076684964658484e-08
785, 970, 4.072633559213035e-08
289, 980, 4.0237721174574834e-08
1065, 1144, 4.0148828791887306e-08
751, 946, 4.009427271134492e-08
3333, 3547, 3.96512746205711e-08
311, 636, 3.9605513754656326e-08
390, 946, 3.9487249381947536e-08
76, 411, 3.940717298901014e-08
169, 470, 3.8664870450880655e-08
3461, 3922, 3.8333427751122504e-08
2332, 3729, 3.793309788608977e-08
970, 1180, 3.7389421395792645e-08
3590, 4062, 3.718284799444955e-08
300, 636, 3.7079313900646355e-08
235, 1121, 3.700197207954199e-08
717, 946, 3.692298193233296e-08
441, 956, 3.607400043113621e-08
1181, 2458, 3.597776195517129e-08
2227, 2458, 3.5937031586696245e-08
828, 1453, 3.5519074047836866e-08
1559, 1957, 3.551308043568951e-08
1020, 1266, 3.5476767789442485e-08
874, 1440, 3.538990333454158e-08
477, 980, 3.5157419849126515e-08
484, 597, 3.465163678765969e-08
1039, 1350, 3.442528010775438e-08
8, 372, 3.426022031904012e-08
1906, 2322, 3.37328458226979e-08
3333, 3630, 3.360636278829088e-08
3461, 3845, 3.31429069086637e-08
49, 470, 3.302586736396417e-08
1137, 1350, 3.258099980539646e-08
239, 1266, 3.2526631744150455e-08
67, 372, 3.2400326084088286e-08
67, 1039, 3.228204751004013e-08
1003, 1934, 3.226526780281959e-08
405, 1039, 3.151168847491921e-08
8, 428, 3.110341903330975e-08
717, 1096, 3.0797934613696904e-08
8, 1039, 3.045815525495655e-08
798, 1096, 3.032047191527225e-08
8, 594, 3.0312395950994446e-08
455, 1039, 3.0114961960902325e-08
67, 428, 3.0036650990423e-08
169, 946, 3.0022751678079746e-08
615, 970, 2.986149142015136e-08
484, 1039, 2.9698956518478872e-08
67, 594, 2.9554278304512385e-08
252, 956, 2.9499739362331938e-08
1181, 2322, 2.907028532830006e-08
3590, 3869, 2.8926694500092626e-08
27, 470, 2.8716760273184336e-08
1357, 1480, 2.8607584685361225e-08
1946, 2458, 2.8371230841118695e-08
157, 970, 2.8317323257483198e-08
1205, 1453, 2.8061336009890456e-08
67, 727, 2.772534421622243e-08
285, 956, 2.7446659147348605e-08
484, 594, 2.733675152369735e-08
64, 142, 2.7051439319656284e-08
512, 577, 2.6920462306356846e-08
574, 1039, 2.6179746185072413e-08
56, 597, 2.617193482960956e-08
1153, 1480, 2.5878650229372923e-08
798, 946, 2.489895557868575e-08
2289, 3630, 2.4808814786944457e-08
177, 540, 2.4699455741396922e-08
320, 636, 2.4580632816991063e-08
1287, 1957, 2.454757228563177e-08
2335, 2458, 2.4191658471420322e-08
267, 372, 2.4143375522622528e-08
252, 380, 2.405394209194615e-08
8, 727, 2.376300092423128e-08
1153, 1276, 2.343577045215839e-08
332, 636, 2.3006704965010403e-08
1253, 1350, 2.3000836972439553e-08
3461, 3668, 2.242605386068939e-08
1287, 1480, 2.1915846974984986e-08
56, 372, 2.165572824711154e-08
390, 1096, 2.09397880956641e-08
441, 980, 2.0862541782063104e-08
512, 1115, 2.066315296257626e-08
3511, 3602, 2.0571553055462358e-08
269, 470, 2.0239209268554632e-08
455, 597, 2.0152959087059458e-08
239, 759, 1.9979953535896202e-08
639, 727, 1.960909096186407e-08
56, 428, 1.9006556695446723e-08
56, 594, 1.894337703615344e-08
874, 1002, 1.8898991993072306e-08
874, 989, 1.877570100986012e-08
3461, 3740, 1.8534731656295776e-08
300, 372, 1.8297327345448196e-08
8, 762, 1.7587651732210507e-08
56, 727, 1.7338954280185985e-08
621, 1115, 1.7321742833337938e-08
269, 337, 1.7223571372244813e-08
455, 540, 1.7093881798947124e-08
1586, 2458, 1.6964051154592587e-08
3461, 3842, 1.6872927757199364e-08
267, 597, 1.671499451599199e-08
405, 597, 1.671310864371889e-08
1946, 2322, 1.6023180956345125e-08
1351, 1757, 1.5784738154124717e-08
252, 980, 1.57663465490196e-08
2227, 2322, 1.5325287784435656e-08
405, 727, 1.529149497121253e-08
285, 980, 1.511410761526735e-08
49, 169, 1.508079445455138e-08
455, 594, 1.4935569448668952e-08
289, 693, 1.4861841115936521e-08
484, 727, 1.4716636112483946e-08
455, 727, 1.4344165173332722e-08
512, 1266, 1.4219415904944851e-08
610, 759, 1.4175771244866401e-08
169, 1096, 1.40812263875294e-08
64, 677, 1.3789966934161541e-08
1894, 2458, 1.338949465309597e-08
1050, 1266, 1.3297131424859244e-08
67, 177, 1.3260376567338426e-08
1458, 1757, 1.2838538912351592e-08
1554, 1757, 1.2736639488344884e-08
239, 380, 1.2731839820775238e-08
1683, 1757, 1.2726925754693546e-08
477, 1350, 1.2606798402418723e-08
776, 1096, 1.2594350203671708e-08
455, 762, 1.2341570300577376e-08
2358, 3504, 1.2333203433010483e-08
3849, 3922, 1.2324301927309906e-08
56, 762, 1.2305733100262253e-08
287, 677, 1.2265681791065788e-08
405, 762, 1.2219849763268164e-08
405, 594, 1.2193649935382286e-08
177, 577, 1.2156047820680278e-08
267, 594, 1.2089735883473012e-08
267, 727, 1.2062509182480208e-08
574, 727, 1.2055358344891508e-08
380, 1096, 1.2045269086677915e-08
484, 762, 1.1998312097007849e-08
169, 636, 1.1950172064617524e-08
67, 540, 1.1754026315275126e-08
289, 1350, 1.1646465355109916e-08
584, 1096, 1.1621487657934956e-08
3461, 3869, 1.1575677677001185e-08
3461, 4062, 1.1535280773627368e-08
3593, 3668, 1.1512218118537919e-08
177, 340, 1.1317117946811232e-08
1382, 1586, 1.114717951103693e-08
8, 540, 1.1092388784474167e-08
1316, 2261, 1.0983912161785954e-08
269, 1096, 1.051403967395725e-08
76, 597, 1.044773675369047e-08
169, 337, 1.0305352242802704e-08
332, 428, 1.0269243816703932e-08
1163, 1517, 1.0182016164498394e-08
27, 169, 9.912168371277406e-09
1129, 1517, 9.890170062640994e-09
267, 428, 9.803131507108521e-09
1607, 2261, 9.714373348177363e-09
239, 980, 9.51197043915048e-09
267, 762, 9.501250637855725e-09
970, 1115, 9.48136921235224e-09
390, 636, 9.236329794125913e-09
610, 693, 9.060000773511726e-09
49, 636, 9.03555431892777e-09
1586, 2002, 9.011314472034292e-09
3952, 4062, 8.923300448486303e-09
311, 428, 8.83822521727486e-09
574, 762, 8.785901759899469e-09
621, 1266, 8.741157117463458e-09
970, 1266, 8.732136727732753e-09
49, 337, 8.668549999038646e-09
1935, 3504, 8.636297396788174e-09
1382, 2261, 8.600281372222249e-09
27, 337, 8.49095694863195e-09
311, 597, 8.382001134538322e-09
169, 411, 8.3373001912313e-09
300, 597, 8.162488547169345e-09
49, 411, 8.005797255017833e-09
441, 1350, 7.95791167562877e-09
3461, 3614, 7.909577631894588e-09
76, 372, 7.867436894729419e-09
484, 577, 7.851872845616091e-09
76, 784, 7.720383891243571e-09
76, 428, 7.680829181573855e-09
76, 594, 7.598059793246918e-09
56, 540, 7.550115274683537e-09
27, 636, 7.509631172736485e-09
639, 784, 7.47779271116211e-09
269, 636, 7.311522826731144e-09
320, 428, 7.215608472821878e-09
177, 1115, 7.175415803292183e-09
27, 411, 7.154906530461054e-09
8, 177, 7.149293256230003e-09
311, 727, 7.1204632081049165e-09
76, 727, 7.109841602428601e-09
3461, 3589, 6.996657013726813e-09
1337, 1517, 6.982024425290464e-09
477, 693, 6.9657761982097784e-09
1894, 2002, 6.926020789376663e-09
717, 784, 6.90184842289178e-09
3333, 3602, 6.847949295883911e-09
300, 428, 6.652492164568997e-09
300, 727, 6.4821281627370686e-09
56, 177, 6.403683774628793e-09
1161, 1276, 6.321894226955175e-09
8, 340, 6.30881646710497e-09
252, 693, 6.2816945545560685e-09
512, 759, 6.267821493403777e-09
727, 1350, 6.183318271909804e-09
267, 340, 6.1341656020924555e-09
157, 300, 6.133574127751479e-09
639, 762, 6.118251629379709e-09
311, 594, 6.040646887204501e-09
177, 759, 5.985082988237377e-09
300, 594, 5.834895915570125e-09
269, 411, 5.7905518889464564e-09
441, 693, 5.717734392716796e-09
380, 636, 5.6429963445575306e-09
285, 693, 5.5938297750374715e-09
1337, 1440, 5.591888982868385e-09
320, 784, 5.583474016061226e-09
2289, 3602, 5.512582382003596e-09
1065, 1810, 5.497293029408118e-09
311, 762, 5.442043267075503e-09
874, 1810, 5.431362070243986e-09
405, 540, 5.411606575149688e-09
621, 759, 5.385666829840299e-09
332, 784, 5.384491245715814e-09
8, 577, 5.35511644254673e-09
2265, 2432, 5.338896993841153e-09
67, 577, 5.281546195462668e-09
67, 340, 5.2752413230399266e-09
320, 597, 5.257693088825929e-09
76, 762, 5.240678588851131e-09
332, 597, 5.235265386108244e-09
1978, 2458, 5.207474285260973e-09
300, 762, 5.165647128366177e-09
610, 1350, 5.0604553971934555e-09
2335, 2432, 4.977234233948483e-09
1316, 1559, 4.9361550826740686e-09
1065, 1453, 4.876686267158596e-09
177, 1266, 4.87320971138472e-09
874, 1144, 4.842954407799035e-09
1153, 1957, 4.8363275395982894e-09
874, 995, 4.8012464378744e-09
64, 470, 4.607659185209213e-09
1153, 1273, 4.589284109870172e-09
3755, 3905, 4.547343355446311e-09
76, 177, 4.497548517445367e-09
1003, 2002, 4.4913581392179426e-09
828, 1144, 4.480796137809369e-09
320, 727, 4.4800700371131045e-09
332, 727, 4.355478249317306e-09
1020, 1350, 4.251600741725436e-09
252, 1350, 4.209573743449494e-09
2358, 3547, 4.138065035184535e-09
874, 1374, 4.099794388216341e-09
3593, 3922, 4.020726580713485e-09
3511, 3922, 3.960491213322249e-09
239, 693, 3.908901474279758e-09
320, 594, 3.8197699861538576e-09
267, 540, 3.802936705257509e-09
332, 594, 3.8009019213991895e-09
285, 1350, 3.7926871328997986e-09
67, 151, 3.784897907017983e-09
235, 1243, 3.781203237756778e-09
3646, 3729, 3.7166807888449982e-09
3333, 3922, 3.634371347821782e-09
615, 806, 3.621990925859542e-09
1935, 2258, 3.6202859175206102e-09
157, 232, 3.589337476758939e-09
1153, 1357, 3.5526835013062746e-09
320, 762, 3.4206995300392677e-09
56, 340, 3.3762857121921306e-09
332, 762, 3.3760218508554812e-09
3333, 3668, 3.3756703899672214e-09
56, 577, 3.3071055882080714e-09
157, 542, 3.2845080492014267e-09
2227, 2432, 3.268176370523041e-09
1282, 1357, 3.2199213502852373e-09
177, 380, 3.190385655837331e-09
828, 1374, 3.1359294159053607e-09
64, 169, 3.112968264135082e-09
455, 577, 2.9952533844534587e-09
76, 540, 2.9590626553889257e-09
287, 470, 2.8723354341085454e-09
269, 372, 2.8540168838398214e-09
169, 597, 2.842226152325337e-09
8, 112, 2.8307719667166087e-09
1153, 1315, 2.8299299356862842e-09
3511, 3589, 2.704903316084087e-09
785, 1144, 2.6994764927760224e-09
1050, 1350, 2.676727835848965e-09
1205, 1374, 2.5398621709598375e-09
3511, 3614, 2.5338157555588255e-09
3511, 3668, 2.527668105396432e-09
239, 1350, 2.4306050594387696e-09
390, 784, 2.430412328601317e-09
1065, 1374, 2.3950938096082734e-09
289, 806, 2.3718638972294625e-09
67, 759, 2.3376710884759205e-09
169, 784, 2.3241531758848908e-09
1935, 3547, 2.2863278857813688e-09
1153, 1305, 2.24415014970547e-09
49, 597, 2.220838234738206e-09
405, 577, 2.2192848681018813e-09
169, 594, 2.0723563984715242e-09
390, 597, 2.0357254238970578e-09
56, 151, 2.025505675104582e-09
267, 577, 2.0124929388239392e-09
169, 727, 1.999575206427714e-09
27, 597, 1.9859422050697335e-09
311, 540, 1.9729557975001056e-09
8, 759, 1.9625224078167173e-09
1310, 1374, 1.959705702955553e-09
300, 540, 1.944946758617615e-09
390, 727, 1.938724120114137e-09
3590, 3744, 1.9072465210792736e-09
8, 380, 1.885567582702628e-09
1935, 2166, 1.879497698840988e-09
49, 372, 1.85693468023067e-09
67, 380, 1.8461344922479306e-09
785, 1374, 1.800683796105893e-09
169, 428, 1.784811521260435e-09
169, 372, 1.771440847168253e-09
27, 372, 1.6397127041538967e-09
1153, 1298, 1.6338308290704623e-09
49, 428, 1.6155493341110432e-09
269, 784, 1.595402097623085e-09
1161, 1357, 1.572687531614275e-09
970, 1350, 1.55858420488446e-09
49, 784, 1.51360228945382e-09
169, 762, 1.49930022947798e-09
27, 428, 1.4827312892599164e-09
380, 784, 1.4791129974778738e-09
727, 806, 1.4498804680728805e-09
390, 762, 1.4368920268297624e-09
56, 759, 1.3850287243199506e-09
76, 340, 1.3616193425339717e-09
2243, 2458, 1.3525202513853086e-09
27, 784, 1.3083644462459194e-09
405, 759, 1.301742985477261e-09
320, 540, 1.2320680571583516e-09
332, 540, 1.2265600507307772e-09
1129, 1374, 1.2259030664608375e-09
56, 380, 1.2169969116929408e-09
477, 806, 1.2135949903801962e-09
1003, 1404, 1.2081308670666498e-09
300, 380, 1.165657448757934e-09
621, 1350, 1.1624984849347206e-09
64, 337, 1.1608998492069523e-09
8, 151, 1.1600557541983092e-09
1163, 1374, 1.152664843245257e-09
2289, 3614, 1.1152596207900397e-09
64, 411, 1.109478634368119e-09
269, 597, 1.1073327910106995e-09
269, 428, 1.0979712195911326e-09
455, 759, 1.0949247134789708e-09
441, 806, 1.0936522384791442e-09
828, 1440, 1.0838608399080393e-09
267, 759, 1.0638027248313991e-09
252, 806, 1.0613867657976595e-09
1935, 4018, 1.047743792335881e-09
267, 380, 1.0427311055662753e-09
584, 784, 1.0398310906546126e-09
269, 762, 1.024271647246923e-09
484, 759, 9.990950408172427e-10
287, 411, 9.857043244840657e-10
311, 380, 9.712605060990142e-10
49, 762, 9.710568798780931e-10
606, 1374, 9.701057708246673e-10
1205, 1440, 9.585296746191835e-10
49, 594, 9.577370067539007e-10
2289, 3589, 9.533359692379737e-10
1065, 1440, 9.320985480349618e-10
1357, 1606, 9.228117391201182e-10
76, 151, 8.99159559186933e-10
285, 806, 8.964961124337423e-10
2358, 3630, 8.921562166069045e-10
390, 594, 8.842030991347048e-10
380, 762, 8.679833269602979e-10
27, 594, 8.573218124873376e-10
76, 577, 8.206770792195634e-10
3499, 3788, 8.174717030891472e-10
27, 762, 8.147939727063202e-10
1357, 1957, 8.131855958455997e-10
269, 594, 8.002643218967857e-10
603, 677, 7.9632155353254e-10
574, 759, 7.726010621958657e-10
1337, 1453, 7.456536027391947e-10
3333, 3614, 7.451565872380743e-10
3702, 3809, 7.313353130042996e-10
1161, 1606, 7.299816302255752e-10
380, 597, 7.184533435922836e-10
3333, 3589, 6.947161706326976e-10
239, 806, 6.535187410332056e-10
269, 340, 6.445613268897525e-10
311, 577, 6.32941183283314e-10
64, 636, 6.309712427782352e-10
621, 693, 6.02657578205818e-10
2289, 3922, 5.990585093666506e-10
287, 372, 5.865417552789538e-10
300, 577, 5.836233008921392e-10
235, 1276, 5.714453853678584e-10
3631, 3922, 5.651079293777743e-10
1351, 1606, 5.574788556421091e-10
1181, 1989, 5.333604660470858e-10
380, 594, 5.213267560206506e-10
169, 540, 5.173749932859011e-10
287, 636, 5.151293558521544e-10
441, 542, 5.025822059223257e-10
661, 784, 5.000598624487491e-10
477, 542, 4.9164679972379e-10
606, 1144, 4.89515720242397e-10
49, 177, 4.791613438622619e-10
3499, 3809, 4.6520984188034206e-10
289, 542, 4.6314503755669053e-10
1282, 1606, 4.3671859966654037e-10
49, 540, 4.313033310913272e-10
76, 380, 4.2597234833693125e-10
390, 540, 4.206260788948244e-10
1181, 2261, 4.1511136602696076e-10
3461, 3744, 4.063628784399045e-10
320, 577, 4.0047690747538044e-10
235, 1153, 3.988904387859916e-10
332, 577, 3.776510054697027e-10
27, 540, 3.607026485842733e-10
27, 177, 3.4984968797385283e-10
169, 340, 3.4145451996407453e-10
610, 806, 3.041082759612316e-10
269, 540, 2.891779490336697e-10
1181, 2227, 2.8707583523734853e-10
49, 340, 2.788084082362389e-10
27, 340, 2.734433097192072e-10
2289, 3668, 2.717686314895383e-10
1316, 1989, 2.671385648971428e-10
177, 693, 2.6256846541300884e-10
380, 540, 2.4635968941217654e-10
512, 693, 2.381273309590245e-10
1181, 2198, 2.3265629457018792e-10
64, 372, 2.26675702747697e-10
169, 577, 2.220546381579644e-10
49, 727, 2.2182603821451675e-10
252, 542, 2.1047714093337515e-10
27, 112, 2.0780835925911466e-10
269, 727, 2.0612476811002264e-10
64, 428, 2.0571180300052784e-10
1181, 2026, 1.877955109471291e-10
27, 727, 1.8622245784732046e-10
380, 727, 1.7968757929406672e-10
64, 597, 1.781396896780205e-10
285, 542, 1.773587569419972e-10
49, 577, 1.6571706695043318e-10
177, 806, 1.6561075668472021e-10
390, 577, 1.595271312149414e-10
584, 727, 1.5495293487964e-10
639, 827, 1.5024920653589596e-10
287, 428, 1.502233869202324e-10
177, 300, 1.493837600323898e-10
27, 577, 1.4847986475985205e-10
49, 151, 1.3979990919714432e-10
239, 542, 1.3703953321719939e-10
661, 727, 1.3545771787488932e-10
49, 112, 1.3497828738147094e-10
1316, 2227, 1.347697190004669e-10
269, 577, 1.3214529495484629e-10
320, 827, 1.2100160822125662e-10
269, 380, 1.1581975685421442e-10
717, 827, 1.1526362587739737e-10
1316, 2198, 1.1107879000895171e-10
67, 693, 1.0949902225695963e-10
1310, 1517, 1.0930166886029135e-10
8, 693, 1.0650051886730263e-10
1323, 1517, 1.0537669605352322e-10
661, 762, 1.0117876328733133e-10
584, 762, 1.008251203080867e-10
1181, 2258, 9.854045488362578e-11
1316, 2026, 9.802480564345854e-11
49, 380, 9.756934101976238e-11
639, 759, 9.3947698548558e-11
1181, 2156, 9.193140587158856e-11
169, 380, 9.099190088788987e-11
64, 177, 8.980313191310133e-11
2358, 3602, 8.597505025999854e-11
311, 759, 8.590856338593096e-11
27, 380, 8.432191996088879e-11
76, 759, 8.357915128367826e-11
300, 759, 8.1444725300804e-11
8, 93, 8.127113844484616e-11
157, 239, 8.045106475447792e-11
27, 151, 6.87895339834306e-11
8, 300, 5.392319891409675e-11
320, 759, 5.328718166555422e-11
332, 759, 5.291880416190638e-11
390, 827, 5.256772096878033e-11
169, 827, 5.1738297654284044e-11
157, 222, 4.768995095824037e-11
67, 300, 4.661006366339127e-11
1316, 2258, 4.630397398049492e-11
269, 827, 3.573024230371064e-11
64, 340, 3.494379693269464e-11
380, 827, 3.176666293386236e-11
56, 300, 3.167082828696143e-11
49, 827, 3.152003948388911e-11
67, 210, 3.091112862474038e-11
615, 1374, 3.033321581084838e-11
67, 184, 2.991993917028833e-11
1129, 1453, 2.9025897206256567e-11
64, 151, 2.730507800709983e-11
8, 210, 2.720471824153959e-11
27, 827, 2.6927867718482987e-11
64, 540, 2.582454988777826e-11
287, 380, 2.490189183853321e-11
169, 759, 2.4553334096471898e-11
390, 759, 2.3344359833683932e-11
157, 1374, 2.127768465266988e-11
584, 827, 2.0057173633977258e-11
287, 762, 1.9979046520889465e-11
64, 762, 1.9887377046260583e-11
8, 184, 1.9202142336987072e-11
56, 210, 1.8887707272970707e-11
1382, 1989, 1.8834246871126017e-11
1129, 1440, 1.7530592799551273e-11
287, 540, 1.716900409858777e-11
269, 759, 1.675575567781319e-11
177, 542, 1.6263514079129687e-11
1163, 1440, 1.6079456749354892e-11
49, 759, 1.598808179796051e-11
380, 577, 1.5458847772767358e-11
56, 184, 1.54308259464425e-11
1323, 1440, 1.52454376129219e-11
380, 759, 1.4066278472015023e-11
1163, 1453, 1.2740642529655183e-11
1310, 1440, 1.269976453293175e-11
287, 597, 1.25010700545113e-11
64, 594, 1.2381134103561821e-11
64, 380, 1.1921613419965962e-11
76, 300, 1.1043361979236717e-11
606, 1517, 1.0493080196962509e-11
1316, 3729, 1.0449621901016497e-11
67, 232, 9.899560390219411e-12
287, 594, 9.842683565714102e-12
76, 184, 9.835333878052979e-12
822, 1039, 9.608235520024712e-12
1323, 1453, 9.266827420310127e-12
455, 542, 9.150202281816778e-12
8, 232, 9.0980938837126e-12
1310, 1453, 8.631603589879817e-12
76, 210, 8.56674885638665e-12
67, 542, 7.76384606215134e-12
49, 1096, 7.506735313924357e-12
8, 542, 7.313244147387746e-12
27, 1096, 6.499649621800812e-12
864, 1039, 6.431864452465213e-12
56, 232, 6.179144450629916e-12
267, 1039, 5.204257905112303e-12
56, 1039, 5.1734715431570796e-12
56, 542, 4.965478578410986e-12
795, 1096, 4.927575668932924e-12
169, 300, 3.865629985727366e-12
898, 1039, 3.854923432394291e-12
64, 577, 3.774596319612596e-12
405, 542, 3.4049318611721937e-12
606, 1002, 2.9168009460094093e-12
828, 1002, 2.8419412716329086e-12
287, 577, 2.7352876369303654e-12
49, 300, 2.6482342657582987e-12
27, 93, 2.607946451050084e-12
76, 232, 2.565194615910728e-12
267, 542, 2.500757614095891e-12
27, 300, 2.3683348549618254e-12
157, 1002, 2.247889843043804e-12
785, 1002, 2.1367828050245444e-12
76, 542, 1.956612249140368e-12
49, 210, 1.5826214310956632e-12
177, 1180, 1.515608329491378e-12
8, 96, 1.4927994438643407e-12
169, 232, 1.3527181116051653e-12
27, 210, 1.3384937616320903e-12
311, 542, 1.2430324153673321e-12
300, 542, 1.2300742838623905e-12
49, 184, 1.1938513086273629e-12
27, 184, 9.394615145948747e-13
177, 239, 8.57572604453943e-13
287, 784, 8.23924359863287e-13
320, 542, 7.710703513827346e-13
64, 784, 7.67691221918728e-13
332, 542, 7.642860105665874e-13
49, 232, 5.14200335528743e-13
169, 542, 4.742648182170442e-13
27, 232, 4.3553215018792953e-13
49, 542, 3.9341770489187197e-13
390, 542, 3.8141052737703015e-13
64, 300, 3.3386618716198604e-13
27, 542, 3.2987160970660325e-13
269, 542, 2.6502213671441827e-13
874, 1121, 2.3612438517230075e-13
380, 542, 2.2497423405322136e-13
64, 210, 2.2436684811300567e-13
64, 184, 2.0633712104778845e-13
67, 239, 2.027961597206046e-13
828, 1121, 1.9764472256925912e-13
67, 222, 1.934336388983719e-13
8, 239, 1.9287667251906343e-13
639, 1039, 1.7511260224837178e-13
8, 222, 1.7496826432505224e-13
815, 1039, 1.678926471895714e-13
311, 1039, 1.609927263992269e-13
56, 693, 1.437985589680639e-13
56, 239, 1.2596740870694292e-13
56, 222, 1.214968549162271e-13
300, 1039, 1.1569539778198703e-13
574, 693, 1.1005845905227346e-13
405, 693, 1.0801901553934401e-13
267, 693, 9.726069446268807e-14
76, 1039, 8.878133465402187e-14
455, 693, 8.61923946470641e-14
332, 1039, 8.446225878386841e-14
320, 1039, 8.171862400417898e-14
484, 693, 8.075196039562535e-14
512, 1350, 7.42737664898293e-14
64, 232, 7.272677944622463e-14
76, 693, 5.804473174487567e-14
311, 693, 5.696241519769053e-14
27, 96, 5.652853039037834e-14
717, 1039, 5.64057393622409e-14
64, 542, 5.442548380111517e-14
300, 693, 5.408635589068431e-14
76, 239, 5.270971278316165e-14
751, 1039, 5.2304998689099e-14
76, 222, 5.092308500772506e-14
169, 239, 3.940328993102544e-14
287, 542, 3.6318585484866634e-14
320, 693, 3.5953850455286075e-14
332, 693, 3.541689619060669e-14
1282, 2193, 2.6862932938328935e-14
269, 946, 2.5060485552536546e-14
380, 946, 2.4737931078221504e-14
584, 946, 1.8926970288061654e-14
49, 946, 1.8487115520553595e-14
169, 693, 1.6486506870430273e-14
390, 693, 1.4936939930013244e-14
49, 693, 1.2258831948101908e-14
584, 693, 1.1667067998211889e-14
269, 693, 1.0912095707343204e-14
27, 693, 1.0787164709156013e-14
49, 239, 1.0496955660256377e-14
49, 222, 1.0152777963352239e-14
27, 239, 8.94160623762064e-15
27, 222, 8.537186157166607e-15
64, 727, 8.069010017883805e-15
287, 727, 7.103044327144878e-15
661, 1096, 6.55465735374414e-15
67, 1115, 2.6264144915129615e-15
64, 239, 1.486836987531561e-15
64, 222, 1.4211573007642543e-15
