Gene = LOC101743079
index = 559
Annotated 5SS: [ 278 1098]
Annotated 3SS: [ 899 1212]
SMsplice 5SS: [ 278 1098]
SMsplice 3SS: [ 899 1212]
length: 2651
Partition function (logZ) = -3.8661724302769938
#Introns = 1642
5SS, 3SS, prob
1098, 1212, 0.9185922644585119
278, 899, 0.6512692796621792
264, 899, 0.2116151070572821
218, 899, 0.026981290619881245
1098, 2066, 0.02496104620864317
808, 899, 0.01754073567939705
1098, 1675, 0.017007550669196132
278, 876, 0.014301487982615947
647, 899, 0.013996104109745493
1098, 1254, 0.008736521996284767
325, 899, 0.008521169332604266
152, 899, 0.007703245698893332
78, 899, 0.005747923025750629
3, 899, 0.0050057032049577255
278, 1212, 0.004894849066782287
1098, 2226, 0.0048166420719583615
305, 899, 0.004667612183575838
264, 876, 0.004484578158557911
278, 424, 0.003754778955037239
1098, 1791, 0.0027399879398980766
1098, 2505, 0.002020065287731762
491, 899, 0.0019400900971615128
1764, 2066, 0.0017223163531375318
278, 675, 0.0017111129114106532
1098, 2180, 0.0017084479636303763
264, 1212, 0.0015595818477049138
132, 899, 0.001453277885818374
278, 646, 0.0014457795917888856
173, 899, 0.0014391586153826635
278, 585, 0.0014189171779955317
196, 899, 0.001222893493854406
1098, 1520, 0.0011849411380529245
264, 424, 0.0011805585404493612
981, 1212, 0.0009371031817804102
1098, 2480, 0.0008823708717969792
3, 95, 0.0008770995939942171
278, 1011, 0.0008451688493481703
1098, 2548, 0.0008212182570551231
1383, 2066, 0.000776500124171186
203, 899, 0.0006977329160134258
1260, 2066, 0.0006813466222537029
1345, 2066, 0.0006650176243209156
3, 115, 0.0006419442934526924
278, 534, 0.0006367160882648579
1098, 1713, 0.0006252004182379206
218, 876, 0.0005876500443886992
814, 899, 0.0005624809889738034
264, 675, 0.0005614704425579736
1764, 2226, 0.0005184980737008012
264, 585, 0.0004871000422260821
264, 646, 0.0004749534484880303
278, 1014, 0.00046244890741064734
278, 689, 0.00043858121124065274
278, 1048, 0.0003854263459830849
1098, 1684, 0.00038223871579807134
278, 616, 0.0003788871262522299
1594, 2066, 0.00036418097931267834
278, 980, 0.0003501157289107453
1260, 1675, 0.0003342277107007335
1594, 1675, 0.0003265532684845575
1764, 2505, 0.00031488862647503264
282, 899, 0.0003065711200846985
1098, 1335, 0.00030137691271853916
808, 876, 0.0002946850745675194
1345, 1675, 0.0002828265639212852
1098, 1834, 0.00027318626079770106
264, 1011, 0.00027176863546387665
647, 876, 0.000259473090871655
1098, 1359, 0.00025936216004282726
760, 899, 0.00025558781854689817
1383, 1675, 0.0002537027301971785
623, 899, 0.00024168264497824346
1098, 1719, 0.00023403534217081567
535, 899, 0.0002271261498490134
1074, 1212, 0.00022708267027370634
278, 1064, 0.0002188902492938213
647, 1212, 0.00021589444899077585
1098, 2341, 0.00020859869387676605
264, 534, 0.00020745060552230583
1513, 2066, 0.00018761104375262578
325, 876, 0.00017594353872587537
218, 1212, 0.00017426067214669537
152, 876, 0.0001651035579643033
1098, 2374, 0.00015789358939232798
2085, 2226, 0.00015265038347308285
1764, 2180, 0.00015207672630943727
264, 1014, 0.00014867581276622883
2085, 2505, 0.00014402379154966117
218, 424, 0.00014159733249614244
1383, 2226, 0.0001404729041539439
981, 1048, 0.0001400766264475867
264, 689, 0.00013913403400295164
1098, 1607, 0.00013545838366041383
1345, 2226, 0.00013408537091260872
1764, 2480, 0.00013321644763318057
1260, 2226, 0.0001324069633067323
78, 876, 0.00013088100415943499
1764, 2548, 0.00012658874495596198
1925, 2066, 0.00012339538634757545
2085, 2180, 0.00012220692554975622
264, 1048, 0.00012177648629140764
264, 616, 0.0001210671211018041
981, 1064, 0.00011661346016116794
3, 876, 0.00011477032601090668
325, 424, 0.00011296337772145739
264, 980, 0.00010768103572271977
772, 899, 0.00010312413252858699
305, 876, 9.971017091513059e-05
808, 1212, 9.061385163956168e-05
208, 899, 9.014994137587215e-05
278, 444, 8.959951688503466e-05
1098, 1222, 8.681923785136268e-05
1594, 2226, 8.678318388896218e-05
1098, 1812, 8.506187584636048e-05
1098, 2414, 8.389456027237693e-05
294, 899, 8.385456207172788e-05
278, 1083, 8.163327828862024e-05
218, 675, 7.248738046506474e-05
35, 899, 7.201575073151217e-05
264, 1064, 7.00276647247627e-05
1383, 2505, 6.91780761089274e-05
278, 1254, 6.71767501976589e-05
1098, 2089, 6.712583490282101e-05
838, 1212, 6.39810762261903e-05
218, 585, 6.30190216459728e-05
325, 1212, 6.285705674401287e-05
2085, 2548, 6.242507650922386e-05
218, 646, 6.24149412269699e-05
1260, 1791, 5.928693241161793e-05
1260, 2505, 5.857695598932207e-05
2085, 2480, 5.8028150781576577e-05
3, 424, 5.792395463029221e-05
3, 132, 5.7590736443864e-05
1345, 2505, 5.7198330217161067e-05
152, 1212, 5.611444187442641e-05
78, 424, 5.6108605583716974e-05
1383, 1791, 5.5101417029653086e-05
278, 2066, 5.5087278205440316e-05
152, 424, 5.42108498822802e-05
1098, 1809, 5.231209401780651e-05
1345, 1791, 5.159980298375166e-05
78, 148, 5.146471604353108e-05
1513, 1675, 5.091680338199584e-05
44, 899, 5.0308696458182704e-05
1069, 1212, 4.878267511721738e-05
1383, 2180, 4.745618629333125e-05
1098, 2296, 4.5426314283524344e-05
1098, 2404, 4.46312823463927e-05
83, 899, 4.437033001432689e-05
30, 899, 4.3267317249169234e-05
1098, 2018, 4.2408613881347446e-05
718, 899, 4.1504062334808716e-05
278, 1675, 4.1460384798140704e-05
1098, 1424, 4.1212184853450585e-05
1260, 2180, 4.1154971888699835e-05
1513, 2226, 4.021586225702525e-05
1594, 2505, 4.010339194994665e-05
78, 1212, 3.9511771955975314e-05
1345, 2180, 3.9270508433963613e-05
491, 876, 3.8916226537351355e-05
800, 899, 3.874474433074611e-05
1170, 1254, 3.827793025505902e-05
15, 899, 3.8109784095974486e-05
278, 460, 3.798405573385834e-05
981, 2066, 3.753929112101332e-05
305, 424, 3.556482328688711e-05
1170, 2066, 3.502732440303959e-05
1925, 2226, 3.4946339907075834e-05
305, 1212, 3.3294740509118424e-05
1098, 2627, 3.288565426141098e-05
218, 1011, 3.2789196559890625e-05
173, 876, 3.238279731103667e-05
218, 534, 3.111940069766429e-05
132, 876, 3.107624847262718e-05
1925, 2505, 3.103205510085569e-05
91, 899, 3.0721003383776e-05
1383, 2480, 3.0585232988560356e-05
981, 1083, 3.047941068702037e-05
3, 1212, 3.021137190798547e-05
278, 989, 2.9926752327754915e-05
1764, 1834, 2.8939352788725278e-05
264, 444, 2.8320241727465145e-05
292, 899, 2.8236742491613903e-05
1764, 2341, 2.787817538869439e-05
1594, 2180, 2.6932147227154658e-05
196, 876, 2.6880266592146027e-05
1991, 2066, 2.6661059753680757e-05
576, 899, 2.6353909521354203e-05
981, 1675, 2.604988430870025e-05
1098, 1482, 2.5824925560384908e-05
647, 1011, 2.508721336718898e-05
264, 1083, 2.4976534013028227e-05
278, 654, 2.4903203040203145e-05
1098, 1872, 2.4752900896531653e-05
1345, 2480, 2.467201319972342e-05
1383, 2548, 2.4619438165725876e-05
819, 899, 2.3494720851032964e-05
152, 675, 2.345522344537434e-05
696, 899, 2.344505231711926e-05
240, 899, 2.3294156248776932e-05
1764, 2374, 2.2987888157165758e-05
1098, 1616, 2.280872868010065e-05
1260, 2480, 2.2252961880748435e-05
152, 646, 2.1780670528600405e-05
278, 350, 2.1482533960108563e-05
1170, 1675, 2.1457689029799777e-05
1260, 2548, 2.1208964880385274e-05
152, 585, 2.1202450280913028e-05
1098, 1399, 2.1066679600826902e-05
264, 1254, 2.0728538706785657e-05
78, 675, 2.0568811684707315e-05
325, 675, 1.9951308431125847e-05
1345, 2548, 1.9722861298098677e-05
3, 148, 1.9721451057742483e-05
3, 675, 1.9691592254514344e-05
3, 585, 1.933827647697583e-05
491, 1212, 1.93128146761115e-05
1098, 1928, 1.930687892233538e-05
1260, 1335, 1.8956305015456885e-05
78, 585, 1.894782466862495e-05
1260, 1520, 1.893949965155552e-05
218, 689, 1.8933984711063144e-05
1098, 2611, 1.8924359813430258e-05
78, 646, 1.8593772347185667e-05
218, 1014, 1.792525772362662e-05
1513, 2505, 1.7909978004041285e-05
1383, 1520, 1.761084770101906e-05
325, 646, 1.754715288112014e-05
3, 646, 1.754066500101094e-05
1594, 2480, 1.7249394832636292e-05
278, 479, 1.720966989390554e-05
1594, 2548, 1.6533230624945664e-05
35, 115, 1.6477205145970203e-05
264, 2066, 1.643950215699691e-05
218, 616, 1.6326220565166787e-05
981, 1254, 1.598273340458445e-05
1594, 1791, 1.5755885682520614e-05
325, 585, 1.5406820578337953e-05
203, 876, 1.5198263917745596e-05
1345, 1520, 1.5037721310687549e-05
278, 2226, 1.4189695557356875e-05
1093, 1212, 1.4184971357731334e-05
1134, 1212, 1.3773518903376736e-05
647, 1014, 1.3758045638456436e-05
218, 1048, 1.365834547074913e-05
1513, 2180, 1.345711777436229e-05
264, 1675, 1.31504472694321e-05
218, 980, 1.311899406889274e-05
1260, 1713, 1.2719261879729654e-05
647, 1048, 1.2357077035571038e-05
1925, 2548, 1.2251789968174005e-05
1260, 1359, 1.1986630191527773e-05
264, 460, 1.1953224632665946e-05
1098, 1410, 1.1817629468419135e-05
1764, 2414, 1.1788683701742993e-05
325, 1011, 1.1568238096240032e-05
1925, 2480, 1.146160752906135e-05
1383, 1713, 1.1304964178363994e-05
305, 675, 1.1084814923070969e-05
132, 1212, 1.0760287949223405e-05
132, 424, 1.0738328848019002e-05
1345, 1713, 1.0636430066230428e-05
1098, 1747, 1.0576780303631232e-05
173, 1212, 1.0573507518587227e-05
152, 534, 1.054593088499745e-05
30, 115, 9.961677541803624e-06
305, 646, 9.940735774937242e-06
647, 980, 9.75542523850291e-06
44, 115, 9.743454645818699e-06
173, 424, 9.700842493811206e-06
491, 585, 9.563796325421204e-06
1513, 1791, 9.556140387640753e-06
78, 534, 9.513898134400512e-06
152, 1011, 9.446325479255753e-06
3, 534, 9.400390556581347e-06
264, 989, 9.30571229272406e-06
1098, 1356, 9.077867599160737e-06
1359, 2066, 9.011264521903602e-06
387, 899, 8.959467246485416e-06
1925, 2180, 8.793634626059613e-06
196, 1212, 8.696219642623203e-06
305, 585, 8.562139837297522e-06
264, 654, 8.268703717075609e-06
1074, 2066, 8.229883699326253e-06
1513, 2480, 8.031581330777251e-06
264, 350, 7.945485839230325e-06
808, 1011, 7.809610970722703e-06
1513, 2548, 7.721729546010321e-06
760, 876, 7.63463336456272e-06
218, 1064, 7.568947677897461e-06
1098, 1891, 7.500589806300585e-06
278, 760, 7.354396892471158e-06
78, 1011, 7.341599261388153e-06
1170, 2226, 7.244560371762228e-06
1260, 1684, 7.212866828757176e-06
2085, 2341, 7.171094635718002e-06
647, 1064, 7.113064553940408e-06
15, 95, 7.024385594737363e-06
122, 899, 6.885653828059134e-06
196, 424, 6.750354647128103e-06
15, 115, 6.738858249101256e-06
282, 876, 6.72687890412128e-06
1594, 1684, 6.72614043248555e-06
1260, 1834, 6.661783207206041e-06
981, 2226, 6.644359517637549e-06
325, 534, 6.628258033470397e-06
1383, 2341, 6.484803757432968e-06
1098, 2228, 6.448539076054761e-06
2085, 2374, 6.432623906185842e-06
3, 1011, 6.422285783526253e-06
78, 196, 6.377207255325226e-06
325, 1014, 6.307491065746516e-06
814, 876, 6.293263779835225e-06
1091, 1212, 6.2481558830026266e-06
278, 2505, 6.233163833009597e-06
1345, 1684, 6.211180346322725e-06
1288, 2066, 6.196614063388408e-06
654, 899, 6.147640563873846e-06
838, 1011, 6.141614328588017e-06
1764, 2404, 6.131089618713309e-06
278, 1791, 6.12384042869107e-06
305, 1011, 6.117137728731602e-06
1764, 2296, 6.04798412734276e-06
1260, 2341, 6.0449323673909274e-06
152, 689, 5.985978932869233e-06
1345, 1834, 5.957171684424791e-06
205, 899, 5.951465485323364e-06
1074, 1675, 5.934011942207672e-06
1383, 1834, 5.899720439747991e-06
1383, 1684, 5.838280775076993e-06
152, 263, 5.837295550376105e-06
152, 616, 5.50445202252934e-06
264, 479, 5.494590513779969e-06
1345, 2341, 5.470283118945982e-06
1098, 1490, 5.432805880654027e-06
278, 784, 5.372453031674828e-06
1594, 1713, 5.312573393598494e-06
152, 1014, 5.195773102221713e-06
1764, 2089, 5.195074227737927e-06
78, 689, 5.032196713902991e-06
325, 689, 5.021895366617034e-06
623, 876, 4.996136215891638e-06
1383, 2374, 4.9929353226243455e-06
1764, 2627, 4.937035965276921e-06
1345, 2374, 4.919501552495038e-06
30, 95, 4.885431713457042e-06
3, 689, 4.865356905807929e-06
1098, 1761, 4.8414909598703976e-06
1260, 1719, 4.840686224898185e-06
325, 1048, 4.830906472769668e-06
535, 876, 4.819043056413811e-06
203, 1212, 4.796599339887281e-06
1260, 2374, 4.765523231658311e-06
662, 899, 4.7591108384737985e-06
1098, 1731, 4.729758327039802e-06
78, 616, 4.654657511281483e-06
325, 980, 4.6078041490768325e-06
132, 675, 4.5851691498532785e-06
3, 616, 4.500440354723623e-06
173, 675, 4.44097913529564e-06
278, 1520, 4.315806804116112e-06
264, 2226, 4.290017179102839e-06
808, 1014, 4.262492859609313e-06
1383, 1719, 4.256476390753912e-06
132, 585, 4.178677865397393e-06
2085, 2414, 4.1250418402064936e-06
3, 196, 4.088097731100875e-06
1098, 1448, 4.061268314062546e-06
152, 1048, 4.032587017338722e-06
132, 646, 4.022264545783208e-06
1345, 1719, 4.01274815868276e-06
173, 585, 4.0122795416287796e-06
173, 646, 4.008792076166655e-06
78, 1014, 4.006841006974409e-06
325, 616, 3.92574660906614e-06
808, 1048, 3.9031943183660335e-06
1594, 2341, 3.868980149648828e-06
772, 876, 3.8011116077729195e-06
760, 1212, 3.771514020545095e-06
981, 1791, 3.769800939641539e-06
305, 534, 3.7549999418548004e-06
203, 424, 3.708192436094726e-06
623, 1212, 3.658436965100595e-06
278, 2180, 3.6442841021298088e-06
152, 980, 3.6389538994620683e-06
1098, 1768, 3.624934966148544e-06
196, 675, 3.607438640299539e-06
604, 899, 3.5547900368513953e-06
1170, 1791, 3.55225647402857e-06
3, 1014, 3.545191925549347e-06
1359, 1675, 3.5366554551567102e-06
218, 444, 3.492852388046252e-06
491, 675, 3.4365241524002506e-06
136, 899, 3.4362580151592874e-06
463, 899, 3.3989452562364882e-06
838, 1014, 3.3449904237256466e-06
305, 1014, 3.31279552726306e-06
1098, 1469, 3.310136676427462e-06
1594, 2374, 3.2328869674378528e-06
1098, 1541, 3.1895261269582672e-06
491, 646, 3.181738182561292e-06
647, 1254, 3.170474288993449e-06
78, 1048, 3.154015096566958e-06
808, 980, 3.1495118425997388e-06
3, 263, 3.0965250614421746e-06
196, 585, 3.0714452195148776e-06
1074, 1254, 3.048640082577681e-06
196, 646, 3.009735628122966e-06
235, 899, 2.9954174271377106e-06
1170, 2505, 2.968852794492609e-06
2085, 2627, 2.9668084009077767e-06
278, 807, 2.9573051238969047e-06
218, 1083, 2.90228393547332e-06
3, 1048, 2.8819408685326057e-06
305, 689, 2.8503240166624665e-06
1288, 1675, 2.8500092079060448e-06
491, 1011, 2.8470915370958464e-06
545, 899, 2.84245636305664e-06
647, 2066, 2.825731498433643e-06
78, 980, 2.8124656152150046e-06
1527, 2066, 2.796532016528663e-06
981, 2505, 2.7908790260685328e-06
1383, 2414, 2.781420449387639e-06
1098, 1265, 2.767689013757166e-06
325, 1064, 2.7431300953372195e-06
78, 263, 2.7419868130424233e-06
218, 1254, 2.708664615888172e-06
535, 1212, 2.706421914604822e-06
838, 1048, 2.6898656638807503e-06
814, 1212, 2.654678672530844e-06
1731, 2066, 2.6427599059186e-06
305, 1048, 2.641763040530555e-06
1764, 2611, 2.634519116287414e-06
647, 1083, 2.593973321075397e-06
1098, 1599, 2.580216258601828e-06
1345, 2414, 2.536418829607786e-06
1260, 1607, 2.521278158873787e-06
838, 980, 2.5115076547328614e-06
305, 980, 2.5053470220117196e-06
278, 2480, 2.500048035450434e-06
3, 980, 2.483210725123559e-06
808, 1064, 2.4339293406998405e-06
305, 616, 2.4242866842743872e-06
278, 819, 2.4216873088589953e-06
647, 1675, 2.411678082518763e-06
453, 899, 2.3602175308670917e-06
278, 2548, 2.3494849422628766e-06
264, 760, 2.345718326314046e-06
282, 1212, 2.3037499522391598e-06
152, 1064, 2.2980854002335376e-06
1170, 2180, 2.285514292443504e-06
1764, 2018, 2.282578830268158e-06
1260, 2414, 2.216245121034429e-06
278, 1335, 2.193356009013026e-06
1098, 1819, 2.1403024524226987e-06
2085, 2404, 2.124440264908335e-06
132, 534, 2.1191115465006476e-06
1383, 2089, 2.1085242285398556e-06
218, 2066, 2.103922794192411e-06
1218, 2066, 2.078173857352304e-06
981, 1520, 2.0403013159999325e-06
1991, 2505, 2.031063199143071e-06
203, 675, 1.9910825937441025e-06
1925, 2341, 1.9805817657372214e-06
132, 196, 1.966596575665302e-06
208, 876, 1.9619756179243776e-06
1260, 1812, 1.9563976378148176e-06
1991, 2226, 1.9528954851815564e-06
1011, 1212, 1.946652246779552e-06
264, 2505, 1.9388327891044423e-06
173, 263, 1.928733305315023e-06
173, 534, 1.910350180050652e-06
264, 1791, 1.8724300699725905e-06
278, 437, 1.8678019348749854e-06
1594, 1834, 1.8675091447050948e-06
1345, 2089, 1.866596213602351e-06
1345, 1607, 1.8612690403219382e-06
1764, 1872, 1.854347120094218e-06
1069, 2066, 1.8491753675829356e-06
1098, 1619, 1.8412140943200253e-06
294, 876, 1.8334936981764782e-06
691, 899, 1.8296185058391957e-06
1345, 1424, 1.8261868667729652e-06
981, 2180, 1.82558940497471e-06
1513, 1713, 1.8218041086165931e-06
1098, 1462, 1.8211243892163249e-06
282, 424, 1.787428315051386e-06
132, 1011, 1.7865600442660646e-06
1359, 2226, 1.786286797357512e-06
1594, 1719, 1.778180168233124e-06
1098, 1472, 1.7671383502933785e-06
1260, 2089, 1.75366568876792e-06
1345, 1812, 1.7448793696586603e-06
1383, 1812, 1.734578341795086e-06
1925, 2374, 1.7166893476363407e-06
264, 784, 1.7079441097791824e-06
1513, 2341, 1.698784748425933e-06
173, 1011, 1.6986866550157395e-06
78, 1064, 1.6942648926173057e-06
203, 585, 1.6911295171017912e-06
35, 132, 1.6905666945370562e-06
808, 2066, 1.6855273579547186e-06
278, 1359, 1.6835795595646994e-06
1675, 2066, 1.6652966500935248e-06
203, 646, 1.6612977881638197e-06
218, 460, 1.6611504007915844e-06
1383, 1607, 1.6571526244284e-06
3, 1064, 1.6408941266290076e-06
1383, 2296, 1.624096766562162e-06
218, 1675, 1.6134613447655211e-06
1074, 2226, 1.6033980658768744e-06
1594, 2414, 1.5980596605091638e-06
134, 899, 1.575544425513553e-06
325, 444, 1.5703347651397643e-06
838, 1064, 1.5639370874718612e-06
491, 1014, 1.558754527739721e-06
278, 1713, 1.550143892161064e-06
196, 534, 1.535322045054234e-06
1098, 2532, 1.5142981240190172e-06
1345, 2296, 1.5116086535630908e-06
1260, 2296, 1.5095380637368503e-06
305, 1064, 1.5061983445584778e-06
1383, 2404, 1.4963780767576871e-06
752, 899, 1.488438065567539e-06
196, 1011, 1.48387309829787e-06
2085, 2296, 1.4759742948778339e-06
1513, 2374, 1.4743235123940583e-06
1098, 1452, 1.4681202813913946e-06
35, 876, 1.4608515554700948e-06
44, 132, 1.4533086945398259e-06
942, 1212, 1.4434477720021276e-06
1170, 1520, 1.4342269996052937e-06
3, 444, 1.4096941796446884e-06
278, 357, 1.3992511941415406e-06
2085, 2611, 1.3978497574726939e-06
152, 444, 1.3824834604590557e-06
78, 444, 1.3680692172034312e-06
808, 1254, 1.3657602444204997e-06
491, 1048, 1.3643366824663199e-06
1345, 2404, 1.340513916979804e-06
264, 1520, 1.339532580538556e-06
808, 1675, 1.3155981615836164e-06
1069, 1675, 1.3086808543102286e-06
772, 1212, 1.300133133212847e-06
1170, 2480, 1.2876331782219909e-06
1098, 1577, 1.2826094584372342e-06
1098, 2032, 1.2818348248083162e-06
1513, 1834, 1.266235445902959e-06
2063, 2226, 1.250295727299715e-06
2063, 2505, 1.2402951937619214e-06
1872, 2066, 1.2379694721565919e-06
981, 2480, 1.2337721042663868e-06
1288, 2226, 1.2270658010438393e-06
1383, 2018, 1.2062127831516313e-06
1260, 1809, 1.186486765709918e-06
132, 689, 1.1770124730009465e-06
1513, 1607, 1.1765526708421785e-06
1170, 2548, 1.1735498801293042e-06
1218, 1675, 1.1732450693055385e-06
1345, 2018, 1.1545493666156096e-06
264, 2180, 1.1508702779985078e-06
218, 989, 1.149695585516458e-06
491, 980, 1.1485145610701761e-06
196, 263, 1.1408155050659544e-06
1098, 1569, 1.1324338173575103e-06
1260, 2018, 1.1139385844846818e-06
460, 899, 1.1084306154117101e-06
1513, 1684, 1.1027039813377516e-06
173, 689, 1.0954904389862843e-06
132, 616, 1.0934535386045075e-06
1383, 2627, 1.088329101374978e-06
278, 691, 1.0685659607613003e-06
218, 654, 1.0663799910876868e-06
1383, 1809, 1.059045548308493e-06
44, 876, 1.0556787467995604e-06
1345, 1809, 1.0540612238329729e-06
1594, 2089, 1.0450347302437531e-06
491, 616, 1.0380894412999805e-06
838, 1254, 1.0312347242705897e-06
800, 876, 1.0190343586394049e-06
1098, 1527, 1.0171527162004709e-06
981, 2548, 1.0157562044625916e-06
325, 1083, 1.0086188816652423e-06
83, 876, 9.851665032494396e-07
173, 616, 9.713967990133063e-07
264, 807, 9.712054709204767e-07
132, 1014, 9.674780344620217e-07
427, 899, 9.584438278165284e-07
1098, 2041, 9.350913985943138e-07
173, 1014, 9.284524783093743e-07
325, 1254, 9.205649301276198e-07
1260, 2627, 9.181623899566204e-07
981, 1713, 9.159989648188275e-07
278, 1684, 9.143241603823876e-07
1074, 1791, 9.125746608663392e-07
808, 1083, 9.091515815688909e-07
1383, 1482, 9.066785513908533e-07
196, 689, 9.05320443857004e-07
718, 876, 9.026299953472398e-07
1345, 2627, 8.966216997140573e-07
30, 876, 8.838256316564876e-07
30, 132, 8.794458844113962e-07
1764, 1928, 8.791046852332023e-07
1991, 2548, 8.781401056152776e-07
203, 534, 8.571348979079503e-07
1806, 2066, 8.568492629593609e-07
152, 1083, 8.556864431542019e-07
203, 1011, 8.523851708607008e-07
647, 989, 8.514166330592329e-07
491, 689, 8.443945610442929e-07
218, 479, 8.386677680080614e-07
15, 876, 8.338332464039251e-07
1170, 1713, 8.166446193238198e-07
152, 1254, 8.156085087078332e-07
1098, 1313, 8.086669086438985e-07
173, 1048, 8.046925846972286e-07
196, 1014, 8.004350625971774e-07
491, 1064, 7.974248647595628e-07
264, 819, 7.96333093142629e-07
838, 2066, 7.946997197410887e-07
1527, 1675, 7.930174037500993e-07
282, 675, 7.922070201704379e-07
196, 616, 7.747048688016994e-07
132, 1048, 7.689010046875416e-07
325, 2066, 7.661567094654259e-07
264, 2548, 7.642435828794092e-07
166, 899, 7.536691667044772e-07
678, 899, 7.50039216276588e-07
132, 263, 7.479431126377579e-07
35, 424, 7.412071025833193e-07
173, 980, 7.405666828727943e-07
718, 1212, 7.134784411453698e-07
1594, 2627, 7.096576443921096e-07
264, 1335, 7.079918141530106e-07
535, 646, 6.836858064128929e-07
132, 980, 6.806742022894305e-07
1513, 1719, 6.796473116874356e-07
282, 646, 6.747642330842668e-07
1069, 1254, 6.747570355092364e-07
981, 1335, 6.722615572272773e-07
91, 876, 6.650980963188862e-07
1359, 1791, 6.599491841155582e-07
152, 460, 6.571935890724332e-07
305, 444, 6.560835707468653e-07
2549, 2627, 6.556248601629732e-07
282, 585, 6.491673615353896e-07
838, 1083, 6.457328412506633e-07
78, 1083, 6.408494269454391e-07
3, 460, 6.336911316045787e-07
196, 1048, 6.304321911602587e-07
838, 1675, 6.273041212847464e-07
292, 876, 6.229211756505658e-07
1260, 1424, 6.208566781274332e-07
294, 1212, 6.193033716698651e-07
784, 899, 6.128105401712093e-07
3, 1083, 6.090883207098855e-07
78, 460, 6.066508331666339e-07
208, 1212, 6.047838901187439e-07
196, 980, 6.017411894065921e-07
1260, 1872, 5.974443368819239e-07
264, 437, 5.948150279664272e-07
1383, 1872, 5.940647201104645e-07
1383, 2611, 5.802622643599277e-07
278, 1719, 5.743120397708731e-07
325, 1675, 5.71359151095803e-07
981, 1684, 5.705491170302606e-07
278, 1222, 5.648367433528123e-07
278, 1834, 5.611481768530735e-07
278, 1018, 5.577845719694684e-07
305, 1083, 5.444241025037048e-07
294, 424, 5.389908458823123e-07
278, 718, 5.372687547684609e-07
325, 460, 5.341882237810892e-07
1288, 1791, 5.337810811136997e-07
264, 1359, 5.318376594384892e-07
1098, 2633, 5.294675810879954e-07
78, 1254, 5.266723664611029e-07
981, 1359, 5.255063165596131e-07
15, 132, 5.240185518898007e-07
44, 424, 5.174665750062547e-07
1260, 2611, 5.142341383847856e-07
1345, 2611, 5.138247569275807e-07
1594, 1812, 5.136572357071337e-07
1925, 2627, 5.135000507583343e-07
696, 876, 5.118836180622067e-07
203, 689, 5.100952416143814e-07
576, 876, 5.0074570938562e-07
305, 1254, 5.006487226709718e-07
3, 1254, 4.971493882344361e-07
264, 1713, 4.967999213832939e-07
240, 876, 4.788465300445138e-07
208, 424, 4.7342522512278104e-07
521, 899, 4.696464715245185e-07
535, 675, 4.6901003531973187e-07
1170, 1684, 4.6502554407376695e-07
1260, 1356, 4.6360793857497125e-07
278, 1085, 4.6228811727326944e-07
203, 1014, 4.6212657502442926e-07
278, 1028, 4.547071647001927e-07
30, 424, 4.52847853454974e-07
35, 1212, 4.454899873297874e-07
132, 1064, 4.417144317248219e-07
623, 1011, 4.384451045112794e-07
942, 1011, 4.3739971159477616e-07
203, 616, 4.372744673998511e-07
173, 1064, 4.3596581634958757e-07
1074, 1520, 4.271219784635081e-07
15, 424, 4.2508051684808873e-07
83, 424, 4.222694155131879e-07
35, 148, 4.1569556807545265e-07
325, 989, 4.0737846395681924e-07
264, 357, 4.0676232979701e-07
282, 1011, 3.950558602840977e-07
44, 148, 3.8657816771688303e-07
1170, 1335, 3.843048759134702e-07
760, 1011, 3.741590193176766e-07
1345, 1482, 3.7341956976879293e-07
535, 1011, 3.7338142472879874e-07
1260, 1399, 3.725207106644954e-07
196, 1064, 3.7070128031034534e-07
152, 654, 3.6695872249230065e-07
278, 1030, 3.6360615681387557e-07
218, 350, 3.5618820643892333e-07
1345, 1410, 3.5311722951336293e-07
203, 1048, 3.4821602947116935e-07
203, 980, 3.401186523711386e-07
455, 899, 3.3903636457634625e-07
264, 691, 3.386296077875729e-07
535, 616, 3.329619003894518e-07
44, 1212, 3.3050771074725603e-07
152, 479, 3.2999793662481263e-07
78, 654, 3.2064069934485246e-07
152, 989, 3.1369684084383104e-07
623, 689, 3.127796492292346e-07
3, 479, 3.1013066290663877e-07
83, 148, 3.090484431420134e-07
325, 654, 3.059436158252852e-07
83, 1212, 3.043283212889054e-07
3, 654, 3.041717907732479e-07
78, 479, 2.9693064318709566e-07
132, 444, 2.9506522415160343e-07
282, 534, 2.9398664358881066e-07
218, 760, 2.9388968171928513e-07
491, 1083, 2.9353835299238457e-07
91, 424, 2.836625867708472e-07
305, 460, 2.677162101840941e-07
942, 1014, 2.666613064357497e-07
35, 675, 2.587477577244409e-07
208, 675, 2.5186789181917273e-07
78, 989, 2.4964145014606355e-07
35, 585, 2.4858067268555175e-07
173, 444, 2.455632493973009e-07
623, 1014, 2.418872021209664e-07
814, 1011, 2.3358688395318924e-07
35, 646, 2.2986710548599988e-07
218, 784, 2.2872912622615517e-07
325, 479, 2.2608000559937008e-07
30, 148, 2.2142468310991894e-07
305, 989, 2.192496114421925e-07
647, 760, 2.1869140942537067e-07
282, 1014, 2.158428219186833e-07
208, 585, 2.1470687501048938e-07
3, 989, 2.1275040105288976e-07
208, 646, 2.1141792961514847e-07
760, 1014, 2.0718316253170573e-07
294, 675, 2.0686037858156079e-07
623, 1048, 2.0676768286453228e-07
203, 1064, 2.0641650526004207e-07
535, 1014, 2.0530301560737125e-07
282, 689, 2.0513006866526102e-07
387, 876, 1.972359700167359e-07
196, 444, 1.8725828296271365e-07
44, 675, 1.821652353565755e-07
294, 646, 1.8134533495792976e-07
760, 1048, 1.8111769973590745e-07
264, 1018, 1.791186610082208e-07
292, 424, 1.7868191256877856e-07
282, 1048, 1.7847091229287833e-07
264, 718, 1.7811813748137367e-07
282, 616, 1.7714459663822644e-07
44, 585, 1.7483465973948409e-07
305, 654, 1.6889493678780495e-07
44, 646, 1.666373702782829e-07
535, 1048, 1.6598756378697902e-07
282, 980, 1.655568373657384e-07
278, 764, 1.6538479058956323e-07
294, 585, 1.6309139129341253e-07
942, 1048, 1.6107294382297222e-07
132, 1083, 1.608204386398617e-07
15, 148, 1.5844338046402788e-07
173, 1083, 1.5732806146011264e-07
30, 675, 1.5727901728311687e-07
83, 675, 1.569912676902511e-07
808, 989, 1.56873732169098e-07
518, 899, 1.5650527465109382e-07
981, 1085, 1.5452795340994566e-07
30, 585, 1.5077627935838097e-07
122, 876, 1.4949195278941378e-07
15, 675, 1.45924271070293e-07
264, 1028, 1.4528984556745283e-07
83, 585, 1.4453486323269686e-07
264, 1085, 1.4057396858195805e-07
15, 585, 1.403997847003797e-07
83, 646, 1.3967703841898156e-07
30, 646, 1.3772149374449686e-07
132, 460, 1.3548814355233435e-07
838, 989, 1.3091224462646262e-07
196, 1083, 1.3045821620012117e-07
205, 876, 1.3013059255532387e-07
218, 807, 1.280037211832451e-07
35, 534, 1.2745874324898562e-07
576, 675, 1.261551584377782e-07
15, 646, 1.2432138768053848e-07
305, 479, 1.2279665093022083e-07
240, 424, 1.2194241593033686e-07
576, 646, 1.1898491775225114e-07
623, 1064, 1.1884043411848598e-07
264, 1030, 1.1602493792087154e-07
681, 899, 1.1432298318607342e-07
760, 1064, 1.1327503379738528e-07
3, 350, 1.1277830481485166e-07
814, 1048, 1.1155885749712566e-07
208, 1011, 1.102409194329999e-07
173, 460, 1.0892111948748842e-07
208, 534, 1.0891130148912458e-07
294, 1011, 1.084433243665413e-07
535, 689, 1.0689398022227785e-07
1260, 1928, 1.0580623897490727e-07
278, 800, 1.0522261336075086e-07
91, 675, 1.0414616320936894e-07
1383, 1928, 1.0081933342725693e-07
218, 819, 1.0077475026124278e-07
203, 444, 1.0037464347007642e-07
282, 1064, 1.0010872118944242e-07
1345, 1928, 9.87326330391722e-08
91, 585, 9.858506216062218e-08
1260, 1616, 9.854211460714341e-08
647, 784, 9.611482974823641e-08
535, 1064, 9.529502947950253e-08
152, 350, 9.478645183848766e-08
78, 350, 9.441613863293073e-08
152, 760, 9.409508995102979e-08
44, 534, 9.218683187551933e-08
91, 646, 9.157993979331502e-08
278, 1607, 8.601712371277827e-08
35, 1011, 8.567970698834545e-08
196, 460, 8.504741359098582e-08
325, 760, 8.291045186657041e-08
78, 760, 7.877767105783806e-08
1011, 1083, 7.595459135979578e-08
30, 534, 7.569805135015554e-08
203, 1083, 7.504862407010123e-08
136, 876, 7.350345759046578e-08
294, 534, 7.346472464724834e-08
814, 1014, 7.326835777203743e-08
1345, 1616, 7.306777716854736e-08
654, 876, 7.297588566596758e-08
218, 437, 7.195363771922582e-08
83, 534, 7.072765447744914e-08
814, 1064, 7.070310705953131e-08
152, 784, 7.033690580525897e-08
292, 675, 6.912272791660669e-08
173, 654, 6.850506513270686e-08
463, 876, 6.842013946495789e-08
15, 534, 6.802222963856936e-08
3, 760, 6.788506488495744e-08
132, 654, 6.763745308771957e-08
1383, 1616, 6.756550477485679e-08
325, 784, 6.53832802884572e-08
35, 689, 6.458981235289358e-08
208, 689, 6.331187660318649e-08
132, 479, 6.317893718434315e-08
772, 1048, 6.224875152375282e-08
35, 616, 6.205572670800172e-08
942, 1064, 6.133914411682946e-08
292, 646, 6.073717060309002e-08
240, 675, 5.758979661532858e-08
35, 196, 5.6636272585681804e-08
78, 784, 5.6523796099371535e-08
173, 479, 5.6127021089539046e-08
208, 616, 5.5390239101372514e-08
292, 585, 5.537912606848477e-08
122, 424, 5.48331598295705e-08
83, 196, 5.449973297370012e-08
491, 654, 5.3066822506473005e-08
152, 1675, 5.292172858603968e-08
240, 646, 5.291162506423771e-08
240, 585, 5.250579857102019e-08
294, 689, 5.2354516957861225e-08
264, 764, 5.228612301593954e-08
1345, 1872, 5.1893501831853857e-08
196, 654, 5.1739762297666193e-08
981, 1607, 5.032629550851102e-08
1764, 1891, 4.971321788206644e-08
3, 784, 4.970736585673957e-08
294, 1048, 4.8459497115396335e-08
305, 760, 4.7474830631140785e-08
203, 460, 4.71150445284e-08
91, 534, 4.673017943122651e-08
91, 196, 4.6306978873548366e-08
294, 616, 4.605278600348486e-08
623, 1083, 4.583668964779756e-08
760, 1083, 4.565528597046043e-08
1098, 1563, 4.547173729470075e-08
44, 689, 4.5442536344894964e-08
218, 691, 4.515967609178203e-08
78, 1675, 4.4966783717037823e-08
208, 1048, 4.449304844591334e-08
44, 616, 4.398521780172355e-08
282, 444, 4.189670437367668e-08
1594, 1928, 4.1247387751573307e-08
44, 196, 4.069564065402595e-08
152, 807, 4.041920737485101e-08
196, 479, 3.989019867907658e-08
35, 1048, 3.967305646217058e-08
78, 173, 3.9488271301216615e-08
30, 689, 3.898429583213449e-08
325, 437, 3.8964638400701485e-08
3, 1675, 3.8644277711000367e-08
325, 807, 3.822718103114326e-08
305, 784, 3.792012234568325e-08
1170, 1607, 3.781879990367457e-08
218, 285, 3.7700623720947405e-08
956, 1048, 3.7607459832390525e-08
30, 616, 3.7322078242388e-08
772, 1064, 3.727765780807983e-08
83, 689, 3.721316073572394e-08
1098, 1878, 3.713174565673078e-08
1093, 1675, 3.659432487464964e-08
282, 1083, 3.654442621121634e-08
535, 1083, 3.617338957310736e-08
647, 807, 3.614355595932675e-08
1513, 1616, 3.581297396144019e-08
305, 1675, 3.559275320480247e-08
15, 689, 3.5073008993788084e-08
35, 263, 3.4992710683361725e-08
83, 616, 3.449750667746424e-08
264, 800, 3.4355829426275884e-08
30, 196, 3.4014390027468135e-08
15, 616, 3.322877430226521e-08
1170, 1834, 3.24799761638489e-08
152, 819, 3.242402008799078e-08
205, 424, 3.157983297143768e-08
325, 819, 3.059953927472846e-08
15, 196, 3.0445406124328564e-08
981, 1834, 3.020856173475714e-08
78, 807, 2.9645760899934452e-08
3, 437, 2.9288925179087757e-08
647, 819, 2.8842611120290485e-08
78, 437, 2.8507093249798293e-08
203, 654, 2.847293815526137e-08
152, 437, 2.8072195963996237e-08
44, 1048, 2.747090438781651e-08
294, 1064, 2.740842960702863e-08
264, 1607, 2.738936499998247e-08
1098, 1589, 2.726609810791592e-08
3, 807, 2.7124036514888396e-08
814, 1083, 2.699688845662983e-08
208, 1064, 2.6185808295675176e-08
91, 689, 2.543981527006321e-08
292, 534, 2.5309371776952863e-08
264, 1684, 2.5249659296118313e-08
1098, 1584, 2.5028270802256642e-08
136, 424, 2.4875621081295382e-08
1260, 1891, 2.4621608594611105e-08
1594, 2018, 2.449730035105947e-08
44, 263, 2.4410573725741388e-08
240, 534, 2.328517229465808e-08
1925, 2018, 2.3197551573184144e-08
91, 616, 2.2993185934312286e-08
35, 1064, 2.2552344528283103e-08
203, 479, 2.2135517224653846e-08
122, 675, 2.197259056841088e-08
218, 718, 2.176817823073912e-08
15, 263, 2.1735517029859485e-08
30, 263, 2.1609666691718345e-08
604, 675, 2.1351800935880014e-08
1098, 1571, 2.1029283015597718e-08
83, 263, 2.089697262984941e-08
1513, 1812, 2.0753207505575623e-08
1098, 1547, 2.0559740676010682e-08
122, 585, 2.0458951150312497e-08
576, 689, 2.0313606278230166e-08
981, 1719, 1.9527744044410853e-08
122, 646, 1.910104074670363e-08
218, 357, 1.8997281547081896e-08
35, 444, 1.8951582414382976e-08
278, 518, 1.8824282081652928e-08
1594, 1809, 1.869927468657766e-08
1594, 1872, 1.8618679136265995e-08
387, 675, 1.816827563270655e-08
173, 350, 1.8120842356855427e-08
1285, 1675, 1.8044816879413016e-08
942, 1083, 1.790996770676379e-08
132, 350, 1.790349915062723e-08
292, 689, 1.7886064528720708e-08
282, 460, 1.786611252052478e-08
1170, 1719, 1.7588680575005252e-08
647, 1520, 1.7513844202283472e-08
218, 1085, 1.743094460846934e-08
647, 718, 1.716275737565023e-08
1260, 1482, 1.6991706769881825e-08
205, 675, 1.6554407233177243e-08
44, 1064, 1.6273410748767263e-08
1359, 1520, 1.6163508192947167e-08
1091, 1675, 1.603345152246246e-08
387, 646, 1.5923745532309216e-08
292, 616, 1.574396047946849e-08
235, 424, 1.557127844391948e-08
491, 1675, 1.5352579929900897e-08
196, 350, 1.4748676476507132e-08
305, 437, 1.4672021694697687e-08
240, 689, 1.4666829855631807e-08
387, 585, 1.4355217802557702e-08
122, 196, 1.4321245476731395e-08
152, 691, 1.4264390203365818e-08
1134, 1675, 1.4226148408121751e-08
91, 263, 1.4220461549599936e-08
1192, 1675, 1.4214693679455572e-08
205, 585, 1.4212613406188329e-08
205, 646, 1.3937315908807142e-08
3, 173, 1.3687614702615684e-08
1074, 1713, 1.366922480074385e-08
44, 444, 1.3360679236335416e-08
1513, 2018, 1.3306655802192372e-08
1069, 1791, 1.296128493951876e-08
240, 616, 1.2932559192132542e-08
1218, 1791, 1.2617924030051303e-08
1074, 1684, 1.2548394828202042e-08
208, 444, 1.2418758766748644e-08
1513, 1809, 1.2261080289144727e-08
218, 1520, 1.2100776541994034e-08
1288, 1520, 1.1938089192574497e-08
325, 691, 1.1934625262974088e-08
78, 691, 1.1926368929554027e-08
647, 1791, 1.1629275933609896e-08
545, 646, 1.160899757414693e-08
3, 691, 1.1532482909928969e-08
134, 424, 1.1527824320171505e-08
282, 654, 1.1452809623803608e-08
294, 444, 1.1418658542692204e-08
30, 444, 1.1393362432923556e-08
173, 760, 1.1389358390976343e-08
132, 760, 1.1146675201474543e-08
1074, 1607, 1.0914720723997394e-08
136, 675, 1.0548995643003862e-08
83, 444, 1.0289099925679889e-08
122, 534, 1.024537563147403e-08
15, 444, 1.0235286932958051e-08
173, 1675, 1.0092381700042047e-08
294, 1083, 9.861246123414215e-09
491, 760, 9.811386512872259e-09
647, 1085, 9.738745997629066e-09
208, 1083, 9.719658395832776e-09
136, 585, 9.678184200759937e-09
808, 1520, 9.641003612646731e-09
264, 1834, 9.53485343545391e-09
136, 646, 9.419035864983696e-09
535, 654, 9.301769859249504e-09
196, 760, 8.961728191315633e-09
132, 1675, 8.7615248928805e-09
278, 1616, 8.749603774004829e-09
772, 1083, 8.73690880009392e-09
218, 1791, 8.571627303661713e-09
282, 350, 8.55979100620286e-09
203, 350, 8.3932968474517e-09
463, 534, 8.310040509132986e-09
1359, 1713, 8.128393123864304e-09
282, 479, 8.104860534986091e-09
35, 460, 8.101529616902929e-09
387, 534, 7.997424237443684e-09
1069, 1520, 7.891878160497104e-09
838, 1520, 7.776638069593687e-09
196, 1675, 7.754451169343634e-09
463, 585, 7.645326970361578e-09
1359, 1684, 7.565571184224728e-09
235, 675, 7.457589716608271e-09
205, 534, 7.261764794192822e-09
152, 718, 7.1613144885183896e-09
453, 534, 6.9384497688284275e-09
91, 444, 6.910313559597796e-09
235, 646, 6.829749513466117e-09
305, 691, 6.7954377190330805e-09
235, 585, 6.7441610506143304e-09
1011, 1675, 6.573616907969143e-09
264, 518, 6.554681572929008e-09
545, 675, 6.439104201319996e-09
3, 357, 6.421560107890522e-09
604, 689, 6.326882521123142e-09
264, 1719, 6.170492946495996e-09
325, 718, 6.0639381308259e-09
152, 285, 5.963556122986938e-09
132, 437, 5.9462060436061034e-09
208, 460, 5.9357992957323915e-09
1848, 2066, 5.895589549595807e-09
44, 460, 5.8432919721440165e-09
1218, 1520, 5.8361095192309544e-09
78, 718, 5.8327191390922015e-09
1288, 1684, 5.6327557081190546e-09
122, 689, 5.5774320108714094e-09
1948, 2066, 5.569695083442993e-09
463, 675, 5.516301781559831e-09
78, 357, 5.407713522735007e-09
152, 357, 5.382547585784515e-09
1288, 1713, 5.361985232220872e-09
1170, 1359, 5.336800268719598e-09
166, 424, 5.2341056612995466e-09
3, 718, 5.189789622604361e-09
122, 616, 5.16889210292849e-09
173, 437, 5.138443566035862e-09
463, 646, 5.133780703357229e-09
132, 784, 5.021151213199569e-09
203, 760, 4.9736911757830695e-09
136, 534, 4.9454335477696355e-09
294, 460, 4.884650143244393e-09
387, 689, 4.884283194072323e-09
152, 2066, 4.877086957023115e-09
3, 285, 4.8729212497025985e-09
134, 675, 4.860604276289941e-09
30, 460, 4.860386512391096e-09
173, 784, 4.738975601613133e-09
453, 585, 4.563722714868018e-09
83, 460, 4.536522255091256e-09
15, 460, 4.501984075357806e-09
134, 585, 4.466418244855903e-09
1093, 2066, 4.325619511692266e-09
134, 646, 4.316176948084055e-09
205, 689, 4.223525981267208e-09
78, 285, 4.173666454732856e-09
278, 1812, 4.127829408719341e-09
1527, 1791, 4.066545398949432e-09
196, 784, 3.9437663547148124e-09
218, 764, 3.867437091958471e-09
292, 444, 3.865157107827762e-09
78, 2066, 3.855174112264672e-09
453, 675, 3.8537377151549415e-09
35, 654, 3.832773685091562e-09
35, 479, 3.804186656533088e-09
491, 784, 3.793300807893797e-09
325, 1520, 3.748953275822644e-09
196, 437, 3.746497290644148e-09
1074, 1719, 3.735244626586807e-09
205, 616, 3.689337105768998e-09
208, 654, 3.595459274914376e-09
3, 2066, 3.558912790774809e-09
387, 616, 3.557952909221681e-09
152, 1520, 3.530650833512441e-09
453, 646, 3.5245537328782664e-09
1675, 1791, 3.51463755117266e-09
305, 718, 3.446661613759608e-09
545, 616, 3.3855467141981354e-09
122, 263, 3.2825010016317867e-09
1170, 1812, 3.242376561166816e-09
1285, 2066, 3.211558754494884e-09
305, 2066, 3.1612243992405325e-09
460, 534, 3.1516925426178273e-09
235, 534, 3.0854551653550872e-09
981, 1424, 3.0576467304951158e-09
294, 654, 3.043623726172276e-09
91, 460, 3.018472577097402e-09
981, 1812, 3.0103726534434493e-09
240, 444, 2.9203254035691803e-09
981, 1482, 2.8972664551461792e-09
208, 479, 2.835796077600051e-09
132, 691, 2.7862139359024663e-09
44, 479, 2.6816166294405237e-09
44, 654, 2.6728932215635448e-09
136, 689, 2.6646442958928246e-09
173, 691, 2.5842375689829983e-09
136, 616, 2.5385919836389898e-09
460, 585, 2.518880815448771e-09
196, 285, 2.434210076683809e-09
696, 1212, 2.4204693549456895e-09
30, 479, 2.3151127386566865e-09
83, 654, 2.2965856310007487e-09
134, 534, 2.282623409786779e-09
203, 784, 2.2156419075018116e-09
83, 479, 2.2130848189343216e-09
294, 479, 2.211757442297331e-09
15, 479, 2.198082405173031e-09
282, 760, 2.1410454733926995e-09
218, 1713, 2.082124128217232e-09
166, 585, 2.0806019069243874e-09
196, 691, 2.0579840692381767e-09
203, 437, 2.0035014516321556e-09
576, 1212, 1.9914940294605973e-09
647, 1713, 1.958041267077114e-09
1288, 1359, 1.9165326833554587e-09
134, 196, 1.891464072032624e-09
136, 263, 1.867960446579434e-09
1069, 1713, 1.8419982359306718e-09
1170, 1424, 1.8227379347874606e-09
842, 1212, 1.779927729280487e-09
1074, 1359, 1.7636090239339368e-09
491, 1254, 1.7461399445407104e-09
1218, 1713, 1.6909364064577828e-09
647, 764, 1.6696898350466524e-09
1074, 1335, 1.6559476415917936e-09
292, 460, 1.6545423339084631e-09
173, 285, 1.6422920562640011e-09
235, 616, 1.631663354514657e-09
427, 534, 1.6011112396929289e-09
956, 1212, 1.5876130471587186e-09
427, 585, 1.5809971321272331e-09
1359, 1719, 1.5585020419954327e-09
387, 460, 1.545053813075303e-09
30, 1212, 1.5292030361987663e-09
800, 1212, 1.5204806863721013e-09
623, 760, 1.514595863979681e-09
808, 1791, 1.5042175714855667e-09
122, 444, 1.4799004513326289e-09
91, 479, 1.447862120813604e-09
35, 350, 1.4325371071577156e-09
203, 285, 1.4286652574029287e-09
132, 718, 1.369330916502842e-09
838, 1791, 1.3488938382915048e-09
15, 1212, 1.2980351655672183e-09
173, 718, 1.2789906871357752e-09
981, 1399, 1.2655030294267267e-09
240, 460, 1.262646722857355e-09
521, 585, 1.2506555716977514e-09
1288, 1719, 1.2450586667138707e-09
91, 1212, 1.2414729063724743e-09
292, 1212, 1.2360640184600373e-09
152, 764, 1.2234046198232822e-09
1260, 1410, 1.2133654996363176e-09
1074, 1834, 1.1693787200575718e-09
208, 350, 1.1016902087631496e-09
325, 764, 1.0882543991032117e-09
1093, 1254, 1.0535025147299217e-09
132, 357, 1.0353067258029035e-09
78, 764, 1.0257249556577338e-09
173, 357, 1.023080992657487e-09
132, 285, 1.0139397365356135e-09
535, 760, 1.0138531197633196e-09
44, 350, 9.75888661438029e-10
173, 1254, 9.427081314069148e-10
218, 518, 9.233855938095382e-10
240, 1212, 9.192532590495408e-10
282, 784, 9.026923045080372e-10
911, 1212, 8.85860174434278e-10
3, 764, 8.855847687932413e-10
282, 437, 8.804400657940159e-10
30, 350, 8.803681995909403e-10
166, 263, 8.64931896660614e-10
132, 1254, 8.560050410062275e-10
205, 444, 8.39857810815003e-10
196, 357, 8.390596289971052e-10
134, 263, 8.28675349071793e-10
15, 350, 8.286047458650037e-10
1192, 1254, 7.76353477945422e-10
455, 534, 7.591463289549715e-10
196, 1254, 7.485387498143743e-10
166, 534, 7.280980774721556e-10
647, 1335, 7.140210558074838e-10
83, 350, 7.13798743142069e-10
647, 1359, 7.05944008739994e-10
981, 1222, 6.998210844051904e-10
292, 479, 6.557837864784342e-10
387, 479, 6.517959271966514e-10
208, 760, 6.290970035736816e-10
1134, 1254, 6.275450298023085e-10
305, 764, 6.274040913869666e-10
282, 357, 6.165319007509122e-10
819, 1212, 6.159289182734959e-10
136, 444, 5.964847672283845e-10
122, 460, 5.775258779510902e-10
35, 760, 5.687121263031956e-10
1170, 1482, 5.66538391594423e-10
294, 760, 5.60308983216944e-10
240, 479, 5.595544573284927e-10
654, 1212, 5.395791276165811e-10
1091, 1254, 4.822874564520101e-10
91, 350, 4.769354971467372e-10
278, 1140, 4.761244558364569e-10
203, 357, 4.722046615417756e-10
240, 350, 4.672781306977512e-10
387, 1212, 4.343631246821358e-10
203, 1254, 4.201426481947845e-10
981, 1410, 4.174910384631653e-10
662, 1212, 4.083010269987541e-10
44, 760, 4.0794390908224547e-10
1218, 1335, 3.8039562252393467e-10
1170, 1399, 3.662506843111908e-10
623, 784, 3.573810510047929e-10
83, 760, 3.5441409706642203e-10
205, 460, 3.507203436111807e-10
1074, 1424, 3.4814955770277193e-10
35, 437, 3.447234703954884e-10
760, 1254, 3.4357985177084813e-10
662, 876, 3.383270884167133e-10
152, 518, 3.336393566184547e-10
83, 173, 3.316390480264324e-10
235, 444, 3.2785455950304825e-10
30, 760, 3.237976068778588e-10
535, 784, 3.043699890186726e-10
3, 518, 3.0221652843548286e-10
122, 1212, 3.0125315625139307e-10
623, 1254, 2.9937798751027114e-10
78, 518, 2.973091252623313e-10
15, 760, 2.950907303801687e-10
305, 807, 2.9330895364927986e-10
604, 1212, 2.8283576845791815e-10
136, 460, 2.7799257590119005e-10
208, 784, 2.7760686770942734e-10
134, 444, 2.7654408572366486e-10
78, 819, 2.7259721477125005e-10
850, 1212, 2.6464424040645246e-10
122, 479, 2.643082504212138e-10
808, 1359, 2.5799224082416317e-10
1359, 1424, 2.567028181434204e-10
294, 784, 2.4483271348584327e-10
808, 1335, 2.409280007700058e-10
518, 585, 2.407524201209906e-10
3, 819, 2.40693939772526e-10
44, 437, 2.4026946784233727e-10
235, 876, 2.395139568997061e-10
1069, 1359, 2.391769988082444e-10
604, 876, 2.391490181600162e-10
35, 784, 2.387944282135736e-10
205, 1212, 2.3814205531647906e-10
91, 173, 2.372272819327419e-10
1011, 1254, 2.2606057886100946e-10
1069, 1335, 2.258241268830924e-10
208, 437, 2.1859890341855424e-10
325, 518, 2.170875196904787e-10
294, 437, 2.146837166427728e-10
30, 437, 2.0893735654270814e-10
545, 876, 2.052116074365267e-10
35, 173, 1.9723917856992743e-10
218, 1335, 1.9713079081074246e-10
1098, 1573, 1.935373243721147e-10
282, 1254, 1.924357710756436e-10
218, 1359, 1.91101493216774e-10
814, 1254, 1.9089319522047937e-10
455, 585, 1.8945137177733915e-10
15, 437, 1.888631148669466e-10
83, 437, 1.883645895651753e-10
545, 1212, 1.8821931128583797e-10
305, 819, 1.87116769489344e-10
463, 1212, 1.8616529551161715e-10
453, 876, 1.808059236962392e-10
838, 1335, 1.7814449964135486e-10
535, 1254, 1.7538532313460433e-10
208, 285, 1.7509871797499887e-10
78, 1520, 1.729208257915669e-10
44, 784, 1.6411851289337038e-10
205, 479, 1.640704658275154e-10
1218, 1359, 1.5563190571649032e-10
44, 173, 1.5511810209845758e-10
718, 784, 1.536207371172664e-10
264, 1140, 1.5242104288081275e-10
3, 1520, 1.49994430036657e-10
136, 1212, 1.4889313905852525e-10
83, 784, 1.4634789089360668e-10
235, 460, 1.4365745496133914e-10
1093, 1520, 1.394475483462498e-10
305, 1520, 1.3768905854771367e-10
691, 876, 1.3557221902361595e-10
752, 876, 1.3478375542916514e-10
942, 1254, 1.3407198682339174e-10
463, 616, 1.3083789618673037e-10
136, 479, 1.3021349607324124e-10
134, 460, 1.2766871698224978e-10
91, 437, 1.2711485288650637e-10
1074, 1222, 1.2700080088700813e-10
981, 1356, 1.2548361670614104e-10
134, 876, 1.186499116721586e-10
305, 518, 1.1794198116425856e-10
30, 173, 1.1475783970563246e-10
166, 444, 1.1262351475548717e-10
453, 1212, 1.1028306498122335e-10
132, 807, 1.0784797121276169e-10
173, 807, 1.0308701100903972e-10
134, 616, 1.0279485288676217e-10
15, 173, 1.009911653624705e-10
691, 1212, 9.863512701626986e-11
235, 1212, 9.841972387071543e-11
294, 357, 9.389502256445464e-11
491, 807, 9.346842132017949e-11
838, 1359, 9.058131247223163e-11
453, 616, 8.73910124173041e-11
772, 1254, 8.611984590463296e-11
460, 876, 8.355672024989248e-11
196, 807, 8.217539170740106e-11
122, 350, 8.204114852087125e-11
491, 1520, 7.983872870563093e-11
863, 1212, 7.814315228185595e-11
35, 357, 7.811160972588297e-11
235, 479, 7.417225995253216e-11
325, 1359, 7.234858489994141e-11
292, 437, 7.223250117350152e-11
132, 819, 6.903981784220369e-11
325, 1335, 6.868462924217874e-11
752, 1212, 6.838700622557855e-11
173, 819, 6.83412587769551e-11
427, 876, 6.72810669553299e-11
205, 350, 6.702055748977728e-11
132, 518, 6.567728902905403e-11
491, 819, 6.3062142700987e-11
35, 285, 6.220252283915861e-11
173, 518, 6.200672009542757e-11
871, 1212, 6.034671628793187e-11
134, 479, 5.973226200517029e-11
166, 876, 5.871945005767583e-11
134, 1212, 5.827295988081478e-11
208, 357, 5.6697548752942486e-11
460, 1212, 5.51977425756704e-11
240, 437, 5.383873178796619e-11
44, 357, 5.3712468416187574e-11
784, 876, 5.3492776697057794e-11
166, 460, 5.1813164912293333e-11
920, 1212, 4.986764847080637e-11
152, 1335, 4.9620930287732656e-11
152, 1359, 4.912794626991927e-11
235, 350, 4.8796681288008456e-11
196, 518, 4.847722123198231e-11
729, 899, 4.784932293161513e-11
30, 357, 4.7674050570391885e-11
218, 292, 4.625302270810141e-11
15, 357, 4.3917566990342485e-11
44, 285, 4.2003335051158946e-11
166, 616, 4.122289237593576e-11
78, 1335, 4.104080225833454e-11
647, 1222, 4.076034639634705e-11
460, 616, 4.052631191674075e-11
136, 350, 3.919676571138237e-11
30, 285, 3.8223998425909106e-11
166, 646, 3.822145520666299e-11
305, 1335, 3.786321107810616e-11
83, 357, 3.7828091435397214e-11
292, 357, 3.580465767932573e-11
427, 1212, 3.567636838680137e-11
15, 285, 3.5431805980442235e-11
521, 616, 3.5403783315792925e-11
678, 1212, 3.5079928611640216e-11
3, 1335, 3.4931669280745025e-11
30, 654, 3.370368872736378e-11
218, 800, 3.258608100152384e-11
460, 646, 3.216887952859434e-11
83, 285, 3.167534882635842e-11
15, 654, 3.125633936682869e-11
166, 479, 2.6719114097191752e-11
203, 518, 2.6426386070599846e-11
122, 437, 2.6391403330779763e-11
294, 1254, 2.615183647243661e-11
208, 1254, 2.6075389061763424e-11
91, 357, 2.54574270029714e-11
166, 675, 2.3046185308829144e-11
427, 616, 2.2733374556938843e-11
1069, 1222, 2.2651114021594963e-11
427, 646, 2.2110228621199283e-11
429, 534, 2.1786947270397395e-11
166, 1212, 2.1683906092603945e-11
91, 285, 2.14465654860988e-11
240, 357, 2.0627601879812408e-11
718, 1254, 1.9868849787305453e-11
91, 654, 1.9694415976807906e-11
460, 675, 1.9510355263216972e-11
218, 1140, 1.8053461420917514e-11
427, 675, 1.803197893849327e-11
134, 350, 1.8005203182000357e-11
235, 689, 1.560825616407598e-11
576, 654, 1.5303897204425105e-11
518, 616, 1.5302092252328034e-11
35, 1254, 1.514556262816068e-11
205, 437, 1.4780956736244598e-11
205, 285, 1.2081869697911802e-11
136, 437, 1.2011678330264125e-11
647, 1140, 1.1948217562635066e-11
808, 1222, 1.11123661497087e-11
463, 689, 8.871968212194949e-12
166, 350, 8.766049424707051e-12
455, 616, 8.618322943477685e-12
282, 518, 8.614685420540963e-12
292, 654, 8.537340229555276e-12
203, 807, 8.076743702752631e-12
134, 689, 7.85993620725638e-12
521, 646, 7.560609420470653e-12
240, 654, 7.426997608866443e-12
235, 437, 6.908292832315751e-12
453, 689, 6.5221320604740996e-12
152, 800, 6.492237805575952e-12
429, 585, 6.4253267748864034e-12
772, 1011, 6.331727503082379e-12
325, 1140, 6.256221987801335e-12
325, 800, 6.130750628662862e-12
1170, 1356, 5.973728742576759e-12
647, 800, 5.890250412419223e-12
44, 1011, 5.749477135797701e-12
134, 437, 5.582694017254567e-12
78, 1359, 5.349431393905384e-12
152, 292, 5.322030873590598e-12
208, 1014, 5.232762000879485e-12
305, 1359, 5.224281615191678e-12
294, 1014, 5.134972491588989e-12
83, 1011, 5.02617801100942e-12
152, 1140, 5.011881956960275e-12
3, 1359, 4.886074717412272e-12
122, 357, 4.860193339544951e-12
122, 285, 4.8557026311361735e-12
78, 800, 4.845344913223333e-12
3, 292, 4.744137249791556e-12
3, 800, 4.422337079067937e-12
808, 1140, 4.329479308908174e-12
78, 1140, 4.2196888532132185e-12
1170, 1410, 4.199764770582134e-12
44, 1254, 4.079288660737474e-12
78, 292, 3.956031569018329e-12
83, 1254, 3.840475662400056e-12
205, 357, 3.751287065024539e-12
696, 1254, 3.684268589319735e-12
282, 807, 3.4090906074661503e-12
3, 1140, 3.3967293587092233e-12
305, 800, 3.393242377079174e-12
838, 1222, 3.3438465023987605e-12
545, 689, 3.195834559269719e-12
305, 1140, 3.167081106817582e-12
838, 1140, 3.1113812973564046e-12
136, 285, 2.417568225309887e-12
235, 357, 2.3941202095592e-12
83, 1048, 2.391780166799502e-12
30, 1048, 2.3640801320642236e-12
166, 689, 2.2748463154103635e-12
136, 357, 2.2516446583114104e-12
718, 1048, 2.0211366853692842e-12
196, 292, 1.9999999095593502e-12
15, 1048, 1.8712014897617957e-12
956, 1254, 1.6795854946791388e-12
91, 1048, 1.452776646738808e-12
30, 1254, 1.4286263142248316e-12
15, 1254, 1.3688119785288802e-12
196, 819, 1.3535320171313064e-12
173, 292, 1.3158214380247209e-12
203, 292, 1.2970330429837207e-12
30, 1064, 1.2360761323113516e-12
718, 1064, 1.2228185875556447e-12
83, 1064, 1.1930255210695389e-12
292, 1254, 1.1385681639925378e-12
15, 1064, 1.1055780911720875e-12
134, 285, 1.1052442208888046e-12
842, 1254, 1.1016470616977063e-12
956, 1064, 1.0576594718514873e-12
1093, 1335, 9.929514849568445e-13
132, 292, 9.591749087130765e-13
203, 819, 7.597084522115181e-13
30, 1011, 6.559583659416663e-13
35, 1014, 5.855944900860177e-13
134, 357, 5.170494496855128e-13
166, 285, 4.166422829601009e-13
455, 646, 3.706812060590109e-13
282, 819, 3.3083087362237205e-13
166, 357, 2.420876790927565e-13
292, 1048, 2.104845358417085e-13
208, 292, 1.7401295282665535e-13
166, 437, 1.731517373988418e-13
521, 675, 1.72275182667884e-13
218, 287, 1.598224086561751e-13
455, 675, 1.514628155766257e-13
460, 689, 9.605349192448264e-14
427, 689, 9.023752777587695e-14
678, 876, 7.794489877947519e-14
35, 292, 6.071974732038813e-14
623, 807, 4.5002132086437224e-14
44, 292, 4.175794914322125e-14
535, 807, 4.099970158836488e-14
30, 292, 3.6864109606964555e-14
15, 292, 3.371119107456701e-14
83, 292, 2.997023530775039e-14
218, 282, 2.607415371064606e-14
152, 287, 2.2650595698869982e-14
91, 292, 2.026743368307943e-14
3, 287, 1.8996587933191272e-14
78, 287, 1.616784389359893e-14
91, 760, 1.575904891792188e-14
696, 760, 1.263176345795386e-14
292, 760, 1.1896046856442949e-14
205, 292, 1.1354751808530587e-14
1170, 1265, 9.474493981952633e-15
518, 646, 9.147595480974798e-15
196, 287, 9.133330971987669e-15
173, 287, 6.039217766394499e-15
203, 287, 5.535569923991532e-15
152, 282, 5.007105530260072e-15
981, 1265, 4.906793111617053e-15
122, 292, 4.5899482398818585e-15
3, 282, 3.926876929802284e-15
132, 287, 3.923958391017177e-15
78, 282, 3.387810606742372e-15
429, 616, 2.9564331352352565e-15
136, 292, 2.271649230531475e-15
196, 282, 2.040024398609678e-15
173, 282, 1.4491047591525214e-15
203, 282, 1.1358327737249798e-15
134, 292, 1.0420737176022144e-15
132, 282, 8.257180734570992e-16
208, 287, 6.974618351331647e-16
166, 292, 6.1046327610392955e-16
35, 287, 2.435120918792715e-16
44, 287, 1.651413947859547e-16
30, 287, 1.491098696302571e-16
15, 287, 1.3737744253876203e-16
208, 282, 1.3326857026149608e-16
83, 287, 1.2267158753552368e-16
91, 287, 8.302559097252519e-17
35, 518, 6.188778766888236e-17
35, 282, 4.956746415516924e-17
208, 518, 4.887104360994581e-17
205, 287, 4.731545691276462e-17
44, 518, 4.355007461869674e-17
30, 518, 3.726507067675778e-17
44, 282, 3.332768820776893e-17
15, 518, 3.3248983281281994e-17
83, 518, 3.305093670128235e-17
294, 518, 3.238080032038629e-17
30, 282, 3.0613300152587224e-17
15, 282, 2.8711542441377554e-17
83, 282, 2.5718069838213313e-17
122, 287, 1.8815219893648957e-17
91, 282, 1.7427040122067693e-17
205, 282, 9.443858443400175e-18
136, 287, 9.333868966703681e-18
134, 287, 4.272832818667087e-18
122, 282, 3.93761654647389e-18
91, 518, 3.67903446931497e-18
166, 287, 2.720732671631154e-18
136, 282, 1.977714636585112e-18
292, 518, 1.831181454092019e-18
240, 518, 1.74925274467444e-18
134, 282, 9.019484242994142e-19
122, 518, 7.96359891162046e-19
387, 518, 7.18255622568154e-19
166, 282, 6.335394458185388e-19
205, 518, 5.4647467978001485e-19
136, 518, 3.762153449431658e-19
453, 518, 3.3540141651834645e-19
235, 518, 2.273148367035733e-19
427, 518, 1.961754968674922e-19
134, 518, 1.7357450017985813e-19
166, 518, 7.974144882645109e-20
518, 675, 7.859629546881683e-20
455, 518, 4.525673542895642e-20
