Gene = LOC101744384
index = 634
Annotated 5SS: [400]
Annotated 3SS: [1083]
SMsplice 5SS: [400]
SMsplice 3SS: [1083]
length: 1800
Partition function (logZ) = -7.032738549276036
#Introns = 1161
5SS, 3SS, prob
400, 1083, 0.6252204777951014
400, 907, 0.26788525896058235
400, 1613, 0.015669818728183234
400, 1369, 0.015566885459352555
400, 1502, 0.015329180925550396
1436, 1502, 0.01387725399944692
400, 531, 0.011101470929605632
1436, 1613, 0.009173176118875227
1240, 1613, 0.007255655528691832
400, 1289, 0.006701659812104247
54, 171, 0.00579068899950336
400, 778, 0.005525993670943936
983, 1083, 0.0051868573427208175
400, 1107, 0.0049176004931412364
1509, 1613, 0.00491087110474254
1240, 1502, 0.003984785127872957
1240, 1369, 0.0038049928044658144
400, 1328, 0.0036827019272806473
1255, 1613, 0.0036540883573807875
400, 1160, 0.003011155738114461
54, 1083, 0.0029546081236884914
1255, 1369, 0.0025928491867731308
499, 1083, 0.002372580511152852
1240, 1328, 0.0022453148192003902
400, 1599, 0.0022287327045361367
1255, 1502, 0.0019304845847219502
400, 497, 0.0018167745762467866
54, 225, 0.0017419643159063125
400, 1550, 0.0017351666620703963
54, 907, 0.0014917154467160272
1436, 1550, 0.0013732498411223844
400, 729, 0.0013704997100111138
1436, 1599, 0.001342511916436213
1436, 1540, 0.0012831575718296974
400, 1540, 0.0012405335117244816
400, 553, 0.0011806086629306681
1320, 1613, 0.0011306222053273792
1240, 1599, 0.0010342898318138787
1255, 1328, 0.0010341385604289814
1509, 1599, 0.0010212128290464847
499, 907, 0.0009304345804979025
400, 1218, 0.0009302486700060426
400, 1168, 0.0007338018344930112
678, 1083, 0.0007266093724275067
938, 1083, 0.0006830034912802756
400, 1581, 0.0006453217700176474
1320, 1502, 0.0006317409226438807
1240, 1550, 0.0006230198254699548
54, 261, 0.0006148494164162586
54, 333, 0.0005499304023179745
1255, 1599, 0.0005296293871626138
54, 231, 0.0004992854400247766
1531, 1613, 0.0004796178965657977
742, 1083, 0.0004468206311496582
400, 938, 0.0004331930191170583
1240, 1540, 0.00041096231031027787
1436, 1581, 0.0003655975894613579
400, 601, 0.00033863236215671006
400, 577, 0.0003125229750585286
563, 1083, 0.0002969821882109372
400, 1484, 0.0002960413497563121
400, 550, 0.0002929466125015017
1255, 1550, 0.00029128609824801967
1520, 1613, 0.00028527119556714584
1240, 1581, 0.00027745612630216093
400, 994, 0.0002505531538121714
1509, 1581, 0.0002424958144406439
400, 1189, 0.00023128175092644089
885, 1083, 0.0002145381067800089
678, 907, 0.0002014201207858584
1536, 1613, 0.00020023406450195313
983, 1613, 0.00019806156808454105
1255, 1540, 0.0001941728339677061
1516, 1613, 0.0001916299915409198
1248, 1613, 0.000181250695488878
1436, 1508, 0.00016460184656322098
1189, 1613, 0.0001645893370634593
1436, 1519, 0.00015909299504783203
1320, 1599, 0.00015551512952192149
400, 1508, 0.0001386295770423556
1255, 1581, 0.00013691150885232625
742, 907, 0.0001360021646123358
400, 1560, 0.00013565116933010816
983, 1502, 0.0001336512800346784
563, 907, 0.00011539821320568917
400, 518, 0.00011389758880001406
983, 1369, 0.00011283733195909407
54, 531, 0.00011243430680152981
400, 1419, 0.00010976876624767238
400, 1519, 0.00010841950935593805
400, 1128, 0.00010803909399853347
1248, 1369, 0.00010773326390847823
400, 1094, 0.00010618453543500449
1294, 1369, 0.00010137606218430679
1189, 1502, 9.83571106525327e-05
1248, 1502, 9.681868718325134e-05
54, 264, 9.585201353138707e-05
400, 1765, 9.022150014538796e-05
1436, 1560, 8.873993429198895e-05
1436, 1765, 8.408427758837086e-05
1320, 1550, 8.361938989932955e-05
1464, 1613, 7.852636674724539e-05
400, 1563, 7.642744504481679e-05
499, 1613, 7.548077105754755e-05
400, 1404, 7.497094016932218e-05
1294, 1613, 7.31785710319337e-05
1240, 1484, 6.83142007800554e-05
54, 1613, 6.803029575678871e-05
54, 1369, 6.756655149407878e-05
400, 970, 6.740791383820824e-05
1189, 1369, 6.615524674573901e-05
1189, 1289, 6.437434343082995e-05
499, 1369, 6.388138807356354e-05
462, 1083, 6.357690961474038e-05
346, 1083, 6.239394645001792e-05
54, 1502, 6.111380078066535e-05
938, 1613, 6.0520214075742305e-05
89, 171, 5.950061534707584e-05
1248, 1328, 5.715977274005836e-05
499, 1502, 5.701523110190915e-05
1320, 1540, 5.663725947030906e-05
1240, 1560, 5.1476456833888236e-05
1240, 1765, 5.1146064884486376e-05
1531, 1599, 4.994684967929745e-05
684, 1083, 4.675843661802864e-05
400, 1264, 4.629769654977369e-05
304, 1083, 4.595472213528568e-05
1520, 1599, 4.558413875701052e-05
1436, 1563, 4.5005986025273895e-05
1404, 1502, 4.483592522050194e-05
194, 1083, 4.418527862588462e-05
1160, 1613, 4.37456319655035e-05
938, 1502, 4.219029720424748e-05
54, 778, 4.068459103988682e-05
1320, 1581, 4.0427832102724084e-05
983, 1289, 3.960226822302698e-05
1240, 1508, 3.6531335413008775e-05
938, 1369, 3.4990609115213375e-05
1294, 1502, 3.467801322239473e-05
1516, 1599, 3.4504254115312425e-05
400, 1223, 3.348340247609852e-05
678, 1613, 3.2429951575288154e-05
1255, 1484, 3.1701247083343355e-05
346, 907, 3.086087223267599e-05
54, 244, 3.023862924597032e-05
400, 916, 3.0177677524713436e-05
54, 1289, 3.0146140762383844e-05
1240, 1519, 2.999816982210054e-05
1240, 1563, 2.951561890461462e-05
54, 422, 2.9056633501461573e-05
983, 1599, 2.8542296456679015e-05
499, 1289, 2.789888889913102e-05
1160, 1502, 2.7551784645941094e-05
1255, 1765, 2.617651807422377e-05
462, 907, 2.6142750940828283e-05
1248, 1599, 2.556526537057593e-05
678, 1369, 2.5374842818869987e-05
1699, 1765, 2.495141864157466e-05
1255, 1560, 2.4404298750895335e-05
983, 1328, 2.430356147110659e-05
1404, 1613, 2.4203744669284483e-05
194, 907, 2.4149767680080046e-05
400, 1113, 2.3784331743231143e-05
1189, 1599, 2.3615823631516023e-05
54, 1107, 2.360757518032613e-05
742, 1613, 2.324886614921453e-05
304, 907, 2.3119969325793382e-05
54, 390, 2.2618303678961134e-05
983, 1107, 2.23859373749072e-05
1240, 1419, 2.223954580253638e-05
678, 1502, 2.1504818851533176e-05
400, 1445, 2.0789848331442258e-05
1464, 1550, 2.057331327533121e-05
194, 261, 1.9671377053388686e-05
400, 1671, 1.9356961298621416e-05
983, 1550, 1.9106059053592545e-05
885, 1613, 1.9034731733176538e-05
499, 1107, 1.8351080856070724e-05
1255, 1508, 1.8196923458805934e-05
1536, 1599, 1.694396145969048e-05
1160, 1369, 1.6918404321516622e-05
1509, 1765, 1.6525349265680225e-05
1189, 1328, 1.6037773109397013e-05
1240, 1404, 1.6025836544086474e-05
742, 1369, 1.5715099045658154e-05
499, 778, 1.5654360568954488e-05
1255, 1519, 1.5253067734779306e-05
54, 1328, 1.5083539005171652e-05
400, 871, 1.5067131416013142e-05
742, 1502, 1.4795436880453766e-05
1248, 1550, 1.4717092301598375e-05
54, 1160, 1.4599935641326308e-05
1255, 1563, 1.4087025330367877e-05
1629, 1765, 1.4082091141943617e-05
1189, 1550, 1.3982116192590579e-05
499, 1328, 1.3976206976264556e-05
400, 1618, 1.3878385623151236e-05
1464, 1540, 1.3656438358359717e-05
54, 553, 1.3622477064466833e-05
983, 1540, 1.3162749408544178e-05
400, 863, 1.3124424399726425e-05
89, 1083, 1.309812507576153e-05
938, 1289, 1.3075142592235697e-05
54, 266, 1.2930169086373478e-05
684, 907, 1.2838221444863263e-05
499, 1160, 1.231600985831448e-05
1374, 1613, 1.2089697662763407e-05
885, 1502, 1.2001170071991725e-05
1320, 1484, 1.1871407652761315e-05
885, 1369, 1.1763874798189146e-05
400, 1294, 1.171358893485346e-05
400, 1255, 1.1558623996271168e-05
1255, 1419, 1.1534752362170552e-05
499, 1599, 1.1494602956594145e-05
54, 729, 1.1414222311135696e-05
563, 1613, 1.1328470549120634e-05
678, 778, 1.129541804003407e-05
983, 1160, 1.1185953470456648e-05
1436, 1671, 1.1111276014187198e-05
1464, 1599, 1.0966168744306181e-05
54, 1599, 1.043950322324934e-05
1320, 1419, 1.0415565725313605e-05
678, 1289, 1.025070031694038e-05
1294, 1599, 9.863176334653949e-06
1189, 1540, 9.759806031381284e-06
1374, 1502, 9.740491922751885e-06
1320, 1404, 9.705886933454118e-06
1248, 1540, 9.699761353547347e-06
1240, 1671, 9.570543462387077e-06
1320, 1765, 9.05819738052282e-06
89, 225, 8.888598357364115e-06
938, 1599, 8.872998150474885e-06
400, 556, 8.83452386858432e-06
794, 1083, 8.789743984558385e-06
1160, 1289, 8.403093903228225e-06
1255, 1404, 8.290891039017384e-06
983, 1581, 7.836394565822763e-06
54, 1550, 7.780018386436638e-06
54, 276, 7.775682885213701e-06
499, 1550, 7.632732766869556e-06
938, 1328, 7.6255241551526385e-06
54, 497, 7.480168887140523e-06
1436, 1618, 7.428668341740899e-06
89, 907, 7.347683243380319e-06
1320, 1560, 7.173239668605621e-06
563, 1369, 6.946746770805423e-06
1440, 1502, 6.8519521064631656e-06
1248, 1581, 6.848992994021598e-06
194, 333, 6.749643625855971e-06
54, 307, 6.636279237801581e-06
400, 654, 6.63449599609386e-06
742, 1289, 6.5084916034247605e-06
1240, 1618, 6.284424660333241e-06
1160, 1599, 6.136743170408444e-06
809, 1083, 6.131494917032932e-06
1189, 1581, 6.0859946388005385e-06
809, 907, 5.980756744090882e-06
678, 1328, 5.867497771758901e-06
563, 1502, 5.798149561822966e-06
400, 468, 5.788514593380484e-06
1320, 1508, 5.730213955089875e-06
1440, 1613, 5.683718386578769e-06
1294, 1550, 5.573967519260756e-06
938, 1550, 5.514456963404524e-06
400, 1753, 5.433004358552113e-06
54, 1540, 5.385059782505819e-06
499, 1540, 5.3758671044207515e-06
794, 907, 5.322169147448814e-06
678, 1107, 5.243351760722452e-06
938, 1107, 5.211703310825995e-06
1643, 1765, 5.1575469640157835e-06
1255, 1671, 4.950084702950989e-06
400, 1125, 4.6698726144226355e-06
1320, 1519, 4.6417948256991795e-06
1516, 1581, 4.605783750113912e-06
1436, 1753, 4.531576943127207e-06
1469, 1613, 4.514340662528858e-06
885, 1289, 4.392267181984691e-06
400, 1029, 4.2901414252462406e-06
1240, 1445, 4.263281781306073e-06
1320, 1563, 4.155512001030103e-06
678, 1599, 4.151228011458038e-06
54, 601, 4.144223651599714e-06
54, 1218, 4.065308504398909e-06
1160, 1328, 3.9350214788541775e-06
938, 1540, 3.917380443263334e-06
1464, 1581, 3.897082777577528e-06
1160, 1550, 3.863292660993331e-06
983, 1218, 3.834793418817452e-06
678, 1160, 3.7817226919811496e-06
102, 171, 3.766817208358323e-06
499, 1218, 3.7199548475788426e-06
1294, 1540, 3.7195602347934965e-06
400, 590, 3.6636558160804347e-06
54, 577, 3.5950451985398807e-06
499, 577, 3.5818147471892877e-06
1404, 1599, 3.537554859730597e-06
194, 264, 3.5072182457794178e-06
400, 1730, 3.4880978291813343e-06
54, 1168, 3.4672777178839235e-06
54, 550, 3.380189143639767e-06
499, 729, 3.3619703650933457e-06
54, 304, 3.339060076060643e-06
938, 1160, 3.2424084475519376e-06
499, 1581, 3.163971314419618e-06
54, 300, 3.1634107167283403e-06
1255, 1618, 3.1485283502869122e-06
1240, 1753, 3.0519225671946445e-06
742, 1107, 3.0333034769145996e-06
400, 465, 3.018566948450058e-06
499, 1168, 2.9997630329414638e-06
89, 261, 2.973380255022382e-06
1509, 1618, 2.9404877880915954e-06
499, 601, 2.861105132538672e-06
65, 171, 2.85512917737296e-06
400, 678, 2.7464962468158236e-06
983, 1168, 2.691808121186602e-06
1436, 1730, 2.5239904960850545e-06
462, 531, 2.46322621198795e-06
89, 231, 2.4546035871186106e-06
468, 1083, 2.4249780993022382e-06
54, 938, 2.3661941436179088e-06
1509, 1671, 2.3396591715730005e-06
89, 333, 2.337681743371378e-06
400, 976, 2.298974221465504e-06
404, 1083, 2.2702807804360947e-06
742, 1160, 2.140453629971961e-06
556, 1083, 2.092581805045061e-06
871, 1083, 2.032226133480399e-06
1240, 1730, 1.996627101934962e-06
563, 1107, 1.7468778331061833e-06
518, 1083, 1.7162260284970776e-06
550, 1083, 1.6834636201121762e-06
1255, 1753, 1.5932465658591532e-06
54, 356, 1.476653363442815e-06
563, 1289, 1.4506877869778687e-06
499, 938, 1.4330421975510506e-06
400, 477, 1.3588697556279933e-06
742, 1328, 1.3232888951746041e-06
194, 531, 1.296178280755535e-06
1248, 1765, 1.2871171533948745e-06
563, 778, 1.216961994426112e-06
1189, 1765, 1.1686859169681852e-06
983, 1765, 1.120586500881572e-06
346, 531, 1.0332495110079562e-06
102, 225, 8.900032406729475e-07
54, 313, 8.812821775973177e-07
885, 1328, 8.371967375640247e-07
54, 289, 7.038211768144371e-07
563, 1328, 6.784569182151414e-07
65, 225, 6.433357522023455e-07
304, 390, 5.542899927987902e-07
194, 266, 5.076194420418238e-07
151, 225, 4.794781287374894e-07
89, 264, 4.643048124847653e-07
54, 280, 4.182784631893971e-07
87, 171, 4.0494445740381755e-07
54, 270, 3.844294039022567e-07
684, 1369, 3.57976820426122e-07
194, 276, 3.5768794612483866e-07
346, 1369, 3.574354940959148e-07
462, 1369, 3.5585196938142264e-07
346, 422, 3.446898095964789e-07
678, 1218, 2.724818058983248e-07
462, 1289, 2.6403432159734396e-07
346, 1289, 2.6218711461971515e-07
938, 1218, 2.5996682495111353e-07
304, 1369, 2.590303084214389e-07
102, 261, 2.5249219431897723e-07
684, 1289, 2.348786217184428e-07
102, 231, 2.3426496373509292e-07
65, 261, 2.2757357103859156e-07
194, 1369, 2.1947187419761476e-07
563, 1160, 2.1444387532739563e-07
65, 333, 1.9861547855921795e-07
194, 1289, 1.9711473576852265e-07
194, 390, 1.8580674033045746e-07
65, 231, 1.854897919142756e-07
742, 1218, 1.820452531709489e-07
102, 333, 1.8087241289983539e-07
304, 1289, 1.760633989140916e-07
885, 1107, 1.7363971501650916e-07
885, 1160, 1.7047218992753635e-07
54, 1189, 1.6338378986305797e-07
1189, 1264, 1.558725549738059e-07
217, 333, 1.553757198263932e-07
151, 231, 1.5287393152719191e-07
499, 1189, 1.5002789340731494e-07
89, 244, 1.4627654979004837e-07
497, 1083, 1.3859762309745457e-07
194, 307, 1.29614819416269e-07
678, 1168, 1.2902876207014732e-07
462, 1328, 1.2342731539633438e-07
304, 422, 1.229682690370537e-07
563, 1218, 1.164574003605963e-07
983, 1189, 1.1220609622218914e-07
885, 1218, 1.120403036132837e-07
684, 1328, 1.0810006099346262e-07
346, 1328, 1.0745980685682842e-07
151, 261, 1.0714690485494914e-07
938, 1168, 1.0270354722402025e-07
102, 1083, 9.91756453933224e-08
54, 518, 9.815313883633721e-08
65, 1083, 9.707431231481984e-08
756, 1083, 9.627681620994517e-08
194, 422, 9.306423449569297e-08
304, 531, 8.994295766814725e-08
89, 390, 8.460381392027491e-08
304, 1328, 8.391915532610212e-08
194, 300, 7.845831732001194e-08
742, 1168, 7.757888351027717e-08
983, 1404, 7.345228516334464e-08
54, 369, 7.296802005058603e-08
983, 1419, 7.185832556590398e-08
194, 304, 7.184940921608864e-08
794, 1369, 7.057355017692614e-08
983, 1264, 6.798147694028836e-08
217, 1083, 6.708732724828212e-08
1076, 1369, 6.639713323711418e-08
684, 778, 6.464744944680621e-08
89, 266, 6.249716799151196e-08
54, 1128, 6.065203658536747e-08
87, 225, 6.018666919093859e-08
705, 1083, 5.869724106061561e-08
346, 778, 5.8678053364183514e-08
89, 1369, 5.786660897702114e-08
194, 778, 5.6526842475795026e-08
462, 1107, 5.5803646041344976e-08
194, 1328, 5.567267517982305e-08
499, 1264, 5.56331889532979e-08
89, 531, 5.514728594495981e-08
1255, 1445, 5.458690966286221e-08
54, 1264, 5.393103186723557e-08
346, 1107, 5.2962735409021954e-08
563, 1168, 5.206334277046689e-08
462, 778, 4.921286639035139e-08
1248, 1419, 4.874386592461974e-08
304, 778, 4.848180803303231e-08
89, 422, 4.745256919149283e-08
54, 1094, 4.744637299044379e-08
499, 1128, 4.665359080289088e-08
462, 553, 4.4537481243579294e-08
462, 1160, 4.384648002864086e-08
1248, 1404, 4.357623265137876e-08
746, 1083, 4.339971136132519e-08
151, 333, 4.30924941232867e-08
54, 364, 4.122191042022451e-08
794, 1289, 4.0300472992498735e-08
346, 1160, 4.012012441196675e-08
89, 1289, 4.0033595765973224e-08
102, 264, 3.954377194185709e-08
938, 1189, 3.92358742327718e-08
1189, 1419, 3.874670246338611e-08
304, 1107, 3.859728582831852e-08
54, 1419, 3.8392049939397407e-08
678, 1189, 3.789035374235176e-08
499, 1094, 3.7623659035151775e-08
885, 1168, 3.681296230997378e-08
89, 276, 3.678911136092068e-08
194, 1107, 3.677029998289379e-08
684, 1107, 3.601707053385428e-08
65, 264, 3.5589723025879534e-08
907, 1083, 3.502292519306111e-08
1076, 1289, 3.45485395139754e-08
54, 1404, 3.3554348909170803e-08
54, 994, 3.3108727934195984e-08
556, 907, 3.2239627353506454e-08
563, 729, 3.221460002383811e-08
1189, 1404, 3.207070508713588e-08
499, 1419, 3.1821937543003185e-08
143, 225, 3.097900418650957e-08
684, 1160, 3.0888511763922034e-08
468, 907, 3.022910799491337e-08
1294, 1404, 3.005061157863468e-08
404, 907, 2.992213744221386e-08
983, 1094, 2.945333229203212e-08
499, 1404, 2.926582885355579e-08
1160, 1264, 2.9183948344741518e-08
194, 1160, 2.8410891851421558e-08
54, 1223, 2.8315304902286243e-08
304, 1160, 2.813336097842569e-08
151, 1083, 2.664021276156923e-08
89, 307, 2.606951223924627e-08
499, 1223, 2.594641710668451e-08
194, 289, 2.5906911334776415e-08
1320, 1445, 2.5783819317242158e-08
550, 907, 2.4487214385035818e-08
983, 1484, 2.346884938075441e-08
499, 994, 2.3082776224336485e-08
983, 1128, 2.307950907333335e-08
742, 1189, 2.2315691332738788e-08
1294, 1419, 2.091857338976991e-08
518, 907, 2.056287906633932e-08
87, 261, 2.043493298571718e-08
102, 907, 1.9724002189590457e-08
400, 1130, 1.941904539701509e-08
215, 333, 1.9276466993726838e-08
462, 1218, 1.926076781817342e-08
194, 553, 1.9065703467577465e-08
938, 1419, 1.8875562267758205e-08
497, 907, 1.886049094374302e-08
194, 280, 1.8807129225206634e-08
89, 778, 1.8745224671738233e-08
346, 1218, 1.8080326619885103e-08
983, 1223, 1.7044820514429655e-08
809, 1369, 1.6932755988771624e-08
87, 231, 1.673027340903876e-08
194, 270, 1.670740424882894e-08
65, 907, 1.6419557894716662e-08
87, 333, 1.631412363655674e-08
1076, 1160, 1.6169221993152164e-08
194, 356, 1.563599254443201e-08
151, 264, 1.5454834481092693e-08
346, 553, 1.508700684230536e-08
1189, 1484, 1.4998492089072173e-08
1248, 1484, 1.4695743425357768e-08
194, 313, 1.4647378379272416e-08
684, 1218, 1.4166268496334846e-08
729, 1083, 1.3740452628645916e-08
1189, 1255, 1.352856926711646e-08
885, 1189, 1.3466056577633673e-08
89, 304, 1.3278781155119717e-08
194, 1218, 1.3246381758766816e-08
304, 553, 1.3225370642370371e-08
89, 300, 1.287498600639949e-08
102, 244, 1.2813720205106583e-08
217, 907, 1.2744636394959409e-08
563, 1189, 1.2271722332184874e-08
54, 556, 1.202700448795625e-08
346, 729, 1.1686094644710078e-08
54, 1113, 1.1535945336503552e-08
54, 1484, 1.151703924918207e-08
462, 550, 1.1468861668663909e-08
65, 244, 1.1321148229451835e-08
89, 1107, 1.1175424901482899e-08
194, 729, 1.104345930020125e-08
194, 497, 1.0986498826017866e-08
462, 1502, 1.085474304838647e-08
499, 1484, 1.0542392356151517e-08
346, 497, 1.0244462249695948e-08
462, 1168, 9.937692350516458e-09
756, 907, 9.583292559669737e-09
684, 1502, 9.33812405813718e-09
304, 729, 9.221052084784134e-09
1404, 1484, 9.18921231416594e-09
346, 1502, 9.051973152536426e-09
346, 1168, 8.951484852785456e-09
499, 1113, 8.881961044914455e-09
871, 1369, 8.731838731644494e-09
143, 231, 8.66859043274927e-09
520, 1083, 8.623770773258812e-09
462, 729, 8.55185146538585e-09
151, 244, 8.491025270853839e-09
89, 1160, 8.331504733086304e-09
215, 1083, 8.276674459345897e-09
468, 531, 7.981542092581467e-09
930, 1083, 7.728958045602916e-09
87, 1083, 7.578834398641534e-09
89, 553, 7.499414630495672e-09
65, 390, 7.485186523336948e-09
678, 1128, 7.423661889066842e-09
304, 497, 7.383116969795619e-09
684, 1168, 6.822951830261287e-09
794, 1107, 6.792937554654423e-09
54, 970, 6.720342060759476e-09
938, 1484, 6.639428280221075e-09
102, 390, 6.633608629555251e-09
938, 1128, 6.464556942659532e-09
89, 356, 6.202512012326403e-09
194, 1502, 6.172808611287982e-09
400, 833, 6.058464508382202e-09
462, 577, 6.0302201204291715e-09
678, 1094, 5.8505757561778995e-09
1294, 1484, 5.692583006026901e-09
194, 601, 5.6731397841728565e-09
304, 1502, 5.521930094571101e-09
102, 266, 5.3344015453212115e-09
705, 907, 5.3148331548909234e-09
1369, 1502, 5.287769305172426e-09
54, 863, 5.2817565029151796e-09
194, 577, 5.162949673456335e-09
938, 1094, 5.12873817787852e-09
54, 871, 5.076469852941424e-09
143, 261, 5.0606516559435404e-09
151, 907, 4.946954751205702e-09
346, 601, 4.9027241810796405e-09
404, 531, 4.901690139470937e-09
54, 590, 4.824643898098851e-09
65, 266, 4.797390549826861e-09
400, 962, 4.740483491980822e-09
194, 550, 4.682524761499839e-09
938, 1404, 4.6612200799744224e-09
65, 531, 4.631107216799505e-09
89, 497, 4.600614006481878e-09
102, 531, 4.600611111626565e-09
499, 970, 4.5890894076153805e-09
499, 590, 4.565040312616359e-09
742, 1128, 4.546368957782225e-09
54, 468, 4.4247145213675425e-09
1160, 1484, 4.3772878326782664e-09
462, 601, 4.320277779655805e-09
54, 654, 4.269362285940033e-09
746, 907, 4.183439721098674e-09
346, 577, 4.111111849488911e-09
304, 601, 4.047424943243649e-09
217, 307, 3.9645674095284114e-09
89, 729, 3.9104116762434635e-09
102, 422, 3.877118786812118e-09
678, 1484, 3.737974717660051e-09
65, 422, 3.732491907851596e-09
346, 550, 3.7155934302936857e-09
54, 916, 3.6620886210504004e-09
304, 577, 3.622755987630233e-09
742, 1094, 3.588948436355253e-09
678, 938, 3.568294583572099e-09
89, 313, 3.436187378638253e-09
304, 550, 3.194559613802667e-09
87, 264, 3.1897390762716098e-09
102, 276, 3.1591086872589592e-09
217, 390, 3.1249986172850434e-09
89, 289, 3.10584879704778e-09
563, 938, 2.9125250454782653e-09
65, 276, 2.848852235366157e-09
54, 427, 2.846983452981616e-09
54, 458, 2.8395611425418116e-09
678, 1404, 2.8370463240996184e-09
54, 465, 2.7993068309243037e-09
1076, 1502, 2.7754375877598562e-09
499, 863, 2.7489034673613135e-09
499, 871, 2.7394557213877174e-09
809, 1107, 2.6497320876193292e-09
678, 1419, 2.613839105668739e-09
143, 333, 2.4722960427354606e-09
678, 994, 2.440378567050208e-09
1160, 1419, 2.361187378210696e-09
65, 307, 2.2984168514951213e-09
217, 531, 2.2948857059576695e-09
563, 1094, 2.212688096918607e-09
499, 916, 2.20773996882929e-09
102, 307, 2.2017864062525596e-09
742, 938, 2.144823265119924e-09
217, 304, 2.105392572112647e-09
217, 300, 2.0851618297685317e-09
563, 1128, 2.0648771932207453e-09
89, 601, 2.056388308413671e-09
89, 577, 2.0547674998270836e-09
742, 1484, 1.99633220609793e-09
151, 266, 1.9816576007442243e-09
563, 994, 1.9752856323804735e-09
89, 280, 1.9481760100727782e-09
89, 270, 1.8467431382650562e-09
89, 550, 1.8273847545750915e-09
468, 553, 1.825582369977623e-09
468, 778, 1.8054474330642624e-09
404, 778, 1.7973453024718394e-09
742, 1419, 1.7836322359317235e-09
678, 1550, 1.71781560793119e-09
215, 907, 1.630245583101616e-09
1160, 1540, 1.6192644960056365e-09
885, 994, 1.5953729273550146e-09
102, 778, 1.5927877146989196e-09
806, 1083, 1.592100165684688e-09
794, 1502, 1.5186838421722722e-09
87, 907, 1.5078548084017579e-09
217, 422, 1.4865296310594513e-09
1404, 1550, 1.4537226767853619e-09
556, 778, 1.4483289128307057e-09
151, 390, 1.3979801872257686e-09
729, 907, 1.3964930326926735e-09
65, 778, 1.3868281613806485e-09
742, 994, 1.384461438966503e-09
54, 678, 1.3527533338500312e-09
54, 1581, 1.348068471679041e-09
304, 369, 1.3135351056097742e-09
499, 654, 1.3006139483692181e-09
304, 1168, 1.2972002505482443e-09
794, 1160, 1.2833801180204136e-09
89, 1502, 1.2619607336559964e-09
194, 1168, 1.2468527816529892e-09
520, 907, 1.213129227148235e-09
194, 518, 1.1488512348443476e-09
65, 304, 1.1481667022014061e-09
550, 778, 1.1256081040887958e-09
102, 304, 1.1253111093870603e-09
102, 300, 1.0937081975849823e-09
518, 778, 1.0899594515603384e-09
65, 300, 1.0829436219300692e-09
1294, 1581, 1.080023456803868e-09
468, 1107, 1.0588297458090655e-09
151, 531, 1.0545937654104457e-09
938, 1581, 1.0506056566278703e-09
705, 778, 1.0197442991176532e-09
87, 244, 1.0064969181993164e-09
151, 276, 9.650864550101074e-10
497, 778, 9.609881759607418e-10
346, 518, 9.582179476591866e-10
404, 497, 9.560200506396091e-10
983, 1113, 9.543461071331406e-10
346, 938, 9.485426176493107e-10
404, 1107, 9.394473678342424e-10
809, 1160, 9.168805002030808e-10
217, 778, 8.971996953312059e-10
742, 1599, 8.879511998452904e-10
143, 1083, 8.834932505361374e-10
983, 1508, 8.771702142591287e-10
462, 938, 8.582161135586708e-10
556, 1107, 8.27377621937395e-10
901, 1083, 8.122609887300098e-10
871, 1107, 7.860515913350684e-10
885, 1599, 7.801205815818428e-10
151, 422, 7.678255014259343e-10
806, 907, 7.546893892345322e-10
143, 264, 7.453102455329346e-10
885, 1094, 7.290376638427324e-10
194, 369, 7.122301597399811e-10
194, 938, 7.061879378247563e-10
304, 518, 6.916435249061949e-10
54, 477, 6.878345158559148e-10
518, 1107, 6.759336564533053e-10
550, 1107, 6.642135284224116e-10
1189, 1508, 6.61298417068184e-10
1248, 1508, 6.43817604771043e-10
65, 553, 6.180577539513798e-10
102, 553, 6.095728205246962e-10
87, 390, 5.89969013846274e-10
885, 1128, 5.876570396146691e-10
497, 1107, 5.863460637917762e-10
54, 1125, 5.813723473247997e-10
678, 863, 5.589512776977822e-10
151, 307, 5.570138341080132e-10
304, 1218, 5.518068245442986e-10
462, 1094, 5.368184796205322e-10
304, 938, 5.280892281516724e-10
404, 553, 5.252815812983145e-10
346, 1094, 5.233644704708203e-10
742, 863, 5.224741702983216e-10
102, 356, 5.119523044114666e-10
65, 356, 5.107483777984356e-10
215, 307, 4.964517347293436e-10
678, 871, 4.876540527141084e-10
1076, 1168, 4.839948851881198e-10
462, 1128, 4.711827005937784e-10
462, 1613, 4.6292016604828837e-10
217, 313, 4.542064940027092e-10
468, 550, 4.5103225651652544e-10
499, 1125, 4.4511490092550575e-10
346, 1128, 4.308195411290015e-10
87, 266, 4.2929096818777704e-10
89, 518, 4.291959996000077e-10
217, 289, 4.232391228388485e-10
346, 994, 4.2162160082804913e-10
563, 654, 4.176782890655698e-10
194, 364, 4.1498913130932205e-10
499, 678, 4.096702085632103e-10
742, 871, 4.076446532494147e-10
215, 390, 4.0491522684858433e-10
143, 244, 3.9752249489182394e-10
678, 1540, 3.871545155167267e-10
87, 531, 3.813583443945324e-10
102, 497, 3.7767802426828417e-10
462, 994, 3.7747510781309763e-10
462, 1189, 3.73716711612475e-10
151, 778, 3.706955943867485e-10
404, 729, 3.652246524201447e-10
65, 497, 3.576564256982877e-10
1404, 1540, 3.5071225662990277e-10
518, 601, 3.498600563167769e-10
346, 1189, 3.3600388138268946e-10
87, 422, 3.274045597171772e-10
678, 916, 3.2680235623875637e-10
102, 729, 3.2172325836755094e-10
468, 729, 3.215716434809664e-10
65, 729, 3.1499161369871335e-10
217, 553, 3.128214962196292e-10
304, 994, 3.119614984948678e-10
65, 313, 3.1154635976707307e-10
556, 729, 3.0907702005962746e-10
563, 863, 3.0851909947035983e-10
462, 556, 3.059141453420826e-10
194, 994, 3.0581491925162555e-10
563, 871, 3.0425607302122467e-10
215, 531, 3.0088194734717946e-10
497, 577, 2.944257699201162e-10
89, 369, 2.868710399977026e-10
102, 313, 2.863366226853504e-10
151, 304, 2.8491044342303927e-10
742, 1550, 2.8334624810810875e-10
151, 300, 2.781976021451724e-10
102, 1107, 2.7608693434735865e-10
217, 356, 2.7165683534250895e-10
468, 577, 2.704163066520833e-10
215, 300, 2.6927847550383773e-10
215, 304, 2.668289633693598e-10
102, 289, 2.6499603061426304e-10
65, 1107, 2.5831661373757516e-10
87, 276, 2.528441030819744e-10
143, 907, 2.523827715173759e-10
563, 970, 2.5137170581106964e-10
885, 1550, 2.5103689891904543e-10
65, 289, 2.4625776580117484e-10
304, 1094, 2.418097647773697e-10
678, 1113, 2.4154296771392985e-10
938, 1113, 2.405095404597088e-10
54, 1029, 2.39658143720481e-10
89, 1168, 2.3761604945153457e-10
550, 729, 2.3413699341767404e-10
194, 1094, 2.2800552052983562e-10
468, 1160, 2.2698907463038936e-10
563, 1113, 2.2307839225786593e-10
563, 916, 2.2234218555032956e-10
871, 1160, 2.189940371990086e-10
742, 916, 2.1254449536488572e-10
756, 1107, 2.0157897290332705e-10
497, 601, 2.0117367479863567e-10
684, 938, 1.9881792322788054e-10
556, 1160, 1.9548192059359342e-10
215, 422, 1.928862737764236e-10
518, 729, 1.841680507974433e-10
87, 307, 1.7999967652553506e-10
217, 729, 1.7705200179345634e-10
102, 601, 1.7673468212685698e-10
983, 1560, 1.7656059000439204e-10
499, 1029, 1.755826168297219e-10
742, 1540, 1.753757037973826e-10
194, 1128, 1.7479059218773348e-10
468, 601, 1.7380689048140125e-10
217, 280, 1.737724627042832e-10
102, 577, 1.709068874162886e-10
497, 729, 1.70306785886018e-10
304, 1128, 1.6865773338705207e-10
102, 280, 1.671173842821512e-10
89, 364, 1.653869810465403e-10
65, 601, 1.6452346128569613e-10
217, 497, 1.6107644167440052e-10
102, 270, 1.582295463916833e-10
65, 577, 1.567831775168249e-10
885, 970, 1.5397903740552333e-10
89, 938, 1.533444110677338e-10
65, 550, 1.5196841826457092e-10
65, 280, 1.5149577411130307e-10
102, 550, 1.4873832715889472e-10
151, 553, 1.438293513515441e-10
65, 270, 1.4224012743718418e-10
194, 556, 1.3970383865810688e-10
742, 1113, 1.3911697031257452e-10
404, 601, 1.3546990824490977e-10
404, 577, 1.349682728359555e-10
1469, 1550, 1.3326459805233175e-10
404, 550, 1.3035739709265663e-10
87, 778, 1.2731435678036054e-10
215, 778, 1.1614987066120012e-10
304, 1189, 1.1073982930341606e-10
346, 556, 1.10187653095184e-10
684, 1094, 1.0802142122251014e-10
194, 1189, 1.0525336878457413e-10
151, 356, 1.0380834018219596e-10
1464, 1560, 1.0373902653840168e-10
346, 427, 1.0148985697731513e-10
1160, 1581, 1.0122641572691491e-10
404, 1160, 1.0074331344035108e-10
304, 556, 9.817416634532209e-11
143, 266, 9.6930511507587e-11
1248, 1560, 9.38990322801426e-11
346, 863, 9.355795264134109e-11
87, 304, 9.155248432610254e-11
346, 871, 9.134485427239948e-11
87, 300, 8.866029701816079e-11
217, 601, 8.746758553615039e-11
151, 497, 8.557816636604429e-11
143, 390, 8.549963483214288e-11
194, 863, 8.415641213407001e-11
462, 863, 8.297843087943786e-11
684, 1128, 8.217236900665244e-11
217, 577, 8.172396185336745e-11
462, 871, 8.167335249740884e-11
194, 871, 8.114462423673468e-11
151, 729, 8.109793515644365e-11
518, 1160, 8.079968612032577e-11
550, 1160, 8.005956087587397e-11
217, 550, 7.67420899768973e-11
497, 1160, 7.441653196972968e-11
304, 863, 7.439175451463461e-11
304, 871, 7.329218131249046e-11
151, 313, 7.2501834155833e-11
151, 289, 7.059540841364513e-11
346, 970, 6.721266767966931e-11
678, 970, 6.467834564716804e-11
54, 976, 6.43242701623541e-11
520, 778, 6.361055507494698e-11
143, 531, 6.236343477058884e-11
462, 970, 6.21616719564235e-11
346, 468, 6.001833302849944e-11
1374, 1599, 5.998306559629703e-11
194, 590, 5.99695594042517e-11
563, 678, 5.890454295623845e-11
346, 916, 5.866626077440811e-11
215, 289, 5.821357956699902e-11
885, 1113, 5.727727300936567e-11
89, 994, 5.715789990344351e-11
684, 994, 5.6625155954332927e-11
215, 313, 5.5894882717903243e-11
742, 970, 5.538449917436079e-11
89, 556, 5.534923556201052e-11
194, 654, 5.4228187614410543e-11
151, 270, 5.372562517107983e-11
304, 970, 5.262669981831753e-11
346, 654, 5.254348383865885e-11
462, 590, 5.248127665296613e-11
87, 553, 5.197161706984923e-11
143, 276, 5.02271352796727e-11
462, 916, 5.008362817210806e-11
346, 590, 4.998670263677389e-11
404, 518, 4.997987214622705e-11
89, 1218, 4.8779456199384934e-11
346, 458, 4.8654510568073304e-11
151, 280, 4.839086611818262e-11
684, 1613, 4.723053345325164e-11
1513, 1613, 4.693804425365302e-11
143, 422, 4.466170184613118e-11
346, 1613, 4.452563421118849e-11
499, 976, 4.42993630045424e-11
194, 916, 4.427663165032101e-11
194, 468, 4.4119797812058695e-11
304, 654, 4.304907235833668e-11
87, 356, 4.273099118879101e-11
304, 916, 4.271930075458935e-11
54, 833, 4.1414421401900766e-11
304, 590, 4.13139374420487e-11
215, 553, 4.064598929442461e-11
346, 465, 4.0256105883045017e-11
151, 601, 3.988799491089527e-11
684, 1189, 3.78071041724069e-11
794, 1168, 3.770404665945155e-11
151, 577, 3.755263128847947e-11
102, 518, 3.662808658522371e-11
794, 938, 3.6578994082192755e-11
462, 654, 3.5933059384855817e-11
151, 550, 3.511257442697028e-11
65, 518, 3.509272276278681e-11
215, 356, 3.4801768064503736e-11
304, 468, 3.421060896898443e-11
684, 863, 3.223458790427569e-11
143, 307, 3.2202534074969297e-11
87, 497, 3.160218705098503e-11
304, 427, 3.08671828049494e-11
809, 938, 3.026394920030237e-11
194, 458, 2.840767897474797e-11
194, 465, 2.787869712058888e-11
684, 871, 2.760850098577031e-11
871, 938, 2.758200107643036e-11
87, 729, 2.6882958988920663e-11
194, 427, 2.6490479461586937e-11
65, 369, 2.536943209771897e-11
215, 280, 2.533791667493454e-11
89, 863, 2.5233715289372163e-11
89, 871, 2.4332794707443054e-11
102, 369, 2.4062316070214646e-11
54, 962, 2.394749912005591e-11
87, 313, 2.3822939571149458e-11
215, 729, 2.296476590367086e-11
89, 590, 2.2226304231937356e-11
304, 458, 2.2132114544094053e-11
304, 1613, 2.2068544841093106e-11
304, 465, 2.1637137222429998e-11
87, 289, 2.1368355804960525e-11
215, 497, 2.0930112206351935e-11
194, 1613, 2.067150463829123e-11
520, 601, 2.061112372611572e-11
1459, 1613, 2.0125824864121263e-11
89, 654, 2.0045522113674318e-11
1369, 1613, 1.9381651573420805e-11
89, 468, 1.9304537873338708e-11
794, 871, 1.8821185345563055e-11
194, 678, 1.859400215203223e-11
346, 678, 1.85150854764437e-11
684, 916, 1.8005421242578535e-11
217, 518, 1.668686354360997e-11
143, 304, 1.6441820413363143e-11
143, 300, 1.5956684394505147e-11
194, 970, 1.589047924722937e-11
563, 1223, 1.4489865990738784e-11
65, 364, 1.4257326677812729e-11
304, 678, 1.4128072451041927e-11
87, 577, 1.3950762866349776e-11
102, 364, 1.3903178405599347e-11
87, 601, 1.3853857165109237e-11
143, 778, 1.3706955211971068e-11
499, 962, 1.344837458394616e-11
87, 280, 1.3395432685689398e-11
89, 427, 1.3190527877898184e-11
89, 916, 1.3176673940201906e-11
809, 1289, 1.314901712623755e-11
556, 938, 1.3142536498189941e-11
468, 938, 1.2920651938835298e-11
468, 556, 1.2843200297731477e-11
87, 270, 1.2685442410855874e-11
87, 550, 1.2552858870929694e-11
89, 458, 1.2254033726636079e-11
89, 465, 1.2134506976891651e-11
217, 369, 1.1831216654182392e-11
404, 938, 1.1800445132793613e-11
1076, 1218, 1.1114612896914231e-11
215, 601, 1.095714915982733e-11
794, 1218, 1.0738313530633507e-11
215, 577, 1.0361055847837395e-11
215, 550, 9.816577580398522e-12
462, 678, 9.815460626916105e-12
520, 729, 8.58920126096863e-12
143, 553, 8.260026083746442e-12
518, 938, 8.223457445642308e-12
346, 477, 8.211341077665374e-12
151, 518, 8.046150871546813e-12
550, 938, 7.95783628812383e-12
497, 938, 7.400661232746276e-12
194, 477, 7.002275008477959e-12
102, 938, 6.993658783598885e-12
217, 364, 6.936250409067846e-12
65, 938, 6.8232199510779654e-12
871, 1289, 6.4039632344274255e-12
143, 356, 5.997289290404951e-12
89, 678, 5.647424064482383e-12
304, 477, 5.32969211845313e-12
809, 916, 5.138399939209119e-12
794, 916, 4.962449955986429e-12
143, 497, 4.9118232099713616e-12
151, 369, 4.768258368940468e-12
217, 938, 4.687257273443351e-12
89, 970, 4.451351176165388e-12
65, 556, 4.435498861866671e-12
102, 556, 4.418332052433249e-12
1132, 1218, 4.357152019299859e-12
499, 833, 4.31036330788755e-12
143, 313, 4.1844733917765195e-12
143, 289, 3.903462482708277e-12
404, 556, 3.744857398326035e-12
809, 1218, 3.705802437852166e-12
89, 477, 3.081037268604912e-12
556, 654, 3.064482395527334e-12
518, 590, 3.0276049280491515e-12
87, 518, 2.923365095353607e-12
404, 468, 2.8479558267961746e-12
756, 938, 2.767778401282954e-12
151, 364, 2.7578741820642075e-12
497, 590, 2.746585349322243e-12
143, 729, 2.7388200730079866e-12
143, 270, 2.7001047670478706e-12
143, 280, 2.5693517891555515e-12
217, 1107, 2.3519019248016326e-12
794, 863, 2.2140427528848143e-12
217, 556, 2.2033730322998566e-12
215, 518, 2.15095594327041e-12
143, 601, 2.1457858982918356e-12
468, 590, 2.0525621977818012e-12
143, 577, 2.0463189093249814e-12
550, 654, 1.994842066586967e-12
143, 550, 1.9854335113132454e-12
87, 369, 1.9841806441449427e-12
102, 590, 1.8123115033046975e-12
65, 590, 1.6402811855696646e-12
65, 468, 1.613589613009468e-12
102, 468, 1.5889285169038118e-12
215, 369, 1.533146853966634e-12
563, 976, 1.4903247844702355e-12
404, 590, 1.3786083523257104e-12
684, 970, 1.175338268942764e-12
87, 364, 1.140714575619289e-12
102, 654, 1.1039271823208508e-12
102, 427, 1.0930572338589464e-12
65, 654, 1.0690655682854063e-12
65, 427, 1.0377047693713641e-12
102, 458, 1.023263460923975e-12
65, 458, 1.0183011445465096e-12
65, 465, 1.0145702552057498e-12
151, 556, 1.0130807502740559e-12
102, 465, 1.002785731863462e-12
404, 654, 9.594670512872902e-13
468, 654, 9.154340191476073e-13
215, 364, 8.957318303898155e-13
885, 976, 8.634026642610213e-13
217, 590, 8.58075791236963e-13
518, 654, 7.016871644606246e-13
217, 468, 6.928790207417288e-13
404, 477, 6.570410911571917e-13
499, 1255, 6.037233378985789e-13
497, 654, 5.793941460388163e-13
54, 1255, 5.766984458777283e-13
217, 654, 5.580078920022205e-13
89, 1328, 4.834570977799567e-13
143, 518, 4.610321280268434e-13
217, 465, 4.3182072196136796e-13
217, 458, 4.22561576020011e-13
217, 427, 4.111584423447058e-13
151, 590, 3.854527798532309e-13
151, 468, 3.666101994455444e-13
87, 556, 3.64834887499743e-13
102, 1160, 3.4834483199077934e-13
65, 1160, 3.2334673541251447e-13
215, 556, 2.826331775808824e-13
143, 369, 2.8109869061733867e-13
65, 477, 2.547576377073746e-13
102, 477, 2.5201925440879233e-13
151, 458, 2.2593591389293238e-13
151, 654, 2.2333242960733993e-13
151, 465, 2.1482192376612742e-13
151, 427, 2.1311700877547136e-13
102, 678, 1.930075197110817e-13
556, 678, 1.8062232809396553e-13
65, 678, 1.7371210148395735e-13
404, 678, 1.6853158398344165e-13
143, 364, 1.6073238667599162e-13
468, 678, 1.5175340049774905e-13
550, 678, 1.3171204794774026e-13
705, 1107, 1.2971548346007293e-13
87, 468, 1.2341247596665954e-13
217, 477, 1.0184098761250433e-13
518, 678, 9.460954413431906e-14
87, 427, 9.085741525537578e-14
809, 871, 8.67539224416694e-14
217, 678, 8.672680638103753e-14
215, 468, 8.442372134178732e-14
497, 678, 8.344094039635587e-14
87, 458, 8.312828632889656e-14
468, 863, 8.146735303530811e-14
87, 654, 7.948337117250291e-14
404, 863, 7.904478581426584e-14
87, 465, 7.839030052305459e-14
468, 871, 7.477603428712527e-14
404, 871, 7.278457152118048e-14
215, 654, 6.284141032628468e-14
556, 863, 5.993261316786553e-14
102, 863, 5.64082043233418e-14
556, 871, 5.619655367019231e-14
215, 458, 5.46685860324385e-14
151, 477, 5.4036183280293837e-14
215, 427, 5.3378362643586414e-14
215, 465, 5.3209331320532767e-14
102, 871, 5.04120588464323e-14
518, 871, 4.705181939290115e-14
550, 871, 4.63196026531908e-14
65, 871, 4.577832295149386e-14
520, 590, 4.3995167163195885e-14
87, 590, 3.856370318117845e-14
151, 678, 3.757523675596944e-14
143, 556, 3.1830806501456936e-14
215, 590, 3.000284851085999e-14
143, 468, 2.0144283474268104e-14
87, 477, 1.916818488657449e-14
143, 458, 1.3412614182974548e-14
215, 477, 1.309423461531642e-14
143, 465, 1.2765745105126845e-14
143, 427, 1.2516980669049676e-14
1132, 1369, 1.0295723037022491e-14
143, 590, 5.7587852801481385e-15
520, 654, 4.001511012758912e-15
746, 1107, 3.747706722287509e-15
907, 1107, 3.167745258885098e-15
143, 477, 2.3998296657980577e-15
143, 654, 1.3716251957909966e-15
87, 678, 2.7341460214968837e-17
215, 678, 2.2710861054940868e-17
520, 678, 1.1458121153851325e-17
