Gene = LOC105842428
index = 818
Annotated 5SS: [  66  365 1848 2481 2733 3223 3623 5577 7573]
Annotated 3SS: [ 205 1769 2350 2593 3086 3568 5319 7452 8749]
SMsplice 5SS: [ 365 1848 2481 2674 3223 3623 5577 7594]
SMsplice 3SS: [1769 2350 2593 3086 3568 5351 7452 8749]
length: 10622
Partition function (logZ) = 19.71199047946921
#Introns = 2854
5SS, 3SS, prob
2481, 2593, 0.9958605416247742
1848, 2350, 0.8562000496856466
3223, 3568, 0.7251216466772515
2674, 3086, 0.7048636219759377
365, 1769, 0.604634046469751
5577, 7452, 0.5365845546951139
8636, 8749, 0.3385504985684469
7594, 8749, 0.3088213546576775
3623, 5351, 0.2960067389590067
3623, 5380, 0.15761854107791795
3623, 5319, 0.15266292388744074
7594, 8404, 0.14006784382231208
5577, 6266, 0.13159567278148987
2695, 3086, 0.12859112497477032
7573, 8749, 0.12588854024032903
6379, 7452, 0.11945291426431015
5577, 6106, 0.11101989910057916
365, 1744, 0.10793946811216396
365, 904, 0.10681703127875179
3623, 4984, 0.09958997992457086
2733, 3086, 0.09310668981919422
3223, 3539, 0.09265802045927277
8815, 9388, 0.08728208523642017
5056, 5351, 0.0804362392107949
7594, 8465, 0.07478640343939642
1668, 1769, 0.06693612099785738
365, 1491, 0.06555711797526259
6334, 7452, 0.06526899940478287
7594, 8119, 0.06514303433523394
8210, 8749, 0.06467310345399752
7573, 8404, 0.055508284723294485
5056, 5380, 0.05239099585022791
6553, 7452, 0.05227345744419955
1848, 2114, 0.050784031919670895
5577, 6591, 0.04874148163980838
1053, 1769, 0.04641786790196554
1028, 1769, 0.043910441561777765
3623, 4925, 0.041479244383620634
3623, 4933, 0.041189711990289556
3457, 3568, 0.038209587793987934
330, 1769, 0.03690919885909223
8988, 9388, 0.03645508885468735
5056, 5319, 0.034488052162591355
2674, 3568, 0.03326083489694456
3223, 3356, 0.032991364818079294
6762, 7452, 0.03173015333342261
7573, 8465, 0.03053348057332695
5577, 8749, 0.029321134230448895
7573, 8119, 0.02921066535676771
3623, 4960, 0.027796335853225756
2215, 2350, 0.02756810633655023
7594, 8534, 0.02748144970076639
1848, 2328, 0.027140138187656516
365, 573, 0.02647460182255207
3623, 5330, 0.025438752307627883
3623, 5504, 0.025379392096817492
8687, 8749, 0.023723769499480317
1848, 2397, 0.020727981793098423
8329, 8749, 0.0198901257247634
9530, 10316, 0.019510252390875782
671, 1769, 0.019275388096877715
3623, 5240, 0.018134003392663765
7594, 8045, 0.017527183625785325
8485, 8749, 0.01685222297998195
6173, 7452, 0.01664352352086978
5577, 6333, 0.016586382779771074
1852, 2350, 0.01589250884879278
8815, 9693, 0.015066378694506652
1668, 1744, 0.014714217141976228
3623, 7452, 0.013123191255627071
5577, 7502, 0.0125194903239538
6177, 7452, 0.012154084528826235
7573, 8534, 0.011670841110299807
3155, 3568, 0.011128122051071688
3623, 5513, 0.011122305775454937
8636, 9388, 0.011080190530747961
5577, 7318, 0.010919204224809706
8329, 8404, 0.010601922666566488
5056, 5504, 0.010516568969329274
9530, 9693, 0.010482258782886496
8210, 8404, 0.010261014248133438
653, 1769, 0.010025864104900814
6740, 7452, 0.00992143449686621
3623, 4818, 0.009871509317313712
3164, 3568, 0.00973349321750582
3457, 3539, 0.00966439614728555
5577, 5896, 0.00918457314985576
3623, 4545, 0.008984844955490593
8988, 9693, 0.008710648991579147
5577, 8404, 0.00865109674241598
5577, 6176, 0.008543809113946883
1053, 1744, 0.008325501367195632
8815, 10316, 0.008107985553346648
7573, 8045, 0.008065421319321534
2185, 2350, 0.007991977320575772
1848, 2016, 0.00795345012182974
5577, 7405, 0.0076990798140528175
9530, 10293, 0.007634197491640787
5577, 6452, 0.0075752502354981995
1028, 1744, 0.007532316149506664
3223, 3571, 0.007500877612052546
8815, 9215, 0.007166571212649376
330, 904, 0.0069824977039084956
2695, 3568, 0.006743334904426352
6923, 7452, 0.006732575567966129
5201, 5351, 0.0065838581260658025
4401, 5351, 0.006438498397636564
3442, 3568, 0.006428354495953023
9530, 10361, 0.006314803652674967
8210, 8465, 0.006309400916317696
330, 1744, 0.0062489316632746645
6498, 7452, 0.00616497484313684
1373, 1769, 0.006117637191140133
3623, 4146, 0.005918560230061221
5056, 5330, 0.005896491016462061
3623, 4274, 0.00578473963145409
3223, 3542, 0.005636339935747533
3714, 5351, 0.005305622880680783
3223, 5351, 0.00507889001547707
2225, 2350, 0.005069129103853025
2733, 3568, 0.004958108975162232
5577, 6286, 0.004951051185208952
5056, 5513, 0.004837637789381054
2674, 3539, 0.0048067845245699115
9530, 10118, 0.00480077770287548
5142, 5351, 0.004676270284758124
8988, 10316, 0.004536193817397583
7594, 9388, 0.004397328821495068
5201, 5319, 0.004390009213520113
5577, 8465, 0.0043600922113478215
8815, 9251, 0.004352147093361587
8815, 9440, 0.004277757118234415
8815, 9129, 0.004173206991949562
1835, 2350, 0.0038941017969152192
5577, 8119, 0.0038888893053782092
1848, 2214, 0.003792839656226326
330, 1491, 0.0037041332364356767
5577, 5819, 0.0036038059834223317
3223, 3362, 0.0035092416535938455
3223, 3461, 0.0035068472751213164
5056, 5240, 0.003414237778358912
5201, 5380, 0.0033744509002990655
7938, 8749, 0.003355856388439955
8815, 9003, 0.003334909304994618
671, 1744, 0.003309309941557942
4848, 5351, 0.003263966300477628
5577, 6058, 0.003252354595715939
8205, 8749, 0.003243837437833897
6173, 6266, 0.003230324751233707
2674, 3356, 0.0031682589516208877
3623, 3846, 0.003162982530516294
8905, 9388, 0.0031527574996442612
4661, 5351, 0.003132497511242342
8210, 8534, 0.003120465160095296
4401, 5380, 0.00309707329538424
7594, 8261, 0.0030712952371669267
2674, 3101, 0.0030688992518365706
8815, 10293, 0.0030230132013768654
4401, 5319, 0.0029727723069936964
3714, 5380, 0.0029348071758685396
9530, 9852, 0.002857253862012347
365, 469, 0.0027716654553219624
2276, 2350, 0.002691218016493262
5142, 5380, 0.002687447370933872
6177, 6266, 0.0026556954765303512
7186, 7452, 0.002648377975568858
6379, 6591, 0.002639134194008334
4915, 5351, 0.002624687390985595
6379, 8749, 0.0026206027476273455
5577, 6482, 0.0026124761223469167
1028, 1491, 0.0025662094384565205
3714, 5319, 0.0025540168583150225
3223, 5319, 0.002538453849224039
8815, 10361, 0.0025044153219821947
1053, 1491, 0.002500911770379604
3223, 5380, 0.0024781089257907576
8815, 9852, 0.0023960190562480905
6379, 7318, 0.002264481438068554
6379, 7502, 0.002235617180794401
3223, 3508, 0.0022239804182366285
365, 1598, 0.0021726051657289694
8815, 10118, 0.0021405251882805954
8988, 9215, 0.0021310434156233036
9042, 9388, 0.0020886103083297856
5142, 5319, 0.0020883460995570337
3623, 4488, 0.0020832392541250203
2674, 3175, 0.0020827342138986403
3223, 3392, 0.002078756113633328
3870, 5351, 0.0020731093046857333
6354, 7452, 0.002068487023334606
66, 205, 0.002056569805057527
8329, 8465, 0.002012056614536569
6334, 8749, 0.0019632127142821627
6334, 6591, 0.001940206470888896
1848, 2039, 0.001921781551823816
2674, 3004, 0.0018946187120219028
5577, 7295, 0.001892310572483341
1014, 1769, 0.0018874684260800484
6653, 7452, 0.001871528387516713
7594, 7699, 0.0018714004370627294
6674, 7452, 0.0018686009880040295
7671, 8749, 0.001852086487894885
8988, 10293, 0.0018507639128518536
330, 573, 0.0018452323168123893
8815, 9697, 0.0018425865718731036
653, 1744, 0.001827303545175189
8988, 9440, 0.001824976538402009
4848, 5380, 0.0018248290379146261
8636, 9693, 0.0018120145640270788
3442, 3539, 0.0018118315528267098
3714, 4984, 0.001784987638053548
5577, 7064, 0.0017687250931586072
5619, 7452, 0.0017672565909806917
8832, 9388, 0.001736625204184537
6379, 7405, 0.001714572993618791
7573, 9388, 0.0016810002743898986
5577, 6128, 0.0016804466964672985
4401, 4984, 0.001660361055262153
5577, 8534, 0.0016398217154439856
7594, 8635, 0.0016334061898016091
4661, 5380, 0.0016334057966308768
365, 781, 0.0016095036584542124
5010, 5351, 0.001606996148543276
3623, 3739, 0.0015894360245271228
3223, 4984, 0.0015673483416575637
7525, 8749, 0.001555707512137992
365, 2350, 0.0015373280204523242
3623, 4356, 0.001524376599265007
5111, 5351, 0.0015165331096199637
4848, 5319, 0.0015095268100253501
3623, 8749, 0.0014997810593050222
221, 1769, 0.0014893719938685308
8988, 9129, 0.001489160165680245
8815, 9363, 0.0014791077069220564
4661, 5319, 0.0014775781582585436
8988, 9251, 0.0014601656696514602
9530, 10509, 0.001443212289754759
1848, 2593, 0.0014336138590974347
7594, 8124, 0.001414137930770114
8988, 10361, 0.001408594874408331
3155, 3539, 0.0014065403656277392
671, 1491, 0.0014017027039976222
9530, 10241, 0.0013891274402051854
3623, 4401, 0.0013671750442323463
8988, 9852, 0.001348648616908385
5056, 7452, 0.0013008340198285408
8988, 10118, 0.0012905981675742058
7594, 7746, 0.0012891049979994334
7573, 8261, 0.0012863008787788992
9530, 9697, 0.0012835588119718792
2215, 2328, 0.0012637568518820048
2674, 3241, 0.001248364787454505
4915, 5319, 0.0012378910804772944
6553, 8749, 0.0012191457285130132
7594, 7917, 0.001219027180648517
3164, 3539, 0.0012140613295751946
2783, 3086, 0.0012088889969480779
6334, 7502, 0.001205272988789714
122, 205, 0.0011985941300525018
4915, 5380, 0.0011789211786076088
8636, 9215, 0.0011773516236006987
6334, 7318, 0.0011607831527525874
9530, 10466, 0.0011457199872311654
365, 1242, 0.001103475026361443
6553, 7502, 0.001102450929466192
6553, 7318, 0.0010949102424236603
6383, 7452, 0.0010809581422375856
8988, 9697, 0.001065741854303319
3627, 5351, 0.0010630352179102995
3623, 4569, 0.0010545755257122108
6379, 6452, 0.0010512847220383614
5577, 7518, 0.0010451741172321748
7938, 8404, 0.0010394904633180058
8210, 9388, 0.0010372966308457823
3870, 5319, 0.001007432211965782
5577, 7350, 0.0010038755606627066
365, 882, 0.001003530543018289
1848, 2254, 0.0010029755538880124
1373, 1744, 0.0009690805228833807
1083, 1769, 0.0009657070830336427
5577, 8045, 0.0009614346164441534
7594, 8598, 0.0009564845692770497
671, 904, 0.0009425599167429078
1852, 2114, 0.0009337929874942229
6173, 6591, 0.0009257056286547744
2695, 3539, 0.0008731273903615672
365, 437, 0.0008699644445380721
7594, 9693, 0.0008692456599966641
6379, 8404, 0.0008668953630976932
9937, 10316, 0.0008570957948957101
4915, 4984, 0.0008410604475908725
5577, 9388, 0.0008330570975530037
8121, 8749, 0.0008146809773976403
7594, 8069, 0.0008108333099453549
7594, 8585, 0.0008073205355942988
5201, 5504, 0.000798744940454948
3623, 6266, 0.0007734613410627732
7637, 8749, 0.0007634986611810749
2733, 3539, 0.0007483169472090813
365, 1138, 0.000745744729236063
3223, 4925, 0.0007434342322583207
653, 1491, 0.000742826962926892
3623, 4521, 0.0007340552878085864
3223, 4933, 0.0007266302157540927
9530, 9647, 0.0007188928499716695
3714, 4933, 0.0007165732466295827
6177, 6591, 0.0007104665675477236
8636, 10316, 0.0007084199497361427
7573, 8635, 0.0007045481889293449
3870, 4984, 0.0007018758512038534
8687, 9388, 0.0006987066254170438
3623, 6106, 0.0006955778176267957
8815, 9647, 0.0006953420227955853
3870, 5380, 0.0006903657615589314
3714, 4925, 0.0006838495561322117
5111, 5380, 0.0006776120338437845
5010, 5319, 0.0006764799797722359
365, 1293, 0.0006733041008533525
8636, 9129, 0.0006714301766930066
5577, 6084, 0.0006620728954677903
5010, 5380, 0.000654871431164713
6762, 8749, 0.0006517924081408258
1293, 1769, 0.0006401423107217485
8636, 9003, 0.0006391032787260321
5111, 5319, 0.0006304640450737259
5142, 5240, 0.0006287367980126686
8913, 9388, 0.0006276975939845447
2481, 3086, 0.0006219281029895489
9548, 10316, 0.0006208034481086254
5577, 6010, 0.0006207595037912979
365, 885, 0.0006207233266628838
8636, 9251, 0.0006205354802345285
4401, 4933, 0.0006176208089535196
8815, 10509, 0.0006149283785199205
2695, 3356, 0.0006140499765779921
7573, 8124, 0.0006128696721163248
4401, 4925, 0.0006115838588302388
3623, 4671, 0.0006090640489083913
653, 904, 0.0005982262633836917
8905, 9693, 0.0005951788985804291
3623, 4201, 0.0005939857960436432
2695, 3101, 0.0005890767726514509
3623, 4198, 0.0005879043073729604
6334, 7405, 0.0005858137451588403
1368, 1769, 0.0005836254857457277
2215, 2397, 0.0005807638122158636
3457, 3542, 0.0005767152788504679
3643, 5351, 0.0005690833830967819
365, 933, 0.0005689391001049979
2490, 2593, 0.0005661252917654083
7525, 8404, 0.0005622442076284675
8485, 9388, 0.0005607530979791636
3623, 4942, 0.0005587140128473279
7573, 7746, 0.0005524848071329965
3623, 4033, 0.0005503562710223885
8988, 9363, 0.0005488971582331528
3714, 4960, 0.0005448112402699779
5619, 6266, 0.0005442801837090519
6173, 8749, 0.0005424137080282451
7573, 7917, 0.0005412229324558533
3223, 3574, 0.0005391457912696658
2500, 2593, 0.0005348902767408087
6334, 8404, 0.000534882413450457
6379, 8119, 0.0005335343982745572
7671, 8404, 0.0005329583899959152
470, 1769, 0.0005283473208888165
7594, 9215, 0.0005199299061301282
8942, 9388, 0.0005194307140544747
1063, 1769, 0.0005106894770924168
2979, 3086, 0.0005048991977704347
5577, 6075, 0.0005046567039396493
4661, 4984, 0.0005046279132136706
1852, 2328, 0.000496564061554865
3155, 3241, 0.0004958721663921313
4848, 4933, 0.0004951994722781736
1848, 2271, 0.0004942152533789231
5142, 5504, 0.0004889892237391302
9042, 9693, 0.0004885604782084172
8636, 9440, 0.0004879367752500942
6762, 7318, 0.00048154890421332915
7573, 7699, 0.00048118465861716466
7594, 7847, 0.00047993501644358984
4848, 4925, 0.00047683485733712174
7594, 9003, 0.00047635230345325036
3655, 5351, 0.0004711362070199074
5619, 6106, 0.0004710167836557969
3623, 5020, 0.0004703130346784763
2865, 3086, 0.00046324737379400575
7594, 8776, 0.00046177385336552886
8540, 8749, 0.0004589379295165581
3223, 4960, 0.00045425275574683516
4401, 4960, 0.00045216804424625236
9548, 9693, 0.0004517301370117175
2733, 3356, 0.00044764161070625546
8815, 10241, 0.0004464654823764662
6498, 6591, 0.00044429531241958054
1848, 2367, 0.0004422969037590082
1629, 1769, 0.0004315670559149436
7573, 8598, 0.0004297169612738541
3004, 3086, 0.00042693526379425167
4848, 4984, 0.00042128823664100125
3164, 3241, 0.0004211735750079231
2733, 3101, 0.00041445045039760356
4934, 5351, 0.0004079468248102742
5201, 5330, 0.0004069013089024276
3310, 3568, 0.00040399958912603283
6177, 8749, 0.0004008864667037335
2695, 3175, 0.00040051002445055614
8815, 10466, 0.0003993894538158663
5272, 5351, 0.00039820661254574944
4401, 5504, 0.00039665894808250046
3155, 3356, 0.0003949954009036048
3627, 5319, 0.00039289582599544705
8717, 9388, 0.0003918284545420793
2674, 2864, 0.0003915580976010285
5056, 6106, 0.0003914045804138072
6553, 8404, 0.00039013347531651637
1848, 2380, 0.00038852629593275604
2481, 2565, 0.0003881600296741379
8329, 9388, 0.00038698889355762785
3627, 4984, 0.0003814627168757543
8988, 9647, 0.00038136979216762317
8205, 8404, 0.00037953348882259534
1852, 2397, 0.0003793409390558266
7525, 8119, 0.00037211313430388033
3623, 4461, 0.00036785160758361107
3457, 3571, 0.000364644046767063
7573, 9693, 0.0003591783177526145
3623, 4054, 0.000357129576313143
7594, 9129, 0.00035445625032722163
7573, 8069, 0.00035409583331581595
4401, 5330, 0.0003535999713819684
1848, 1987, 0.00035346646366901625
2674, 3362, 0.00035105450939753213
3164, 3356, 0.00034963652240579723
8636, 8776, 0.00034784450425799694
6379, 7295, 0.000341866557343877
2674, 3571, 0.00034165841847078786
221, 904, 0.0003410902055695457
3623, 3756, 0.0003386687393153963
4401, 5240, 0.00033595488802125025
1864, 2350, 0.00033304994194622623
2695, 3004, 0.000332210508486251
1373, 1491, 0.00033148316492157405
1668, 2350, 0.0003308316192095595
7594, 9251, 0.0003256098064190029
6173, 7318, 0.00032466314507499834
1014, 1744, 0.0003173020646731726
6762, 7502, 0.00031639264624016146
7573, 8585, 0.0003159175588627421
5426, 5504, 0.00031460668272805187
3496, 3568, 0.0003141259176668607
8905, 9003, 0.0003108010810142167
6334, 6452, 0.00030849807284922035
3623, 4995, 0.0003073981399990889
3223, 5330, 0.00030720308136212513
1046, 1769, 0.0003047873883442141
3623, 4100, 0.00030249227513216864
6379, 6482, 0.0003018527975690277
3870, 4933, 0.00029937146737879175
3870, 4925, 0.00029887460079447306
3714, 5330, 0.00029883644651865833
3223, 5504, 0.0002987892776783132
3714, 5240, 0.00029732704032552705
3623, 4392, 0.00029508784586605605
2674, 3542, 0.0002886440309259666
3714, 5504, 0.0002885987825034421
1848, 2352, 0.00028401024725544085
2236, 2350, 0.00028320050230260256
3623, 6591, 0.0002823373017540463
5056, 6266, 0.00027911009955451746
2733, 3175, 0.00027828326044958523
3223, 5240, 0.00027759700438505485
7671, 8119, 0.0002748061509783456
221, 1744, 0.000274361981893639
2225, 2328, 0.0002743503497424651
5201, 5513, 0.00027143042254083085
7594, 10316, 0.00026699114833357823
3643, 5319, 0.0002668964310330181
6334, 8119, 0.00026684171653299936
2674, 3461, 0.00026678282111522244
3643, 4984, 0.00025949896592609837
2185, 2328, 0.00025888923139198776
3453, 3568, 0.0002582522720027018
4848, 5504, 0.00025794228741069387
7594, 7670, 0.0002547987967287152
5142, 5330, 0.0002510908039700367
3623, 8404, 0.0002491667008328663
6379, 7064, 0.00024889008424661173
2674, 2923, 0.0002449843534118623
9042, 9129, 0.00024346498984691254
365, 1083, 0.00024114516049562296
7938, 8119, 0.0002406279271907218
1835, 2114, 0.00023562342950746835
3623, 3713, 0.000234266334628581
1848, 2376, 0.000229455300050363
2695, 3241, 0.00022926936142559672
365, 1372, 0.0002282791720067911
8815, 9275, 0.0002276411705148501
8920, 9388, 0.00022725266661086904
3714, 4818, 0.00022687524813761985
8992, 9388, 0.00022597955589496964
221, 289, 0.0002243690710938387
66, 1769, 0.00022106417333854776
365, 2114, 0.00022017665563793366
3655, 5319, 0.00021934681909265293
2733, 3004, 0.00021924002636001074
5142, 5513, 0.00021670696579489604
5577, 9693, 0.00021484413362777297
1107, 1769, 0.00021328382500328637
66, 220, 0.0002132349416337423
1866, 2350, 0.00021263810731224507
5577, 7009, 0.0002125225532170009
3655, 4984, 0.00021177165540472648
3870, 4960, 0.000210364540048069
440, 1769, 0.00020975015481923277
3301, 3568, 0.00020722917438905492
5577, 6727, 0.00020685753798744795
6553, 8119, 0.00020681058431835654
8832, 9693, 0.00020596426235679525
7573, 9003, 0.00020442556231419257
9530, 10222, 0.00020350852675898404
2824, 3086, 0.00020319649062831098
6740, 8749, 0.00020262838511918245
5577, 6688, 0.00019947752525939806
5577, 6922, 0.00019591954443467388
7573, 7847, 0.00019373625730392333
1041, 1769, 0.0001934191171780105
2674, 3392, 0.00019188746873997008
1848, 1926, 0.0001901082556503991
5619, 6591, 0.0001901069773966461
7594, 7816, 0.00018947639248671546
7573, 9215, 0.00018624147826967765
8227, 8749, 0.00018585461058768813
7573, 8776, 0.00018554238609236302
2185, 2397, 0.00018082957491509234
2254, 2350, 0.00017995894727249122
4934, 5319, 0.0001766777743625697
5583, 6266, 0.00017638155510540726
4661, 5240, 0.00017453393108898574
365, 1578, 0.00017267314445288236
3020, 3086, 0.00017099568540327023
5577, 7030, 0.000170912905505004
2733, 3241, 0.0001708086350431709
8815, 9563, 0.00016841341766289989
4848, 4960, 0.0001671612069353264
1083, 1744, 0.0001664192139522326
5583, 6106, 0.00016050894574941893
6379, 8045, 0.00015969714314433936
3623, 7318, 0.00015788319579612158
221, 1491, 0.0001576505124838864
3714, 4545, 0.00015727202150358883
8815, 9260, 0.0001571276398147103
8878, 9388, 0.00015648111838105684
8210, 8635, 0.0001559370977012536
3623, 4615, 0.00015499278331539726
99, 205, 0.00015476303323258092
4661, 4933, 0.00015253959117556557
6334, 7295, 0.00015222015487999056
4661, 4925, 0.00015218896533381854
8905, 9215, 0.000151837699778438
3124, 3568, 0.00014938890630742372
3627, 4933, 0.00014849560852313927
1053, 2350, 0.00014848332954521532
3627, 4925, 0.0001484497372889878
1852, 2016, 0.00014691058401961524
5907, 6266, 0.00014599450909135727
6177, 7318, 0.00014579745303893422
3223, 3846, 0.0001435465336479798
8815, 9175, 0.00014130358105817823
6173, 6333, 0.00014029483649183653
1028, 2350, 0.00013882088926041628
2674, 3018, 0.00013813378858737278
6334, 7064, 0.0001374263367942112
7577, 8749, 0.00013663173233531138
5056, 8749, 0.00013616691484108484
6498, 8749, 0.00013437911326845205
8988, 10509, 0.00013350956752779418
6762, 8119, 0.00013337306384547288
6923, 8749, 0.00013117686889923175
2674, 3508, 0.00013076129257466227
3223, 4818, 0.00013054092770164153
3623, 5275, 0.00012982529731247867
365, 1248, 0.0001290178961790262
2222, 2350, 0.00012695321946773087
365, 918, 0.00012585760581836897
1835, 2328, 0.00012538816713802574
2626, 3086, 0.00012488403846201894
221, 573, 0.00012442733949764834
5577, 7572, 0.0001244079915140894
330, 1598, 0.0001242250090848434
5577, 8261, 0.00012421354330460952
4848, 5240, 0.00011892298377204383
7637, 8119, 0.00011730328633194413
4661, 4960, 0.00011664407169761024
2065, 2350, 0.00011631527959989779
3155, 3571, 0.00011500850109299107
1014, 1491, 0.00011470265067740777
7938, 8045, 0.0001146122686050765
3223, 4146, 0.00011455817834292368
365, 440, 0.00011276879490262845
5486, 6106, 0.00011219669160560248
7594, 9440, 0.00011148585686726275
1028, 1598, 0.0001111475303691355
7573, 9129, 0.0001107798772715908
1053, 1598, 0.00011054004264572344
5577, 7746, 0.00011029047767862631
3638, 4984, 0.00011023135021236565
5056, 6591, 0.00010826839312496178
6177, 6333, 0.00010740896794787214
2923, 3086, 0.00010733647020362928
5486, 6266, 0.00010666071723544138
1629, 1744, 0.00010564307478817808
4401, 4818, 0.00010434011950578556
122, 220, 0.00010296648976808433
3925, 4984, 0.00010161583415756521
2481, 2553, 0.00010160667779733611
330, 781, 0.0001015491191487783
3164, 3571, 0.00010118413865719742
1598, 1769, 0.00010044800340688033
1293, 1744, 0.00010039214097950129
3643, 4933, 0.00010035307986271284
5577, 7699, 0.00010010308296022474
3627, 4960, 9.97665604815214e-05
3442, 3542, 9.960551565163949e-05
3643, 4925, 9.895660214182566e-05
3223, 3516, 9.887900017822702e-05
8193, 8749, 9.869716799994201e-05
8210, 9003, 9.863652898968486e-05
5619, 8749, 9.797155456180124e-05
1835, 2397, 9.774918222537031e-05
4915, 5240, 9.763519641658204e-05
8636, 9852, 9.746718918048392e-05
6173, 8119, 9.721663803227674e-05
5907, 6591, 9.607528264247249e-05
3714, 4274, 9.586407821670572e-05
5577, 5738, 9.543436693584933e-05
2225, 2397, 9.521986694377698e-05
3457, 4984, 9.501026522274229e-05
3623, 8119, 9.413907028123519e-05
1848, 2406, 9.365819043358123e-05
330, 2350, 9.364618748869433e-05
8636, 9697, 9.345424472118183e-05
3714, 4146, 9.276577198057518e-05
8815, 8984, 9.27349385740623e-05
6553, 7295, 9.269852120593144e-05
7573, 7816, 9.213471796745565e-05
1368, 1744, 9.200061562241738e-05
3223, 4274, 9.184805004593528e-05
2531, 2593, 9.111545531416742e-05
2481, 2618, 9.024656660505731e-05
1063, 1744, 8.965955687194559e-05
8210, 8776, 8.817103151994846e-05
2674, 3284, 8.775043233200619e-05
3623, 6333, 8.753805060925052e-05
6173, 6452, 8.732740330795826e-05
2215, 2593, 8.709223679456319e-05
470, 1744, 8.702881260421944e-05
3623, 4625, 8.681744671846671e-05
330, 469, 8.676697093304081e-05
5907, 6106, 8.612753090143602e-05
6553, 7064, 8.549644806723442e-05
3155, 3542, 8.480963803728276e-05
365, 1781, 8.318934938275646e-05
1848, 1994, 8.31820092638949e-05
2783, 3568, 8.150109501920773e-05
6334, 6482, 8.135165805449256e-05
3655, 4933, 7.961710555797304e-05
3870, 5240, 7.85673687869305e-05
5577, 6505, 7.699777194003848e-05
2695, 2864, 7.637247938779057e-05
7573, 7670, 7.502972468004333e-05
365, 923, 7.489857114694684e-05
2455, 2593, 7.48327301615781e-05
2674, 2833, 7.448272536689412e-05
6023, 6106, 7.407845667253271e-05
3164, 3542, 7.299249216633372e-05
470, 904, 7.19632028751677e-05
3453, 3539, 7.181881600609261e-05
3223, 3290, 7.04477252938128e-05
3643, 4960, 7.026586272473442e-05
134, 205, 7.01573696202914e-05
1852, 2214, 6.965225802373572e-05
2695, 3571, 6.935315731533461e-05
2695, 3362, 6.814898346912127e-05
3223, 3513, 6.807017610669183e-05
2733, 2864, 6.746687806560233e-05
3870, 4818, 6.71653008468999e-05
6177, 6452, 6.651334899760331e-05
5583, 6591, 6.603688405421014e-05
5111, 5240, 6.602247467285824e-05
330, 882, 6.49777988218931e-05
3623, 5130, 6.456907071597012e-05
330, 1242, 6.396935292364977e-05
6173, 6286, 6.392988939017913e-05
3442, 3571, 6.35751215318043e-05
7573, 9251, 6.324617233995738e-05
641, 1769, 6.31496117698741e-05
5619, 6333, 6.27260220342278e-05
3155, 3461, 6.263531910760086e-05
3714, 3846, 6.251297448267304e-05
2674, 2876, 6.224502025803105e-05
3655, 4925, 6.146692892028921e-05
3223, 4545, 6.0445102832056904e-05
8210, 9215, 5.8344889626350115e-05
365, 848, 5.7768830389366094e-05
7186, 8749, 5.7667431800848606e-05
3623, 5896, 5.744436421266038e-05
470, 1491, 5.7376153213879274e-05
3655, 4960, 5.691274766190615e-05
671, 2350, 5.674643538606908e-05
3623, 5109, 5.646954513378738e-05
6354, 6591, 5.644240467663902e-05
365, 2328, 5.6347827601851797e-05
3227, 3568, 5.580435577279427e-05
1848, 2409, 5.542714342240201e-05
1578, 1769, 5.4889857003742076e-05
1046, 1744, 5.485168614219429e-05
6177, 6286, 5.4668615401050756e-05
6334, 8045, 5.371229173484938e-05
1939, 2350, 5.3583292222602356e-05
2695, 3542, 5.260332489616271e-05
365, 2016, 5.2524714423537094e-05
5577, 7068, 5.2402410870394305e-05
3870, 4545, 5.2299864961983475e-05
6016, 6106, 5.2215594883195134e-05
3998, 4984, 5.1618221710400343e-05
671, 1598, 5.1274118780666595e-05
377, 1769, 5.118669023042594e-05
3164, 3461, 5.117231872976543e-05
2733, 3571, 5.1069776754532116e-05
4241, 4984, 5.1049222514107677e-05
2695, 3461, 5.040711982979644e-05
365, 1421, 5.030320387680774e-05
5577, 7091, 5.006311151150674e-05
2733, 3362, 4.97865255756668e-05
1663, 1769, 4.922855183962113e-05
1848, 2275, 4.9207683197653444e-05
365, 1302, 4.9138247550660786e-05
1083, 1491, 4.903098497956062e-05
8636, 9363, 4.850843896114874e-05
177, 1769, 4.819348978559827e-05
2207, 2350, 4.779622353205754e-05
3223, 3739, 4.76388448223433e-05
5577, 8635, 4.720856334943402e-05
2865, 3568, 4.6153189444186585e-05
3310, 3539, 4.595074330657879e-05
1091, 1769, 4.549003273412977e-05
330, 1138, 4.484148607520269e-05
122, 1769, 4.464042870693221e-05
2733, 3542, 4.4551578240343026e-05
470, 573, 4.455066191942372e-05
2178, 2350, 4.448293282060093e-05
3623, 5219, 4.407906515899058e-05
3155, 3362, 4.399291580191068e-05
66, 234, 4.390389239419554e-05
5577, 7917, 4.385900985612725e-05
3952, 4984, 4.366864090100558e-05
5056, 5896, 4.344853776807351e-05
6211, 6591, 4.3422786646993556e-05
5486, 6591, 4.261302764926932e-05
3442, 3508, 4.199892805704074e-05
710, 1769, 4.195162269954546e-05
4401, 4545, 4.109129338429218e-05
365, 1771, 4.0858483210700085e-05
2695, 2923, 4.079369536752213e-05
6177, 8119, 4.0413778750469784e-05
330, 885, 4.038643484417611e-05
330, 1293, 4.033052052902238e-05
5201, 6106, 3.963047608182069e-05
3164, 3362, 3.888863553541752e-05
2733, 3461, 3.886400135550471e-05
3714, 4488, 3.875415073727751e-05
2695, 3392, 3.8688953361004e-05
66, 904, 3.850078604848395e-05
330, 437, 3.7954434867842226e-05
3623, 6176, 3.782025080836554e-05
6173, 7064, 3.7641106399686534e-05
1053, 1138, 3.758907075601407e-05
3155, 3508, 3.75882816833791e-05
6173, 6482, 3.750053500129225e-05
3623, 6452, 3.74046893649381e-05
8329, 8635, 3.727664986513828e-05
66, 1744, 3.715436700962082e-05
440, 1744, 3.6589537624718776e-05
365, 607, 3.638245506470787e-05
1835, 2016, 3.6169681014758365e-05
5577, 8124, 3.6154794401956536e-05
2278, 2350, 3.603439789367794e-05
6383, 6591, 3.592664027367159e-05
1852, 2039, 3.557691192986742e-05
8815, 9393, 3.550544950090036e-05
2674, 2781, 3.5261546729429104e-05
3623, 4332, 3.506445539335365e-05
330, 933, 3.474226866158868e-05
1107, 1744, 3.472507888634022e-05
365, 2397, 3.454669188006566e-05
3623, 5056, 3.427667863639927e-05
3627, 4545, 3.425666688181556e-05
1041, 1744, 3.425167369577079e-05
3627, 4818, 3.360588186721943e-05
3638, 4933, 3.3427020526022576e-05
3164, 3508, 3.315540413169335e-05
3638, 4925, 3.302252721955967e-05
1848, 2362, 3.2635715572927486e-05
2485, 2593, 3.2256361675710523e-05
440, 904, 3.209457845134337e-05
5577, 5709, 3.201585473021815e-05
4545, 4984, 3.1792583053405486e-05
653, 2350, 3.123046910945603e-05
2733, 2923, 3.0885295635955495e-05
2979, 3568, 3.062167809221773e-05
5619, 5896, 3.0544885705995726e-05
3623, 3823, 3.0467056457817416e-05
365, 1506, 3.046101110318269e-05
2733, 3392, 3.041015930198094e-05
365, 822, 3.029125171004658e-05
2185, 2593, 2.98415284800718e-05
3155, 3392, 2.9790813142215556e-05
3925, 4933, 2.973880201985976e-05
2276, 2397, 2.9393454300869955e-05
3623, 5819, 2.933289376993533e-05
365, 1097, 2.929724400021419e-05
1060, 1769, 2.9252911948963465e-05
6177, 7064, 2.924630195225592e-05
3925, 4925, 2.8917559314322363e-05
4409, 4984, 2.875638499100027e-05
653, 1598, 2.8577911721651623e-05
514, 1769, 2.85320890743114e-05
3714, 4356, 2.831074097479316e-05
1368, 1491, 2.82846325481625e-05
6762, 7064, 2.802977219808538e-05
6177, 6482, 2.8012169337665742e-05
1373, 2350, 2.767331799046972e-05
4401, 4488, 2.745315909357566e-05
5056, 6333, 2.6976656515040652e-05
8485, 8635, 2.684944091421047e-05
1668, 2114, 2.6730539836308396e-05
1672, 1769, 2.663603599887674e-05
5142, 6106, 2.6632400652480304e-05
1848, 2161, 2.6446219040545796e-05
2695, 3508, 2.640244358851299e-05
1852, 2593, 2.6400473086673258e-05
1063, 1491, 2.6297443225709612e-05
671, 781, 2.6180422615272598e-05
3714, 4401, 2.5850017570275108e-05
2733, 2833, 2.5679223682869427e-05
2695, 3018, 2.5660344086237962e-05
5056, 5130, 2.5501433153305994e-05
7594, 7998, 2.5375600325587123e-05
5056, 5819, 2.534784640999391e-05
84, 205, 2.488231134543158e-05
3164, 3392, 2.4854812338724204e-05
1848, 2403, 2.4753336796209003e-05
2674, 3574, 2.469906106414476e-05
2185, 2254, 2.4412574753956826e-05
6379, 7009, 2.4351936564176186e-05
3301, 3539, 2.421732655641895e-05
3457, 3574, 2.4201427127505173e-05
6023, 6591, 2.391712545416154e-05
6379, 7746, 2.3370134694816913e-05
3643, 4545, 2.3197696166533442e-05
861, 1769, 2.2969361877936965e-05
365, 1382, 2.2899758977530976e-05
5201, 6266, 2.28602903709297e-05
440, 1491, 2.2828305192006774e-05
3627, 4146, 2.280660520224141e-05
3638, 4960, 2.2611683247700117e-05
3643, 4818, 2.2017690636769886e-05
4661, 4818, 2.17602722829914e-05
3457, 4933, 2.1534475955970665e-05
3627, 4274, 2.125694519144628e-05
66, 573, 2.121386042448293e-05
3623, 6286, 2.120694725557135e-05
3870, 4274, 2.1127790882991746e-05
671, 1242, 2.1120501453985968e-05
2733, 3508, 2.109305395609622e-05
6387, 6591, 2.10228310471803e-05
8905, 9440, 2.091323957318971e-05
3223, 4356, 2.0876550619478392e-05
3925, 4960, 2.0759517341156733e-05
1293, 1491, 2.052771507939653e-05
6379, 7030, 2.0436413361911424e-05
1028, 1138, 1.9939367407724226e-05
3124, 3539, 1.968300387424395e-05
5577, 6557, 1.9590072745550734e-05
1053, 2114, 1.9573502843120397e-05
66, 1491, 1.9345112748413194e-05
3655, 4545, 1.9305138799600003e-05
3223, 3301, 1.9250425462737805e-05
365, 1183, 1.906560407710525e-05
1028, 2114, 1.9047492858619658e-05
6182, 6266, 1.8827830759178275e-05
1165, 1769, 1.880135119437295e-05
1053, 1242, 1.8748489287510004e-05
3714, 4569, 1.8735931228600216e-05
1864, 2114, 1.8654478020071607e-05
1852, 2254, 1.8188279779379754e-05
6016, 6591, 1.8096179589357218e-05
1835, 2214, 1.7854070914969215e-05
1028, 1242, 1.782170929779606e-05
7594, 8145, 1.7645386526397577e-05
1598, 1744, 1.734324680918097e-05
6379, 6922, 1.7315209534291223e-05
2695, 3284, 1.7256914264057675e-05
3870, 4146, 1.699093110936326e-05
1046, 1491, 1.660199280267255e-05
2236, 2328, 1.622377560271183e-05
2733, 3018, 1.6195447732810855e-05
5577, 7847, 1.6189261691869004e-05
365, 1784, 1.60668399486411e-05
657, 1769, 1.5958229030823554e-05
3643, 4146, 1.5883950593976e-05
2185, 2271, 1.578926902159703e-05
2824, 3568, 1.577994494605949e-05
6334, 7009, 1.5463106834738123e-05
6379, 7068, 1.538661888211018e-05
3004, 3568, 1.5343912356943438e-05
365, 710, 1.5164768345099708e-05
2695, 2833, 1.5134745055165554e-05
2674, 4984, 1.4920675816860828e-05
1606, 1769, 1.489245608698619e-05
2985, 3086, 1.4876336800434599e-05
6379, 7699, 1.4849105603511983e-05
330, 1083, 1.4702966255661298e-05
3714, 4521, 1.4336281698397718e-05
6379, 7091, 1.4188230097667828e-05
3457, 4960, 1.416944725836004e-05
3643, 4274, 1.416880147360273e-05
122, 234, 1.4074926773951747e-05
330, 1372, 1.4003565940255073e-05
1028, 1293, 1.3994854111034811e-05
365, 1787, 1.3936837053560292e-05
6379, 6727, 1.3897989593812624e-05
2225, 2593, 1.3866838694875552e-05
4856, 4984, 1.3821833018212098e-05
3223, 3756, 1.3677957957535052e-05
6354, 8749, 1.347816298349307e-05
1663, 1744, 1.338517799158496e-05
985, 1769, 1.3384391711907989e-05
66, 289, 1.3376733148481236e-05
3164, 3284, 1.3286152117310608e-05
3757, 4984, 1.3162837376540633e-05
671, 1293, 1.3103928238230942e-05
2215, 2367, 1.3092457377058357e-05
1053, 1293, 1.3085982167244405e-05
3223, 3295, 1.304895964071131e-05
3155, 3284, 1.3008217871613186e-05
2733, 3284, 1.2740389958763727e-05
3223, 4033, 1.2738177496397699e-05
5583, 5896, 1.2726958945369216e-05
3105, 3568, 1.2692646986134075e-05
330, 2114, 1.265087202924341e-05
3655, 4146, 1.258596420657938e-05
431, 1769, 1.2513700701967473e-05
3404, 3568, 1.2496826530856837e-05
5619, 5819, 1.2455480020476713e-05
3623, 6482, 1.2403482809617352e-05
3223, 4488, 1.2357572781463288e-05
3155, 4984, 1.2280896070393625e-05
365, 2039, 1.2275711562362469e-05
3655, 4818, 1.223349508230842e-05
6334, 7030, 1.2205559168000042e-05
5201, 6591, 1.2087635164532772e-05
2695, 2876, 1.207313227527379e-05
653, 1242, 1.201662232956249e-05
3627, 3846, 1.2016150916491352e-05
671, 1138, 1.1965817121260425e-05
1866, 2114, 1.1785176793425929e-05
3967, 4984, 1.1750406488147186e-05
3623, 5083, 1.1749678506428734e-05
641, 1744, 1.1749511396749612e-05
330, 1578, 1.171260879750617e-05
3998, 4960, 1.1646683281402145e-05
99, 220, 1.1549594639957904e-05
2293, 2397, 1.149552879717304e-05
5577, 7816, 1.1435986955945017e-05
6653, 8749, 1.1435014066936358e-05
3655, 4274, 1.1417036099888547e-05
2215, 2380, 1.129190776154985e-05
6334, 6922, 1.1231270734208553e-05
910, 1769, 1.1205198003724089e-05
2695, 2781, 1.1080147599355685e-05
3623, 6058, 1.1042156964642881e-05
3870, 4488, 1.1018636309464536e-05
2783, 3539, 1.1002838998663025e-05
1268, 1769, 1.096064670207134e-05
7573, 7998, 1.0945393329696895e-05
1041, 1491, 1.0722165735563702e-05
6674, 8749, 1.0534993606991346e-05
3164, 4984, 1.0485732846084939e-05
2923, 3568, 1.0356881637440423e-05
1668, 2328, 1.0303511761481258e-05
3638, 4545, 1.026759314861577e-05
653, 781, 1.0119358489735233e-05
365, 1099, 1.0108650874778349e-05
6498, 7064, 1.0107205682620062e-05
6316, 6591, 1.0101241207926124e-05
1864, 2328, 9.85027674169285e-06
6379, 6688, 9.822601086120124e-06
2733, 2876, 9.760240265338203e-06
1107, 1491, 9.75176699394584e-06
312, 1769, 9.705585154919481e-06
8687, 8776, 9.673182850411707e-06
440, 573, 9.631405944595794e-06
1578, 1744, 9.549791739789174e-06
3223, 4198, 9.535083674441893e-06
5486, 5896, 9.505954723851666e-06
3223, 4201, 9.482519629647267e-06
134, 220, 9.291135700317048e-06
3714, 4201, 9.232882610429493e-06
2876, 3086, 9.224621997712216e-06
377, 1744, 9.208174599876609e-06
3714, 4198, 9.159110594560761e-06
2737, 3086, 9.139579316813633e-06
6334, 6727, 9.100612581028921e-06
1852, 2271, 9.060776377418183e-06
6182, 6591, 9.026761877619317e-06
99, 1769, 8.970923095344977e-06
6553, 7009, 8.955599337386877e-06
2215, 2352, 8.904995778427454e-06
177, 904, 8.886644736773448e-06
1028, 1578, 8.881920670213405e-06
1373, 1598, 8.873618740205543e-06
1053, 1578, 8.86481832136384e-06
365, 819, 8.802396483468945e-06
1835, 2039, 8.785209561882826e-06
3714, 6106, 8.764775316865391e-06
377, 904, 8.761816599996181e-06
3020, 3568, 8.716837156819857e-06
6334, 7699, 8.704571827979589e-06
6334, 7068, 8.668883433499727e-06
5577, 5946, 8.60869365428503e-06
5577, 5786, 8.602383668257885e-06
365, 2214, 8.567586060397467e-06
6334, 7091, 8.448851940421964e-06
122, 904, 8.438526037496302e-06
3223, 4401, 8.422531578563448e-06
671, 882, 8.40285971772688e-06
6740, 7064, 8.331600469739888e-06
3643, 3846, 8.268498351862228e-06
9042, 9440, 8.218813665767685e-06
8905, 9251, 8.208058485323799e-06
3714, 4033, 8.204515074044339e-06
7573, 9440, 8.162671111417499e-06
1852, 2367, 8.07803563174831e-06
3155, 3574, 8.067245863726841e-06
330, 918, 8.063422623642822e-06
3627, 4488, 7.94085702836529e-06
7573, 8145, 7.906336087246712e-06
3223, 3310, 7.717313636661356e-06
3457, 4146, 7.675027339246884e-06
3442, 4984, 7.67009721709796e-06
330, 1248, 7.663195836529833e-06
1864, 2397, 7.621660459257904e-06
1091, 1744, 7.592240876141123e-06
653, 1293, 7.56906389673886e-06
1848, 2452, 7.550891888210059e-06
3643, 3739, 7.476344687717765e-06
6334, 7746, 7.464739651858932e-06
5907, 8749, 7.348129952462198e-06
6553, 7699, 7.3336760631446375e-06
3655, 3739, 7.326432454223205e-06
3714, 4461, 7.2793890751825724e-06
1848, 2080, 7.27153089989964e-06
2241, 2350, 7.23101663469444e-06
710, 1744, 7.188330567026687e-06
122, 1744, 7.173349323326508e-06
2481, 3568, 7.152441707605312e-06
3164, 3574, 7.131068973529704e-06
1852, 2380, 7.053202409615519e-06
6379, 7917, 7.047479528187012e-06
7671, 7746, 7.047315267876289e-06
798, 1769, 7.032652462229836e-06
653, 1138, 7.0146101398962136e-06
3207, 3568, 6.9850268616043885e-06
1668, 2397, 6.943474884593851e-06
527, 1769, 6.92803600587395e-06
177, 1744, 6.88785795188776e-06
3227, 3539, 6.86319519043956e-06
3627, 3739, 6.804639542876731e-06
3870, 4356, 6.785392490233399e-06
1848, 2283, 6.7779509835161886e-06
3655, 3846, 6.764526192945008e-06
3638, 4146, 6.763410724171159e-06
1852, 1987, 6.743135391848598e-06
2783, 3356, 6.719727546967932e-06
2215, 2376, 6.711516653212753e-06
3457, 4545, 6.618520664759447e-06
1835, 2593, 6.607286931101502e-06
3421, 3568, 6.592002290758845e-06
1028, 1372, 6.564598993617062e-06
6334, 6688, 6.5601788202180535e-06
2222, 2328, 6.535259496125811e-06
3008, 3086, 6.5270201221202095e-06
3223, 4569, 6.520030914364283e-06
994, 1769, 6.512741978924738e-06
1053, 1372, 6.483743535312233e-06
1668, 1781, 6.462610353811557e-06
5142, 6591, 6.44205673369879e-06
3714, 5020, 6.423960377763297e-06
671, 2114, 6.409801738446244e-06
3870, 4401, 6.354422011190852e-06
2865, 3539, 6.34237669709842e-06
1866, 2328, 6.2545895490966815e-06
3457, 3846, 6.245131555163669e-06
3939, 4984, 6.167427762173889e-06
1053, 1781, 6.141153233902306e-06
2254, 2328, 6.087940715145087e-06
4401, 6106, 6.0012993455845435e-06
2674, 3223, 5.921633078930247e-06
1028, 1781, 5.915413741815601e-06
365, 1512, 5.822664318600379e-06
2783, 3101, 5.766462093793106e-06
6553, 6922, 5.745512960689461e-06
377, 1491, 5.743516352371759e-06
6553, 7091, 5.704755306612418e-06
3627, 4356, 5.692989805004644e-06
2130, 2350, 5.62467694152633e-06
3714, 4054, 5.616765436676202e-06
2481, 2663, 5.613479325448422e-06
221, 1598, 5.6056728342430475e-06
1014, 2350, 5.6030879786907715e-06
3925, 4545, 5.5891061869762594e-06
3714, 4392, 5.577227281223951e-06
221, 781, 5.562304943646171e-06
5583, 8749, 5.5517014023474524e-06
3124, 3356, 5.5226886997076844e-06
2626, 3568, 5.477570828102872e-06
2674, 2790, 5.460812516650863e-06
1848, 2364, 5.366505145133582e-06
3627, 4401, 5.267025919911115e-06
671, 933, 5.2410835786514954e-06
1060, 1744, 5.2238399247513126e-06
1852, 2352, 5.217970977178037e-06
5056, 6058, 5.210878570887935e-06
4401, 5020, 5.1978117086520935e-06
5201, 5896, 5.1813833415155505e-06
6211, 8749, 5.177547022152918e-06
6383, 8749, 5.173924899171781e-06
330, 1781, 5.080654898733623e-06
641, 1491, 5.052828987188308e-06
671, 885, 5.024436405588376e-06
3623, 3939, 5.007395968509103e-06
1112, 1769, 4.998743078250632e-06
3638, 4274, 4.91546813804953e-06
653, 882, 4.910431725815084e-06
671, 1372, 4.87880145046996e-06
2695, 3574, 4.870865059425403e-06
3643, 4488, 4.861267924257843e-06
1866, 2397, 4.85457971576112e-06
514, 1744, 4.793514147400811e-06
8832, 9215, 4.764216783885008e-06
5583, 5819, 4.751804164888016e-06
330, 923, 4.731588358920352e-06
1014, 1598, 4.720232122840395e-06
3310, 3392, 4.683118792384246e-06
5486, 5819, 4.643043709110784e-06
8329, 8776, 4.618543955146265e-06
221, 2350, 4.612933697706691e-06
9042, 9215, 4.576677033426635e-06
1835, 2254, 4.575562422091128e-06
177, 289, 4.5503834503760695e-06
1672, 1744, 4.548165490412189e-06
895, 1769, 4.515555146404138e-06
221, 469, 4.48668774616025e-06
1668, 2016, 4.480858773372859e-06
177, 1491, 4.4761667816860375e-06
365, 1641, 4.459529685158947e-06
1053, 2328, 4.4389778039009706e-06
365, 1053, 4.40115572862039e-06
2674, 2824, 4.393313554502183e-06
3714, 4100, 4.392790752548957e-06
3442, 3574, 4.3850612464053815e-06
1028, 2328, 4.376668719226063e-06
3223, 4054, 4.290179332449996e-06
2790, 3086, 4.283255124244525e-06
2236, 2397, 4.208729705545543e-06
671, 1578, 4.205747635687157e-06
5577, 5907, 4.176289558958102e-06
1852, 2376, 4.170199235019946e-06
641, 904, 4.1689586777015865e-06
330, 440, 4.151385650776815e-06
1321, 1769, 4.146138161879146e-06
3453, 3542, 4.134447444858293e-06
1668, 1771, 4.127194011042599e-06
4401, 4521, 4.120910949863191e-06
3310, 3571, 4.1125519358371346e-06
122, 1491, 4.1095521357026885e-06
861, 1744, 4.0953258730345875e-06
365, 1636, 4.088749403483252e-06
2185, 2367, 4.059768630052902e-06
3223, 4521, 4.046620175764396e-06
2979, 3539, 4.039776509891226e-06
3643, 4356, 4.020770024744472e-06
4401, 4569, 3.939553060088301e-06
2783, 3175, 3.9183787686620084e-06
3870, 4569, 3.8862622102134086e-06
1053, 2016, 3.880110139155655e-06
122, 573, 3.873799316480155e-06
882, 1769, 3.872320511139165e-06
177, 573, 3.816600768978577e-06
5577, 7670, 3.74169868450287e-06
6553, 6727, 3.707966904023732e-06
3638, 3846, 3.6884211213268357e-06
3643, 4401, 3.664558513568732e-06
6189, 6591, 3.647406713248886e-06
6173, 6727, 3.636819794828764e-06
3223, 3713, 3.6248157002116987e-06
1629, 2350, 3.6168765868125714e-06
2733, 3574, 3.613180788241421e-06
365, 1510, 3.5577696786139307e-06
1373, 2114, 3.5521356679583222e-06
3457, 4274, 3.5080399426920394e-06
6173, 6922, 3.489412124017304e-06
3496, 3571, 3.477457168302463e-06
2185, 2380, 3.473730510287811e-06
653, 2114, 3.4650538492554608e-06
330, 848, 3.4543573775754397e-06
514, 904, 3.4402687029049116e-06
1028, 2016, 3.421058152530031e-06
671, 1083, 3.4142214329229365e-06
2065, 2397, 3.4030083179638543e-06
3655, 4356, 3.3820022179948972e-06
2674, 3290, 3.381694433464468e-06
2745, 3086, 3.3784062642570038e-06
444, 1769, 3.364289774822075e-06
221, 882, 3.349767875913437e-06
1138, 1769, 3.342449036304227e-06
3655, 4488, 3.2709061306140403e-06
1053, 2397, 3.2491479420464564e-06
1852, 1926, 3.2426141385731604e-06
3223, 4100, 3.2215460055191007e-06
3998, 4545, 3.2093425654592224e-06
5142, 5896, 3.160780385052156e-06
6553, 6688, 3.1577525401273936e-06
3627, 4569, 3.1558318263536087e-06
1165, 1744, 3.136426409919841e-06
2865, 3356, 3.132178199481059e-06
330, 2016, 3.1198622897963997e-06
330, 1421, 3.108255464221447e-06
134, 1769, 3.103298709160658e-06
1028, 2397, 3.072310661052123e-06
3378, 3568, 3.069059331744149e-06
3870, 4521, 3.0666303212325984e-06
1053, 1771, 3.0661551718730242e-06
1864, 2016, 3.061487400577949e-06
2276, 2593, 3.033924136891052e-06
3124, 3241, 3.0196735554020183e-06
221, 1242, 3.0159559837629684e-06
2128, 2350, 3.0156250819881133e-06
653, 933, 3.003442164869853e-06
3623, 3851, 2.9958211336113516e-06
653, 885, 2.9932708904972425e-06
330, 2328, 2.978161505227915e-06
3655, 4401, 2.9751842514223036e-06
1939, 2114, 2.931738492079531e-06
1028, 1771, 2.9111459660813474e-06
3638, 3739, 2.904776379416176e-06
8210, 9251, 2.8933281585595116e-06
657, 1744, 2.874607928067524e-06
330, 1302, 2.8505761643010743e-06
5577, 8776, 2.846333343655875e-06
710, 1491, 2.8463302265213487e-06
8485, 8776, 2.7740327553339897e-06
3623, 4579, 2.770637156212106e-06
8832, 9251, 2.7496028260272437e-06
1083, 2350, 2.7371796066669137e-06
2783, 2864, 2.7358842589849526e-06
3310, 3542, 2.731103422672158e-06
3952, 4545, 2.7099990322795283e-06
6177, 6922, 2.6720973420154402e-06
6173, 6688, 2.66762046691265e-06
122, 289, 2.6672227509221726e-06
6494, 6591, 2.659246765840826e-06
2481, 3101, 2.658778800512817e-06
5201, 5819, 2.646758111990889e-06
3429, 3568, 2.635323089069159e-06
365, 941, 2.633923162099887e-06
2783, 3004, 2.624671471730826e-06
653, 1372, 2.6155457719339833e-06
2674, 2783, 2.5680486145396936e-06
671, 1781, 2.5492934075266946e-06
2215, 2406, 2.527569974041347e-06
671, 1248, 2.525738601279747e-06
3227, 3356, 2.5166742416037698e-06
66, 261, 2.5099432028422113e-06
330, 1771, 2.5010591443556104e-06
330, 607, 2.466223333370707e-06
2222, 2397, 2.4661156048734594e-06
3453, 3571, 2.4470892819054573e-06
5486, 8749, 2.4432824606505373e-06
3714, 6591, 2.4350388882703653e-06
514, 1491, 2.4332610538463186e-06
1848, 2538, 2.4278979253964746e-06
653, 1578, 2.4075054420435983e-06
2065, 2328, 2.3618818396004753e-06
1293, 2350, 2.348750852369002e-06
1606, 1744, 2.3243221385656897e-06
2783, 3241, 2.321331095391339e-06
985, 1744, 2.3072866684160438e-06
1835, 2271, 2.2554674726923025e-06
377, 573, 2.2278380772168447e-06
3623, 3787, 2.2238118628075932e-06
84, 220, 2.2168204046464386e-06
1091, 1491, 2.2121752195181544e-06
330, 2397, 2.200072649976651e-06
431, 1744, 2.189767475098383e-06
1053, 1248, 2.179880914962353e-06
2865, 3101, 2.175376292089834e-06
2185, 2352, 2.1334957504588462e-06
84, 1769, 2.1293212480750434e-06
1848, 2465, 2.1221195347445605e-06
2824, 3539, 2.1128481294573537e-06
365, 2254, 2.108614604196159e-06
3627, 4521, 2.1069763903170855e-06
1028, 1248, 2.0876285306240423e-06
3301, 3571, 2.0840547907799392e-06
221, 885, 2.0694575711689117e-06
5142, 5819, 2.066911335207167e-06
6177, 6688, 2.0438639146374073e-06
1083, 1598, 2.0386200967166283e-06
3627, 4033, 2.033854863400381e-06
1368, 2350, 2.0330182474569824e-06
3223, 4461, 2.0303531129634803e-06
3155, 3846, 2.027150770134612e-06
2674, 3516, 1.9969451548363845e-06
330, 822, 1.995107367733412e-06
431, 904, 1.9868681057701734e-06
330, 424, 1.979301773494386e-06
1866, 2016, 1.9628406121680785e-06
99, 234, 1.959998207427281e-06
221, 1138, 1.9407768085950185e-06
710, 904, 1.9151022140654247e-06
653, 1083, 1.909212047532269e-06
3301, 3392, 1.887779232855497e-06
365, 1987, 1.8854195539845639e-06
2695, 2790, 1.8852244125980931e-06
2733, 2824, 1.8781950052041238e-06
221, 1293, 1.876016059510902e-06
312, 904, 1.8609519258100312e-06
470, 1598, 1.8340807365839965e-06
3757, 3846, 1.8173302021334973e-06
330, 1097, 1.7993903073078111e-06
3404, 3539, 1.7989606428326133e-06
3164, 3846, 1.7987978517883465e-06
8210, 9693, 1.794385080702527e-06
2225, 2367, 1.7861548034423888e-06
2865, 3175, 1.7670866563340985e-06
3310, 3461, 1.7553158541781508e-06
99, 904, 1.7501433644977006e-06
5426, 6106, 1.7451018937372386e-06
2942, 3086, 1.7394115246555663e-06
2481, 3004, 1.7364233714580244e-06
1848, 2118, 1.7212216344358671e-06
3638, 4356, 1.7070944336650472e-06
330, 1506, 1.703992094393478e-06
1852, 2406, 1.697800501646359e-06
3223, 6591, 1.6976606764694379e-06
1268, 1744, 1.6874844004658274e-06
3638, 4488, 1.6870414390589384e-06
2185, 2376, 1.6857283070144278e-06
6762, 6922, 1.6839319543361727e-06
2674, 3254, 1.680113680323166e-06
1848, 2462, 1.678845993818726e-06
3155, 3223, 1.6766251816804406e-06
1939, 2016, 1.6705501193820495e-06
5577, 9215, 1.6702252657529904e-06
3627, 4198, 1.6669385552131057e-06
177, 261, 1.6503912726337606e-06
312, 1744, 1.6491876061701113e-06
910, 1744, 1.6368925136229188e-06
671, 2328, 1.6340810983553384e-06
2481, 3175, 1.6333854313269502e-06
221, 933, 1.6313221871273674e-06
3638, 4401, 1.6287845195977686e-06
2481, 3356, 1.6165801634505873e-06
5577, 5723, 1.6109514906451142e-06
3457, 3739, 1.5950317627533702e-06
1835, 2367, 1.5864359419923368e-06
2207, 2328, 1.5776044319940864e-06
99, 1744, 1.5719427643620755e-06
1852, 1994, 1.5617794260622892e-06
3223, 4392, 1.5541125284239031e-06
1060, 1491, 1.548974379073311e-06
1835, 1987, 1.5448254493816852e-06
3925, 4146, 1.5389967237296351e-06
2979, 3101, 1.5230832586721275e-06
3124, 3571, 1.5137622740925315e-06
2865, 3004, 1.5134063748370844e-06
1028, 1421, 1.5116620117644572e-06
945, 1769, 1.5102153004073536e-06
3004, 3101, 1.5079390101885578e-06
3655, 3756, 1.4944675568732025e-06
3714, 8749, 1.493492357083613e-06
2225, 2380, 1.4931902884240798e-06
1053, 1421, 1.4863830349090385e-06
2215, 2409, 1.4837075556038691e-06
8485, 9215, 1.4828993758864608e-06
3442, 4146, 1.479767103749572e-06
2674, 3142, 1.4791976055119387e-06
3442, 3846, 1.4758194427465047e-06
1063, 2350, 1.4709923996478485e-06
540, 1769, 1.4602783297614569e-06
1668, 2214, 1.448830867524103e-06
134, 234, 1.4395020683967407e-06
3870, 4033, 1.4368749984030792e-06
1864, 2214, 1.4254284702260895e-06
653, 1248, 1.4168888737754554e-06
1835, 2380, 1.4081171967151089e-06
3627, 3756, 1.3745278103127762e-06
431, 1491, 1.371793871325416e-06
861, 1491, 1.3681326662515597e-06
3627, 4054, 1.363366835885858e-06
330, 1382, 1.3619094236336876e-06
3870, 4201, 1.3587747309400613e-06
2254, 2397, 1.3487105207207574e-06
671, 2016, 1.343694544502166e-06
3643, 4033, 1.3418742954554897e-06
3870, 4198, 1.3414844142262529e-06
3004, 3539, 1.3311805374185544e-06
365, 1500, 1.3177893666840453e-06
2225, 2352, 1.3162723877477555e-06
653, 1781, 1.3126697354041787e-06
2979, 3356, 1.293725472022783e-06
3643, 3756, 1.292296685990504e-06
1366, 1769, 1.2837825212642983e-06
1028, 1506, 1.266672774934664e-06
470, 2350, 1.2485645375112898e-06
2674, 3513, 1.239422782396239e-06
3155, 3516, 1.2351311857346564e-06
1939, 2328, 1.2341683912192807e-06
1053, 1506, 1.2274729708309458e-06
2185, 2275, 1.2223276003195844e-06
3457, 4356, 1.2116474077143775e-06
3870, 4461, 1.1935394407775197e-06
3442, 3516, 1.187486539418684e-06
518, 1769, 1.1823361901390016e-06
3105, 3539, 1.1790158713542613e-06
1053, 1784, 1.177299652089859e-06
2276, 2367, 1.1737167804941457e-06
2674, 3846, 1.1649222036728584e-06
8210, 9129, 1.1641510613753362e-06
3627, 4461, 1.1556469883590642e-06
2178, 2328, 1.1510430631483889e-06
1063, 1598, 1.136995800022639e-06
1028, 1784, 1.1346040607834595e-06
3020, 3101, 1.126393586841074e-06
3627, 4392, 1.1260121342814397e-06
330, 1183, 1.1190319359854929e-06
1668, 2039, 1.1135229717367004e-06
994, 1744, 1.1127026078739097e-06
671, 1771, 1.111574843231568e-06
66, 163, 1.1064103563332308e-06
3623, 4725, 1.1048042982234417e-06
3301, 3542, 1.1004792963451049e-06
671, 918, 1.1002260293964173e-06
8905, 9129, 1.087316301614483e-06
3284, 3568, 1.0866651699654792e-06
3164, 3516, 1.0834201634033207e-06
671, 2397, 1.0824630227369154e-06
2695, 3223, 1.0705476442486603e-06
365, 647, 1.068236239530554e-06
3655, 4033, 1.0554741994020438e-06
1313, 1769, 1.0542639536388998e-06
2865, 3241, 1.0444136670724506e-06
798, 1744, 1.0384325858347127e-06
3223, 8749, 1.0320530192931875e-06
1053, 1787, 1.0228611937963432e-06
3870, 4392, 1.0181724773111153e-06
365, 808, 1.0168060249655165e-06
470, 781, 1.0158034093515041e-06
1939, 2397, 1.0146360305078202e-06
2923, 3004, 1.0116086314285422e-06
1668, 1784, 1.0112751289093104e-06
365, 2271, 1.0064572703366592e-06
2645, 3086, 1.0055356269661345e-06
1028, 1787, 9.85014684179838e-07
330, 1784, 9.846166250988798e-07
365, 791, 9.797056805074218e-07
1028, 1302, 9.763986447878404e-07
3998, 4146, 9.74641685615309e-07
2695, 2824, 9.740240448599137e-07
3714, 3823, 9.722929292542552e-07
2824, 3356, 9.70483593801962e-07
1053, 1302, 9.692300172479673e-07
1293, 1598, 9.627874668114914e-07
330, 710, 9.625344649213694e-07
3870, 4054, 9.51881919843922e-07
3643, 4054, 9.497631427117545e-07
671, 1302, 9.4029606870335e-07
365, 1810, 9.385967725648118e-07
3457, 4401, 9.364660113028416e-07
3155, 4146, 9.358665819743188e-07
66, 469, 9.358490317660022e-07
221, 437, 9.350622473880941e-07
3638, 4818, 9.254109710447222e-07
2916, 3086, 9.23770561256611e-07
8988, 9275, 9.207362684718133e-07
657, 904, 9.189668097302807e-07
312, 1491, 9.140742734999803e-07
3627, 3713, 9.058575470615856e-07
470, 1242, 8.934210503024466e-07
2824, 3101, 8.914098587032695e-07
657, 1491, 8.913083600603369e-07
2225, 2376, 8.897890121686945e-07
365, 1672, 8.885697585428638e-07
3627, 4100, 8.822465672770565e-07
527, 1744, 8.819968844747782e-07
2876, 3568, 8.793291270710663e-07
2481, 3539, 8.789657199001999e-07
1028, 2039, 8.786198905140171e-07
1053, 2214, 8.77435140234621e-07
3124, 3542, 8.734962152947996e-07
1053, 2039, 8.694676752669312e-07
99, 573, 8.678428109166609e-07
2207, 2397, 8.594183348237735e-07
3925, 4488, 8.556752869934707e-07
330, 1787, 8.520366040695726e-07
1165, 1491, 8.517213293199343e-07
2733, 3223, 8.435356162733588e-07
365, 1026, 8.43340814889011e-07
1028, 1097, 8.395017211151498e-07
2695, 2783, 8.394111913632472e-07
1373, 1781, 8.374786283818645e-07
1835, 1926, 8.374499370842564e-07
3164, 4146, 8.368055198824435e-07
1835, 2376, 8.297909882572298e-07
671, 1421, 8.285523090772623e-07
2178, 2397, 8.231013770287837e-07
985, 1491, 8.230898367624076e-07
1668, 1787, 8.21260301516149e-07
3020, 3539, 8.200973587714112e-07
2481, 3241, 8.18297873570648e-07
365, 2367, 8.103756885946434e-07
2783, 3571, 8.090551014943546e-07
1112, 1744, 8.060074023783534e-07
99, 1491, 8.011555195101018e-07
527, 904, 7.843499789354778e-07
4401, 6591, 7.84252884502113e-07
1852, 2409, 7.801871650348715e-07
4241, 4545, 7.74764292357841e-07
1014, 2114, 7.737590244077256e-07
3457, 4033, 7.73512235243933e-07
1014, 1242, 7.705387510883925e-07
66, 256, 7.628215948693339e-07
3776, 3846, 7.620158568716554e-07
1028, 2214, 7.600220511413256e-07
2674, 4146, 7.591759474404572e-07
3952, 4146, 7.582918100092354e-07
3105, 3175, 7.581206752048728e-07
3655, 4054, 7.567426785303162e-07
66, 781, 7.546875955893482e-07
3142, 3568, 7.510953369937985e-07
3421, 3539, 7.507351892863266e-07
3925, 4818, 7.484820155967876e-07
1848, 2440, 7.477757081458279e-07
2923, 3539, 7.457899774729324e-07
7525, 8045, 7.445167554288786e-07
330, 2039, 7.42977740863166e-07
653, 2016, 7.356730703700544e-07
1864, 2039, 7.332754984343185e-07
365, 617, 7.293512646408196e-07
1373, 2016, 7.289056354675171e-07
910, 1491, 7.259193442084428e-07
2276, 2380, 7.21560402069038e-07
163, 1769, 7.170147826108917e-07
3925, 4401, 7.123597234745676e-07
3155, 3739, 7.112610203454041e-07
3757, 4146, 7.105324064734966e-07
1866, 2214, 7.096777963649233e-07
3485, 3568, 7.055394600238814e-07
470, 882, 7.009514949247418e-07
1852, 2275, 6.987658808238961e-07
2674, 3024, 6.96976132756131e-07
365, 2380, 6.966249998953492e-07
3207, 3539, 6.910043137078196e-07
2293, 2593, 6.810420233098326e-07
2824, 3175, 6.778137236053808e-07
2979, 3175, 6.774948070147872e-07
3643, 4392, 6.753321779340479e-07
2376, 2593, 6.724156232739954e-07
2498, 2593, 6.686166316472041e-07
798, 904, 6.680789411235185e-07
671, 923, 6.669007199829097e-07
653, 918, 6.624632220211318e-07
1053, 1382, 6.581895700365522e-07
1160, 1769, 6.549872136238299e-07
3925, 4356, 6.521351536507095e-07
221, 1083, 6.503846118036144e-07
2185, 2406, 6.492366013764551e-07
1028, 1382, 6.361834394720207e-07
5056, 5738, 6.360032990811228e-07
440, 1598, 6.270828650213832e-07
1046, 1598, 6.219257193712446e-07
3164, 3739, 6.21825382819994e-07
330, 1099, 6.196806379166301e-07
470, 1138, 6.175722361217686e-07
895, 1744, 6.160428098539597e-07
134, 904, 6.119293758166371e-07
1014, 1138, 6.0903901881758e-07
3638, 4033, 6.087439002153627e-07
2236, 2593, 6.021026913754082e-07
3623, 5738, 5.979757938522332e-07
3223, 3823, 5.947494698341265e-07
1014, 1293, 5.925007071683807e-07
444, 1744, 5.886965100456815e-07
2783, 3362, 5.874517611733487e-07
4401, 5819, 5.871278270560208e-07
330, 819, 5.864499620727172e-07
221, 2114, 5.815939727877644e-07
1382, 1769, 5.811462670712053e-07
3643, 4100, 5.785099179581705e-07
1321, 1744, 5.768936474505517e-07
66, 1598, 5.70190086322319e-07
221, 1372, 5.670186660132712e-07
365, 1313, 5.657405434840947e-07
1138, 1744, 5.649017838551841e-07
1373, 2397, 5.622740176377417e-07
2626, 3101, 5.58967564214518e-07
2481, 2864, 5.57278313734021e-07
1368, 1598, 5.569522585654154e-07
2215, 2403, 5.530011158451053e-07
882, 1744, 5.527808110545591e-07
653, 1302, 5.510831375980094e-07
3004, 3356, 5.488376377997906e-07
3655, 4392, 5.467311386730008e-07
1864, 2593, 5.456573892650644e-07
4401, 5896, 5.44857383275676e-07
99, 289, 5.442166224963827e-07
330, 2214, 5.404527829591997e-07
431, 573, 5.390571634411795e-07
134, 1744, 5.358593812596361e-07
653, 1771, 5.348777110363575e-07
653, 2397, 5.331323219300706e-07
122, 261, 5.326698671216542e-07
312, 573, 5.319306078220072e-07
1373, 1578, 5.263968003017607e-07
671, 1506, 5.259890936908348e-07
2695, 3290, 5.255688527175672e-07
2923, 3356, 5.244833352737442e-07
470, 1293, 5.243711441647645e-07
3457, 4925, 5.220966216849735e-07
2626, 3539, 5.13305071056265e-07
512, 1769, 5.11679846107443e-07
444, 904, 5.113595435300746e-07
2824, 3004, 5.042570010460512e-07
3870, 4100, 5.012902687555206e-07
3643, 3713, 4.976517672393049e-07
3457, 3756, 4.908154051852533e-07
177, 256, 4.902094775884218e-07
2783, 2923, 4.890178739488845e-07
3638, 3756, 4.882878865662395e-07
3124, 3362, 4.829640774990355e-07
2674, 3739, 4.7561661434441854e-07
798, 1491, 4.695967689724397e-07
1866, 2039, 4.6956919534746475e-07
221, 1578, 4.6948036889878725e-07
671, 848, 4.6917244361788383e-07
365, 1994, 4.575176266265649e-07
440, 781, 4.5656076282283133e-07
3655, 4100, 4.548810336843579e-07
2979, 3241, 4.548338755378988e-07
2923, 3101, 4.5249152240518537e-07
8832, 9129, 4.356825410449731e-07
470, 885, 4.325866916629052e-07
3346, 3568, 4.278472049577992e-07
84, 234, 4.2554723768560306e-07
653, 1421, 4.228781585157327e-07
1254, 1769, 4.189170466968398e-07
671, 1784, 4.136103844069673e-07
3227, 3571, 4.134087617083417e-07
1668, 2593, 4.103039715720667e-07
2824, 3241, 4.069750576051103e-07
66, 882, 4.0162530225444196e-07
1041, 1598, 4.000045866246071e-07
5619, 5738, 3.950410385738428e-07
2733, 3290, 3.949995907185958e-07
3155, 3290, 3.942548228340129e-07
1852, 2161, 3.940670711864485e-07
84, 904, 3.925653580244532e-07
2783, 2876, 3.913951956605017e-07
653, 923, 3.913175618027108e-07
470, 933, 3.892631990838271e-07
3461, 3568, 3.883099977782964e-07
3164, 3290, 3.8786147832444077e-07
1252, 1769, 3.875334818159401e-07
3998, 4401, 3.875277718358713e-07
221, 918, 3.856046141900003e-07
2185, 2409, 3.848711811255619e-07
1107, 1598, 3.841081050617231e-07
671, 1382, 3.8260844755052254e-07
1629, 2114, 3.823454241971454e-07
3164, 3254, 3.793069379850421e-07
1083, 2114, 3.7897662133849485e-07
5111, 5819, 3.7228455033163863e-07
440, 1242, 3.686296812987685e-07
1083, 1242, 3.685345051823953e-07
1835, 1994, 3.6835525933266685e-07
4848, 5819, 3.653745104992723e-07
1063, 1138, 3.647937506755937e-07
1014, 1578, 3.6307565215184426e-07
3714, 5819, 3.6140857250845113e-07
2222, 2593, 3.572943899357407e-07
221, 1248, 3.5701674665260093e-07
3442, 3739, 3.5640128038066865e-07
671, 1787, 3.5489933221413246e-07
3457, 4054, 3.5385710336004146e-07
671, 1097, 3.534696405581775e-07
1014, 1083, 3.5292828135574805e-07
163, 234, 3.5148111165899653e-07
2626, 3175, 3.508894363720321e-07
3155, 3254, 3.4900064815602996e-07
2065, 2593, 3.46204935826574e-07
2065, 2214, 3.44404596133699e-07
1866, 2593, 3.443606484536976e-07
3105, 3356, 3.3473689028174226e-07
3004, 3175, 3.344556201094578e-07
2455, 2538, 3.3215397581011214e-07
2737, 3568, 3.304798475215342e-07
4915, 5819, 3.30401929967462e-07
1373, 1771, 3.283627830743116e-07
3638, 4054, 3.2638906513496686e-07
671, 2039, 3.2526385617403335e-07
2626, 3004, 3.23381234585429e-07
377, 469, 3.2069790753485343e-07
66, 1242, 3.2039629119768857e-07
2923, 3175, 3.166019582378944e-07
1939, 2039, 3.1446888994161855e-07
2865, 3571, 3.144017425613439e-07
1028, 1099, 3.0984247190457316e-07
1053, 1183, 3.092069685604747e-07
2626, 3356, 3.0868303140300114e-07
1368, 2114, 3.064913336913704e-07
3998, 4356, 3.042638562425008e-07
3925, 4033, 2.9509425786390993e-07
2481, 2923, 2.941388046063414e-07
1848, 2565, 2.9375219108683337e-07
440, 882, 2.911863728738877e-07
1293, 2114, 2.8629154015539246e-07
671, 1183, 2.821635171040511e-07
3020, 3356, 2.8158823251815024e-07
365, 666, 2.73850596820414e-07
1014, 1372, 2.737744371630407e-07
134, 573, 2.69939241810552e-07
2695, 3142, 2.647632164548609e-07
671, 2214, 2.6383677622317785e-07
653, 848, 2.607304178625328e-07
3638, 3713, 2.5899846734599943e-07
1028, 1183, 2.5673747576059425e-07
66, 1138, 2.566915986465931e-07
2490, 3086, 2.52475127008292e-07
1014, 1781, 2.5182304801997704e-07
330, 1053, 2.5100041068860366e-07
440, 1138, 2.5012598406775403e-07
3952, 4033, 2.481051164542271e-07
2695, 3254, 2.4581831459497197e-07
66, 885, 2.449641306584993e-07
573, 1769, 2.429774457523909e-07
3998, 4933, 2.410499020912628e-07
3627, 5240, 2.3524829927202507e-07
365, 1803, 2.3112052490680477e-07
2695, 3846, 2.2653093438922416e-07
1083, 1293, 2.2634416351365342e-07
1046, 1138, 2.251821771549113e-07
221, 923, 2.2492075129605837e-07
2254, 2593, 2.2370670348339523e-07
2865, 3362, 2.2184593461173396e-07
3310, 3574, 2.2104730808657342e-07
3952, 4401, 2.147711427713345e-07
440, 1293, 2.14398335453201e-07
1848, 2459, 2.1294368288485854e-07
2824, 2923, 2.1238926111356716e-07
2783, 3392, 2.1079503741545783e-07
66, 437, 2.1018906069607202e-07
84, 573, 2.0851438410324612e-07
653, 1097, 2.0651820858672107e-07
66, 933, 2.0526596255371396e-07
1063, 2114, 2.0264683012367639e-07
3124, 3392, 2.0212816694084877e-07
5426, 5819, 2.0195812690574246e-07
2733, 3142, 2.013775277356058e-07
1063, 1242, 1.9961589584759707e-07
66, 1293, 1.9902754149671063e-07
671, 822, 1.9784072676405465e-07
653, 1784, 1.9773354553329894e-07
5619, 5709, 1.9767969855260818e-07
221, 1781, 1.9721214469962814e-07
2733, 3846, 1.97028833986522e-07
1848, 2618, 1.9685165910776485e-07
2783, 3018, 1.966260911842539e-07
3155, 3756, 1.9603089347673725e-07
470, 2114, 1.9430431730705855e-07
3020, 3175, 1.9288571174865418e-07
2421, 2593, 1.9237170028216162e-07
134, 289, 1.915679655504015e-07
653, 1382, 1.9039186650012e-07
470, 1083, 1.8575666123269258e-07
440, 885, 1.811942271031728e-07
3207, 3356, 1.8086786539442083e-07
2500, 3086, 1.8066700977105665e-07
221, 848, 1.7770545116218252e-07
2215, 2452, 1.7718959758212398e-07
470, 1372, 1.76545873338407e-07
2733, 3254, 1.7528298228893552e-07
8636, 8713, 1.7372901453311047e-07
1668, 1987, 1.733930620141517e-07
653, 1787, 1.700816340959813e-07
440, 933, 1.6968256560675946e-07
1293, 1372, 1.6912826090343398e-07
1053, 2593, 1.685020474935629e-07
122, 256, 1.6847917985649054e-07
1373, 2039, 1.6805329193810506e-07
365, 1926, 1.6786924802310328e-07
540, 904, 1.6592770118221738e-07
122, 469, 1.6536644487012936e-07
3227, 3362, 1.6481316380740506e-07
1053, 1987, 1.6338583505115898e-07
444, 573, 1.6306723919074608e-07
518, 904, 1.616261836965238e-07
1864, 1987, 1.6082767874243387e-07
653, 2039, 1.6041080728261557e-07
221, 607, 1.5986410520993822e-07
122, 781, 1.594656074701657e-07
2178, 2593, 1.587993688248758e-07
177, 781, 1.5825135637420632e-07
330, 941, 1.5740899241470161e-07
2490, 2565, 1.5495428619078364e-07
1028, 1987, 1.5434747878296106e-07
2207, 2593, 1.5408127340798795e-07
3638, 4392, 1.5231543692256715e-07
1028, 2593, 1.4979772057948644e-07
5056, 5709, 1.4928104137930462e-07
3223, 3520, 1.4777414485110488e-07
2923, 3241, 1.4597867588066354e-07
1014, 2016, 1.4595548417879028e-07
2626, 3241, 1.438954568677141e-07
3105, 3241, 1.418333966118944e-07
177, 469, 1.4140933668417408e-07
330, 1636, 1.412045432360303e-07
221, 1302, 1.3798430512381564e-07
330, 1641, 1.3751288949470791e-07
3004, 3241, 1.365085911350956e-07
163, 904, 1.3608753578656422e-07
2674, 3756, 1.3561326009162078e-07
377, 781, 1.3400919630746623e-07
1848, 3086, 1.3361166841518025e-07
2695, 3024, 1.3177051321775457e-07
6, 205, 1.3052498849498427e-07
1373, 1784, 1.303628682827503e-07
1063, 1293, 1.2909616428454044e-07
1041, 1138, 1.275626509124384e-07
84, 289, 1.2726469801257967e-07
7594, 8713, 1.2406517729141343e-07
2215, 2538, 1.239174098003637e-07
3164, 3756, 1.229799584952499e-07
653, 1183, 1.2277398243518083e-07
671, 1099, 1.223475731482806e-07
330, 1987, 1.2027043424945882e-07
3627, 3823, 1.1792989830057292e-07
2674, 3301, 1.1523866431003243e-07
653, 822, 1.1484794694858615e-07
2674, 2787, 1.1449414597772234e-07
1046, 1242, 1.1405054941824885e-07
1852, 2080, 1.1355590592504626e-07
221, 440, 1.120149769922182e-07
2481, 3018, 1.1140184851601532e-07
221, 2016, 1.1010612113211171e-07
3155, 4033, 1.097568870351255e-07
1852, 2452, 1.0775625274300506e-07
1866, 1987, 1.0661757552543026e-07
3714, 3787, 1.0605314681902209e-07
1083, 1372, 1.0549141381966517e-07
99, 261, 1.052104335777108e-07
2481, 3362, 1.0434705765319824e-07
2481, 2693, 1.024333171014654e-07
221, 822, 1.0137023503735487e-07
365, 2593, 1.0120136863212485e-07
1939, 2593, 1.0088503969331104e-07
2865, 3018, 1.0047198696666427e-07
2481, 2833, 1.0035024440429478e-07
3164, 4033, 9.789357886069454e-08
470, 1248, 9.76832357452997e-08
3517, 3846, 9.638375969921243e-08
3310, 3846, 9.45120676310637e-08
1848, 2553, 9.440029892849283e-08
2695, 3739, 9.051271855801078e-08
1046, 1293, 9.013151443879373e-08
177, 882, 9.007353631856148e-08
1046, 2114, 8.977678589934173e-08
2481, 2876, 8.913488222325596e-08
4848, 5330, 8.842052230672857e-08
3638, 5351, 8.809112241099137e-08
1014, 1248, 8.720115447072465e-08
377, 1242, 8.637576326687088e-08
2674, 3295, 8.610741142743032e-08
3623, 5709, 8.52945140571515e-08
470, 918, 8.459492055236089e-08
377, 882, 8.448982895392656e-08
2733, 3024, 8.404726407082037e-08
4661, 5330, 8.34907684055443e-08
66, 1083, 8.333325424357711e-08
710, 781, 8.291824699226746e-08
122, 882, 8.291073439519874e-08
2488, 2593, 8.277949547501475e-08
3643, 3823, 8.257617927401868e-08
1107, 1242, 8.131899665858822e-08
5583, 5738, 8.045213824433667e-08
440, 1083, 8.012204874593259e-08
221, 1097, 8.009573459613212e-08
330, 647, 7.917989981597493e-08
66, 258, 7.91419605450439e-08
2865, 3392, 7.784988464463354e-08
177, 1242, 7.731974307345693e-08
2500, 2565, 7.594035396754416e-08
1041, 1242, 7.254313034734927e-08
653, 1099, 7.179839178754964e-08
512, 904, 7.136168050019073e-08
2626, 2864, 7.116139815986349e-08
1083, 2016, 7.009445501258789e-08
2733, 3739, 6.967940889678611e-08
330, 808, 6.909074986412501e-08
3457, 3713, 6.868825721790941e-08
122, 1242, 6.817809745601002e-08
3655, 3823, 6.794014008090016e-08
1771, 2114, 6.777677567050373e-08
1063, 1372, 6.517305704530547e-08
3442, 3756, 6.477953303138096e-08
330, 791, 6.427900137759428e-08
377, 1138, 6.270574669596682e-08
1987, 2114, 6.082202640743922e-08
3223, 3939, 6.065988761085499e-08
440, 2114, 6.057791970012722e-08
3762, 3846, 6.046421643525979e-08
641, 781, 6.038918266703392e-08
163, 573, 5.99766605914403e-08
671, 2593, 5.9514157850088195e-08
3714, 3939, 5.876063800353251e-08
2923, 3018, 5.859137997747656e-08
1598, 2114, 5.850421991483628e-08
5056, 5786, 5.6850612176924e-08
1041, 2114, 5.667004520737117e-08
66, 2114, 5.658590858797446e-08
221, 710, 5.6274403101491446e-08
3513, 3846, 5.621146967072472e-08
3714, 3851, 5.606467958769097e-08
1107, 2114, 5.591597907927202e-08
1368, 2016, 5.5516927926235934e-08
177, 885, 5.5187704021163074e-08
3227, 3392, 5.5074343518852144e-08
3223, 3851, 5.4836376741892544e-08
1629, 2016, 5.318110006252374e-08
177, 1138, 5.208892945597772e-08
377, 885, 5.203319932350175e-08
163, 289, 5.180310177453899e-08
177, 258, 5.1755102122279405e-08
122, 885, 5.120161582087768e-08
641, 1242, 5.1159619554865413e-08
1293, 2016, 5.10852457886548e-08
470, 923, 5.058855339345609e-08
330, 1026, 5.033998406085682e-08
221, 1183, 4.9762404125324516e-08
671, 1987, 4.9300931324634265e-08
573, 904, 4.903122206779913e-08
122, 1138, 4.901015018216168e-08
330, 617, 4.7723806262800186e-08
3457, 3823, 4.6723028253146765e-08
1014, 1097, 4.667899001359354e-08
377, 933, 4.6512201711340666e-08
2626, 2923, 4.640852296043081e-08
66, 918, 4.5142777401484645e-08
177, 933, 4.509284585387926e-08
1852, 2538, 4.48573893364471e-08
3223, 3576, 4.4749247542891085e-08
3301, 3846, 4.3885175037329707e-08
134, 261, 4.345185988438839e-08
2490, 2618, 4.3358262275104484e-08
2455, 3086, 4.311584360387112e-08
3623, 3762, 4.248584424041592e-08
514, 781, 4.2482146812289035e-08
122, 933, 4.1768539948509874e-08
2278, 2593, 4.135927912908531e-08
1041, 1293, 4.084341833054925e-08
3223, 3787, 4.065807405580721e-08
2185, 2538, 3.963906780315981e-08
3623, 5786, 3.931578724331231e-08
5486, 5738, 3.929180638941827e-08
2695, 2787, 3.920673921435588e-08
2626, 2693, 3.8817164804795976e-08
377, 1293, 3.838634234032273e-08
1063, 2016, 3.815459660490023e-08
122, 437, 3.8068260697696146e-08
440, 918, 3.801544850769233e-08
2500, 2618, 3.722510019152724e-08
1053, 1994, 3.6930282253281973e-08
1668, 1994, 3.669424164564744e-08
3638, 3823, 3.668724055272915e-08
2481, 3392, 3.6630232823029105e-08
1864, 1926, 3.6486318087742266e-08
470, 848, 3.6226776198039776e-08
5201, 5738, 3.588504013754686e-08
641, 882, 3.551559996536471e-08
653, 2593, 3.543445350950857e-08
2440, 2593, 3.542323197051799e-08
3453, 3846, 3.5227650613935823e-08
99, 469, 3.502964545238633e-08
3627, 5380, 3.461055546047159e-08
1014, 2039, 3.442841057180052e-08
1028, 1994, 3.4351019227347214e-08
1107, 1293, 3.431086747791725e-08
470, 2016, 3.3960364702406477e-08
177, 1293, 3.392517856538934e-08
221, 424, 3.374542477501468e-08
2531, 3086, 3.346735052976543e-08
99, 163, 3.298081403611577e-08
2215, 3086, 3.2970322976657675e-08
99, 781, 3.278665428761445e-08
641, 1138, 3.274839491117527e-08
2481, 2732, 3.2582910740536414e-08
177, 437, 3.248719932643364e-08
99, 256, 3.187357606069246e-08
1835, 2161, 3.172531687683827e-08
514, 882, 3.143296992855031e-08
1578, 2114, 3.116367928782052e-08
4661, 5819, 3.080956553829492e-08
1053, 1926, 2.997971002586557e-08
5010, 5819, 2.997120357716686e-08
221, 819, 2.99472423608676e-08
1864, 1994, 2.9678601803386067e-08
2490, 2553, 2.901620093248179e-08
2737, 3101, 2.8975575380516563e-08
1784, 2114, 2.8754309075798778e-08
312, 781, 2.847271964968338e-08
2876, 3101, 2.838075123578373e-08
2481, 2667, 2.8371278745197815e-08
122, 1293, 2.804683434489654e-08
2824, 3018, 2.7832187368353543e-08
431, 781, 2.736902097107221e-08
221, 1099, 2.7299615635130506e-08
66, 923, 2.6998809463349248e-08
470, 607, 2.6924032839015725e-08
330, 1994, 2.6878758361862025e-08
1028, 1926, 2.6802627124485655e-08
66, 607, 2.6615477290730232e-08
330, 1313, 2.6086008545352557e-08
2985, 3101, 2.5814831246072172e-08
1835, 2080, 2.581118552868239e-08
2876, 3004, 2.5750326465574158e-08
514, 1138, 2.5416073672139934e-08
1373, 2593, 2.5259876272083592e-08
66, 440, 2.522964691600589e-08
221, 2039, 2.5177253824151708e-08
1014, 1302, 2.500239507641095e-08
641, 1293, 2.4914342435714314e-08
2455, 2565, 2.4576231841104023e-08
84, 261, 2.4571955284275846e-08
2783, 3284, 2.3954025918123177e-08
2531, 2618, 2.3610193094544705e-08
66, 848, 2.3398406887954435e-08
1668, 1926, 2.3234620665841748e-08
653, 1987, 2.317567627476996e-08
1053, 1636, 2.2663989384093635e-08
440, 923, 2.259032060878742e-08
470, 1302, 2.236839603947984e-08
1046, 2016, 2.227478196827366e-08
1060, 1138, 2.2234875335109776e-08
3623, 3891, 2.210907220250803e-08
1373, 1987, 2.202676904057781e-08
470, 1097, 2.2025287752606855e-08
312, 469, 2.1808245904254415e-08
641, 885, 2.1771178601677163e-08
2481, 2781, 2.1557399361354546e-08
3124, 3284, 2.1116497997354797e-08
1028, 1636, 2.1071510110475746e-08
641, 933, 2.0782065817429766e-08
710, 1138, 2.012450228624715e-08
377, 1083, 1.998452047092715e-08
163, 261, 1.9832310171981045e-08
470, 822, 1.9701737767374368e-08
514, 885, 1.9470548752128518e-08
365, 985, 1.9396586203578908e-08
330, 666, 1.9366155482288668e-08
2626, 3018, 1.9127202019492976e-08
2876, 3175, 1.9032016759095422e-08
3627, 3939, 1.8989923616580477e-08
2225, 2538, 1.897771686287047e-08
710, 882, 1.840121956792427e-08
66, 2016, 1.8103842368486914e-08
710, 1293, 1.7917321648970357e-08
431, 882, 1.786894550556694e-08
514, 933, 1.786798568896758e-08
312, 882, 1.7761310702338828e-08
1866, 1994, 1.763544501071721e-08
122, 258, 1.7176017133641665e-08
99, 882, 1.6989386310942732e-08
3020, 3241, 1.691374846688467e-08
2215, 2565, 1.691039934611647e-08
657, 781, 1.6884918907685452e-08
2737, 3004, 1.6736108901492312e-08
177, 1083, 1.6515026073474494e-08
3124, 3846, 1.6386843140742676e-08
1852, 2118, 1.629632094528074e-08
1014, 1099, 1.6135598492388607e-08
440, 848, 1.6124158317236712e-08
671, 819, 1.599386586204394e-08
122, 1083, 1.5953035772097384e-08
3870, 3939, 1.573534442462073e-08
3223, 3623, 1.5700093215410247e-08
2737, 3175, 1.5527861205643334e-08
365, 994, 1.4509931034774693e-08
3496, 3846, 1.4410485539162274e-08
134, 256, 1.428260936251699e-08
6, 220, 1.4229759993958877e-08
861, 933, 1.351647373737431e-08
1107, 2016, 1.3438099399956362e-08
66, 822, 1.3405023550407223e-08
440, 2016, 1.33123455938773e-08
84, 163, 1.2911170873146621e-08
1041, 2016, 1.2873971042976638e-08
2215, 2618, 1.2849423341812002e-08
653, 819, 1.2231882580277358e-08
3643, 3939, 1.1888496299583423e-08
134, 469, 1.1846903286747916e-08
1848, 2663, 1.1726109099996467e-08
2130, 2593, 1.1493395622393008e-08
2626, 2833, 1.1477830703448376e-08
3627, 3851, 1.1416934629638003e-08
377, 2114, 1.1408745716405628e-08
177, 2114, 1.1264494442982346e-08
134, 781, 1.1235228874774882e-08
1663, 2114, 1.1128855364387001e-08
3284, 3356, 1.1093250127719262e-08
330, 1926, 1.1063639147522277e-08
671, 1053, 1.1028089036024359e-08
2626, 2876, 1.1008907940505691e-08
2485, 2565, 1.0890648620224449e-08
710, 885, 1.0880681208986074e-08
431, 885, 1.0877559696986733e-08
1835, 2538, 1.0771768574282807e-08
312, 885, 1.0767549343336083e-08
3757, 3823, 1.0753504725852872e-08
221, 1053, 1.0726757189358592e-08
2455, 2553, 1.0720432742613898e-08
440, 607, 1.0472672906574013e-08
671, 1994, 1.0265042357983554e-08
99, 885, 1.0236056395951597e-08
2241, 2593, 9.974116899166397e-09
798, 882, 9.954857706142861e-09
1091, 2114, 9.934653654682503e-09
377, 918, 9.823000995841179e-09
177, 918, 9.773669534930258e-09
527, 781, 9.733786552140724e-09
2455, 2618, 9.66138989071019e-09
641, 2114, 9.494844766753125e-09
431, 933, 9.44435568422412e-09
671, 1926, 9.418997151269509e-09
2979, 3362, 9.32252224084231e-09
122, 918, 9.238722699416361e-09
3655, 3939, 9.102552514389346e-09
653, 1053, 8.968166184966584e-09
641, 1083, 8.901196468082188e-09
2824, 3362, 8.652785917315212e-09
3627, 3787, 8.605782624893075e-09
84, 469, 8.520361782275016e-09
710, 933, 8.512170097587511e-09
312, 933, 8.471054839315064e-09
440, 822, 8.46342265632417e-09
99, 437, 8.444962154509225e-09
66, 710, 8.387042753405923e-09
2790, 2864, 8.347147387119275e-09
671, 1636, 8.093507404528651e-09
470, 710, 7.953297708932918e-09
365, 1321, 7.802137012714874e-09
3643, 3851, 7.763329304211864e-09
2128, 2593, 7.646163991763263e-09
84, 781, 7.606416323067105e-09
84, 256, 7.481388552398458e-09
66, 424, 7.467392597725231e-09
99, 933, 7.425134922131513e-09
657, 882, 7.395174224854397e-09
444, 781, 7.293985424090695e-09
221, 941, 7.231907492030605e-09
527, 882, 7.154174970659995e-09
365, 649, 7.061850433895889e-09
163, 256, 6.805331316787676e-09
312, 437, 6.606169732410166e-09
1014, 2593, 6.582221599041183e-09
365, 1817, 6.362649633907177e-09
3655, 3851, 6.343629775018493e-09
3457, 3939, 6.314930991468069e-09
2737, 2864, 6.311411697215783e-09
2985, 3175, 6.087259934490663e-09
2790, 3175, 6.053009018725828e-09
798, 885, 5.911640547982307e-09
377, 923, 5.791337942729488e-09
134, 882, 5.780390890293232e-09
377, 440, 5.725601346695069e-09
470, 819, 5.719600283120354e-09
177, 923, 5.7149933442163025e-09
1083, 2039, 5.648697463127645e-09
2674, 3185, 5.510775955807888e-09
2185, 2565, 5.463755512237374e-09
365, 831, 5.420506289041161e-09
330, 2593, 5.4184854229392505e-09
122, 923, 5.389787664986501e-09
1852, 2565, 5.387531899430828e-09
3227, 3846, 5.379690801180099e-09
3223, 5819, 5.371125531753376e-09
2215, 2553, 5.210520004172131e-09
527, 1491, 5.199050574382845e-09
122, 607, 5.1795201070404146e-09
177, 848, 5.175762400487456e-09
1598, 2016, 5.160597441323188e-09
3457, 3851, 4.773837249768098e-09
2626, 2732, 4.759466345416974e-09
177, 607, 4.751021654253123e-09
1629, 2593, 4.6936723816130475e-09
122, 440, 4.611160237958028e-09
377, 848, 4.608766167634378e-09
671, 941, 4.544231154531368e-09
122, 848, 4.542271500294304e-09
1629, 2039, 4.520617951584663e-09
444, 882, 4.4988511863326726e-09
221, 647, 4.439309861824323e-09
641, 918, 4.3952990850016505e-09
657, 933, 4.340596204251865e-09
1053, 1810, 4.263331992573903e-09
2745, 3175, 4.233759689300279e-09
653, 1926, 4.124413181935681e-09
527, 885, 4.1216250484474755e-09
657, 885, 4.057350985742746e-09
2185, 2618, 4.0297265705691885e-09
2481, 2824, 4.022389821939166e-09
1028, 1810, 4.0140437257455535e-09
1771, 2016, 3.994619723695832e-09
66, 819, 3.935372364458412e-09
527, 933, 3.923030546567147e-09
177, 440, 3.897412989320783e-09
84, 882, 3.893124023963431e-09
1373, 1926, 3.812616947896633e-09
2481, 2790, 3.791011902588207e-09
653, 941, 3.7145020755531044e-09
440, 710, 3.7102067155715132e-09
514, 918, 3.6717158006794992e-09
994, 1491, 3.6306347613355704e-09
221, 808, 3.6099118517284044e-09
2276, 2538, 3.606074932278343e-09
1852, 2618, 3.580814664742834e-09
134, 885, 3.571964146595351e-09
221, 791, 3.4825654137773156e-09
3638, 3851, 3.4690345891223597e-09
2979, 3392, 3.4621921074488506e-09
1083, 2593, 3.459922332846975e-09
99, 258, 3.311142117579199e-09
1083, 1248, 3.2153345229577917e-09
514, 607, 3.2030525243817e-09
2824, 3392, 3.1766012541337193e-09
221, 617, 3.114036784224784e-09
6, 234, 3.0272488466769792e-09
2626, 2781, 3.0070413381962807e-09
177, 822, 2.8630177470632685e-09
228, 904, 2.855040514154859e-09
377, 607, 2.8112217553538337e-09
134, 933, 2.8110135618383873e-09
444, 885, 2.7887792896215577e-09
122, 822, 2.71312729537236e-09
2485, 2618, 2.6506859867439162e-09
2225, 2565, 2.6414358170570906e-09
2737, 2833, 2.587724350582646e-09
2745, 2864, 2.5820094162805027e-09
134, 437, 2.549227045271813e-09
444, 933, 2.513447209799781e-09
6, 904, 2.512792313538145e-09
440, 819, 2.4672334174811315e-09
2490, 2663, 2.453848733916403e-09
1939, 2214, 2.4303632048522014e-09
84, 885, 2.3989858651155955e-09
377, 822, 2.3976619949505305e-09
2485, 2553, 2.3888331184068226e-09
163, 469, 2.3562466497214533e-09
671, 791, 2.344871463743566e-09
163, 781, 2.3340527392863772e-09
431, 918, 2.20216716839307e-09
641, 923, 2.1469816458622785e-09
1293, 2593, 2.1253592726099774e-09
514, 923, 2.069828361123448e-09
66, 1097, 2.061770191650312e-09
440, 1097, 2.051791644016039e-09
2225, 2618, 2.002782767247185e-09
84, 437, 1.987713637821409e-09
312, 918, 1.9744305090547747e-09
518, 781, 1.969533159495206e-09
5111, 5896, 1.943059083923656e-09
4848, 5896, 1.9370200136392496e-09
540, 781, 1.8997979485458187e-09
671, 808, 1.8971936675231534e-09
5426, 5896, 1.8775263067147584e-09
99, 918, 1.8189015118286156e-09
1063, 2593, 1.7801381260967357e-09
470, 941, 1.7765285654737757e-09
431, 1138, 1.7747764760395537e-09
710, 918, 1.770850937842804e-09
2500, 2663, 1.7661988951020421e-09
1373, 2214, 1.7632375181990542e-09
84, 933, 1.7382495205678601e-09
514, 1083, 1.693139002819433e-09
122, 710, 1.6394688685732804e-09
2737, 2923, 1.6237758426269664e-09
653, 2214, 1.604268197454896e-09
2790, 3004, 1.579809211330373e-09
6, 573, 1.5771412510396885e-09
177, 710, 1.571849174234853e-09
641, 848, 1.54081949258906e-09
3757, 3851, 1.5398565921788175e-09
514, 848, 1.5383676237235044e-09
122, 2114, 1.508284030954842e-09
3925, 4054, 1.5070906109553508e-09
653, 791, 1.4556779924278128e-09
134, 258, 1.4329791841622682e-09
3952, 4054, 1.399520848280122e-09
653, 808, 1.3986866230347533e-09
2790, 2876, 1.3544699593997653e-09
798, 933, 1.3225768140682418e-09
2745, 3004, 1.2865868963872935e-09
6379, 6505, 1.2850063033468716e-09
122, 424, 1.2739981212703598e-09
163, 882, 1.2722004937149652e-09
518, 882, 1.270333167203022e-09
431, 923, 1.2659553949864128e-09
377, 710, 1.2658680834151312e-09
330, 985, 1.2603706653469485e-09
2185, 2553, 1.2594198086469972e-09
1852, 2553, 1.2433284839575105e-09
540, 882, 1.2231317875356536e-09
710, 1083, 1.2083040609266902e-09
2916, 3004, 1.1867015021767387e-09
710, 2114, 1.1724047435609315e-09
1606, 2114, 1.1717477085368823e-09
6, 289, 1.149499849183773e-09
312, 923, 1.1306158848573218e-09
177, 424, 1.1103223192627318e-09
228, 573, 1.0798791095475326e-09
2695, 3185, 1.0787027492450464e-09
2942, 3004, 1.064293543356808e-09
99, 607, 1.0569440075674187e-09
221, 666, 1.05297928363292e-09
470, 1099, 1.0515391888010641e-09
710, 923, 1.0448144207869652e-09
2745, 2833, 1.0429404357059715e-09
1046, 2593, 1.040407076275387e-09
2790, 2923, 1.0271800911625607e-09
2481, 2783, 1.0258836503045279e-09
99, 923, 1.023530634482082e-09
99, 440, 1.0090169220542443e-09
786, 904, 1.0058450227330566e-09
657, 1138, 1.0012351150347093e-09
431, 848, 9.553164261461564e-10
710, 848, 9.538594329608155e-10
99, 848, 9.50819321853942e-10
330, 994, 9.398097252564438e-10
66, 941, 9.23729264876399e-10
312, 848, 9.172455624690603e-10
1835, 2565, 8.945895438324846e-10
2215, 2663, 8.834883661950769e-10
177, 819, 8.520599836521263e-10
1835, 2618, 8.400167621146367e-10
122, 819, 8.180809856621894e-10
861, 923, 8.171494189928595e-10
2130, 2214, 8.13010526368448e-10
527, 607, 7.988173095365624e-10
514, 822, 7.856868696879174e-10
512, 781, 7.782959590103437e-10
84, 258, 7.759020916752532e-10
440, 1372, 7.721919769579542e-10
657, 918, 7.720908106612095e-10
2733, 3185, 7.647667789175474e-10
312, 440, 7.546142743302788e-10
440, 941, 7.533274066711506e-10
66, 647, 7.501162902385722e-10
2376, 2538, 7.141836391922848e-10
377, 819, 7.136758070601794e-10
66, 1372, 7.047170155818849e-10
312, 607, 7.019335016352349e-10
3223, 3762, 7.009500901125671e-10
470, 808, 6.818641350822885e-10
163, 258, 6.752649839348306e-10
641, 822, 6.597011333998868e-10
470, 647, 6.552045580814127e-10
470, 791, 6.444259902562999e-10
2737, 2876, 6.326140253129529e-10
431, 607, 6.29035082629581e-10
2455, 2663, 6.13900085150125e-10
431, 1083, 6.002829610469996e-10
2293, 2538, 5.976939781281167e-10
1864, 2538, 5.970484855547762e-10
3155, 3823, 5.712220393534691e-10
2745, 2923, 5.711379527567024e-10
2531, 2663, 5.638753769436242e-10
2225, 2553, 5.614294622103648e-10
710, 822, 5.595427957639818e-10
2236, 2538, 5.462093451749672e-10
2626, 2790, 5.44481610162e-10
99, 822, 5.345232337029611e-10
2128, 2214, 5.31502864798199e-10
1668, 2254, 5.300538432881937e-10
330, 649, 5.249166321138006e-10
2626, 2824, 5.213759080040821e-10
1668, 2538, 5.156746791654032e-10
431, 822, 5.151770884810615e-10
66, 617, 5.118312644608744e-10
312, 822, 5.065013322528979e-10
3164, 3823, 5.04705358877473e-10
573, 781, 5.02108634706767e-10
163, 437, 5.005577902666422e-10
470, 617, 4.795044119050201e-10
66, 808, 4.673051868856125e-10
66, 791, 4.565410694112821e-10
641, 710, 4.559790101684561e-10
2674, 3823, 4.5070947622613926e-10
470, 1053, 4.3792843605343567e-10
518, 885, 4.356633684556099e-10
330, 1321, 4.340745396399741e-10
163, 885, 4.325228371259952e-10
3301, 3461, 4.2819428368178953e-10
540, 885, 4.148057927235422e-10
1864, 2254, 3.600315018474068e-10
134, 607, 3.576370265231121e-10
3223, 3891, 3.5209978792679665e-10
3008, 3101, 3.4550714948321467e-10
330, 831, 3.4312778418393276e-10
2645, 2864, 3.3894192912536935e-10
3124, 3461, 3.320769324766151e-10
99, 710, 3.302046944038719e-10
527, 918, 3.271690895797455e-10
514, 710, 3.2523521575560265e-10
512, 882, 3.1963219755263255e-10
3714, 3891, 3.1731220376596224e-10
312, 424, 3.1432604220383883e-10
2485, 3086, 3.1200347478016386e-10
134, 440, 3.101555376323843e-10
99, 424, 2.9831038805390247e-10
1668, 2161, 2.9830739176802797e-10
2790, 3101, 2.9588900694126273e-10
2185, 2663, 2.880147389970537e-10
134, 918, 2.8501924131786197e-10
2276, 2618, 2.8404779749774606e-10
440, 791, 2.7840098874901935e-10
518, 933, 2.7507541212913485e-10
312, 710, 2.692531771490253e-10
440, 647, 2.67643958490457e-10
3457, 3623, 2.578059757799031e-10
2185, 3086, 2.569089703272567e-10
540, 933, 2.5258585245302104e-10
444, 918, 2.4974183202235226e-10
2674, 3623, 2.481283358413358e-10
84, 607, 2.4463192925221474e-10
163, 933, 2.4397212411260523e-10
1028, 2254, 2.389374906065994e-10
84, 440, 2.376034295129201e-10
1268, 1491, 2.3076119082425274e-10
514, 1242, 2.3006063018304216e-10
1053, 2254, 2.287599959570935e-10
221, 2593, 2.269534968911467e-10
1866, 2254, 2.2669902098138942e-10
431, 710, 2.2504384272844173e-10
3155, 3623, 2.199080308069404e-10
710, 1242, 2.149772149185243e-10
440, 1248, 2.1407824323395695e-10
2745, 3101, 2.127494499275567e-10
6, 261, 2.0930009290595594e-10
1852, 2663, 2.011882381472378e-10
440, 617, 1.9578171900852173e-10
657, 848, 1.9315619684142728e-10
657, 923, 1.9188402399026826e-10
3164, 3623, 1.8822482646262183e-10
66, 1248, 1.8193945090655069e-10
440, 808, 1.7462410072336048e-10
1014, 1987, 1.719297279484599e-10
66, 666, 1.7164909110242556e-10
798, 918, 1.6760747291968018e-10
444, 607, 1.621660303292262e-10
518, 607, 1.5511374472221448e-10
470, 666, 1.4958752055900216e-10
2626, 2783, 1.443374979000685e-10
514, 819, 1.4423911090473394e-10
2485, 2663, 1.4234138471945876e-10
177, 647, 1.3786805037490905e-10
122, 647, 1.335135440691863e-10
221, 347, 1.321634954361436e-10
1014, 2214, 1.2638644019242954e-10
221, 364, 1.250613231975447e-10
134, 710, 1.1654647348079441e-10
2645, 2923, 1.1523500575454272e-10
365, 2538, 1.1090327639634531e-10
2745, 2876, 1.0973170342578958e-10
657, 822, 1.0887060927717812e-10
540, 607, 1.0835210389262095e-10
2225, 2663, 1.0648015824226349e-10
653, 1994, 1.0356986979603446e-10
1373, 1994, 9.852136872404346e-11
122, 617, 9.720221056911387e-11
177, 617, 9.046297725660454e-11
221, 353, 8.946122917743127e-11
221, 351, 8.878465755459125e-11
377, 647, 8.797258711781987e-11
3627, 3891, 8.538956156912678e-11
134, 424, 8.495557347487879e-11
221, 361, 8.418500078165288e-11
470, 2593, 7.225908353127081e-11
84, 424, 7.179425604429984e-11
1835, 2352, 7.101840887008996e-11
163, 607, 7.095990944209328e-11
6, 469, 6.935073616679599e-11
2645, 2732, 6.407455590847387e-11
440, 666, 6.356625844828891e-11
6, 256, 6.198315157497166e-11
512, 607, 6.109228570693933e-11
163, 440, 5.995383283933999e-11
1368, 2039, 5.849115977793629e-11
377, 617, 5.6618258083618787e-11
3643, 3891, 5.5880082417031566e-11
1848, 2693, 5.432797851713963e-11
3142, 3241, 5.394789755658985e-11
84, 710, 4.966799606392143e-11
527, 710, 4.6990924461586176e-11
514, 617, 4.59081526781198e-11
1578, 2016, 4.339792138069656e-11
3655, 3891, 4.18046270744989e-11
221, 343, 4.089078231262934e-11
444, 710, 3.798518423912661e-11
228, 469, 3.706052070916279e-11
1046, 1372, 3.6055867380471915e-11
221, 985, 3.583360302411944e-11
1083, 1781, 3.3650319101758995e-11
1293, 2039, 3.350487311936791e-11
514, 647, 3.310625124325193e-11
2490, 2693, 3.3092564430128166e-11
177, 666, 3.259174032178401e-11
122, 666, 3.163553686362084e-11
66, 2593, 3.050448672266589e-11
6, 163, 3.005032710855425e-11
221, 649, 2.9134107315138216e-11
99, 647, 2.8673695966781455e-11
2481, 2672, 2.8635101333143315e-11
671, 985, 2.7190983756170977e-11
221, 1026, 2.7124798083715602e-11
1835, 2663, 2.6925441803515624e-11
440, 2593, 2.6222180169574907e-11
653, 985, 2.2847654351478923e-11
671, 1026, 2.244736500845924e-11
66, 364, 2.21491844208591e-11
312, 647, 2.1836361627511554e-11
2500, 2693, 2.0879138897080958e-11
377, 666, 2.051720907566801e-11
1063, 2039, 2.0220577032870683e-11
99, 617, 1.9830928783895773e-11
221, 994, 1.835046139528164e-11
66, 347, 1.8241388409872197e-11
163, 424, 1.7931954824579375e-11
221, 831, 1.7435980350563146e-11
312, 1138, 1.6626012406167798e-11
2645, 3004, 1.6361062113224458e-11
431, 647, 1.5995911642134776e-11
6, 437, 1.575644023527616e-11
671, 994, 1.457315977410868e-11
66, 361, 1.4377131996702369e-11
527, 617, 1.4301076151957123e-11
2737, 2824, 1.429703822387379e-11
312, 617, 1.4091610867075763e-11
1083, 1302, 1.3880097407836873e-11
66, 353, 1.3628913391786843e-11
66, 351, 1.3103992178075067e-11
527, 848, 1.2535282083390018e-11
134, 848, 1.2489277216907465e-11
653, 1026, 1.1983865542743549e-11
653, 994, 1.1841963657502364e-11
431, 617, 1.1719026688232536e-11
134, 647, 9.414901858038988e-12
527, 647, 9.025113628885798e-12
671, 831, 8.66266300672166e-12
228, 437, 8.088795689273166e-12
134, 822, 8.036781590144053e-12
134, 617, 6.990563108634927e-12
84, 647, 6.947085397047029e-12
527, 923, 6.800459102755908e-12
514, 666, 6.739447711956252e-12
99, 666, 6.7139387848748685e-12
99, 819, 6.547770462196609e-12
2876, 3018, 6.5222153164498635e-12
6, 258, 6.505546956460441e-12
84, 918, 6.494081126148455e-12
1060, 2114, 5.91224802275087e-12
134, 923, 5.82192422071114e-12
2215, 2693, 5.380354428009255e-12
3457, 3891, 5.260601304157627e-12
66, 343, 5.244062975041166e-12
444, 923, 5.1695187960442075e-12
2737, 3018, 4.946729185390576e-12
312, 666, 4.942462297440058e-12
66, 649, 4.930952322098579e-12
470, 1026, 4.8140230308274824e-12
84, 617, 4.751785086373642e-12
3638, 3891, 4.482980074059027e-12
470, 649, 4.307960766612247e-12
3155, 3851, 4.29895692654269e-12
444, 647, 4.266519380688872e-12
512, 933, 4.12148707254736e-12
710, 819, 3.939770845622658e-12
431, 666, 3.879134518301347e-12
3164, 3851, 3.817551406635127e-12
1848, 2864, 3.650681615934995e-12
2455, 2693, 3.6483428939484555e-12
122, 364, 3.595286601505588e-12
177, 364, 3.35595243580103e-12
2490, 2864, 3.281881946404611e-12
2674, 3851, 3.230775265387187e-12
444, 617, 3.170153352990274e-12
177, 347, 3.052248696336487e-12
641, 819, 2.9937797195272334e-12
540, 617, 2.918677625316807e-12
470, 985, 2.9064896121988956e-12
122, 347, 2.8973244504889277e-12
540, 647, 2.5391679140443377e-12
518, 617, 2.4262306392530762e-12
2500, 2864, 2.3267128087205975e-12
122, 361, 2.3266447047863556e-12
177, 361, 2.2266231182126097e-12
177, 353, 2.223763204501869e-12
66, 1026, 2.2154000754170498e-12
1014, 1926, 2.1943704381756764e-12
122, 353, 2.181824003760369e-12
134, 666, 2.1599772444436633e-12
177, 351, 2.1597422686230643e-12
163, 647, 2.1432957141905984e-12
122, 351, 2.0919933878980542e-12
440, 1026, 2.090942146070624e-12
6, 440, 1.8878736180216315e-12
6, 607, 1.8510434842103893e-12
440, 649, 1.7582253200860457e-12
518, 647, 1.6293037318140652e-12
84, 666, 1.6121496093740898e-12
527, 666, 1.5910636236181962e-12
163, 617, 1.4322184349974204e-12
2745, 2824, 1.3774522676843899e-12
2645, 2833, 1.3634431626388931e-12
228, 607, 1.3063645888851759e-12
163, 710, 1.1264544131248891e-12
444, 666, 9.724906281731244e-13
228, 440, 9.673175748242544e-13
573, 647, 9.242464415199215e-13
177, 649, 9.102023356424097e-13
512, 617, 8.988938798523433e-13
177, 343, 8.848266010537032e-13
122, 649, 8.782820817702062e-13
122, 343, 8.294267670392816e-13
99, 364, 8.240791437199127e-13
518, 710, 7.006274775778623e-13
99, 347, 6.974012600460702e-13
540, 710, 6.895204564708526e-13
512, 647, 6.752288781844709e-13
6, 781, 6.310768774778638e-13
228, 781, 5.908249261801576e-13
377, 649, 5.806048784778729e-13
6, 424, 5.731466026302434e-13
99, 361, 5.434305947356265e-13
99, 353, 5.265419221710202e-13
99, 351, 5.058763014685991e-13
163, 666, 4.7743111640596e-13
1046, 2350, 4.562504597239734e-13
2118, 2350, 4.435680666371675e-13
1771, 2350, 4.4078993598503446e-13
653, 2328, 4.2087714412772486e-13
1373, 2328, 4.1204061810843357e-13
2481, 2698, 3.806609562794587e-13
540, 666, 3.7059967602750127e-13
2645, 2781, 3.554790433039034e-13
538, 607, 3.2730490020258814e-13
518, 666, 3.18702629188933e-13
512, 710, 3.097715949008194e-13
228, 424, 2.935585643113124e-13
365, 671, 2.5461922601580863e-13
134, 364, 2.3781922959134646e-13
1598, 2350, 2.358963077624159e-13
1987, 2350, 2.326381758630757e-13
1373, 1787, 2.2824016073747536e-13
514, 649, 2.204875401152824e-13
573, 666, 2.0789346941728746e-13
134, 347, 2.0399657159252025e-13
99, 343, 1.9663416731363207e-13
84, 364, 1.9606294232846789e-13
99, 649, 1.913132472508576e-13
2481, 2678, 1.911026779782645e-13
573, 710, 1.789678398795838e-13
1107, 2350, 1.768041879065404e-13
84, 347, 1.7311972581564667e-13
1041, 2350, 1.629449039043077e-13
312, 1083, 1.585568559839243e-13
134, 361, 1.550479605578315e-13
134, 353, 1.500774955655615e-13
312, 649, 1.453576087257471e-13
134, 351, 1.4511773708456292e-13
512, 666, 1.3998602094934586e-13
99, 1083, 1.3075769824701193e-13
84, 361, 1.2909541570225418e-13
84, 353, 1.2724779314304446e-13
84, 351, 1.2325004769704691e-13
2626, 2698, 1.2282543499764446e-13
3442, 3623, 1.1673482927808963e-13
431, 649, 1.0655503456761281e-13
2695, 3623, 1.0223687865221305e-13
538, 904, 8.512908305959448e-14
1835, 2406, 7.165775790132503e-14
2276, 2565, 6.748749149765885e-14
134, 649, 6.252773629771011e-14
527, 649, 5.97050646097292e-14
134, 343, 5.903888736299981e-14
470, 994, 5.3400862240467745e-14
163, 364, 5.082067985012742e-14
6, 647, 5.078849248787473e-14
84, 343, 4.977032317993371e-14
84, 649, 4.6326636563682286e-14
163, 347, 4.593499599438924e-14
84, 1744, 4.4001079357127477e-14
228, 647, 3.822475346381352e-14
6, 617, 3.585312722135915e-14
163, 361, 3.3654839353213524e-14
163, 353, 3.345601332473557e-14
163, 351, 3.247902354426296e-14
538, 781, 2.900369691835709e-14
444, 649, 2.8384792509438582e-14
228, 617, 2.6379349463455205e-14
6, 710, 2.5641450544811054e-14
330, 671, 1.7476207576966388e-14
540, 649, 1.6709980387666768e-14
945, 1744, 1.5084178221955402e-14
163, 649, 1.4258742122356564e-14
163, 343, 1.3355606730679563e-14
6, 666, 1.185938335647436e-14
518, 649, 1.083124964497645e-14
1848, 2732, 9.963839816239303e-15
228, 666, 8.637670560711751e-15
538, 617, 8.286415720922303e-15
573, 649, 7.115859524461082e-15
221, 1987, 6.852491686607493e-15
538, 647, 6.608822604553403e-15
2490, 2732, 5.857450106929146e-15
512, 649, 4.500680670355557e-15
122, 791, 4.3771969605094795e-15
177, 791, 4.31097903573314e-15
512, 885, 3.886517147396381e-15
2225, 3086, 3.0335234404304366e-15
1848, 2667, 3.0187396605695547e-15
2500, 2732, 2.178639106247784e-15
6, 364, 1.7973041667440274e-15
6, 347, 1.604364623978818e-15
653, 831, 1.4492161333322163e-15
228, 347, 1.2998317593418825e-15
6, 361, 1.1869424299500094e-15
6, 353, 1.1740684460938926e-15
228, 364, 1.138976518200613e-15
6, 351, 1.1383469515727376e-15
538, 666, 9.934762088907987e-16
221, 671, 9.615834913991358e-16
228, 351, 8.547004584281243e-16
228, 353, 8.529435808334573e-16
228, 361, 7.757798257207484e-16
6, 343, 4.638927061929768e-16
228, 343, 4.1194623816811673e-16
6, 649, 3.368800588277963e-16
228, 710, 2.5759481166402466e-16
228, 649, 2.519233340236025e-16
2481, 2787, 1.7822942666716174e-16
377, 791, 1.5577254795656274e-16
66, 671, 1.5340204407528528e-16
470, 671, 1.3447225623287973e-16
1866, 2538, 1.3420260966350834e-16
177, 808, 7.58948719212901e-17
122, 808, 7.535568800645343e-17
431, 819, 6.665679546987116e-17
312, 819, 6.638687299885216e-17
377, 808, 6.406299941782023e-17
527, 822, 6.081199390097613e-17
440, 671, 5.866556350712105e-17
444, 822, 4.960935477246109e-17
84, 822, 4.7096714267716665e-17
514, 791, 4.445054272835004e-17
538, 649, 4.322333275264407e-17
99, 791, 3.768819468979362e-17
1835, 2553, 3.453419899234536e-17
312, 791, 3.386078396659712e-17
431, 791, 3.180571921878762e-17
177, 671, 2.9691976855567715e-17
122, 671, 2.921796541896521e-17
444, 848, 2.805546686510582e-17
134, 819, 2.5889672127232516e-17
84, 848, 2.4794693524365663e-17
538, 710, 2.2058722473815485e-17
641, 791, 2.1240327803260208e-17
527, 819, 2.0833330810078317e-17
377, 671, 1.9784474435323263e-17
514, 808, 1.9650537140427888e-17
444, 819, 1.7195973881978742e-17
163, 822, 1.6752725888483576e-17
84, 819, 1.6403352002730367e-17
99, 808, 1.5067861984597688e-17
312, 808, 1.408124526274926e-17
431, 808, 1.3528390755219633e-17
518, 822, 1.3480169069593292e-17
134, 791, 1.3226493925273915e-17
710, 791, 1.2708624766971244e-17
540, 822, 1.1539941686710122e-17
527, 791, 9.898649994334419e-18
641, 808, 8.754847305196796e-18
163, 848, 8.648913296745281e-18
84, 791, 8.603211376186942e-18
444, 791, 8.450469316548357e-18
518, 848, 7.939104225148596e-18
657, 819, 7.468096759094792e-18
540, 848, 6.974595762384845e-18
512, 822, 6.198189321475673e-18
99, 671, 6.010058234533963e-18
514, 671, 5.953964990458069e-18
163, 819, 5.828676902843594e-18
134, 808, 5.4532934828174595e-18
518, 819, 4.6121745710685214e-18
312, 671, 4.399462568505954e-18
710, 808, 4.164961097397506e-18
527, 808, 4.1612590342903156e-18
657, 791, 4.144487850843252e-18
540, 819, 3.9985855405952026e-18
431, 671, 3.569237648027464e-18
512, 848, 3.548641908401873e-18
444, 808, 3.533195920958206e-18
84, 808, 3.4336170512773457e-18
573, 822, 2.6373688902287367e-18
512, 819, 2.123915291402733e-18
134, 671, 1.9358647518467023e-18
657, 808, 1.5672628471189283e-18
573, 848, 1.4575864216018562e-18
84, 671, 1.4317837083312343e-18
527, 671, 1.3679470699216189e-18
444, 671, 8.775499136198832e-19
163, 671, 4.2121948086303754e-19
163, 791, 2.70922609087362e-19
518, 791, 2.0252230675733734e-19
540, 791, 1.8723857202233973e-19
512, 791, 9.033522257921781e-20
540, 671, 6.489614390228879e-20
518, 671, 5.930646825144382e-20
573, 791, 3.823195560722047e-20
573, 671, 3.421802559800404e-20
512, 671, 2.6250717568103052e-20
6, 671, 2.229364536487531e-21
228, 671, 1.6425426618078046e-21
