Gene = AT4G20060
index = 843
Annotated 5SS: [ 270  904 1436 1813 2280]
Annotated 3SS: [ 454 1249 1704 2075 2352]
SMsplice 5SS: [ 270  904 1369 1813 2280]
SMsplice 3SS: [ 454 1249 1704 2075 2352]
length: 5038
Partition function (logZ) = -0.8877996222668694
#Exons = 1664
3SS, 5SS, prob
0, 270, 0.9513880689545172
1704, 1813, 0.9383010276546517
454, 904, 0.8700463099394907
1249, 1369, 0.6901412316245509
2075, 2280, 0.6642041711083903
2352, -1, 0.40414968968338805
3046, -1, 0.24959446012979314
2352, 2656, 0.2113134801763752
1249, 1436, 0.15507821244895229
1902, 2280, 0.14736370738455984
1902, 1952, 0.13826297766980353
2352, 2473, 0.07343443602818052
2352, 2947, 0.07282569512687397
1274, 1369, 0.0568715977285582
3117, -1, 0.05100158868785351
3796, -1, 0.04901196251819282
2352, 2832, 0.04869044900849652
1214, 1369, 0.04633557903417657
988, 1090, 0.044523745778167534
2573, 2656, 0.03972033281367643
454, 861, 0.037562233868584295
2106, 2280, 0.036397279601295046
988, 1125, 0.0335033204837028
2925, -1, 0.02959584334144105
2079, 2280, 0.02949406557134686
1916, 2280, 0.02802020664182502
3046, 3327, 0.027419225578252784
0, 904, 0.026846568725495096
4022, -1, 0.024537861909992548
1716, 1813, 0.02332007342199192
3466, -1, 0.020917783576560003
1683, 1813, 0.019571030250326728
3152, -1, 0.019333495720278232
2809, 2947, 0.019170228446921386
2352, 2926, 0.017484313256591288
2488, 2656, 0.016454346423177228
2400, -1, 0.01514657452414303
1274, 1436, 0.014167885139721894
2160, 2280, 0.013992621161704731
2573, -1, 0.013298319556819538
2767, 2947, 0.013075103162695707
2352, 2638, 0.012988121791881586
2759, 2947, 0.012750681782494985
4053, -1, 0.012618359809479777
3796, 3976, 0.012618359809479762
1916, 1952, 0.011999777677243487
2925, 2947, 0.011580736784659797
2759, 2832, 0.011568060001278992
2488, -1, 0.011499272992623164
1214, 1436, 0.011350477455139625
167, 270, 0.01128000969429435
2075, 2253, 0.011072146796847041
3079, -1, 0.010618153083356055
2400, 2656, 0.010067803335313485
2075, -1, 0.009784416273808357
2133, 2280, 0.009774911732811923
2741, 2832, 0.009215894931131006
1902, 1994, 0.008896853736101537
2767, 2832, 0.008690445688400479
672, 904, 0.008561975225853028
2356, -1, 0.008459252885506884
723, 904, 0.008315166347865098
3055, -1, 0.008289475397218204
3117, 3327, 0.008255235189030619
2759, -1, 0.008013138728468332
3796, 3889, 0.007853447693700048
0, 86, 0.007707689782108725
2767, -1, 0.007448775181437217
2573, 2947, 0.007097069378172108
2081, 2280, 0.007081273315881508
2741, 2947, 0.006785117457044399
1493, 1631, 0.00655802896247914
2809, -1, 0.006295052508975466
2550, 2656, 0.00626181872126781
1877, 1952, 0.006261505748386941
454, 548, 0.005655533637396388
1902, -1, 0.005334559064131741
2741, -1, 0.005288088913719813
2436, -1, 0.005277043007720323
2809, 2926, 0.005143765470847476
3152, 3327, 0.00487193918298476
2352, 2629, 0.00471008590224402
2573, 2832, 0.004690179771618086
454, 506, 0.004672791428586182
3364, -1, 0.004647782619493315
454, 856, 0.004595147607027776
2356, 2656, 0.004521446721265233
988, 1072, 0.004477814070973496
2042, 2280, 0.00445483949941289
728, 904, 0.004395258653544165
2436, 2656, 0.004211260193592922
2816, 2947, 0.004055264608101327
2488, 2947, 0.004049520514967769
454, 1090, 0.0036399276689849853
0, 103, 0.003576950446366881
2767, 2926, 0.003537026950254547
2759, 2926, 0.0034476351834600836
454, 1125, 0.0033914311191428465
2400, 2947, 0.0033519235413415707
1902, 1956, 0.003293133973954237
988, 1078, 0.0032321440103382994
991, 1090, 0.003140592559087168
1295, 1369, 0.003111332531433837
1249, 1631, 0.0031027694237744595
2960, -1, 0.0030188884792050246
830, 904, 0.00299218992026912
2400, 2473, 0.002898703451746443
1249, 1515, 0.002891599893386156
1493, 1813, 0.0028197510672435372
2764, 2947, 0.00277210314532392
2488, 2832, 0.0027197309750989947
994, 1090, 0.002554533534831334
1877, 2280, 0.002538060781480356
202, 270, 0.0024370262474479646
991, 1125, 0.0024076365583964587
965, 1090, 0.0023599274812770915
1902, 2082, 0.0023482860121602023
2400, 2832, 0.002316009141393541
988, 1100, 0.0022934217186001767
3968, -1, 0.002184575784089317
3046, 3353, 0.0021591573366615134
460, 904, 0.002151113738065666
2550, -1, 0.002144938781558078
2764, 2832, 0.0021406973660356983
1977, 2280, 0.0020793206847990724
2005, 2280, 0.0020608012929301082
1249, 1813, 0.002040464743279158
454, 691, 0.002023370929506934
1902, 2253, 0.0020081860740668845
994, 1125, 0.002005257997119653
780, 904, 0.001967955285596759
0, 298, 0.0018972453439925101
454, 652, 0.0018594189410712485
2741, 2926, 0.0018084111411486668
2925, 3327, 0.0017490145087745803
454, 725, 0.0017320710850218149
1942, 2280, 0.0017276293168272555
1249, 1493, 0.0016754485033688331
965, 1125, 0.0016736034693989512
454, 591, 0.0016715421361529134
2573, 2926, 0.0016492023813987828
2356, 2473, 0.0016130428127836619
0, 24, 0.0016103122037936398
2764, -1, 0.0015916621048443498
454, 532, 0.0015754223237965624
3169, -1, 0.0015697737260012418
1663, 1813, 0.0015573284261722604
1098, 1125, 0.0015380138282287995
988, 1062, 0.001526988351553337
1524, 1631, 0.0015233858080774202
988, 1369, 0.001521230538753435
454, 553, 0.0014875910544630223
1479, 1631, 0.0014787142720897191
988, 1112, 0.0014753392809658218
2356, 2947, 0.0014658599823734607
1916, 1994, 0.0014374916228603457
627, 904, 0.0014279017437704789
1738, 1813, 0.0014170184042614125
419, 904, 0.0014098458729025773
2717, 2832, 0.001397494955760283
2573, 2638, 0.0013940048593808088
2194, 2280, 0.001388552091588706
1704, 1952, 0.0013597757486693385
2436, 2947, 0.001348638964945621
3079, 3327, 0.0012481208748904538
2352, 3327, 0.0012076563850074613
875, 904, 0.0012071005294004525
2075, 2656, 0.001187239286126523
1295, 1436, 0.0011847031035140988
2488, 2638, 0.0011612503221265027
2352, 2713, 0.0011605375172015115
2352, 2730, 0.0011327111957397376
345, 904, 0.0011231983288319937
0, 54, 0.0011164272355270112
1249, 1379, 0.001113013117605423
1902, 2049, 0.0010955289058574087
2816, -1, 0.0010926791061108894
2931, -1, 0.001079731332628004
454, 878, 0.001078540403496367
988, 1148, 0.0010763697990616983
2352, 2477, 0.0010590903841088796
2816, 2926, 0.0010569810066379476
2356, 2832, 0.0010268028524129938
1646, 1813, 0.0010267078940131228
454, 782, 0.001006931686541802
2550, 2947, 0.0009867000475982037
2809, 2832, 0.0009833743649403928
0, 255, 0.0009779501267833245
1861, 1952, 0.0009723613064063941
2436, 2832, 0.000956622130683052
1916, -1, 0.0009458145607300865
0, 62, 0.000939799253523904
0, 861, 0.000933726452990901
2488, 2926, 0.0009159553748812433
2717, 2947, 0.0009085582866188932
121, 270, 0.0009026174499718284
3055, 3327, 0.0008591618471665559
1704, 2280, 0.0008387920254187642
878, 904, 0.0008356232494700795
2717, -1, 0.0008206445921074944
832, 904, 0.0008140744435465168
2400, 2926, 0.0007853494713760002
3406, -1, 0.0007611559080567167
1704, 1762, 0.0007524461037456733
3513, -1, 0.0007504376680397532
454, 771, 0.0007411580181379932
1292, 1369, 0.0007237443541231754
0, 93, 0.0007209609156833929
2764, 2926, 0.0007191282294972271
1479, 1813, 0.0007120004977214397
1098, 1369, 0.0007029836710658491
1587, 1813, 0.0007022000966723006
3466, 3592, 0.0006979812891361995
1060, 1125, 0.0006977447207350652
3418, -1, 0.0006814475953540719
0, 203, 0.000674218944395365
2550, 2832, 0.0006736970426078577
3117, 3353, 0.0006548037498681448
2352, 2671, 0.0006437967632821215
988, 1094, 0.0006436743279507053
2400, 2638, 0.0006183369860750683
1584, 1813, 0.0006158716040384575
2106, 2253, 0.0006133256044698979
1920, 2280, 0.0006012534369689894
2450, -1, 0.0005880755964820776
988, 1436, 0.000573103200565551
1254, 1369, 0.0005555782865126074
3169, 3327, 0.0005533597673725013
2450, 2656, 0.0005361952305891644
1524, 1813, 0.0005345861798278851
2352, 2737, 0.0005159049962673199
842, 904, 0.000505494316305886
723, 861, 0.000500330794550517
1916, 2082, 0.000498001693234093
2079, 2253, 0.0004930075915452629
703, 904, 0.00048720857072212005
2057, 2280, 0.0004703827220428437
454, 730, 0.0004604303889493093
1584, 1631, 0.00045729580952754415
988, 1169, 0.00045728056120142795
2925, 3031, 0.0004549038196854523
2488, 2629, 0.0004519042931776084
1493, 1515, 0.0004506427556109038
174, 270, 0.00044836128341956075
1587, 1631, 0.00044228672710510915
433, 904, 0.00043338322585548586
672, 861, 0.0004326351501299702
1249, 1385, 0.0004287263181122693
2075, 2082, 0.0004195814933757458
2079, -1, 0.0004038626352314826
988, 1088, 0.00040041768407993823
1704, 1817, 0.000394912106887895
454, 1072, 0.0003929169289327888
707, 904, 0.0003887208873774418
426, 904, 0.0003859968525210185
177, 270, 0.0003836997326519108
1916, 2253, 0.00038179245116438617
2044, 2280, 0.00038135389970132887
1936, 2280, 0.00037343527920221005
1520, 1631, 0.0003718158124417483
677, 904, 0.00036156931505195214
2356, 2926, 0.00035446143909970693
2106, -1, 0.0003543651090744258
562, 904, 0.0003517387012613661
2075, 2947, 0.00035007069086404367
2550, 2638, 0.00033505800851880627
2215, 2280, 0.00032935548284802484
2573, 2629, 0.0003243390294089973
2127, 2280, 0.0003239512938457178
2436, 2926, 0.0003173400220083524
454, 883, 0.00031054087789669397
991, 1072, 0.0003013970324312588
765, 904, 0.00029966161053418967
454, 485, 0.0002976901253439303
0, 1125, 0.00029728179026638726
1916, 1956, 0.000295541329623855
1861, 2280, 0.0002902108814022127
2352, 2633, 0.0002896611968695862
965, 1072, 0.00028483969343610726
1289, 1369, 0.0002814474870624749
2356, 2638, 0.00027716038374813075
2436, 2638, 0.0002755814577873776
0, 1090, 0.0002688647556949271
3213, -1, 0.00026801504446167
454, 1078, 0.0002679434118918269
2352, 2943, 0.0002677052726994798
1902, 2656, 0.00026499512153447706
1098, 1436, 0.00026471491719005745
728, 861, 0.000264509804150183
1214, 1631, 0.0002634432511788966
1479, 1515, 0.00026338279501808597
1098, 1169, 0.00026334900932299286
2352, 2951, 0.0002565668162618969
1214, 1515, 0.00025355468957718785
501, 904, 0.0002527482521908919
2049, 2280, 0.00025259433721894046
454, 707, 0.0002516392942898265
1018, 1125, 0.0002512796185241769
1292, 1436, 0.00025040177107846635
454, 1369, 0.00023872470188768635
2925, 3058, 0.0002342727787938991
2436, 2473, 0.0002339927181214634
2075, 2832, 0.00023375884010359778
994, 1072, 0.00023260723254392207
1916, 2049, 0.00023256646950770476
2931, 2947, 0.0002310124341213533
2352, 2494, 0.00022718152568985424
1274, 1631, 0.00022601564056869684
2400, 2629, 0.0002241834166244625
1902, 1942, 0.0002239236011473359
991, 1078, 0.00022179106150832303
1497, 1631, 0.00022136764014912933
2075, 2473, 0.00021980269567419477
1274, 1515, 0.00021672859253737026
2164, 2280, 0.00021583710701493373
2717, 2926, 0.000214682526575672
3046, 3252, 0.00021347971529316582
1018, 1090, 0.00021112996137299237
0, 330, 0.00021047241410612676
1249, 1337, 0.00021008426373944443
3046, 3179, 0.00020948615395427643
1098, 1148, 0.00020844492529368733
2160, 2253, 0.00020735625886032557
1920, 1952, 0.00020322185348651569
2713, 2832, 0.00020204308494228222
799, 904, 0.00019704988056335208
2550, 2926, 0.0001950510622893318
1249, 1488, 0.00019157048273420077
454, 1100, 0.00019108772812186214
965, 1078, 0.00018864985166097028
1214, 1813, 0.00018229557080684706
454, 601, 0.0001807573134014456
994, 1078, 0.00017437762937953037
1493, 1584, 0.00016718245518682786
2133, 2253, 0.00016309592476828854
454, 760, 0.00016104117354386518
991, 1100, 0.00015846536952532591
454, 1062, 0.00015839712095704205
1942, 1952, 0.00015713326830989134
454, 913, 0.00015268781821724785
1274, 1813, 0.0001526454087223598
2573, 2713, 0.00015238471537483729
2166, 2280, 0.00015126529344849265
1214, 1493, 0.000145754019500279
2196, 2280, 0.00014374359119782105
1902, 2066, 0.0001430719711886285
2075, 2143, 0.00013941223876932265
2276, 2280, 0.00013908590849653297
3046, 3058, 0.00013897706498523674
2465, 2656, 0.0001383795245200429
1877, 1994, 0.00013795285430330932
2206, 2280, 0.00013754494654501663
2352, 3031, 0.00013720110071001513
1342, 1436, 0.00013460666546432428
1520, 1813, 0.00013324341422287606
454, 1112, 0.00013303121553518346
1877, 1956, 0.0001322592298138817
454, 1148, 0.00012882948630655601
1902, 2057, 0.00012766043699137658
994, 1100, 0.00012714556701330288
1274, 1493, 0.0001256272677560729
3131, -1, 0.000125268833621193
1254, 1436, 0.00012489571560614794
2465, -1, 0.0001246839050710486
2573, 2730, 0.00012162347860888093
1493, 1603, 0.00012060923167764916
965, 1062, 0.00011872317431024962
1060, 1090, 0.0001184603574944099
2081, 2253, 0.00011841769508238041
988, 1142, 0.00011730678201720616
2352, 2626, 0.00011718212205074873
0, 29, 0.00011705438871201015
2816, 2832, 0.00011553300190007948
2713, -1, 0.0001124051958116194
3117, 3252, 0.00011150629313619014
3154, -1, 0.00011067506938714668
1493, 1610, 0.00011065103918623799
0, 856, 0.00011042507298017862
965, 1100, 0.00011010828985314281
2836, 2947, 0.0001087219062239189
2869, 2947, 0.00010776214708798935
991, 1369, 0.0001066840328382221
478, 904, 0.00010634390363047909
454, 643, 0.00010496592218738407
2436, 2629, 0.00010438026180724396
1877, -1, 0.00010278969042477445
2550, 2629, 0.0001009659818213056
991, 1112, 9.90041609535501e-05
2450, 2832, 9.880323781049579e-05
2356, 2629, 9.88006667894269e-05
1274, 1379, 9.713255966283229e-05
991, 1062, 9.576774692795263e-05
2075, 2206, 9.536279630085261e-05
1497, 1813, 9.514211825195397e-05
460, 861, 9.277342413377887e-05
965, 1369, 9.085351094291538e-05
2573, 2671, 8.997450555698694e-05
454, 1436, 8.991494188020624e-05
1289, 1436, 8.91223874668053e-05
2081, -1, 8.802719816001829e-05
994, 1369, 8.687553354295221e-05
1704, -1, 8.659341851535615e-05
780, 861, 8.43990603266524e-05
2458, -1, 8.40387203076573e-05
2458, 2656, 8.309421363300639e-05
2701, 2832, 8.280382767436145e-05
951, 1090, 8.257949985784148e-05
994, 1112, 8.219431533503934e-05
454, 501, 8.189166768019952e-05
1740, 1813, 8.02897833617558e-05
2042, -1, 7.739913907971264e-05
2503, 2656, 7.640917923669769e-05
1214, 1379, 7.349238777100222e-05
991, 1148, 7.257327367405558e-05
454, 616, 7.210051688658254e-05
2075, 2133, 7.11510794210944e-05
994, 1062, 6.917087841131805e-05
965, 1112, 6.898670474164774e-05
454, 1169, 6.881116486921316e-05
2494, 2656, 6.814512556925003e-05
454, 792, 6.688184478039807e-05
0, 49, 6.568600988709849e-05
2488, 2713, 6.361284345334318e-05
209, 270, 6.33754971674295e-05
0, 333, 6.330994201842332e-05
723, 856, 6.319593582949142e-05
2133, -1, 6.31276062608586e-05
2488, 2730, 6.283374248181815e-05
3152, 3252, 6.225777134349725e-05
1249, 1584, 6.154173897397665e-05
2160, -1, 6.113900850696579e-05
454, 868, 6.079338380303083e-05
994, 1148, 6.0519850030588406e-05
627, 861, 6.048191086838456e-05
419, 861, 6.005430826804455e-05
2042, 2253, 5.996534148226136e-05
951, 1125, 5.767150312373709e-05
1977, 2082, 5.6915635920952107e-05
672, 856, 5.457171642213501e-05
2400, 2713, 5.447930171057777e-05
0, 163, 5.334887465675637e-05
2225, 2280, 5.298589989226635e-05
2075, 2638, 5.293076975672324e-05
454, 1094, 5.231585647845603e-05
469, 904, 5.180919934410152e-05
565, 904, 5.150587106205505e-05
2951, -1, 5.1479673480216955e-05
2075, 2926, 5.104877964017239e-05
965, 1148, 5.020614527521824e-05
596, 904, 4.98613310778914e-05
1977, -1, 4.9685400667631034e-05
2400, 2730, 4.957509041088207e-05
1942, -1, 4.9200567680193384e-05
1902, 2473, 4.89269949065225e-05
1704, 1852, 4.881732213766982e-05
1936, 1952, 4.820178219552212e-05
345, 861, 4.783907221387116e-05
454, 769, 4.782720848500436e-05
199, 270, 4.7196945755531256e-05
2400, 2477, 4.718299801515136e-05
2005, 2082, 4.7045891844189036e-05
2079, 2656, 4.612982123112587e-05
2674, -1, 4.61044120576893e-05
2407, -1, 4.579226337705367e-05
1916, 2656, 4.555829765550875e-05
2494, -1, 4.550214605321049e-05
636, 904, 4.5322319970038526e-05
2106, 2656, 4.519067394209093e-05
2629, -1, 4.511841277278268e-05
2503, -1, 4.506265152077786e-05
1249, 1610, 4.423863370377305e-05
2488, 2671, 4.41700845458778e-05
1060, 1369, 4.3385416983751306e-05
3117, 3179, 4.336459372630332e-05
2005, -1, 4.2905330240762725e-05
991, 1094, 4.2826545080691974e-05
2573, 2737, 4.241047954023197e-05
1902, 2832, 4.213781671759558e-05
988, 1177, 4.193976486375096e-05
1493, 1612, 4.190595395954756e-05
1060, 1148, 4.151151835772365e-05
1368, 1436, 4.140209266805295e-05
1479, 1584, 4.1027763564557155e-05
991, 1436, 4.013141544083634e-05
1249, 1603, 3.979712420975458e-05
454, 923, 3.933431468003389e-05
1479, 1493, 3.930091515971333e-05
1274, 1385, 3.827375795493331e-05
1942, 2082, 3.7658059159808404e-05
988, 1137, 3.7326149395268476e-05
0, 1369, 3.663977729860816e-05
1123, 1369, 3.6155989411583915e-05
1505, 1631, 3.6152003348159256e-05
672, 1090, 3.582160784317422e-05
0, 389, 3.5748771418668396e-05
0, 506, 3.510862418427073e-05
994, 1094, 3.507744149597581e-05
1683, 1762, 3.493974906662361e-05
988, 1191, 3.477663888008499e-05
2352, 2467, 3.4586411647838196e-05
965, 1436, 3.414879273959377e-05
2450, 2638, 3.4134778998172055e-05
1877, 2082, 3.3392048691370734e-05
728, 856, 3.332567308848044e-05
454, 646, 3.322678779983477e-05
1877, 2253, 3.3114635854013866e-05
1098, 1191, 3.304521192563776e-05
672, 1125, 3.26385726644035e-05
454, 821, 3.226584533874935e-05
454, 1088, 3.205373261512913e-05
994, 1436, 3.178715355827647e-05
1716, 1952, 3.16620804858292e-05
1683, 1952, 3.137051855496095e-05
965, 1094, 3.125570754962258e-05
1349, 1436, 3.12295077641388e-05
212, 270, 3.0522842652383746e-05
1916, 2066, 3.0380051659032873e-05
703, 861, 2.903350642748273e-05
0, 878, 2.8854968400772673e-05
1942, 1994, 2.8828295456204294e-05
1342, 1369, 2.8621712718068302e-05
454, 609, 2.8309054226033724e-05
2400, 2671, 2.7735778533763917e-05
723, 1090, 2.769723046108137e-05
1493, 1625, 2.7693091244293724e-05
1214, 1385, 2.7583679645878795e-05
1977, 2253, 2.716938599495131e-05
1916, 2057, 2.713504337401984e-05
2005, 2253, 2.695856723371985e-05
2488, 2633, 2.6800018499811208e-05
1098, 1112, 2.6442859412460463e-05
991, 1088, 2.6411682170153544e-05
2447, -1, 2.6376823466278967e-05
0, 1072, 2.6332574090406654e-05
1098, 1177, 2.6219074116814276e-05
0, 113, 2.5773198697866136e-05
2674, 2832, 2.5516793644162783e-05
1479, 1610, 2.5364749214659316e-05
2075, 2171, 2.5120470479037805e-05
1704, 1956, 2.495068896804287e-05
1902, 1936, 2.4860586923894125e-05
2488, 2737, 2.481806548779122e-05
2447, 2656, 2.475268523278914e-05
875, 1090, 2.469880773066297e-05
723, 1125, 2.4573967392945816e-05
2407, 2656, 2.4511162599031573e-05
1902, 2101, 2.4454503016186548e-05
1479, 1603, 2.4448645688332568e-05
1902, 2143, 2.3718059332212827e-05
1920, 1994, 2.3272255515680083e-05
707, 861, 2.3271984784497108e-05
1942, 2253, 2.2582413141573908e-05
2356, 2477, 2.238110913824651e-05
2701, -1, 2.220251487810558e-05
2614, 2656, 2.198545909125465e-05
419, 506, 2.1753412726999116e-05
1704, 1994, 2.1661195073269615e-05
2573, 2633, 2.1612245329226862e-05
1595, 1813, 2.1488250846487274e-05
2513, 2656, 2.1451293651634847e-05
994, 1088, 2.1395443884964265e-05
1524, 1610, 2.1374759574803096e-05
1902, 1926, 2.1294865365270367e-05
2400, 2737, 2.124575964433972e-05
1249, 1342, 2.1201863014216675e-05
0, 691, 2.099872220615601e-05
2356, 2713, 2.0515889846261278e-05
2356, 2730, 2.0511344954801866e-05
878, 1090, 2.0476087791240767e-05
2075, 2208, 2.0420207092278612e-05
965, 1088, 1.998165251675587e-05
2042, 2082, 1.962019991083362e-05
1716, 2280, 1.9368603125988112e-05
492, 904, 1.9292749753239396e-05
1249, 1508, 1.9266983494309387e-05
1098, 1100, 1.923647848870129e-05
454, 711, 1.9214083614612924e-05
672, 782, 1.9166695210659202e-05
1920, -1, 1.914289071831405e-05
1683, 2280, 1.914046936229014e-05
0, 725, 1.903519530531742e-05
677, 861, 1.8957689520933868e-05
2436, 2713, 1.8902865653471664e-05
0, 1436, 1.8780951800509616e-05
1508, 1631, 1.869252133701398e-05
433, 861, 1.842495637273013e-05
2352, 3058, 1.8169972022579687e-05
1916, 1942, 1.791538713760159e-05
2614, -1, 1.7866709591452e-05
1902, 2070, 1.783091851219066e-05
875, 1125, 1.77911879628273e-05
1524, 1603, 1.7719845998353302e-05
1902, 2133, 1.759273817360696e-05
1861, 1956, 1.7499758947941724e-05
0, 1078, 1.738246171881213e-05
1123, 1125, 1.7308776492277203e-05
0, 782, 1.718163404589429e-05
1942, 2049, 1.6903196637048862e-05
830, 861, 1.680643925194929e-05
988, 1129, 1.6763628062966725e-05
1214, 1337, 1.649996603451141e-05
1776, 1813, 1.647338062775506e-05
1505, 1813, 1.6472827345160874e-05
426, 861, 1.64071458429379e-05
0, 548, 1.635291737860784e-05
765, 861, 1.624419468552959e-05
1214, 1488, 1.6232090817997508e-05
760, 904, 1.559057526074515e-05
1877, 2049, 1.5448087334488327e-05
1704, 1750, 1.5356151513829088e-05
1060, 1436, 1.5302020267897224e-05
167, 298, 1.5268180846296048e-05
0, 652, 1.5170651819432934e-05
2550, 2713, 1.5141803038486158e-05
562, 861, 1.5069310048585275e-05
1977, 2049, 1.4974833480509232e-05
2075, 2629, 1.484354727681443e-05
1295, 1515, 1.483006800748474e-05
2352, 2838, 1.482552810563489e-05
1060, 1112, 1.4770407305045624e-05
672, 771, 1.4480007132203794e-05
0, 1100, 1.4296232576832196e-05
2079, 2082, 1.411576630779101e-05
1274, 1488, 1.40388205951614e-05
1861, 1994, 1.3953509327862943e-05
878, 1125, 1.3846844704616681e-05
2400, 2633, 1.377346643723583e-05
0, 19, 1.3648154925446231e-05
728, 1090, 1.3516967352403202e-05
460, 548, 1.351334213026188e-05
2400, 2494, 1.3431354574980363e-05
2352, 2356, 1.3375806092709523e-05
1295, 1631, 1.3292304996348987e-05
2075, 2101, 1.3134475945186628e-05
1018, 1100, 1.310133384187419e-05
1524, 1584, 1.3084827109113955e-05
1493, 1554, 1.2965460277994318e-05
1123, 1436, 1.2779376816473885e-05
1877, 1942, 1.2571188293822227e-05
1259, 1369, 1.2455377576876178e-05
167, 255, 1.2380499766503114e-05
2356, 2671, 1.2319462216100086e-05
723, 878, 1.228803594878559e-05
2629, 2656, 1.2178789881168102e-05
1902, 2206, 1.2178240859681081e-05
988, 1631, 1.2098681604726208e-05
345, 506, 1.206626763711615e-05
988, 1515, 1.1966017883866792e-05
1435, 1515, 1.1856179656230534e-05
2450, 2629, 1.1632355581898366e-05
1497, 1515, 1.1590323605224012e-05
2488, 2626, 1.147179698165373e-05
672, 725, 1.1421865406904825e-05
2352, 2453, 1.1210425441565752e-05
460, 856, 1.1180447358979931e-05
480, 904, 1.1089612600836196e-05
1060, 1100, 1.1054659961559597e-05
2276, -1, 1.0767727800436632e-05
1018, 1072, 1.0766026694310928e-05
501, 861, 1.0726375591977921e-05
672, 878, 1.0703608421267561e-05
1920, 2082, 1.0661723438125904e-05
0, 1112, 1.06447470675782e-05
0, 771, 1.0593062491436842e-05
2436, 2730, 1.0563004666352088e-05
1295, 1813, 1.0531295794517382e-05
988, 1048, 1.0504599339189389e-05
2075, 2343, 1.025721680012319e-05
0, 149, 1.0253102647958982e-05
2450, 2473, 1.0238902290337414e-05
1704, 2082, 1.0207937628366503e-05
951, 1072, 1.0177037368320643e-05
1716, 1762, 9.861315854314669e-06
1861, -1, 9.828313302394839e-06
1716, 1817, 9.80469631682483e-06
1249, 1554, 9.720598738683384e-06
1018, 1078, 9.640839533800606e-06
1018, 1112, 9.572595263840767e-06
167, 904, 9.528493581618137e-06
511, 904, 9.453771444444836e-06
780, 856, 9.287692170616609e-06
1936, -1, 9.253007054573103e-06
1018, 1369, 9.236544604612905e-06
454, 660, 9.17595854853837e-06
2550, 2671, 9.157030215834792e-06
0, 1062, 9.096800477999746e-06
1704, 2253, 9.089672916622164e-06
460, 1090, 8.790130873718655e-06
1274, 1337, 8.662196297886758e-06
1916, 2473, 8.602144359707055e-06
988, 1813, 8.576092971267172e-06
454, 931, 8.483952977112787e-06
2194, 2253, 8.4636482844014e-06
1295, 1493, 8.439524039925323e-06
460, 506, 8.415789156170278e-06
454, 614, 8.370737193512434e-06
2436, 2671, 8.366002999466948e-06
1493, 1952, 8.319218680545087e-06
1112, 1369, 8.30020794363988e-06
2106, 2473, 8.282555491763742e-06
1902, 2638, 8.280565723520232e-06
1508, 1813, 8.249532433764173e-06
2550, 2730, 8.201939620969026e-06
2079, 2473, 8.166250972756626e-06
1936, 1994, 8.085008856047968e-06
1683, 1817, 8.032825512687364e-06
419, 548, 7.860741193787962e-06
1249, 1310, 7.86036615830373e-06
0, 883, 7.620366909029768e-06
1936, 2082, 7.418006319839121e-06
627, 856, 7.371739214534446e-06
419, 856, 7.317990410041594e-06
792, 904, 7.164784602919005e-06
723, 782, 7.161789749980301e-06
988, 1493, 6.94648698185776e-06
185, 270, 6.8313124402630075e-06
1920, 2253, 6.652464820128973e-06
951, 1078, 6.617116264190908e-06
728, 878, 6.490803004433403e-06
2057, 2253, 6.412661770026116e-06
988, 1060, 6.329036875324047e-06
2407, 2473, 6.315517860209416e-06
0, 591, 6.314477944170882e-06
454, 991, 6.3142943521883425e-06
1295, 1379, 6.257682948510773e-06
2465, 2832, 6.10915731064211e-06
202, 298, 6.00790892422835e-06
1142, 1369, 5.9422529952094565e-06
345, 856, 5.8296000722240465e-06
2160, 2656, 5.725072425393394e-06
1787, 1813, 5.6491900463369325e-06
2400, 2626, 5.57308042770294e-06
1098, 1515, 5.515312812757698e-06
2629, 2832, 5.450685433741045e-06
426, 506, 5.433129350878667e-06
682, 904, 5.423023664811556e-06
2352, 2450, 5.3963193350850115e-06
1493, 1557, 5.393880662864216e-06
419, 1090, 5.3561957709846345e-06
1249, 1324, 5.354369657943575e-06
0, 419, 5.304963278837674e-06
433, 506, 5.246689542468269e-06
2436, 2633, 5.16180797481627e-06
1916, 2101, 5.158295110525411e-06
627, 725, 5.155482560497334e-06
1479, 1554, 5.150297879472298e-06
2079, 2143, 5.148742208628948e-06
2550, 2633, 5.0964306395395e-06
1435, 1813, 5.066870473222239e-06
345, 389, 5.051585078343664e-06
2356, 2633, 5.036106298918232e-06
460, 691, 4.9850645125379065e-06
1493, 1762, 4.941650305491575e-06
1920, 2049, 4.924516545811765e-06
1249, 1952, 4.917415191239499e-06
2356, 2494, 4.859492761101139e-06
2106, 2206, 4.855163992175515e-06
460, 652, 4.801559920776245e-06
1601, 1813, 4.74273613860831e-06
2356, 2737, 4.685923441061366e-06
0, 485, 4.646246111984937e-06
830, 1090, 4.640719486631071e-06
2081, 2656, 4.61613994979611e-06
0, 730, 4.598716281750114e-06
2044, 2253, 4.587060502265672e-06
478, 861, 4.524773115557542e-06
1349, 1369, 4.481904719377558e-06
1916, 2143, 4.465078437876922e-06
2244, 2280, 4.449115489403217e-06
799, 861, 4.434845698628448e-06
1493, 2280, 4.347378883132504e-06
2436, 2737, 4.318667439801533e-06
460, 591, 4.306502324192585e-06
2005, 2049, 4.272699214881621e-06
345, 1090, 4.2674913769645125e-06
460, 725, 4.261727886104236e-06
832, 861, 4.224444681232702e-06
2079, 2206, 4.158627247498942e-06
1920, 1956, 4.145153475728428e-06
951, 1062, 4.104169851496271e-06
627, 1090, 4.098551943458285e-06
2057, -1, 4.088440303184564e-06
1936, 2253, 4.044438694906319e-06
0, 913, 3.943135088141458e-06
1098, 1813, 3.93792730297678e-06
1704, 2049, 3.914794773274798e-06
1060, 1072, 3.9088526001705196e-06
0, 532, 3.874387614689968e-06
1704, 1869, 3.851842833422855e-06
1060, 1078, 3.791832715586308e-06
1916, 2070, 3.784962452794096e-06
703, 856, 3.683889490864354e-06
1132, 1369, 3.642018636898307e-06
460, 553, 3.64165844674155e-06
2127, 2253, 3.5992122174842796e-06
1249, 1557, 3.595796605628474e-06
1663, 1762, 3.5398325953298212e-06
345, 548, 3.531121104061125e-06
2133, 2656, 3.5285178607123375e-06
2465, 2638, 3.4963485877498144e-06
2352, 2359, 3.486900850650487e-06
454, 816, 3.483295283122502e-06
1018, 1436, 3.4701876698475512e-06
951, 1369, 3.4542576727926385e-06
672, 730, 3.452271945066758e-06
1249, 1762, 3.412303158889354e-06
460, 532, 3.3781510514506204e-06
1249, -1, 3.371455023175546e-06
1861, 2082, 3.3653316604135662e-06
1916, 2133, 3.31750705472683e-06
454, 951, 3.2821760666763125e-06
1936, 2049, 3.268073522345693e-06
419, 691, 3.2654512657838642e-06
454, 957, 3.235564750863306e-06
1098, 1493, 3.199946414638464e-06
1942, 1956, 3.171725859466832e-06
202, 904, 3.1486393771493834e-06
723, 883, 3.131103532893487e-06
1112, 1436, 3.1246535439686614e-06
2436, 2477, 3.122191970742253e-06
988, 1046, 3.07590221792829e-06
723, 771, 3.0644216355775855e-06
0, 553, 3.0524704335316858e-06
1435, 1493, 3.0324786099760314e-06
627, 691, 3.0106020959393812e-06
345, 485, 2.9753130893702475e-06
1902, 2171, 2.942534994029077e-06
1902, 2208, 2.901640670571021e-06
1704, 1942, 2.8931653144854404e-06
419, 532, 2.8870192366531377e-06
1292, 1515, 2.877756351024926e-06
419, 485, 2.8761552505104947e-06
1259, 1436, 2.841852187663006e-06
728, 782, 2.8285952285255056e-06
1479, 1488, 2.826972227758519e-06
419, 725, 2.789029424279016e-06
1249, 1500, 2.7764037454663523e-06
707, 856, 2.7540067133934006e-06
672, 883, 2.7317065717348805e-06
419, 652, 2.709120529432817e-06
1902, 2343, 2.7046818839517e-06
433, 548, 2.656686794413756e-06
1129, 1369, 2.6508910409907927e-06
1977, 2066, 2.627572792761197e-06
460, 878, 2.6162537437478533e-06
345, 691, 2.599124379212928e-06
672, 1369, 2.5247821457627158e-06
2079, 2133, 2.5193969600579573e-06
2759, 2838, 2.495704385554943e-06
1646, 1762, 2.4946140717677737e-06
988, 1379, 2.466339009494141e-06
460, 782, 2.452438177668461e-06
1295, 1385, 2.396375764254779e-06
1663, 1952, 2.3592593795268097e-06
345, 419, 2.30262182887726e-06
426, 548, 2.2603433291083924e-06
433, 856, 2.2408903548216384e-06
677, 856, 2.2387495322614502e-06
469, 861, 2.225310558359705e-06
345, 725, 2.2217503386714978e-06
1142, 1436, 2.1456318321108513e-06
454, 717, 2.1139909625833753e-06
1861, 1942, 2.112987987054264e-06
1249, 1289, 2.098353051043391e-06
1292, 1813, 2.085010757176092e-06
672, 760, 2.0638214358871463e-06
565, 861, 2.002606771124982e-06
454, 824, 2.0008281634638502e-06
1942, 2066, 1.994785744017454e-06
167, 203, 1.994353858106592e-06
426, 856, 1.9930912231492667e-06
2767, 2838, 1.991997546630164e-06
321, 904, 1.991413446937962e-06
419, 553, 1.9812108787669333e-06
345, 652, 1.9768958138632045e-06
1916, 2206, 1.9534962601260953e-06
1738, 1952, 1.9504437774732105e-06
627, 782, 1.9432517689594923e-06
780, 878, 1.939029200006395e-06
419, 591, 1.9362060808233827e-06
1977, 2057, 1.9268288113328326e-06
723, 1369, 1.9190100759041153e-06
2436, 2494, 1.9175031553552956e-06
454, 1515, 1.9085264489828863e-06
2042, 2656, 1.903377359122277e-06
1254, 1515, 1.8518374955216998e-06
460, 771, 1.8067260592689893e-06
1646, 1952, 1.7794644104531581e-06
2550, 2737, 1.7781989219873084e-06
2075, 2477, 1.7737181098035677e-06
2741, 2838, 1.7717226375226727e-06
2458, 2638, 1.7693639342016688e-06
1877, 2066, 1.7623864416320847e-06
1292, 1493, 1.758702067845658e-06
1916, 1936, 1.747551799087171e-06
1249, 2280, 1.7390297742285591e-06
1479, 1952, 1.73474252903525e-06
1942, 2057, 1.7304023737111915e-06
1493, 1508, 1.7224906799114564e-06
1587, 1952, 1.703324604394612e-06
2503, 2638, 1.690859360142574e-06
419, 878, 1.6158766268811038e-06
460, 1125, 1.594727358965092e-06
562, 856, 1.580595202413798e-06
454, 666, 1.574047523315213e-06
1683, -1, 1.5705829849062259e-06
419, 782, 1.5562499805419813e-06
1877, 2057, 1.5449794830796567e-06
1112, 1125, 1.5328221587349109e-06
1587, 1762, 1.5225533269565415e-06
1916, 1926, 1.5152692663610626e-06
627, 771, 1.4893559937451434e-06
202, 255, 1.4859315001067039e-06
596, 861, 1.4623915104107564e-06
1861, 2049, 1.456903531686462e-06
562, 691, 1.4544516541257143e-06
636, 861, 1.451724669338164e-06
2494, 2638, 1.448895494572125e-06
121, 203, 1.4258876356155646e-06
1584, 1952, 1.424458332861542e-06
2573, 2626, 1.4162222124683516e-06
1363, 1436, 1.4039418419627083e-06
1254, 1813, 1.388360062703372e-06
842, 861, 1.3860849235978215e-06
1877, 1936, 1.385396247817521e-06
875, 1369, 1.361496416312879e-06
1493, -1, 1.3480330419937606e-06
2081, 2473, 1.3425651641758484e-06
2042, 2143, 1.3390473597291014e-06
1663, 2280, 1.3376812238610146e-06
1132, 1436, 1.3373813179168367e-06
1877, 1926, 1.3361271449360635e-06
2106, 2143, 1.3354572048760766e-06
672, 691, 1.3327593638644505e-06
454, 937, 1.3245104360570796e-06
345, 532, 1.3010538185914127e-06
562, 652, 1.2998827237708423e-06
345, 878, 1.2872246474185894e-06
2005, 2066, 1.286877168586454e-06
1584, 1762, 1.2860591379628846e-06
2044, 2082, 1.279865988304436e-06
627, 878, 1.277433703156385e-06
951, 1436, 1.2684338383282015e-06
1292, 1379, 1.2525763315359289e-06
1524, 1952, 1.2401083087894534e-06
765, 856, 1.2292004454670741e-06
2133, 2473, 1.2277409869223176e-06
501, 856, 1.2158569066553782e-06
1214, 1342, 1.194754971054328e-06
1214, 1310, 1.1812274564586231e-06
2075, 2356, 1.1586466594912285e-06
1479, 1762, 1.157050084704438e-06
121, 298, 1.1560708255311055e-06
121, 255, 1.1503646268010044e-06
345, 591, 1.14577942649219e-06
419, 771, 1.1369896038203336e-06
1098, 1379, 1.136605337170252e-06
2081, 2143, 1.112648732695771e-06
1716, 1852, 1.089563758558701e-06
1493, 1817, 1.0818601241626061e-06
167, 330, 1.0779723459915597e-06
2079, 2171, 1.0729322689292132e-06
878, 1369, 1.0349985399467615e-06
2042, 2133, 1.0212362483457422e-06
830, 856, 1.0143936998417603e-06
988, 1385, 9.814664015174842e-07
1683, 1750, 9.390224771379496e-07
0, 923, 9.356558232913959e-07
2106, 2208, 9.345166769231981e-07
0, 868, 9.301616260731562e-07
1274, 1342, 9.113467514887449e-07
2400, 2467, 9.036695788884681e-07
1877, 2656, 8.820311098343096e-07
1683, 1852, 8.510037159285126e-07
460, 730, 8.42272722261138e-07
433, 532, 8.220974460562338e-07
2465, 2629, 8.202293775933904e-07
2436, 2626, 8.195340564109748e-07
627, 730, 7.964438442884121e-07
345, 553, 7.938565534044659e-07
454, 1813, 7.844058228837382e-07
1524, 1762, 7.719348769162398e-07
433, 691, 7.628518279170926e-07
345, 782, 7.622958450049969e-07
1342, 1813, 7.603332649694073e-07
433, 652, 7.589125529867858e-07
2356, 2626, 7.588576421548779e-07
2042, 2049, 7.546100510649615e-07
1254, 1379, 7.489993669892651e-07
2276, 2656, 7.463402114262698e-07
2079, 2208, 7.419440462458592e-07
1249, 1817, 7.406491784905767e-07
1098, 1142, 7.210405866467375e-07
426, 532, 7.199197536332992e-07
1214, 1289, 7.194627098448105e-07
501, 652, 7.029247821775612e-07
672, 792, 6.989987764096093e-07
2005, 2057, 6.987584446034738e-07
562, 725, 6.94589148550237e-07
1148, 1369, 6.871833583851615e-07
1289, 1813, 6.736016340624851e-07
426, 652, 6.720497397229952e-07
2081, 2206, 6.70812581629448e-07
2005, 2101, 6.649641708818557e-07
433, 591, 6.637859360767084e-07
426, 691, 6.627382301255558e-07
174, 298, 6.347845683093287e-07
1603, 1813, 6.007118082120082e-07
433, 553, 5.954162283231711e-07
1977, 2101, 5.943850044103963e-07
433, 725, 5.855223470104377e-07
1920, 2066, 5.630325004125637e-07
2106, 2171, 5.60396967980268e-07
426, 591, 5.593916418604191e-07
177, 298, 5.586323261377338e-07
991, 1813, 5.563752454057025e-07
501, 591, 5.557355209645894e-07
419, 730, 5.422334253714797e-07
728, 771, 5.405958020901283e-07
426, 725, 5.213819554046941e-07
426, 485, 5.199353744640602e-07
1738, 1817, 5.154893401002349e-07
2133, 2206, 5.126204000677168e-07
1663, 1817, 5.0924354681098e-07
501, 691, 5.077033776234241e-07
1916, 2171, 5.060888779544546e-07
703, 782, 5.059043778877099e-07
426, 553, 5.050789426890534e-07
1916, 2208, 5.027616816183094e-07
1920, 2057, 4.953923891448257e-07
1214, 1324, 4.948432275729007e-07
345, 771, 4.7583781000177665e-07
2005, 2143, 4.7170890309576896e-07
202, 330, 4.7043420092620856e-07
677, 782, 4.572863636741112e-07
174, 255, 4.4978114702810664e-07
0, 185, 4.4682957777690464e-07
460, 485, 4.454253035638987e-07
965, 1813, 4.4511997926107433e-07
994, 1813, 4.3907761566203266e-07
2106, 2133, 4.3288180615837847e-07
345, 730, 4.315581473622059e-07
460, 601, 4.3048831495460604e-07
478, 548, 4.2284311289427563e-07
433, 485, 4.20915368898946e-07
2079, 2101, 4.1564312182681356e-07
460, 707, 4.15431782241164e-07
2057, 2082, 4.081970807912013e-07
723, 792, 4.0496150744885224e-07
2081, 2133, 4.0348094796611716e-07
2042, 2101, 4.0028569499681547e-07
419, 501, 3.9964506064176715e-07
951, 1100, 3.9769017177016465e-07
2005, 2133, 3.782160532912273e-07
1977, 2143, 3.761551407560557e-07
1942, 2101, 3.7609264914899617e-07
501, 548, 3.7148368129244427e-07
1877, 2101, 3.694448534394833e-07
177, 255, 3.675839510494925e-07
1902, 2629, 3.6688155742089353e-07
707, 782, 3.6268384775377726e-07
1704, 1709, 3.6244373232888356e-07
728, 883, 3.4680950285262973e-07
501, 725, 3.4050492192340315e-07
2550, 2626, 3.343417746590925e-07
1916, 2343, 3.2191563927018093e-07
723, 725, 3.2022317776242333e-07
1877, 2143, 3.1759892485612913e-07
167, 333, 3.1033335189057127e-07
1977, 2133, 3.0052018963587514e-07
627, 652, 2.990016945007321e-07
830, 878, 2.887942344664161e-07
433, 782, 2.82936442528413e-07
677, 771, 2.7988140355986755e-07
1018, 1094, 2.7921225778385975e-07
419, 707, 2.7197088156037374e-07
2106, 2343, 2.7118583690543313e-07
460, 760, 2.6040309704983067e-07
469, 548, 2.592748065277247e-07
460, 643, 2.563169455486278e-07
780, 1090, 2.5314248768717684e-07
426, 782, 2.51939047915451e-07
2079, 2343, 2.508302555436431e-07
677, 725, 2.4849089816887703e-07
345, 501, 2.448551115975289e-07
478, 652, 2.4373666232846254e-07
1877, 2133, 2.399310334097849e-07
1942, 2143, 2.3381955409492032e-07
703, 771, 2.326853388908241e-07
478, 591, 2.2725574888087416e-07
672, 769, 2.2101710864426556e-07
345, 707, 2.1665013021870575e-07
672, 707, 2.146515353213899e-07
562, 782, 2.1247029120201015e-07
419, 601, 2.0387801302485763e-07
209, 298, 1.962544048851184e-07
565, 652, 1.8555257322968223e-07
1916, 2638, 1.8420408519297858e-07
478, 691, 1.829568828129284e-07
433, 771, 1.7348576572244924e-07
562, 730, 1.7287563998346204e-07
460, 616, 1.7178011683568857e-07
419, 760, 1.7068280143559997e-07
1274, 1762, 1.7038866621199248e-07
728, 792, 1.7003212089983651e-07
121, 904, 1.6825350803634145e-07
1214, 1762, 1.680324776746141e-07
454, -1, 1.6672046321641706e-07
460, 883, 1.661806637505238e-07
433, 730, 1.6575093310401444e-07
501, 782, 1.6466179095460137e-07
565, 691, 1.6399379539715115e-07
2160, 2473, 1.625340529055867e-07
707, 771, 1.5777580608247238e-07
426, 771, 1.5448366991446345e-07
1018, 1062, 1.5343779587601743e-07
1902, 2356, 1.5261088970362808e-07
1368, 1813, 1.5254737432786772e-07
703, 878, 1.507912053545476e-07
492, 861, 1.4903286386389106e-07
596, 691, 1.4784284944007953e-07
426, 730, 1.4608307879294822e-07
723, 760, 1.4503530083786612e-07
627, 707, 1.442799406391927e-07
478, 725, 1.4290036421764166e-07
2352, 2557, 1.4035308864046487e-07
1520, 1762, 1.3857854564614397e-07
1646, 1817, 1.3757253821302834e-07
202, 333, 1.356131909386341e-07
419, 643, 1.3521468465765676e-07
562, 771, 1.3453057060773254e-07
345, 760, 1.330427194663339e-07
345, 601, 1.3042114186923446e-07
2356, 2467, 1.2696515934497804e-07
780, 883, 1.267258310237574e-07
478, 553, 1.2541943077938576e-07
501, 553, 1.2514005170411762e-07
460, 501, 1.2404825397185351e-07
1738, 1762, 1.2353342484869925e-07
478, 506, 1.2326556530726943e-07
707, 878, 1.209258934831607e-07
433, 878, 1.1880257896847656e-07
469, 652, 1.1022589409129566e-07
345, 643, 1.077109273521451e-07
419, 883, 1.0767012251941491e-07
760, 861, 1.073805105643347e-07
517, 904, 1.0726721703091714e-07
723, 730, 1.0706634504543614e-07
627, 760, 1.0699304678614128e-07
199, 298, 1.0628926026473999e-07
426, 878, 1.0578035834084495e-07
469, 591, 1.0499023417258295e-07
212, 298, 1.0461589735479235e-07
469, 506, 1.0428904972583415e-07
562, 707, 1.0264244402935583e-07
636, 725, 1.0146836318381654e-07
501, 771, 1.0102017104204738e-07
596, 725, 9.9200170093112e-08
2352, 2597, 9.916301614668737e-08
1479, 1817, 9.860391321857492e-08
1493, 1750, 9.7500576058254e-08
460, 792, 9.738493262564903e-08
1587, 1817, 9.705648773705284e-08
426, 501, 9.57569404804092e-08
501, 730, 9.555314433384226e-08
1716, 1750, 9.528821350566007e-08
1060, 1813, 9.25079644248992e-08
565, 725, 9.185283166726634e-08
167, 389, 9.12391755603551e-08
562, 878, 8.920560583436719e-08
469, 691, 8.916880548585986e-08
677, 878, 8.90775489836613e-08
433, 501, 8.844353374589895e-08
345, 883, 8.577659667734503e-08
1584, 1817, 8.46381000529458e-08
1349, 1813, 8.463320351989748e-08
121, 330, 8.279247830179926e-08
460, 646, 8.216413204459582e-08
433, 707, 8.192336165222365e-08
419, 616, 8.054530592474751e-08
570, 904, 7.897683460062222e-08
677, 730, 7.579479805015942e-08
723, 868, 7.533393019461175e-08
501, 506, 7.456587146802215e-08
1123, 1813, 7.40617574624971e-08
1524, 1817, 7.348924654516234e-08
426, 707, 7.294973198003086e-08
469, 553, 7.285038088573193e-08
478, 532, 7.270140528705355e-08
1663, 1750, 7.081970636707989e-08
687, 904, 7.01527828137115e-08
469, 725, 6.97328897833348e-08
501, 878, 6.893024858212119e-08
433, 601, 6.873067942960023e-08
478, 782, 6.731247900238189e-08
460, 609, 6.618090281887521e-08
562, 591, 6.585979830951398e-08
480, 861, 6.512363833397645e-08
419, 792, 6.383045770595713e-08
501, 601, 6.361046596388698e-08
478, 856, 6.1821849010267e-08
703, 725, 6.163589329280339e-08
562, 643, 6.102843804325985e-08
627, 883, 5.938451575064782e-08
596, 652, 5.904658925043048e-08
167, 506, 5.891126637851198e-08
345, 616, 5.774358821987495e-08
672, 868, 5.769330906040845e-08
426, 601, 5.766997875077193e-08
231, 270, 5.702038847411956e-08
1249, 1750, 5.664984870248483e-08
167, 861, 5.4740040950256954e-08
511, 861, 5.427871762467933e-08
460, 769, 5.385462465128131e-08
627, 792, 5.3448402710855684e-08
1646, 1750, 5.3422803338981277e-08
469, 532, 5.32372662218701e-08
830, 883, 5.214319972024664e-08
174, 203, 5.188373760382481e-08
765, 878, 5.032605275345509e-08
723, 913, 4.995193540127451e-08
501, 707, 4.970651642968141e-08
1493, 1709, 4.8747945147822555e-08
1936, 2066, 4.819965835772659e-08
672, 913, 4.7465449146880605e-08
501, 532, 4.718611361069905e-08
1942, 2133, 4.6877658835755095e-08
433, 760, 4.666824219092734e-08
492, 652, 4.6592399016233184e-08
723, 769, 4.6511331076486885e-08
174, 330, 4.5018913439373344e-08
875, 878, 4.467239006337369e-08
1342, 1515, 4.466822201532809e-08
419, 646, 4.460328646970136e-08
636, 691, 4.4167380558626e-08
492, 548, 4.404560654444886e-08
174, 904, 4.351592746716231e-08
238, 270, 4.288728731201041e-08
433, 643, 4.2100788161713485e-08
492, 591, 4.197839085506373e-08
501, 643, 4.129461465891153e-08
832, 878, 4.1246963221907085e-08
728, 760, 4.103652316240279e-08
480, 548, 4.07171660838306e-08
478, 771, 4.067367016222308e-08
177, 330, 3.9748932778617526e-08
2352, 2859, 3.9542830581052165e-08
707, 725, 3.78882553924134e-08
177, 203, 3.733976208798823e-08
426, 643, 3.6991394619728695e-08
677, 691, 3.695505604789661e-08
478, 730, 3.684826350945987e-08
202, 389, 3.6257988497503004e-08
177, 904, 3.5991663667676934e-08
677, 760, 3.5541500802180085e-08
345, 646, 3.553061829614577e-08
0, 643, 3.536132527921054e-08
419, 769, 3.529934286451449e-08
426, 760, 3.5264128229458524e-08
209, 255, 3.470798033704058e-08
1129, 1436, 3.440000253715076e-08
492, 691, 3.411214262855018e-08
562, 760, 3.2804277330100346e-08
728, 868, 3.266153900675074e-08
419, 609, 3.147841229171534e-08
199, 255, 3.031041305202192e-08
321, 389, 3.02306482667964e-08
1683, 1709, 2.9897423906695e-08
469, 856, 2.9707228110449343e-08
345, 792, 2.838551747405505e-08
460, 711, 2.8256840620343424e-08
345, 769, 2.8119045901922637e-08
1076, 1369, 2.7723173393856915e-08
433, 616, 2.753846097714012e-08
1704, 1877, 2.7531469869423516e-08
799, 856, 2.7527617589177848e-08
501, 616, 2.692164217873786e-08
565, 856, 2.620624577316742e-08
460, 913, 2.5550608477455157e-08
511, 652, 2.5441918580075874e-08
460, 1369, 2.498685083250616e-08
1587, 1709, 2.4031810636781276e-08
121, 333, 2.3915784034017172e-08
167, 548, 2.372112751537612e-08
728, 913, 2.3668939535363186e-08
492, 725, 2.3325670678753114e-08
480, 652, 2.3271585914617162e-08
426, 616, 2.321682039470375e-08
501, 760, 2.3066723848841434e-08
480, 591, 2.2803046317405454e-08
832, 856, 2.2710551084047976e-08
478, 601, 2.2565899703231974e-08
460, 614, 2.1706551171608186e-08
345, 609, 2.1412918897375247e-08
562, 646, 2.1012939432947072e-08
703, 760, 2.0697746766260275e-08
1584, 1709, 2.065583845242785e-08
0, 601, 2.0303451834845696e-08
728, 1369, 1.9888487500455297e-08
202, 506, 1.888702667313624e-08
478, 707, 1.8331977379635185e-08
1254, 1493, 1.7938754162121117e-08
1342, 1493, 1.7855191956788983e-08
636, 782, 1.7718079119862394e-08
511, 591, 1.767915029444029e-08
1292, 1385, 1.745545832347861e-08
209, 330, 1.6616034599237266e-08
460, 660, 1.648088250219406e-08
636, 730, 1.6122547942253525e-08
321, 506, 1.6082591018956357e-08
212, 255, 1.6081144064463204e-08
419, 711, 1.6027718253886726e-08
636, 856, 1.582039481773724e-08
672, 711, 1.5807689265512617e-08
682, 861, 1.5725513843780154e-08
596, 856, 1.5616267727269637e-08
0, 501, 1.5248906617499237e-08
728, 730, 1.5226559285771562e-08
1646, 1709, 1.5161593180555687e-08
1098, 1385, 1.509232609805294e-08
1936, 1956, 1.4970348686757902e-08
167, 652, 1.4564391796189443e-08
511, 691, 1.4439074041432375e-08
419, 913, 1.4208118971998492e-08
1704, 1926, 1.4173236677619434e-08
562, 616, 1.350747099602053e-08
480, 691, 1.3435510304397722e-08
492, 553, 1.3297717355796003e-08
1295, 1488, 1.3252145312526342e-08
596, 730, 1.3136918716097258e-08
636, 771, 1.2983182878137717e-08
562, 601, 1.2964036020949341e-08
174, 333, 1.2957510934128273e-08
345, 711, 1.2767569921055953e-08
2081, 2171, 1.2524145032926536e-08
723, 821, 1.2506878426067325e-08
1289, 1379, 1.2260502688195087e-08
2488, 2597, 1.1812587736401356e-08
167, 419, 1.1737950288780448e-08
177, 333, 1.1439481734420948e-08
1479, 1709, 1.1369047761008414e-08
1155, 1369, 1.1294551479577232e-08
167, 485, 1.1216569539170798e-08
185, 298, 1.1118805403749382e-08
480, 553, 1.1083060242136445e-08
167, 691, 1.097526451192327e-08
2488, 2557, 1.0968852394325896e-08
433, 609, 1.0784426766417085e-08
321, 330, 1.0507669738726468e-08
469, 601, 1.0455342617169626e-08
1125, 1369, 1.0373980109484479e-08
501, 609, 1.036457420814001e-08
419, 614, 1.0347760873590412e-08
672, 821, 1.0163565673390928e-08
480, 506, 1.0009617642872505e-08
419, 660, 9.936896041144541e-09
121, 389, 9.918128865564016e-09
2400, 2557, 9.638545818586431e-09
212, 330, 9.27408927304012e-09
478, 643, 9.125052684059603e-09
426, 609, 9.095361390418197e-09
167, 591, 8.487165957758434e-09
492, 506, 8.474793342445066e-09
454, 1493, 8.188434152240404e-09
433, 646, 8.136030269981346e-09
199, 330, 8.132019768896255e-09
269, 298, 7.916131451974261e-09
345, 660, 7.91565320734303e-09
501, 646, 7.896535497926422e-09
2759, 2859, 7.887633966048221e-09
2767, 2859, 7.519104634643113e-09
419, 1369, 7.501650629270116e-09
478, 616, 7.3991659208350804e-09
426, 646, 7.244831043801845e-09
202, 548, 7.185234982294765e-09
167, 532, 7.053091218517439e-09
1704, 2066, 6.952907637108823e-09
511, 548, 6.930336333987189e-09
565, 707, 6.780171508838844e-09
478, 485, 6.681812032667224e-09
244, 270, 6.284701383943544e-09
2042, 2206, 6.210347941983166e-09
454, 1379, 6.034885258530669e-09
321, 419, 6.013085816054019e-09
480, 532, 5.9878464508219175e-09
728, 821, 5.850961939571738e-09
185, 255, 5.710670823013753e-09
167, 553, 5.693716775378547e-09
565, 591, 5.553725515395501e-09
627, 1369, 5.529481752134763e-09
345, 614, 5.480260794215643e-09
492, 532, 5.423771539646962e-09
469, 485, 5.349231052842809e-09
121, 506, 5.336993102279404e-09
1505, 1515, 5.2927940931869e-09
2436, 2557, 5.2840922959091295e-09
830, 1369, 5.272570136009743e-09
345, 1369, 5.266239906763952e-09
2400, 2597, 5.241547671229306e-09
321, 548, 5.024467898409442e-09
562, 660, 5.017520601370995e-09
209, 333, 4.797765591635329e-09
0, 426, 4.121083755552754e-09
269, 330, 3.999359885961078e-09
202, 419, 3.893058472896227e-09
728, 769, 3.875937917592029e-09
988, 1337, 3.780763030203437e-09
627, 769, 3.779543657766053e-09
321, 333, 3.682092035820525e-09
469, 707, 3.627123412567709e-09
174, 389, 3.605564894435363e-09
1493, 1852, 3.5636295648626666e-09
321, 485, 3.553959197254652e-09
202, 485, 3.5453837646886237e-09
469, 771, 3.381989633451506e-09
565, 771, 3.1390565632497e-09
177, 389, 3.108466744283439e-09
627, 711, 3.0290577763487515e-09
433, 660, 3.02503114304682e-09
212, 333, 2.680202874991291e-09
121, 163, 2.5630897587987045e-09
199, 333, 2.3429354601519186e-09
492, 601, 2.287970537466754e-09
1254, 1385, 2.2780462261924214e-09
596, 771, 2.2486067958500696e-09
202, 591, 2.1971788045124598e-09
562, 711, 2.039936041861073e-09
202, 532, 1.9932694546080134e-09
0, 395, 1.950970469014624e-09
1289, 1515, 1.9005914710700463e-09
199, 203, 1.773146080626694e-09
174, 506, 1.5751853380302054e-09
321, 591, 1.5359444960110555e-09
511, 553, 1.5111557784226414e-09
478, 501, 1.4834318892847897e-09
121, 548, 1.45027907731145e-09
298, 389, 1.3691366143461239e-09
177, 506, 1.3580150081077736e-09
269, 333, 1.325681383609367e-09
209, 389, 1.2869546652556842e-09
121, 419, 1.2759705780626822e-09
469, 501, 1.2603895782410823e-09
298, 330, 1.2279698877675317e-09
202, 553, 1.172513240235044e-09
426, 660, 1.0642514528517455e-09
501, 660, 1.0375973225313618e-09
480, 601, 1.023726661185509e-09
672, 1436, 1.0192506832870992e-09
511, 601, 9.46477928571241e-10
321, 532, 9.290937332235988e-10
478, 609, 9.074746084569697e-10
269, 389, 8.894082777035286e-10
562, 609, 8.402229269918777e-10
185, 330, 8.022993676179415e-10
321, 553, 7.754601511061184e-10
212, 389, 7.209208820676036e-10
345, 426, 6.949308900763902e-10
469, 616, 6.818505801617173e-10
565, 601, 6.420454414524221e-10
1704, 1893, 6.327678183005848e-10
199, 389, 6.263033096393699e-10
121, 485, 6.120710808185516e-10
0, 440, 6.015168340334361e-10
167, 501, 5.341090131392712e-10
174, 548, 5.004206021973191e-10
511, 532, 4.6172811815258756e-10
185, 203, 4.377543406767512e-10
298, 333, 4.327963602446189e-10
177, 548, 4.3124609756087767e-10
121, 532, 4.087809262694958e-10
433, 614, 3.6941231477718933e-10
0, 616, 3.633821242649533e-10
501, 614, 3.5975828507284144e-10
565, 730, 3.544216923090452e-10
121, 553, 3.522951097819608e-10
1738, 1852, 3.519404281539529e-10
231, 298, 3.517196786251161e-10
238, 298, 3.0684133758101847e-10
426, 614, 2.9762097084137367e-10
480, 485, 2.974091926678972e-10
174, 419, 2.588465366788427e-10
460, 666, 2.3411336951164787e-10
185, 333, 2.308656604284728e-10
177, 419, 2.2315880291809968e-10
209, 506, 2.2293572767966634e-10
454, 1142, 2.1730846847845532e-10
174, 485, 2.0782866965776324e-10
177, 485, 1.7473280988503705e-10
202, 501, 1.6119503491090038e-10
0, 398, 1.5688661141365018e-10
469, 609, 1.5245373791040758e-10
305, 389, 1.5188177506680018e-10
0, 454, 1.4739558073790095e-10
454, 463, 1.46679660792393e-10
596, 707, 1.424371581735548e-10
321, 501, 1.3776915406654898e-10
298, 506, 1.372103615349358e-10
345, 395, 1.348029012419933e-10
345, 440, 1.3141688326880892e-10
212, 506, 1.1783896771278144e-10
199, 506, 1.1316936846960155e-10
636, 707, 1.0669513135694887e-10
305, 330, 9.512193748308205e-11
298, 419, 9.043929393520966e-11
0, 646, 8.263928598668085e-11
517, 548, 6.633455275028519e-11
419, 666, 6.317041785175693e-11
121, 149, 6.281005360839735e-11
185, 389, 6.217257674218353e-11
238, 330, 5.736440637898626e-11
0, 433, 5.523433528650621e-11
231, 330, 5.1053914944193464e-11
345, 666, 5.032105786424878e-11
244, 298, 4.9552703412477835e-11
174, 532, 4.697788410786562e-11
177, 532, 4.050105732155187e-11
209, 548, 3.479030803395907e-11
305, 333, 3.358632196341373e-11
562, 666, 3.18994908263438e-11
231, 255, 2.6532682037386862e-11
345, 454, 2.4566777242646886e-11
419, 426, 2.4173015871334917e-11
209, 419, 2.3994537538632244e-11
209, 485, 2.2476801782589194e-11
238, 255, 1.9865880125011778e-11
174, 553, 1.886854629295429e-11
269, 506, 1.7795263782645168e-11
238, 333, 1.707335532193378e-11
298, 485, 1.670150230733516e-11
1704, 2057, 1.6513485064166874e-11
269, 419, 1.6487798572728603e-11
177, 553, 1.6267145477021297e-11
345, 398, 1.5196967670536238e-11
231, 333, 1.4982355073341108e-11
517, 553, 1.367677749525739e-11
212, 419, 1.3403088843823473e-11
199, 419, 1.244368385853371e-11
244, 330, 1.1632384289388208e-11
121, 185, 1.1470790566095223e-11
480, 501, 1.1230605534698298e-11
345, 433, 1.1158529614494262e-11
212, 485, 9.853334516259704e-12
492, 501, 9.653120776159133e-12
199, 485, 9.462876891816837e-12
419, 440, 9.201340639335669e-12
167, 185, 8.721789939494754e-12
121, 501, 8.508165360288715e-12
269, 485, 7.832155063109823e-12
0, 609, 7.807795357989593e-12
0, 463, 6.6611301770908565e-12
345, 463, 6.353909175122346e-12
238, 389, 5.1083546699954216e-12
231, 389, 4.24713175496618e-12
419, 454, 4.093105961559406e-12
305, 419, 3.608734040001425e-12
244, 333, 3.519903527558214e-12
167, 426, 3.073018745549289e-12
244, 255, 2.96161038501337e-12
419, 463, 1.874582782848962e-12
167, 395, 1.7620698811406475e-12
426, 440, 1.6635690246490908e-12
321, 426, 1.5435293130807515e-12
305, 485, 1.3869477727507667e-12
185, 419, 1.3670594323127452e-12
433, 440, 1.2478028457007342e-12
244, 389, 1.135480449992132e-12
202, 426, 1.0127395846692681e-12
185, 485, 8.666260976003932e-13
426, 454, 7.371130432190776e-13
321, 395, 6.929785248515086e-13
202, 395, 6.690224767983893e-13
433, 454, 5.434418717626022e-13
419, 433, 5.342485694397193e-13
167, 440, 5.094122402884353e-13
305, 506, 4.5111402088750744e-13
174, 501, 4.214169123033995e-13
177, 501, 3.6331628904958857e-13
426, 463, 3.4336701457521225e-13
321, 440, 2.3904639285838565e-13
174, 185, 2.285494449157977e-13
121, 395, 1.8878490596205833e-13
460, 463, 1.840335475317613e-13
433, 463, 1.8070614583948578e-13
167, 398, 1.7072085100757035e-13
202, 440, 1.6895382834833785e-13
177, 185, 1.6587732016791708e-13
121, 426, 1.0462554133925471e-13
167, 454, 9.907361058620296e-14
426, 433, 9.771067466998397e-14
238, 419, 9.275493966264264e-14
231, 419, 7.724818528190228e-14
321, 398, 7.189546403986369e-14
174, 395, 6.848403444201951e-14
202, 398, 6.338274377290742e-14
177, 395, 5.904216116202138e-14
209, 532, 4.6559247809918855e-14
167, 433, 3.953917307621666e-14
321, 454, 3.869995982798276e-14
174, 426, 3.8035086489401956e-14
517, 532, 3.4073833279999424e-14
202, 454, 3.021822465080699e-14
177, 426, 2.981798059636539e-14
298, 395, 2.6461318440931065e-14
209, 395, 2.3336949296130803e-14
121, 440, 2.1508440466154912e-14
244, 419, 2.059010208972906e-14
321, 433, 1.935488660036405e-14
167, 463, 1.906672492461317e-14
121, 398, 1.8558161994917778e-14
269, 395, 1.6209133200653605e-14
202, 433, 1.3113730163161853e-14
212, 395, 1.3070437188161063e-14
298, 426, 1.150524588900588e-14
199, 395, 1.1371392322288487e-14
121, 454, 9.776947727622827e-15
209, 426, 9.761172894280108e-15
321, 463, 7.195405125415428e-15
174, 398, 6.746548572420157e-15
269, 426, 6.42926858583406e-15
174, 440, 6.203396622662279e-15
202, 463, 6.027293872813206e-15
177, 398, 5.816403945031511e-15
177, 440, 5.348136191614931e-15
212, 426, 5.3419996424896384e-15
199, 426, 5.130312473365473e-15
121, 433, 4.29809466601701e-15
174, 454, 3.554266459818779e-15
562, 614, 3.4489516992258374e-15
177, 454, 3.064240809455453e-15
305, 395, 2.9694828999305847e-15
298, 398, 2.5990641260595937e-15
209, 398, 2.2421473044922272e-15
298, 440, 1.7320979600703373e-15
209, 440, 1.6363740621279172e-15
174, 433, 1.5625095007299092e-15
269, 398, 1.5592060156177868e-15
177, 433, 1.3470867846927002e-15
212, 398, 1.2555782033005263e-15
185, 395, 1.102810032099438e-15
199, 398, 1.0935108268136898e-15
305, 426, 8.862978938808478e-16
185, 426, 3.509189674569242e-16
305, 398, 3.044008183734164e-16
298, 433, 2.6726461872178845e-16
209, 501, 2.6605806687860636e-16
209, 433, 2.3900025290415113e-16
269, 433, 1.489699510933209e-16
212, 433, 1.3079773090763258e-16
199, 433, 1.2561461536350527e-16
185, 398, 1.09904594294355e-16
238, 395, 9.004257392333389e-17
231, 395, 7.489759096611432e-17
305, 433, 3.324052184046886e-17
238, 426, 2.2803267801068585e-17
244, 395, 2.0009938832542608e-17
231, 426, 1.9010522281861543e-17
185, 433, 1.382389252771557e-17
238, 398, 8.881202515512785e-18
231, 398, 7.388913482928866e-18
244, 426, 5.059781895082749e-18
244, 398, 1.973247540493599e-18
238, 433, 8.51997572519378e-19
231, 433, 7.115054801580866e-19
244, 433, 1.8887479744681918e-19
