Gene = AT2G31340
index = 338
Annotated 5SS: [ 254  970 1266 1602 1861 2134 2299 2590 2776 2937 3146]
Annotated 3SS: [ 340 1104 1540 1794 2047 2234 2376 2709 2856 3019 3360]
SMsplice 5SS: [ 254 1018 1266 1602 1879 2134 2299 2590 2776 2937]
SMsplice 3SS: [ 340 1104 1540 1794 2047 2234 2376 2709 2856 3019]
length: 4299
Partition function (logZ) = 21.444294726529673
#Exons = 1875
3SS, 5SS, prob
1104, 1266, 0.9724044316860965
2856, 2937, 0.9439187863244508
2047, 2134, 0.9082873957705722
0, 254, 0.7958034858862303
2234, 2299, 0.5975447957012056
3019, 3146, 0.5803537228426561
1540, 1602, 0.5553547686883709
1794, 1879, 0.5485975926924386
2376, 2590, 0.5374228491929571
2709, 2776, 0.4650580271178019
3019, -1, 0.3787494930308615
3360, -1, 0.34751619464027794
2215, 2299, 0.3253485462750851
2376, 2776, 0.32142302753799656
340, 746, 0.3170689171376036
1794, 1861, 0.23630479671846125
1540, 1671, 0.18858849277519873
340, 1018, 0.18426353013348373
3375, -1, 0.1604276907201139
2732, 2776, 0.14518124963155057
340, 970, 0.14020970297564314
1794, 1952, 0.09856743286733478
1540, 1617, 0.09757044302306143
0, 1018, 0.0866953202033439
952, 1018, 0.07595241651253744
2376, 2460, 0.05365455719223465
0, 970, 0.05238092382777589
2047, 2118, 0.051889214816048065
2672, 2776, 0.0485808053516133
2254, 2299, 0.044100250864307834
0, 746, 0.04056999308914828
895, 1018, 0.03970268709904388
1540, 1629, 0.039184925718470216
1794, 1875, 0.03560257520316272
2376, 2427, 0.03452697429028616
1691, 1879, 0.033145838868453716
3952, -1, 0.03116692116795926
340, 545, 0.03094673815935823
825, 970, 0.030866390941404465
825, 1018, 0.02786751343086767
2856, 2929, 0.02760450557624896
643, 746, 0.027371246317152022
340, 1025, 0.027253489551479472
895, 970, 0.026650903170349738
340, 585, 0.02542622089211545
3255, -1, 0.025212937899005576
1691, 1861, 0.024521116861079707
3360, 3556, 0.020012705485487874
2376, 2630, 0.019620664079875335
834, 970, 0.019156907601780557
2877, 2937, 0.018134656704153675
834, 1018, 0.017252084644385678
1413, 1602, 0.016373354266846114
1540, 1657, 0.014393222060786503
969, 1018, 0.013920477790149408
952, 1025, 0.013904529879909632
0, 1025, 0.013261986975482828
1349, 1435, 0.01311619050939921
1104, 1220, 0.012471768034059617
1349, 1413, 0.011691896052734806
621, 746, 0.011629709491474717
3375, 3556, 0.0111563473672141
3267, -1, 0.01112321669459024
3019, 3297, 0.009945669959427222
2047, 2299, 0.009701059689636863
1540, 1645, 0.009694165439318437
2021, 2134, 0.009567796627299879
1349, 1602, 0.008678530641896864
3647, -1, 0.007867457788465525
3019, 3285, 0.007625659794960267
643, 1018, 0.0073229345720961965
1540, 1665, 0.007008728068861466
1691, 1952, 0.0068810741571389755
3479, -1, 0.006571709207632292
2023, 2134, 0.006531664302877672
388, 746, 0.006395918657725454
2376, 2632, 0.006365433492683642
2376, 2440, 0.005889808920326772
895, 1025, 0.005583806449564542
643, 970, 0.0055725694378197755
2684, 2776, 0.005284470212614017
2856, -1, 0.005238170215133378
2215, 2255, 0.004975376951880514
340, 826, 0.004831844954832919
2547, 2776, 0.004795856963425857
2376, 2637, 0.004727718308000198
340, 817, 0.004716610208033268
2234, 2255, 0.004658673361107955
952, 970, 0.004444753367548497
3214, -1, 0.00429478451016161
2376, 2532, 0.0039633543245078855
825, 1025, 0.003913869854788059
1581, 1671, 0.0037854711112901267
388, 1018, 0.003716675771645871
2547, 2590, 0.003589527774049371
340, 986, 0.003568147791282116
621, 1018, 0.0035121315790612173
3019, 3556, 0.003496473831932277
946, 1018, 0.0033377629840804484
2047, 2140, 0.0033290478565746393
1377, 1602, 0.003253697821236555
3426, -1, 0.003192848002995771
1540, 1597, 0.0031416242290374136
1413, 1671, 0.0029132379567154932
969, 1025, 0.002911538357015836
2004, 2134, 0.0028888419394094383
1794, 2134, 0.0028668980364794047
388, 970, 0.002828092717097325
621, 970, 0.002672540093333083
3701, -1, 0.002618993318125848
3360, 3427, 0.002572202719014879
340, 447, 0.0025660281838663403
340, 506, 0.002525057278971977
1168, 1266, 0.0025100787679365574
3779, -1, 0.00245098527324029
834, 1025, 0.002418082187869592
364, 746, 0.002405010368342567
1691, 1875, 0.002342989369130519
2376, 2480, 0.0023242354418692387
3962, -1, 0.0023130307347517076
1377, 1435, 0.00228993792040173
1140, 1266, 0.002286085763201072
3041, 3146, 0.0022731950121198897
1349, 1425, 0.0020804578397851346
2856, 3146, 0.0018636907314907374
1349, 1671, 0.00182212116913099
1540, 1879, 0.0017751978596930486
0, 545, 0.0017665741689362956
1110, 1266, 0.0017166518104246471
3826, -1, 0.0016690680801699563
3342, -1, 0.0016627241437853536
0, 585, 0.0016580219356276322
1413, 1617, 0.001630581643010691
340, 681, 0.0015935862943755891
1691, 1729, 0.0015738843685601778
2376, 2560, 0.0015444815272505166
0, 215, 0.0015340030623046416
340, 471, 0.0015263162733075962
3019, 3222, 0.0014439341798299448
0, 986, 0.0014385041111080047
364, 1018, 0.0013975766550506888
2376, 2710, 0.0013645854928393828
1413, 1435, 0.0013095361232392765
3019, 3091, 0.0013042333175796968
2376, 2572, 0.0012801240342701654
3360, 3603, 0.0012096036172441673
3019, 3255, 0.001198481989437557
340, 1031, 0.001187502208278613
3041, -1, 0.0011584380197720925
3930, -1, 0.0011555740212601787
1540, 1861, 0.0011422079871430423
3479, 3556, 0.0011229421956377374
643, 1025, 0.001083178351965959
1377, 1413, 0.0010644908486491817
340, 905, 0.0010641729641369293
364, 970, 0.0010634281738847976
1581, 1602, 0.0010267823729539027
340, 474, 0.00102400391883884
1349, 1400, 0.0010085236875239352
1540, 1649, 0.0009938257712234523
2581, 2776, 0.0009921519414407504
340, 521, 0.0009779408224570923
1349, 1617, 0.0009654211937869946
2523, 2590, 0.000940637862096783
1349, 1389, 0.0009401031928665665
2376, 2474, 0.0009111931318765529
887, 1018, 0.0009065374715393951
0, 826, 0.0009040554850865374
3255, 3297, 0.0009036882371317975
3019, 3263, 0.0009020950925129732
388, 545, 0.0009011211434987004
1794, 1894, 0.0008713301850012954
1104, 1413, 0.000849164576361598
895, 986, 0.0008467552239370929
0, 817, 0.0008452116170109423
814, 970, 0.0008370439557722377
2251, 2299, 0.0008368932030658237
1349, 1410, 0.0008349539571513668
3360, 3647, 0.0008163633528834283
2047, 2255, 0.0008145004322784532
1152, 1266, 0.0008000566593473861
1142, 1266, 0.0007951212179991287
1794, 1914, 0.0007929455359742443
2021, 2118, 0.0007743287898226903
1104, 1602, 0.0007737138734111352
3255, 3556, 0.0007721902140176006
814, 1018, 0.0007604270692133331
887, 970, 0.0007498759334299374
3019, 3094, 0.0007387233106618209
844, 970, 0.000699865486632401
952, 1031, 0.000691499408726607
825, 986, 0.0006911586871790993
1377, 1671, 0.0006829914135177387
3375, 3427, 0.0006766611824246466
1479, 1602, 0.0006606864708574007
1540, 1688, 0.0006450502176596525
844, 1018, 0.0006312604382456661
3375, 3603, 0.0006007577154307178
3214, 3297, 0.000595535392611416
0, 1031, 0.0005941488757943
2547, 2630, 0.000582907171815819
946, 1025, 0.0005785976389736671
645, 746, 0.0005762921689023205
1104, 1282, 0.0005758739439796105
340, 460, 0.0005749083196789189
3659, -1, 0.000574866109446846
3809, -1, 0.0005745449034690987
782, 1018, 0.0005704008954353025
388, 585, 0.0005698896855371661
1104, 1435, 0.0005672396147887599
388, 1025, 0.000549751727759182
3510, -1, 0.0005438355551055446
981, 1018, 0.0005288702060893247
1413, 1629, 0.0005252668873616999
1174, 1266, 0.0005218089543882212
2023, 2118, 0.0005215061708885786
621, 1025, 0.0005194136766551393
782, 970, 0.0005184971377832919
3507, -1, 0.0004931312386344124
1816, 1879, 0.0004861878767169827
1850, 1952, 0.00046279713365884255
2709, 2770, 0.00045291196805572967
1104, 1215, 0.00045112903051348246
2234, 2314, 0.00044478700474352316
1357, 1435, 0.00044131797773809127
1540, 1952, 0.0004376656893897375
3426, 3556, 0.000435629768430024
0, 226, 0.00043553177571580205
2877, 2929, 0.0004331691425060624
834, 986, 0.0004290821302088595
2523, 2776, 0.00041065904166167716
3375, 3647, 0.00040533936094866836
0, 1266, 0.0004049320580371455
340, 477, 0.00039929735581259657
2376, 2770, 0.00039170690457683425
2692, 2776, 0.0003811066035954264
0, 115, 0.0003791160660607338
2407, 2590, 0.0003710890486808408
0, 221, 0.0003626921259659045
3267, 3556, 0.00036223035845027495
1377, 1617, 0.00036188537817755687
4273, -1, 0.0003557842049325993
1540, 1729, 0.0003522208380380636
3214, 3285, 0.0003509019777661966
3019, 3427, 0.00034234100875063864
3255, 3285, 0.00033797008414725475
1048, 1266, 0.00033329570359155183
1357, 1602, 0.0003288547786275414
1349, 1629, 0.0003285230123904844
3968, -1, 0.00032094028050189897
1357, 1413, 0.00031668328222616367
2881, 2937, 0.00031443986146184334
340, 590, 0.00030297287955762225
1691, 2134, 0.00030083474615585687
1473, 1602, 0.0002960212259599719
952, 986, 0.00029505886086093875
3019, 3135, 0.0002931718196992579
0, 905, 0.00028960011778284743
1104, 1182, 0.0002884374856233411
340, 836, 0.0002849931488597985
364, 545, 0.00028084931610667817
1581, 1617, 0.0002807699251485603
340, 1266, 0.00027828712787340945
1947, 2134, 0.0002771690247195995
825, 905, 0.00026710822164916615
3077, 3146, 0.0002644725547465327
1377, 1425, 0.0002613336141377588
1540, 1655, 0.0002539786026935712
3492, -1, 0.0002530447043893696
3665, -1, 0.00025302584553540275
1947, 1952, 0.00025137953943535276
1540, 1693, 0.0002483631618477451
2004, 2118, 0.00024758890997498434
3535, -1, 0.00024613657652261534
643, 817, 0.0002427295421508698
3512, -1, 0.00023690071720136921
3443, -1, 0.00023625986407243828
3454, -1, 0.00023371403411090477
1349, 1473, 0.0002336004810902052
643, 826, 0.0002332322604647657
946, 970, 0.00023281250998473128
895, 1031, 0.0002322087693863154
3019, 3603, 0.00022641332230891473
1104, 1389, 0.00022222646319255436
1794, 2118, 0.00022046419016317315
340, 623, 0.00021671609513578956
1581, 1657, 0.00021588567804960848
2749, 2776, 0.0002119753529561316
3267, 3297, 0.0002092926590443012
364, 1025, 0.00020669793978528203
3019, 3167, 0.00020323507426110563
1413, 1473, 0.00020238326616189313
1413, 1657, 0.00020166404987068858
2547, 2632, 0.00019318754558736383
364, 585, 0.00019286025560837352
1581, 1629, 0.0001884625476690816
954, 1018, 0.0001823981454372659
649, 746, 0.00018053257368921035
2407, 2776, 0.00017907320806521154
1794, 1984, 0.00017899774291277873
1816, 1952, 0.00017801355307272442
2215, 2314, 0.00017574056209335173
1850, 1879, 0.00017085958062514414
3019, 3361, 0.00017011324730314823
2877, -1, 0.00016569888655326826
1729, 1879, 0.0001654829103768512
969, 1031, 0.0001642025671818673
933, 1018, 0.00016345246561519914
825, 1031, 0.00016326736907418442
1104, 1671, 0.00016244259049891206
1794, 1834, 0.00016228630490168326
3077, -1, 0.0001586155908590957
2234, 2590, 0.0001549813791979265
3019, 3647, 0.00015356521994788045
3360, 3480, 0.00015347331478463737
2624, 2776, 0.00015239005033907543
645, 1018, 0.00015232942418469118
3971, -1, 0.0001504899182750632
2547, 2637, 0.00014952979267073265
340, 756, 0.00014694535538964945
340, 611, 0.0001442257469007466
0, 681, 0.00014219609585284
2266, 2299, 0.0001420902218856523
739, 1018, 0.00014178993872057018
643, 986, 0.00014178687283559034
421, 746, 0.00013582250274701463
1413, 1425, 0.00013506868670265268
352, 746, 0.00013382154779680364
3285, -1, 0.00013349569545661726
1816, 1861, 0.00013257225095843276
766, 1018, 0.00013182697853501258
1104, 1243, 0.00013158304125243203
1104, 1400, 0.00013030319736679583
3786, -1, 0.0001298833288878395
2047, 2147, 0.0001290417472814131
4031, -1, 0.00012818087617797055
816, 970, 0.00012787947099077642
1413, 1645, 0.00012770920591335738
3541, -1, 0.00012738122016896095
1581, 1665, 0.00012727483093070687
887, 1025, 0.0001262413257745528
1349, 1657, 0.0001260654351109927
834, 905, 0.00012573039692970566
2732, 2770, 0.00012546723499032197
1729, 1861, 0.00012317070939117227
1377, 1629, 0.00012309038899306854
4086, -1, 0.00012174942774912237
1540, 1875, 0.00012153053840200662
340, 879, 0.00012135490812099856
340, 649, 0.00011991937829293313
1413, 1597, 0.00011899734289331312
2709, 2937, 0.00011666445651772578
981, 1025, 0.000116394982601772
1305, 1413, 0.00011634689325858105
645, 970, 0.00011633502034799728
803, 970, 0.00011570282498674776
816, 1018, 0.00011559017880166805
2492, 2590, 0.00011206361220595467
2732, 2937, 0.00011030950001598961
2376, 2937, 0.00011026237321007319
739, 970, 0.00010850352687614471
3255, 3427, 0.00010830075995549707
3214, 3556, 0.00010771897515180768
814, 1025, 0.00010713800577689347
1104, 1296, 0.00010677947762694582
766, 970, 0.00010651969839835606
803, 1018, 0.0001056335149400074
1104, 1425, 0.00010547433055889605
2021, 2299, 0.00010236906956155966
1413, 1665, 0.00010173385562072906
1540, 1574, 0.00010164847058286239
1691, 1693, 0.00010115776166392293
834, 1031, 0.00010065676224970877
1377, 1473, 9.877641648694452e-05
621, 817, 9.839213066934418e-05
388, 826, 9.746346233004163e-05
1581, 1645, 9.553694733448109e-05
388, 817, 9.513840077992885e-05
1693, 1879, 9.500825600314461e-05
621, 826, 9.49885538003963e-05
745, 1018, 9.435356400133544e-05
2234, 2776, 9.157131884978863e-05
0, 506, 9.091820280670567e-05
1540, 1701, 8.97321505322592e-05
2581, 2590, 8.859090703897539e-05
844, 1025, 8.83593834485835e-05
1104, 1617, 8.599936854118024e-05
952, 1266, 8.583595191125843e-05
3360, 3395, 8.43836036463098e-05
782, 1025, 8.395266678146149e-05
3375, 3480, 8.244974220611299e-05
340, 1015, 8.222180972159866e-05
3479, 3603, 8.094455607273204e-05
3255, 3361, 7.995135999820599e-05
1479, 1671, 7.918715200928808e-05
421, 1018, 7.887543315423204e-05
3342, 3556, 7.881762135518615e-05
1349, 1645, 7.841831776085355e-05
352, 1018, 7.776010374949887e-05
3267, 3285, 7.68527720175655e-05
1691, 1834, 7.5481565765979e-05
1377, 1400, 7.522595996327551e-05
340, 774, 7.483894594106303e-05
388, 506, 7.35035684785819e-05
745, 970, 7.206436239545566e-05
388, 986, 7.195931824803011e-05
2566, 2776, 7.195705156835114e-05
1104, 1252, 7.193058977094715e-05
1377, 1410, 7.132293992384895e-05
1693, 1861, 7.045197753627862e-05
2023, 2299, 6.902266084660323e-05
621, 986, 6.800183520139891e-05
1104, 1410, 6.790938503367896e-05
1357, 1671, 6.773640432814195e-05
1377, 1389, 6.671327979590179e-05
2877, 3146, 6.59693908401074e-05
1305, 1435, 6.59334421776576e-05
1819, 1879, 6.582229539807495e-05
1479, 1617, 6.565158230156436e-05
1349, 1665, 6.356792268969996e-05
1794, 2299, 6.25383932237621e-05
1540, 1647, 6.213820589166019e-05
1357, 1425, 6.203257215010856e-05
1349, 1597, 6.065517523933371e-05
2856, 3297, 6.038579461070649e-05
421, 970, 5.9995285701832584e-05
2672, 2770, 5.9784245588826486e-05
352, 970, 5.9146928949765444e-05
2605, 2776, 5.865368071537366e-05
340, 385, 5.864300214326904e-05
3019, 3395, 5.757769061967717e-05
1104, 1336, 5.616018371124566e-05
3267, 3427, 5.5833922543548e-05
1413, 1484, 5.470006223759244e-05
0, 836, 5.4442206480735455e-05
2215, 2590, 5.322766152543962e-05
2523, 2630, 5.264144665799372e-05
3019, 3304, 5.260975118438231e-05
3255, 3603, 5.225279293295648e-05
1413, 1879, 5.0863118820832585e-05
1691, 1701, 5.0402713663318406e-05
198, 254, 4.95124464739813e-05
2449, 2590, 4.92408152017679e-05
1305, 1602, 4.884591717377414e-05
3454, 3556, 4.7937992889993976e-05
649, 1018, 4.747692037378908e-05
3440, -1, 4.7353169893825224e-05
643, 1031, 4.719474689947428e-05
0, 447, 4.677949383583023e-05
2758, 2776, 4.673249974685628e-05
2856, 3285, 4.6401793609500624e-05
1377, 1657, 4.6369671970216696e-05
340, 798, 4.625970531875271e-05
2254, 2314, 4.610690366663736e-05
1691, 1894, 4.398720972566101e-05
3443, 3556, 4.385195293863505e-05
2047, 2155, 4.367642927681143e-05
0, 521, 4.235891758217066e-05
643, 905, 4.2104178129945685e-05
969, 986, 4.153757209900464e-05
1878, 1952, 4.144786188009172e-05
1691, 1914, 4.1326625424245396e-05
1104, 1270, 4.083095582975315e-05
3360, 3719, 4.059086717392327e-05
2359, 2590, 4.016564359963086e-05
340, 608, 4.0131471755658625e-05
1349, 1484, 3.941514262728783e-05
3019, 3249, 3.92195324945153e-05
3479, 3647, 3.863604184534664e-05
0, 1015, 3.8134954912122904e-05
1104, 1235, 3.800892062995425e-05
3267, 3361, 3.795856635173282e-05
1557, 1602, 3.7653873496752746e-05
1850, 1861, 3.74746365171398e-05
340, 655, 3.7149945617426294e-05
551, 746, 3.702338348494733e-05
825, 1266, 3.679314797790029e-05
2511, 2590, 3.6782737428439054e-05
364, 826, 3.664286781933972e-05
649, 970, 3.637330083740526e-05
1951, 2134, 3.595651742369999e-05
1357, 1617, 3.5890075146846364e-05
364, 817, 3.5770985039922424e-05
0, 471, 3.558078958499842e-05
3492, 3556, 3.558003649341121e-05
1473, 1671, 3.538428299460159e-05
3255, 3647, 3.524805970290457e-05
2004, 2299, 3.4542582863622366e-05
340, 458, 3.4221075684326675e-05
3041, 3297, 3.40889795564709e-05
388, 471, 3.334357744484616e-05
3507, 3556, 3.301875498809998e-05
969, 1266, 3.293474510412057e-05
1413, 1861, 3.274185650897149e-05
2021, 2140, 3.2514526560589836e-05
3198, -1, 3.246017621500507e-05
558, 746, 3.2225924911425996e-05
388, 681, 3.2145207760903524e-05
2581, 2630, 3.2114857080557044e-05
1557, 1671, 3.199723411322425e-05
2246, 2299, 3.198492425826819e-05
2672, 2710, 3.193504482242577e-05
1349, 1879, 3.186150562428353e-05
529, 746, 3.1729601498799533e-05
0, 305, 3.152389880910438e-05
3510, 3556, 3.1372950769365856e-05
2215, 2776, 3.127317700759561e-05
1581, 1879, 3.047383454609504e-05
895, 1266, 3.034775892869073e-05
2492, 2776, 3.0302788567993397e-05
3360, 3408, 3.0300702849134316e-05
3174, -1, 2.97022078989227e-05
0, 879, 2.9440206482375698e-05
1377, 1645, 2.9357354523308405e-05
2547, 2710, 2.934294015756794e-05
2254, 2590, 2.891863317826421e-05
388, 521, 2.8776883821941777e-05
1473, 1617, 2.8686194319337574e-05
1104, 1629, 2.8659928619072495e-05
1305, 1389, 2.8563158598638953e-05
954, 1025, 2.827686959557898e-05
1816, 1875, 2.8164567384259198e-05
364, 986, 2.7058766886269143e-05
1819, 1952, 2.678629060882768e-05
561, 746, 2.6587521656872763e-05
946, 1031, 2.6004506641228682e-05
3041, 3285, 2.564128183227682e-05
621, 681, 2.558676749009385e-05
952, 1015, 2.5433688311028324e-05
421, 545, 2.4713465291351017e-05
1729, 1952, 2.4703066714328527e-05
0, 474, 2.4685138061235917e-05
3267, 3603, 2.449231677886031e-05
388, 447, 2.4308908028891385e-05
1357, 1400, 2.421449542948972e-05
1947, 2118, 2.4120671330467887e-05
388, 1031, 2.3953730859694226e-05
2359, 2776, 2.3929387915718537e-05
1377, 1665, 2.3825842189684585e-05
388, 474, 2.3721627367670464e-05
3560, -1, 2.3478975842248775e-05
364, 506, 2.317135172583692e-05
1691, 2118, 2.3116498473964447e-05
621, 1031, 2.2634541840780503e-05
645, 1025, 2.251048807620332e-05
1377, 1597, 2.2307839628081863e-05
2023, 2140, 2.2232938331566567e-05
3255, 3395, 2.2219903799313376e-05
3521, -1, 2.21652582060006e-05
933, 1025, 2.181871298181164e-05
1110, 1220, 2.171460993626948e-05
1357, 1389, 2.163689910539165e-05
388, 905, 2.145835501264128e-05
1357, 1410, 2.1270754178034193e-05
834, 1266, 2.1242449594697068e-05
2098, 2134, 2.1048519605494105e-05
340, 723, 2.089859639381807e-05
887, 986, 2.0865773272194538e-05
1140, 1220, 2.067128950502578e-05
1349, 1861, 2.0498519352810573e-05
2739, 2776, 2.04928499754589e-05
2630, 2776, 2.032066853909728e-05
3426, 3603, 2.027167285813374e-05
621, 905, 2.0196165769416654e-05
3375, 3719, 2.013800822189212e-05
1479, 1629, 1.981177121477407e-05
1581, 1861, 1.9646049898939694e-05
933, 970, 1.9598760311150567e-05
1379, 1602, 1.9426360021137163e-05
3032, 3146, 1.925954001812107e-05
551, 1018, 1.879753638804639e-05
0, 190, 1.8776294707116625e-05
814, 986, 1.8735464658325294e-05
1540, 2134, 1.8625294416694138e-05
1104, 1275, 1.8400519895541494e-05
739, 1025, 1.8296345742367264e-05
529, 1018, 1.829385644868501e-05
364, 447, 1.8121412657975263e-05
2856, 3556, 1.812008044341565e-05
786, 970, 1.8046029885398138e-05
1377, 1484, 1.7722562836320984e-05
2566, 2590, 1.770233724614356e-05
1305, 1400, 1.762884940385134e-05
1819, 1861, 1.7272303612033382e-05
3342, 3427, 1.7186314822675316e-05
3375, 3395, 1.7035038817462786e-05
643, 681, 1.6986792475652594e-05
2254, 2776, 1.6983147942466413e-05
766, 1025, 1.684842676841831e-05
2523, 2632, 1.6592826328858488e-05
3267, 3647, 1.6509765157119414e-05
786, 1018, 1.6476004340956186e-05
3214, 3263, 1.63668152771383e-05
2234, 2427, 1.6318753623638543e-05
1213, 1266, 1.6134416085108844e-05
2449, 2776, 1.6123963852058454e-05
1691, 1984, 1.600285089384005e-05
1413, 1574, 1.5730909777249985e-05
421, 585, 1.560694464652998e-05
1693, 1952, 1.5562123831701886e-05
558, 1018, 1.544870390625042e-05
895, 1015, 1.5140918723519284e-05
521, 746, 1.5017922329680701e-05
0, 590, 1.4990221256774308e-05
844, 986, 1.476414028982162e-05
551, 970, 1.4502343884704012e-05
946, 986, 1.446008248916457e-05
2453, 2590, 1.4272060432906499e-05
352, 545, 1.4255933601612337e-05
529, 970, 1.4002345178218102e-05
0, 756, 1.3829705411913599e-05
3214, 3255, 1.3790986479291181e-05
816, 1025, 1.3718689337128801e-05
364, 471, 1.3467281510070573e-05
2376, 2723, 1.3433861728009834e-05
739, 746, 1.3235985986734663e-05
458, 746, 1.3221208675640443e-05
803, 1025, 1.3208589653538134e-05
3019, 3480, 1.3164031066338708e-05
768, 1018, 1.3131302044056734e-05
1305, 1425, 1.3119915942251933e-05
1413, 1649, 1.3073891752599847e-05
3512, 3556, 1.2623557785602338e-05
768, 970, 1.2552714393860672e-05
1379, 1435, 1.2478173023106045e-05
561, 1018, 1.2447211175708215e-05
2376, -1, 1.2405731632952677e-05
1357, 1629, 1.2197187008366399e-05
364, 681, 1.2087569496578926e-05
643, 836, 1.20635526581531e-05
741, 1018, 1.2048846164114456e-05
2523, 2637, 1.1991102718265177e-05
2856, 2868, 1.1989974971199538e-05
825, 879, 1.1975430879019508e-05
558, 970, 1.193815020249441e-05
745, 1025, 1.1884485762643057e-05
0, 460, 1.183057803941833e-05
3041, 3556, 1.1778862890846622e-05
1286, 1413, 1.174906782013809e-05
1425, 1602, 1.1723967630178216e-05
1377, 1879, 1.1718188729735885e-05
495, 746, 1.1714270365270614e-05
782, 986, 1.1652353039802502e-05
421, 1025, 1.1649256904481957e-05
352, 1025, 1.1484531865908112e-05
3267, 3395, 1.1429062549800177e-05
1729, 1875, 1.1385647410560598e-05
2407, 2460, 1.1271923966583958e-05
3214, 3427, 1.1258335056914606e-05
741, 970, 1.1241578743073177e-05
1581, 1649, 1.1163026808763734e-05
1104, 1657, 1.1021089482650012e-05
643, 1266, 1.0964771087535957e-05
2581, 2637, 1.0929788997728667e-05
2581, 2632, 1.0827134751643217e-05
352, 585, 1.0731774714364713e-05
2511, 2776, 1.071785687285361e-05
3255, 3263, 1.0681463733442222e-05
825, 1015, 1.0647381218761907e-05
1104, 1473, 1.0281220523184498e-05
2376, 2686, 1.0260864926822758e-05
3440, 3556, 1.0211693713768766e-05
1794, 2140, 1.0045180427258847e-05
0, 477, 1.002569851684031e-05
2407, 2630, 1.0012590279780365e-05
0, 623, 9.93257659928591e-06
3426, 3647, 9.862814354340106e-06
954, 970, 9.793130379436184e-06
388, 477, 9.719407887328112e-06
2004, 2140, 9.676117258924047e-06
561, 970, 9.560885731573106e-06
1104, 1176, 9.476833913054314e-06
1104, 1168, 9.448774564755645e-06
388, 460, 9.287449403614546e-06
1305, 1410, 9.130355026966846e-06
364, 474, 9.11545757713312e-06
3019, 3408, 9.062926972251619e-06
364, 1031, 9.007314751873635e-06
364, 521, 8.949953053344794e-06
814, 905, 8.947760558572994e-06
1357, 1473, 8.945733705550291e-06
1850, 1875, 8.891854226094752e-06
1850, 2134, 8.873110571073574e-06
1473, 1629, 8.848359929032265e-06
2215, 2246, 8.773063053875513e-06
3198, 3297, 8.723052641895335e-06
1557, 1617, 8.710085245026302e-06
3214, 3361, 8.44622574930971e-06
1305, 1671, 8.433453952557567e-06
340, 694, 8.378987869684584e-06
2021, 2255, 8.343990530155924e-06
2234, 2246, 8.213183287493992e-06
2047, 2073, 8.181435986896905e-06
364, 905, 8.069010214470373e-06
2856, 3222, 7.847727763535187e-06
1581, 1688, 7.793939551681513e-06
739, 826, 7.74922535347198e-06
3510, 3603, 7.709634173335638e-06
2672, 2937, 7.572938490821317e-06
458, 1018, 7.541319932254523e-06
1377, 1861, 7.538398051892049e-06
2234, 2460, 7.531082007956786e-06
0, 341, 7.418860803911571e-06
895, 905, 7.398268510693894e-06
1168, 1220, 7.372613329478459e-06
643, 756, 7.365283590701117e-06
2911, 2937, 7.306219396439149e-06
2881, 2929, 7.257760808978528e-06
2637, 2776, 7.252563891740677e-06
2581, 2710, 7.049831096452454e-06
782, 826, 7.017772218556384e-06
3507, 3603, 6.978217812444459e-06
1413, 1729, 6.9095040889479375e-06
2856, 3255, 6.778034294979625e-06
3214, 3603, 6.7773586523956745e-06
1349, 1649, 6.753598341409335e-06
1581, 1729, 6.749082943930347e-06
1413, 1952, 6.743137844687428e-06
1349, 1574, 6.706433551323256e-06
1142, 1220, 6.675422113754495e-06
495, 1018, 6.637569727554009e-06
739, 817, 6.604528583672637e-06
521, 970, 6.602569410887749e-06
834, 1015, 6.594340141137809e-06
1691, 2299, 6.583995274455022e-06
388, 590, 6.548310792897051e-06
1693, 1875, 6.541675152860244e-06
0, 293, 6.465106026879396e-06
782, 905, 6.459577291078011e-06
2806, 2937, 6.449547822206027e-06
3375, 3408, 6.370680156731055e-06
3030, 3146, 6.222861068137719e-06
3255, 3304, 6.202041551039826e-06
2234, 2272, 6.13591017827105e-06
0, 175, 6.130696214326722e-06
3198, 3285, 6.110251216679964e-06
1413, 1688, 6.102690654373455e-06
2803, 2937, 6.043702195795948e-06
521, 1018, 5.941121892121502e-06
2684, 2770, 5.93010110685619e-06
3041, 3222, 5.858738636320364e-06
981, 1031, 5.8009720576765944e-06
1104, 1645, 5.786480759385805e-06
2215, 2272, 5.781274828810585e-06
458, 970, 5.762290897112748e-06
388, 836, 5.748884059969356e-06
649, 1025, 5.747709392590104e-06
3077, 3297, 5.73562210307164e-06
0, 774, 5.701491469378276e-06
3046, 3146, 5.624711340066292e-06
3174, 3297, 5.622761475473706e-06
2547, 2770, 5.619137493570701e-06
2023, 2255, 5.614830586964342e-06
388, 1266, 5.611843584469141e-06
1379, 1413, 5.590664958258556e-06
714, 1018, 5.492689369578894e-06
784, 1018, 5.479206978507093e-06
2359, 2427, 5.291567769930056e-06
2251, 2255, 5.22509117323811e-06
645, 817, 5.164916462975199e-06
1947, 2299, 5.15440851421622e-06
621, 1266, 5.139099601469487e-06
495, 970, 5.110882947814043e-06
1794, 2255, 5.080603580290598e-06
621, 836, 5.0626302781080945e-06
784, 970, 5.054984398894827e-06
645, 826, 4.964310743693659e-06
3342, 3603, 4.960562546785389e-06
1104, 1333, 4.957388689727556e-06
2856, 3263, 4.891576635036306e-06
1152, 1220, 4.859165147102381e-06
2215, 2427, 4.844851063681987e-06
745, 826, 4.8105360122108575e-06
364, 460, 4.785702315033842e-06
643, 879, 4.7747384075505455e-06
2047, 2314, 4.769634775433786e-06
1286, 1602, 4.765077191260242e-06
2856, 3091, 4.672338416202034e-06
3214, 3647, 4.590262979962685e-06
1305, 1617, 4.521766235281491e-06
3032, -1, 4.518033957618858e-06
2453, 2776, 4.476488209083514e-06
1794, 1850, 4.437625097063173e-06
3285, 3556, 4.433897637628865e-06
1104, 1597, 4.4285491528756225e-06
0, 611, 4.427997342581288e-06
887, 1031, 4.395849231363466e-06
1581, 1597, 4.388399771940372e-06
388, 623, 4.371603328714608e-06
714, 970, 4.3702634641559675e-06
2359, 2460, 4.280879207688597e-06
834, 879, 4.217439993975878e-06
1349, 1952, 4.215028060781771e-06
1816, 2134, 4.133357717640865e-06
1691, 1766, 4.104579520240049e-06
1219, 1266, 4.094600108643363e-06
0, 649, 4.08030262814143e-06
1025, 1266, 4.079610072938541e-06
2234, 2630, 4.0547398380591595e-06
3041, 3255, 4.0052768586713915e-06
2732, 2929, 3.992626596456658e-06
2709, 2929, 3.98730395301688e-06
1479, 1597, 3.937743120468779e-06
1581, 1952, 3.933799889455768e-06
782, 817, 3.917571013762484e-06
2566, 2630, 3.903990924839322e-06
1048, 1220, 3.88598504350631e-06
3174, 3285, 3.878792506005603e-06
2131, 2134, 3.878649229009312e-06
814, 1031, 3.843873276525757e-06
3077, 3285, 3.800485164643821e-06
3647, 3719, 3.7889540860125625e-06
3492, 3603, 3.7850884518000693e-06
1947, 1984, 3.7800851031891783e-06
2376, 2929, 3.7741615530794114e-06
745, 817, 3.7180097265717004e-06
1557, 1629, 3.7003363785234172e-06
1819, 1875, 3.6827842072348836e-06
3019, 3719, 3.6560487081905505e-06
3079, 3146, 3.6349263594840655e-06
1286, 1435, 3.602250658555826e-06
364, 477, 3.579901057991447e-06
2254, 2427, 3.5293395435985175e-06
1286, 1389, 3.502522961867463e-06
0, 798, 3.494994314450519e-06
3510, 3647, 3.484062453678368e-06
766, 826, 3.476776339765245e-06
0, 385, 3.466176226093431e-06
3255, 3408, 3.4413170982236484e-06
3535, 3556, 3.430715586310393e-06
1413, 1875, 3.4219129989265233e-06
545, 746, 3.3588411495815987e-06
643, 774, 3.34730062281543e-06
3255, 3480, 3.3034442160173895e-06
1479, 1657, 3.3016834026224437e-06
340, 918, 3.1836509426848454e-06
340, 760, 3.168237198494529e-06
2407, 2427, 3.141974639677843e-06
782, 1031, 3.139613065739727e-06
1951, 2118, 3.12067153720763e-06
3512, 3603, 3.092160929643651e-06
1104, 1665, 3.088973634976119e-06
1601, 1671, 3.0854032087254074e-06
621, 756, 3.0798284197935043e-06
844, 1031, 3.0454683571714473e-06
3214, 3304, 2.9834331575452707e-06
2047, 2590, 2.973177404481738e-06
388, 756, 2.964185910593218e-06
3507, 3647, 2.9583236069269382e-06
388, 611, 2.9093259309724824e-06
1349, 1729, 2.857338224197873e-06
2004, 2255, 2.7980714767234773e-06
3041, 3263, 2.7671504299137135e-06
752, 970, 2.761753797529701e-06
0, 1220, 2.7518188902442506e-06
1540, 1834, 2.7460748464759625e-06
3342, 3647, 2.7226205887469417e-06
946, 1266, 2.710072326802856e-06
714, 746, 2.703085283113666e-06
2407, 2532, 2.7016719955117147e-06
1104, 1879, 2.6910588040325163e-06
2047, 2246, 2.5895322949961438e-06
2131, 2299, 2.5693852791998036e-06
844, 905, 2.560501206342743e-06
1357, 1657, 2.553440494530523e-06
458, 545, 2.552371341833011e-06
2215, 2460, 2.5225668986433768e-06
2547, 2572, 2.5194580834402643e-06
388, 879, 2.447972169461041e-06
2856, 3094, 2.4416221454390703e-06
340, 1220, 2.440454991703155e-06
340, 679, 2.4280076168223872e-06
388, 649, 2.419017161573964e-06
816, 986, 2.395023818880827e-06
739, 986, 2.392250437940023e-06
0, 160, 2.3908917990442882e-06
3535, 3603, 2.3705002385783704e-06
2532, 2590, 2.364124055508906e-06
2709, 2803, 2.362562192718242e-06
3019, 3071, 2.314719792656529e-06
364, 590, 2.2981466208827292e-06
1479, 1645, 2.2944999779580883e-06
766, 817, 2.2427801756655283e-06
766, 986, 2.2265701626089836e-06
803, 986, 2.1945753949829216e-06
3214, 3222, 2.184568574488613e-06
364, 836, 2.1617595651843452e-06
3535, 3647, 2.142713112941757e-06
1349, 1875, 2.1420978870079717e-06
1540, 1894, 2.1355174908896055e-06
1540, 1914, 2.134846301947837e-06
0, 24, 2.0942580664860353e-06
981, 1266, 2.093611960458661e-06
621, 879, 2.0856865986716942e-06
3214, 3395, 2.0843440768474856e-06
825, 836, 2.0817831949851187e-06
421, 826, 2.0694148245890386e-06
2523, 2710, 2.0582031944025236e-06
364, 1266, 2.0479282304828546e-06
1693, 1729, 2.04133233606283e-06
352, 826, 2.0389741655702235e-06
1581, 1875, 2.037995331693172e-06
421, 817, 2.0169403176947188e-06
458, 585, 2.0166412434118766e-06
495, 585, 2.014242173190261e-06
340, 933, 1.9976908490881186e-06
352, 817, 1.986418756588771e-06
2933, 2937, 1.963274596153196e-06
2877, 3297, 1.9546831362242663e-06
1581, 1655, 1.888498800974253e-06
1413, 1655, 1.885137297158681e-06
645, 986, 1.8777426412701074e-06
3041, 3091, 1.8429048409987947e-06
0, 318, 1.7791357766938583e-06
3267, 3408, 1.7772681032136735e-06
3255, 3719, 1.7540955176150806e-06
2047, 2175, 1.6896534942451417e-06
0, 1602, 1.6744939054274916e-06
1377, 1649, 1.6714025976176539e-06
364, 623, 1.643861201221781e-06
529, 585, 1.641363531874287e-06
2684, 2710, 1.6408416143036876e-06
1357, 1645, 1.6163115463134965e-06
2547, 2937, 1.5956023135105595e-06
649, 817, 1.5911460610007056e-06
421, 506, 1.5826780785450983e-06
745, 986, 1.5823621210624096e-06
3512, 3647, 1.5742010695178934e-06
1377, 1574, 1.5647710141559217e-06
3267, 3480, 1.5502651110217802e-06
2098, 2299, 1.5465986197468661e-06
1168, 1282, 1.5222274319417269e-06
2732, 2803, 1.5178376009966451e-06
3124, 3146, 1.513527030484365e-06
421, 986, 1.5135200455288052e-06
388, 774, 1.5096533784832518e-06
649, 826, 1.5013218750039973e-06
3521, 3556, 1.496162013906119e-06
352, 986, 1.4921182814569694e-06
2047, 2776, 1.4740922874108627e-06
1104, 1861, 1.4694307315000193e-06
2118, 2134, 1.4297147566827829e-06
1540, 2118, 1.4288965250337869e-06
2254, 2460, 1.4281968544688685e-06
643, 798, 1.4228268848528994e-06
3479, 3719, 1.3830262451420931e-06
1104, 1357, 1.3739194063478993e-06
621, 774, 1.3695335032649234e-06
1104, 1484, 1.3687945087798676e-06
2234, 2440, 1.3580769744629262e-06
3267, 3304, 1.3517154869408433e-06
1104, 1314, 1.310797446717225e-06
2881, 3146, 1.3063536194153084e-06
1140, 1282, 1.2973629911023362e-06
0, 655, 1.2971544793038627e-06
2856, 3427, 1.2915726290468904e-06
3077, 3222, 1.2914914335430597e-06
1357, 1597, 1.2884078927799618e-06
0, 608, 1.2747666964563157e-06
981, 986, 1.2720099959490837e-06
3454, 3603, 1.2572595088430045e-06
741, 746, 1.2551365284564972e-06
2407, 2632, 1.2470037643143746e-06
521, 585, 1.232387476814051e-06
814, 826, 1.2101195530935721e-06
1379, 1617, 1.2088679957615347e-06
803, 905, 1.2077295142422879e-06
1473, 1597, 1.1953491069458053e-06
766, 905, 1.1861089907425067e-06
2547, 2560, 1.1814785501581575e-06
2492, 2630, 1.1744101187369875e-06
352, 506, 1.171611157540155e-06
2021, 2147, 1.1478669811712891e-06
816, 905, 1.1319958273825136e-06
3041, 3094, 1.125112691482338e-06
364, 756, 1.1146277109879515e-06
1174, 1220, 1.1142338891144596e-06
3443, 3603, 1.1037896397816288e-06
352, 447, 1.1028129576756913e-06
0, 723, 1.0977892489472262e-06
364, 611, 1.0939986224780204e-06
3019, 3310, 1.0909675825312762e-06
2709, 2723, 1.0874181680577117e-06
3041, 3135, 1.0739842100952877e-06
1286, 1400, 1.06448737838836e-06
3077, 3556, 1.0642241823341722e-06
643, 723, 1.0308487513502122e-06
739, 905, 1.023683943757799e-06
1691, 2140, 1.0206167097796307e-06
2376, 2803, 1.0110491034134117e-06
1729, 2134, 1.0091029009781813e-06
3041, 3427, 9.862820179189739e-07
3342, 3395, 9.457572685853179e-07
388, 798, 9.33152111429946e-07
2407, 2560, 9.294921973542709e-07
0, 918, 9.247830306788356e-07
364, 649, 9.096270082149307e-07
1947, 2140, 8.951437476652715e-07
814, 1266, 8.948130529961202e-07
1140, 1413, 8.894167157551904e-07
2407, 2480, 8.869933683871821e-07
1168, 1413, 8.777758499332805e-07
2921, 2937, 8.704853289070583e-07
2624, 2710, 8.676504469195822e-07
1357, 1484, 8.57962471829092e-07
3492, 3647, 8.519980953094367e-07
1878, 2134, 8.434300586581706e-07
3541, 3647, 8.394100207162563e-07
3041, 3167, 8.268439444542904e-07
1850, 1914, 8.147389906920726e-07
0, 1413, 8.132845034751355e-07
388, 608, 8.095332070436504e-07
1110, 1282, 8.094682212704806e-07
1693, 2134, 8.081379363430838e-07
3426, 3480, 8.066628661376549e-07
2251, 2314, 7.994160607075486e-07
741, 826, 7.983633313215181e-07
2684, 2937, 7.867891987542789e-07
2023, 2147, 7.861157195755611e-07
825, 918, 7.691197691249759e-07
2856, 3135, 7.574230554776512e-07
388, 655, 7.493897756922357e-07
132, 254, 7.436998466276108e-07
545, 970, 7.353361372319789e-07
2407, 2710, 7.316258651705488e-07
834, 836, 7.243760996434934e-07
2856, 3361, 7.232269828525627e-07
340, 637, 7.21408669361021e-07
421, 521, 7.211789488364026e-07
0, 188, 7.149968176104483e-07
495, 545, 7.097567181087553e-07
745, 905, 7.096894784372455e-07
352, 471, 7.010676253492689e-07
3019, 3342, 7.008102988125455e-07
364, 879, 6.92632074869008e-07
421, 681, 6.826739110450392e-07
782, 1266, 6.802713036393832e-07
352, 681, 6.726162860956023e-07
1850, 2118, 6.664319478739836e-07
1357, 1879, 6.546961896687088e-07
2407, 2637, 6.527835223953115e-07
1479, 1879, 6.457277576122564e-07
952, 1220, 6.404705563489221e-07
1205, 1266, 6.367171843718321e-07
2581, 2770, 6.287560700317105e-07
0, 933, 6.239757985987333e-07
1110, 1215, 6.229172507861859e-07
782, 836, 6.152687683311806e-07
2672, 2723, 6.132543391276287e-07
2234, 2532, 6.100431664124872e-07
2407, 2440, 6.06756459092418e-07
1951, 2299, 6.04643392660047e-07
2098, 2118, 6.029139997130572e-07
2359, 2440, 6.007756168742768e-07
3342, 3480, 6.00338596632548e-07
1349, 1357, 5.86019505918099e-07
844, 1266, 5.856935756364998e-07
645, 905, 5.816343039245048e-07
3285, 3427, 5.79314132785216e-07
1816, 1894, 5.748948314022069e-07
621, 723, 5.722134785422162e-07
340, 936, 5.696424163840104e-07
3041, 3361, 5.689349437471616e-07
364, 774, 5.676773794826078e-07
2407, 2572, 5.616187155464843e-07
2856, 3167, 5.597373132282114e-07
887, 1266, 5.588279578709947e-07
2523, 2572, 5.571270075501174e-07
3055, 3146, 5.518872959387671e-07
814, 817, 5.375245980939938e-07
3077, 3255, 5.364835999704892e-07
1140, 1215, 5.350912465681345e-07
782, 879, 5.336119915077849e-07
741, 817, 5.331236428307807e-07
1540, 1984, 5.32367283363559e-07
1691, 2255, 5.20670198214716e-07
0, 694, 5.168194281068903e-07
1413, 2134, 5.161229388633221e-07
388, 458, 5.153831601413606e-07
2566, 2710, 5.02156220110254e-07
1819, 2134, 4.886190908485482e-07
621, 798, 4.871720550607138e-07
825, 933, 4.7455436454417025e-07
352, 474, 4.7164551459487844e-07
0, 458, 4.6767607365605345e-07
551, 585, 4.6593420292414295e-07
1850, 1984, 4.584620428877824e-07
3285, 3297, 4.515529827804422e-07
421, 905, 4.486830554667182e-07
352, 521, 4.439736343277152e-07
352, 905, 4.4212908942061155e-07
1377, 1875, 4.4188072757919734e-07
1305, 1336, 4.4123519479992826e-07
2605, 2710, 4.223903608836084e-07
388, 723, 4.2156708989903787e-07
1691, 1850, 4.2035807386481194e-07
1357, 1861, 4.1831535270925386e-07
2709, 3146, 4.1796726801673644e-07
0, 760, 4.179424502804549e-07
834, 918, 4.142060397078291e-07
1479, 1861, 4.1258501103634367e-07
1947, 2255, 4.0871498875242503e-07
501, 746, 3.9587956954820596e-07
2215, 2440, 3.91984662921662e-07
2877, 3285, 3.9010685590248064e-07
3342, 3361, 3.8678148861262857e-07
3541, 3556, 3.8225293947619016e-07
3285, 3361, 3.8198169172755284e-07
2021, 2073, 3.798774006211041e-07
814, 879, 3.792415501832295e-07
2234, 2710, 3.719057485690763e-07
551, 817, 3.692839996138873e-07
2376, 3146, 3.659444811847118e-07
2021, 2155, 3.6476871591970774e-07
3255, 3342, 3.634333651218224e-07
2749, 2937, 3.607803523291323e-07
529, 817, 3.579320203605526e-07
2732, 3146, 3.5631319268025034e-07
198, 746, 3.504021834114641e-07
2047, 2272, 3.4994302577574637e-07
3214, 3408, 3.448884237020447e-07
2254, 2272, 3.4265665950558203e-07
2732, 2857, 3.3634253103949437e-07
1110, 1182, 3.354030472411015e-07
2047, 2177, 3.3223603073606926e-07
551, 826, 3.291146494672887e-07
1540, 2299, 3.193617661129246e-07
529, 826, 3.18644055614439e-07
2709, 2857, 3.1266222094638785e-07
1816, 2118, 3.087189823079388e-07
558, 817, 3.046381643233565e-07
364, 608, 3.044101054225761e-07
3342, 3408, 3.000564021876821e-07
1794, 2147, 2.9959349712511866e-07
1152, 1282, 2.9491031446923975e-07
2131, 2255, 2.946551613931936e-07
1349, 2134, 2.864554974374329e-07
1142, 1282, 2.8554129304331163e-07
364, 655, 2.817942718547116e-07
3214, 3480, 2.7339052069455364e-07
1794, 2073, 2.7185348643925105e-07
558, 826, 2.716725325432987e-07
2004, 2147, 2.715669374884626e-07
825, 1220, 2.7130459014384623e-07
645, 681, 2.672175285979751e-07
364, 798, 2.65355854844319e-07
1581, 2134, 2.6461857039672334e-07
364, 458, 2.6368429059369523e-07
2004, 2073, 2.564993670855128e-07
714, 817, 2.5440769251231687e-07
2547, 2686, 2.5279853481350735e-07
558, 585, 2.4956991161107236e-07
2118, 2299, 2.4731466525205084e-07
352, 460, 2.460060299012938e-07
561, 817, 2.456753480244232e-07
969, 1220, 2.453152546264288e-07
768, 826, 2.4255425100578563e-07
0, 60, 2.397264569958693e-07
803, 826, 2.3399123336037646e-07
3174, 3255, 2.3330558222886627e-07
2023, 2073, 2.2953354883095282e-07
739, 836, 2.2824496892105437e-07
714, 826, 2.2582805474593725e-07
895, 1220, 2.2358137715362323e-07
1540, 1563, 2.2263518163756117e-07
1413, 1517, 2.2088452433510927e-07
421, 471, 2.2068146982842808e-07
561, 826, 2.1885099051723315e-07
3198, 3556, 2.1592421747366558e-07
1174, 1282, 2.1166402202744454e-07
2047, 2427, 2.1125852705033806e-07
2047, 2207, 2.0457143652800657e-07
1794, 2024, 2.0455561809958615e-07
2023, 2155, 1.990862133317309e-07
2246, 2255, 1.986440131663591e-07
2547, 2723, 1.9744162059923513e-07
2523, 2560, 1.9340324707572408e-07
2254, 2440, 1.8329082403371302e-07
2376, 2857, 1.8099198220260692e-07
421, 590, 1.7883094202430455e-07
2098, 2255, 1.767238841171e-07
421, 474, 1.7626276565610562e-07
1140, 1243, 1.757653061031566e-07
352, 477, 1.7494336415607414e-07
2856, 3603, 1.7026358947686622e-07
3255, 3310, 1.6980193339355813e-07
561, 585, 1.6916137656538928e-07
388, 694, 1.6902118524893594e-07
3541, 3603, 1.6804543976446912e-07
768, 817, 1.6768200352652565e-07
529, 545, 1.6561629904047488e-07
2877, 3222, 1.573051769964673e-07
645, 836, 1.567021694792941e-07
834, 1220, 1.5608140529474967e-07
2266, 2314, 1.5495256811112232e-07
521, 817, 1.5351448709381292e-07
621, 649, 1.5298608199137193e-07
521, 545, 1.5275548943899425e-07
2856, 3304, 1.5152643544849025e-07
2581, 2937, 1.510668211876462e-07
458, 817, 1.499229914852149e-07
745, 836, 1.477881172221834e-07
521, 826, 1.4770621169041667e-07
766, 836, 1.459567117722672e-07
803, 817, 1.452185330712686e-07
551, 681, 1.4382778934087212e-07
3267, 3342, 1.4055828364092842e-07
2234, 2560, 1.3887916784982776e-07
2877, 3091, 1.3675024560690145e-07
2672, 2929, 1.336274399944683e-07
458, 826, 1.329658158999068e-07
495, 817, 1.328192158719256e-07
2407, 2474, 1.3220651447940638e-07
0, 330, 1.290927738171311e-07
352, 590, 1.2787770388758458e-07
529, 681, 1.255641017559672e-07
558, 681, 1.2386583015435423e-07
2672, 2803, 1.2348055980436076e-07
2234, 2480, 1.214133724100646e-07
766, 879, 1.193404928946775e-07
2806, 2929, 1.1909049681361505e-07
495, 826, 1.1777633070531002e-07
786, 826, 1.1520855982086315e-07
2856, 2986, 1.1292496710401991e-07
752, 826, 1.126319552795763e-07
2803, 2929, 1.1093336572020499e-07
561, 681, 1.024924093102895e-07
364, 385, 1.0146378262838832e-07
2449, 2532, 9.953806263822097e-08
816, 826, 9.919457157331372e-08
752, 817, 9.826755181888247e-08
3077, 3167, 9.800623854467629e-08
1850, 2299, 9.342386282943962e-08
2215, 2532, 9.267543616226591e-08
2758, 2937, 9.026598887556428e-08
2911, 3146, 8.789240932871835e-08
1140, 1602, 8.660990481663404e-08
2933, 3146, 8.626753129749631e-08
1168, 1602, 8.581081997408627e-08
364, 723, 8.537689113618389e-08
421, 477, 8.117925712076597e-08
421, 447, 7.977359583362498e-08
421, 836, 7.762690844164534e-08
352, 836, 7.648332598173629e-08
160, 254, 7.528790965574955e-08
739, 879, 7.352914475724893e-08
1110, 1602, 7.304173567658187e-08
786, 817, 7.280817977596025e-08
3174, 3222, 7.248262704994826e-08
1435, 1602, 7.130830409845998e-08
2215, 2710, 6.688050230175918e-08
1540, 1766, 6.639302621700148e-08
814, 836, 6.478173734418349e-08
1377, 2134, 6.393764379436693e-08
3019, 3046, 6.366338047715438e-08
2732, 2868, 6.209879238020812e-08
3214, 3310, 6.186258620155711e-08
521, 681, 6.149548738725759e-08
2376, 2684, 6.12733908808792e-08
2630, 2710, 6.050969408608694e-08
2492, 2710, 6.041002960042178e-08
645, 756, 6.022666393194118e-08
1794, 2155, 5.9233275109926344e-08
0, 58, 5.897449511090004e-08
421, 623, 5.7934171402370765e-08
2709, 2868, 5.740166294181043e-08
3077, 3427, 5.336639480952425e-08
352, 623, 5.327370783518873e-08
643, 649, 5.141569425278031e-08
2021, 2314, 4.7237133926220636e-08
3214, 3342, 4.586692520611097e-08
495, 681, 4.5501739078188816e-08
3267, 3310, 4.255455844209156e-08
458, 681, 4.250925375777853e-08
1947, 2073, 4.164619744893982e-08
421, 460, 4.146032860677548e-08
421, 611, 4.144449219409421e-08
458, 506, 4.113906201565334e-08
1729, 2118, 3.996097503060094e-08
154, 254, 3.992803386325251e-08
621, 655, 3.957026090776495e-08
649, 836, 3.909727607236609e-08
421, 756, 3.899646012871695e-08
352, 756, 3.842195302678941e-08
501, 585, 3.810184583570349e-08
1878, 2118, 3.758085735064555e-08
458, 521, 3.705454826615495e-08
92, 254, 3.616707822988835e-08
621, 694, 3.609945017937948e-08
2376, 2868, 3.604840200378732e-08
621, 623, 3.5283395736835095e-08
352, 611, 3.486967982489928e-08
1425, 1617, 3.420578076173307e-08
3124, 3297, 3.3955097822376794e-08
1816, 1914, 3.390340878708879e-08
649, 681, 3.341375428321764e-08
2047, 2220, 3.3202553667572126e-08
198, 545, 3.19722657206625e-08
421, 649, 3.1536359747783176e-08
352, 649, 3.107174425057147e-08
643, 694, 3.0415119998101624e-08
2341, 2590, 3.013054475327081e-08
2877, 3094, 2.930850895074304e-08
1951, 2255, 2.7400191776388214e-08
1691, 2073, 2.6730493230044196e-08
2118, 2255, 2.6479770812112746e-08
2023, 2314, 2.598284752970799e-08
545, 585, 2.501983640946627e-08
2047, 2460, 2.449533598131472e-08
364, 694, 2.4268363325107702e-08
1794, 2314, 2.3980571770575376e-08
645, 774, 2.359104285684904e-08
2215, 2234, 2.272506170453985e-08
2246, 2314, 2.229337831840277e-08
1691, 2024, 2.140293354016741e-08
643, 655, 2.1312762226437682e-08
2251, 2590, 2.039422969945362e-08
887, 905, 1.8606098529972914e-08
649, 905, 1.754898875117736e-08
144, 254, 1.7522130073227145e-08
501, 545, 1.731003435678904e-08
198, 585, 1.6515677346767834e-08
1693, 2118, 1.59312950947713e-08
98, 254, 1.5704495824055212e-08
786, 905, 1.5406415223622792e-08
784, 826, 1.4981507408952162e-08
1286, 1336, 1.4867227229223778e-08
529, 623, 1.4813875995185426e-08
2856, 3071, 1.4772697029912109e-08
2234, 2572, 1.4530386560125462e-08
352, 458, 1.4504133423136639e-08
2449, 2460, 1.446873251411353e-08
645, 1266, 1.4385197556645717e-08
495, 590, 1.4118243683934494e-08
2047, 2234, 1.4057517235227595e-08
1168, 1296, 1.3534491494036225e-08
458, 590, 1.3345268130686367e-08
954, 1266, 1.32554393499869e-08
739, 1266, 1.2979210923978346e-08
766, 1266, 1.2844142538415965e-08
2341, 2427, 1.2515703954924357e-08
3214, 3249, 1.2408981699326931e-08
2215, 2220, 1.2336233383933513e-08
352, 385, 1.1587701688182603e-08
1951, 2140, 1.1253187647602392e-08
421, 608, 1.1119260647149355e-08
340, 1282, 1.089622306471712e-08
1142, 1215, 1.0872413248001723e-08
2359, 2480, 1.0662181812137108e-08
768, 905, 1.0613766903084638e-08
95, 254, 1.0541836457805391e-08
1168, 1215, 1.04473954569711e-08
1947, 2024, 1.0408781132332611e-08
529, 590, 1.0302815055919636e-08
2234, 2474, 1.0212143673184878e-08
816, 1266, 1.0191952482602429e-08
2341, 2460, 1.0064766446680485e-08
1140, 1296, 9.896111912493694e-09
421, 774, 9.737894006233215e-09
352, 774, 9.594433446135379e-09
3077, 3361, 9.239657617453584e-09
352, 608, 9.143369894216687e-09
803, 1266, 9.06420888994586e-09
421, 1266, 9.038867173415442e-09
352, 1266, 9.03139355559388e-09
741, 905, 8.554344629004437e-09
107, 254, 8.533622762601407e-09
521, 623, 8.462829976123168e-09
2004, 2314, 8.347543605862393e-09
745, 1266, 8.221045418850583e-09
551, 623, 8.192240149440802e-09
529, 611, 8.035196577075176e-09
1110, 1243, 8.027558813295238e-09
1048, 1282, 7.92809304905985e-09
2672, 2857, 7.894227726193643e-09
521, 590, 7.832419697921155e-09
1473, 1879, 7.66639439179459e-09
3198, 3427, 7.661024339633404e-09
1168, 1243, 7.488015266653336e-09
1140, 1252, 7.32717805962078e-09
933, 1266, 6.917988758437408e-09
2359, 2532, 6.87850817940799e-09
198, 215, 6.813072310121545e-09
1152, 1215, 6.657060924001422e-09
3198, 3361, 6.637200865792223e-09
1305, 1629, 6.581365570402606e-09
1110, 1296, 6.565947759067953e-09
1048, 1215, 6.518520503784886e-09
388, 679, 6.09655922535637e-09
2215, 2480, 5.903717858744704e-09
1850, 1894, 5.81961671202565e-09
1168, 1252, 5.802757376757902e-09
421, 655, 5.147732514151655e-09
352, 655, 5.071892552890953e-09
643, 1220, 5.056946374735949e-09
340, 1215, 4.957953971854256e-09
2021, 2024, 4.90340436392038e-09
545, 681, 4.898183686430293e-09
2523, 2532, 4.887812797180823e-09
2359, 2474, 4.8532210659703346e-09
495, 521, 4.544370216467586e-09
1048, 1182, 4.4821008284769366e-09
2251, 2427, 4.47678402502674e-09
2004, 2024, 4.4279692619153714e-09
340, 1048, 4.298941969954971e-09
529, 649, 4.265011894914067e-09
2877, 2986, 4.26151447323248e-09
495, 623, 4.186650837706869e-09
495, 506, 4.143482505321192e-09
340, 1065, 3.972684450601326e-09
551, 649, 3.84335052971513e-09
784, 905, 3.833431753398477e-09
551, 905, 3.794856335040226e-09
1140, 1182, 3.5777151736272334e-09
458, 623, 3.5252608240357334e-09
529, 905, 3.4043294455926194e-09
86, 254, 3.4001060733283562e-09
198, 226, 3.3483977625399305e-09
3131, 3146, 3.2558753338278327e-09
558, 905, 3.1921515847115145e-09
649, 1266, 3.0240698589716686e-09
1168, 1270, 3.0124708873750454e-09
495, 611, 2.840566867300467e-09
1110, 1252, 2.7664124275826557e-09
558, 623, 2.7102760145924436e-09
521, 611, 2.681439989350387e-09
649, 756, 2.676897484853042e-09
1140, 1270, 2.5943291809818602e-09
643, 760, 2.575040984620479e-09
2215, 2474, 2.5176991777644937e-09
952, 1048, 2.449609771380846e-09
458, 611, 2.429722340818754e-09
2856, 3046, 2.383447245120291e-09
340, 1182, 2.345088018037753e-09
2254, 2480, 2.3060688223249224e-09
458, 471, 2.3026826825484956e-09
364, 679, 2.292499208628065e-09
645, 723, 2.19496032280572e-09
421, 458, 2.1702642058378603e-09
952, 1065, 2.1522469488677342e-09
198, 221, 2.0976165369374e-09
2921, 3146, 2.049074425588412e-09
621, 679, 2.0036885154061774e-09
101, 254, 1.9233150310092235e-09
3077, 3091, 1.9095106602799882e-09
388, 1220, 1.9000104147852062e-09
458, 474, 1.8872002076124703e-09
388, 760, 1.8566807038289132e-09
198, 506, 1.8376979741541637e-09
1729, 1834, 1.8372215256441897e-09
2047, 2440, 1.7348771903488225e-09
2251, 2460, 1.7128996250205995e-09
558, 649, 1.707826300238286e-09
421, 723, 1.6843566344452546e-09
352, 723, 1.6595414234908204e-09
1142, 1243, 1.6527232184511371e-09
2453, 2460, 1.587321629803927e-09
1152, 1243, 1.5569540387251698e-09
2047, 2196, 1.5333956988926024e-09
521, 649, 1.4107102134805317e-09
561, 649, 1.376977553582092e-09
1025, 1220, 1.3169606968253306e-09
421, 694, 1.3015174823483292e-09
352, 694, 1.2823425462184904e-09
495, 649, 1.275862552527968e-09
198, 305, 1.268673013550307e-09
2266, 2427, 1.2478135713531765e-09
643, 679, 1.2445168947970646e-09
3032, 3091, 1.2120449093866822e-09
198, 447, 1.1561945100356154e-09
3077, 3135, 1.0986462916220223e-09
621, 760, 1.0972014516184555e-09
104, 254, 1.0815447568532898e-09
458, 649, 1.0786756774429101e-09
1140, 1235, 1.0429710367809756e-09
132, 215, 9.53387364139462e-10
2672, 3146, 9.091256024241407e-10
458, 477, 9.042694675591722e-10
969, 1065, 8.803044402122166e-10
3077, 3094, 8.724155561279713e-10
2254, 2532, 8.718388091486887e-10
561, 623, 8.639641153869613e-10
1473, 1861, 8.496156779279081e-10
198, 521, 8.278591977963474e-10
621, 1220, 8.218260465811946e-10
969, 1048, 8.16126391565959e-10
198, 471, 8.057315287023176e-10
109, 254, 7.943789158460068e-10
2254, 2474, 7.061131483035468e-10
364, 760, 6.981706208245435e-10
1110, 1235, 6.974202173714237e-10
529, 655, 6.879601492347013e-10
551, 611, 6.713062978029901e-10
551, 655, 6.396747880377174e-10
895, 1048, 6.149445684260691e-10
645, 694, 5.740032096636458e-10
198, 474, 5.539213688038449e-10
2234, 2341, 5.51872528870696e-10
2492, 2532, 5.454190852469386e-10
551, 590, 5.088388880404429e-10
3174, 3361, 5.040031927886134e-10
895, 1065, 4.966323548910524e-10
825, 1048, 4.748093699508527e-10
558, 655, 4.745509160702724e-10
3032, 3094, 4.740664047594772e-10
501, 681, 4.740208115200502e-10
2047, 2066, 4.438073395466337e-10
825, 1065, 4.3844440118092264e-10
458, 460, 4.2827387145210273e-10
529, 756, 3.96328388419502e-10
561, 655, 3.884881253924215e-10
1110, 1413, 3.8376150378349935e-10
521, 655, 3.683124329227024e-10
558, 611, 3.620537538686752e-10
2877, 3135, 3.5280240169302024e-10
495, 655, 3.322342804920047e-10
1142, 1182, 3.238697466746277e-10
952, 1282, 3.2257890147746234e-10
198, 681, 3.0298974519610256e-10
198, 293, 2.820712954730933e-10
458, 655, 2.8151278516666375e-10
198, 460, 2.7978823504552726e-10
3041, 3071, 2.736400036077451e-10
2359, 2710, 2.6636498857264903e-10
132, 226, 2.644324518651134e-10
561, 611, 2.560387790880579e-10
645, 649, 2.4421535938928746e-10
2341, 2440, 2.3329127857811245e-10
558, 590, 2.3256524116994182e-10
0, 679, 2.2457260379575526e-10
198, 477, 2.2220303502548015e-10
132, 221, 2.1831465016662677e-10
529, 608, 2.1680270160905504e-10
132, 545, 2.1470917366487587e-10
0, 637, 2.0936269850007667e-10
545, 649, 1.710425576489747e-10
2215, 2341, 1.6931305896791506e-10
495, 608, 1.6547929543707972e-10
1168, 1235, 1.61220714007306e-10
521, 608, 1.4993451310919739e-10
2877, 3167, 1.4675847966078995e-10
198, 385, 1.44867778982409e-10
458, 608, 1.4242888914131853e-10
545, 623, 1.3385043071507503e-10
421, 679, 1.2947440716569633e-10
352, 679, 1.2756690051170708e-10
2692, 2710, 1.2255955307847962e-10
952, 1215, 1.19083624613545e-10
3030, 3091, 1.1434278096599477e-10
2449, 2710, 1.105448687327354e-10
2254, 2710, 1.0974949932258603e-10
501, 521, 1.0838516904262258e-10
561, 590, 1.0538727696428664e-10
2254, 2341, 1.0110202689535706e-10
501, 506, 1.0061133700710399e-10
388, 637, 9.15146688816003e-11
3135, 3146, 9.052888635926531e-11
3104, 3146, 8.513018322545387e-11
645, 655, 8.176296526131086e-11
2877, 3046, 6.40176400893929e-11
92, 215, 6.177377616528499e-11
551, 608, 6.032838312326165e-11
545, 611, 4.9216427875918163e-11
2877, 3071, 4.7253818257311447e-11
1557, 1879, 4.38537434891007e-11
501, 590, 4.2744651579856035e-11
545, 655, 3.7234453001790564e-11
160, 215, 3.667238334752498e-11
545, 590, 3.5456592124288026e-11
364, 637, 3.441241169549445e-11
558, 608, 3.4406061535869e-11
3041, 3046, 2.8233661643350064e-11
98, 215, 2.6615742735148506e-11
1693, 1834, 2.5676954412214115e-11
154, 215, 2.524792266720398e-11
501, 649, 2.2899282417464822e-11
501, 623, 2.0562671329551756e-11
2376, 2409, 2.013512540535849e-11
160, 545, 1.9623569195802506e-11
95, 215, 1.7945091848856567e-11
198, 458, 1.7600375185204624e-11
144, 215, 1.6238039468295375e-11
160, 226, 1.4694053649090598e-11
92, 226, 1.4490976096680895e-11
92, 545, 1.4221484740003271e-11
107, 215, 1.4144517916034941e-11
92, 221, 1.2734724974508179e-11
132, 506, 1.2346460655115566e-11
501, 611, 1.0870063164280707e-11
154, 545, 1.0349585156305336e-11
160, 221, 1.0287359277152935e-11
154, 226, 9.35260921695266e-12
198, 649, 8.12017979890918e-12
132, 447, 7.754808986754282e-12
198, 623, 7.257000096647258e-12
154, 221, 6.796818870664924e-12
98, 226, 6.276842251131292e-12
98, 545, 5.881776992594118e-12
86, 215, 5.8318259796894936e-12
132, 521, 5.567784775743853e-12
98, 221, 5.504616260847419e-12
198, 590, 5.495835901657187e-12
132, 471, 5.409674935024426e-12
649, 655, 5.313179402219884e-12
132, 305, 5.271190136045709e-12
144, 226, 5.234947218994227e-12
144, 545, 4.69764484835146e-12
561, 608, 4.682384888876633e-12
501, 655, 4.511562276637646e-12
132, 585, 4.236028929070171e-12
95, 226, 4.219975816701552e-12
2047, 2341, 4.076931559129602e-12
144, 221, 4.0527973029935035e-12
95, 545, 3.9854656709255106e-12
132, 474, 3.720666172460558e-12
95, 221, 3.704925553584733e-12
198, 611, 3.4793246280884036e-12
107, 226, 3.378762208916757e-12
101, 215, 3.2411477834222364e-12
107, 221, 2.9495813509332116e-12
107, 545, 2.932338598116836e-12
621, 637, 2.8219387136065246e-12
132, 460, 1.8808147911223054e-12
421, 637, 1.8492164662891912e-12
739, 756, 1.825898625728749e-12
352, 637, 1.8219725283455413e-12
104, 215, 1.8094074993977405e-12
551, 756, 1.7661241986938961e-12
198, 318, 1.6288739122583479e-12
558, 756, 1.5651966693803948e-12
132, 477, 1.4943313084071326e-12
545, 608, 1.4747963495776567e-12
86, 226, 1.3626840495178996e-12
109, 215, 1.3067179982487554e-12
132, 293, 1.26437763719993e-12
198, 341, 1.2509722414135457e-12
86, 221, 1.199299611435402e-12
160, 506, 1.113375600606459e-12
649, 774, 8.677435180206413e-13
132, 385, 8.130981578190938e-13
92, 506, 8.068794191274618e-13
101, 226, 7.669509635052763e-13
501, 608, 7.589353607526948e-13
160, 447, 7.075970982656926e-13
101, 221, 6.717407055441249e-13
160, 305, 6.010445482309501e-13
154, 506, 5.879693454261047e-13
92, 447, 5.128058629216446e-13
529, 637, 4.966316223380435e-13
160, 471, 4.869662214711093e-13
2856, 3249, 4.4218694557552754e-13
104, 226, 4.299397604670836e-13
132, 190, 3.9479215526695507e-13
551, 637, 3.9475580768601516e-13
86, 545, 3.8189169865287303e-13
104, 221, 3.7600778666482497e-13
529, 694, 3.707044469780627e-13
154, 447, 3.682264595174781e-13
551, 694, 3.6201414702322957e-13
92, 471, 3.529114718350907e-13
160, 474, 3.349727710961572e-13
109, 226, 3.135148192606704e-13
558, 694, 3.0686099412546057e-13
154, 305, 3.025461652857311e-13
521, 637, 2.9499196477062084e-13
198, 608, 2.876953902876451e-13
558, 637, 2.865328053452248e-13
160, 521, 2.816542784113455e-13
109, 221, 2.73289109885441e-13
495, 637, 2.7067845387001824e-13
2449, 2560, 2.692248950708408e-13
92, 305, 2.614319769628704e-13
458, 637, 2.2805147582705375e-13
561, 637, 2.218530767204756e-13
92, 521, 2.0411893384004564e-13
101, 545, 1.9192631346162002e-13
92, 115, 1.8329756482101464e-13
154, 521, 1.4874053430286695e-13
98, 506, 1.4696021764076237e-13
160, 293, 1.442017016456778e-13
144, 305, 1.2683633236169201e-13
160, 585, 1.2339653465520807e-13
144, 506, 1.1737386680623794e-13
98, 305, 1.1197653915269953e-13
104, 545, 1.0537380370917331e-13
95, 506, 1.0101919859254138e-13
154, 471, 9.889832067381055e-14
92, 474, 9.537966750127818e-14
92, 585, 8.350037441915828e-14
95, 305, 7.541200887410044e-14
107, 506, 7.432569231362839e-14
154, 293, 7.269138491411554e-14
98, 447, 6.989049662735128e-14
132, 175, 6.983593081950353e-14
154, 474, 6.950272784046174e-14
92, 293, 6.160654673815701e-14
154, 585, 6.084634125772812e-14
107, 305, 6.038740632694727e-14
92, 190, 5.940624059062115e-14
160, 460, 5.699559296212642e-14
98, 471, 5.6204945257252655e-14
144, 447, 5.5819989748608367e-14
160, 477, 5.4056130853534507e-14
98, 115, 5.3051356605684475e-14
95, 447, 4.8042130529422146e-14
144, 471, 4.488964336323125e-14
95, 115, 4.359416670349033e-14
92, 460, 4.130553149993201e-14
98, 474, 3.949912381613718e-14
92, 477, 3.9175260747244363e-14
95, 471, 3.86347993897532e-14
132, 458, 3.81338689860289e-14
198, 330, 3.720890236015675e-14
107, 447, 3.534738605701675e-14
98, 585, 3.4579609200587326e-14
144, 474, 3.154707425033408e-14
144, 293, 3.0469145254267267e-14
154, 460, 3.009915204523996e-14
154, 477, 2.854683348270616e-14
107, 471, 2.842586609327518e-14
144, 585, 2.761796702317705e-14
95, 474, 2.7151360395828574e-14
98, 293, 2.666104430746887e-14
86, 115, 2.591614021553987e-14
86, 305, 2.575761924972609e-14
98, 190, 2.428957662971914e-14
95, 585, 2.376972806086599e-14
160, 385, 2.3692808133141868e-14
92, 175, 2.058408725301508e-14
107, 474, 1.9976832986138902e-14
95, 293, 1.7924295126663045e-14
107, 585, 1.7488769648198203e-14
92, 385, 1.7170521119337232e-14
98, 460, 1.7105661465902164e-14
95, 190, 1.68601723913525e-14
86, 447, 1.6630017082891867e-14
107, 115, 1.5893483322204178e-14
132, 188, 1.4841639538550854e-14
107, 293, 1.4436407743662646e-14
132, 160, 1.4150748029285034e-14
101, 305, 1.3671121570567436e-14
144, 460, 1.3661912473750349e-14
154, 385, 1.2512080273504872e-14
107, 190, 1.134269004143266e-14
340, 1243, 8.706309384887195e-15
86, 585, 8.228006946232535e-15
160, 190, 7.83074576808219e-15
98, 175, 7.68705343881471e-15
104, 305, 7.668341064780814e-15
92, 160, 7.157136311636131e-15
132, 318, 6.583507991310207e-15
154, 190, 5.9152531756478065e-15
86, 293, 5.818785702877115e-15
86, 190, 5.795448577270333e-15
109, 305, 5.6132520595618184e-15
95, 175, 5.594758171558689e-15
101, 115, 5.315907527346119e-15
132, 341, 5.0709834095117476e-15
144, 190, 4.754494291550211e-15
101, 585, 4.135127958784038e-15
101, 293, 3.2607847659298095e-15
107, 175, 3.0587942187621492e-15
101, 190, 2.85409226098253e-15
104, 115, 2.4508288898277864e-15
92, 188, 2.4418500305681294e-15
98, 160, 2.3864623266789146e-15
86, 175, 2.1585399399480154e-15
95, 160, 1.838295251729263e-15
104, 293, 1.8315095779293483e-15
104, 190, 1.5263093540139153e-15
109, 293, 1.3430770578053377e-15
109, 115, 1.3002143214109332e-15
160, 175, 1.2130968726359873e-15
933, 986, 1.0603269301838113e-15
109, 190, 1.0087701889041093e-15
98, 188, 9.890004955710302e-16
95, 460, 9.58882448167925e-16
86, 471, 9.347892916319922e-16
154, 175, 9.149441506108066e-16
101, 175, 8.584410884307198e-16
98, 477, 8.458954759003945e-16
86, 160, 8.370975209301465e-16
107, 160, 8.073850150049309e-16
144, 175, 7.575864495911309e-16
160, 318, 7.485987576348782e-16
101, 447, 7.219728618501024e-16
107, 460, 7.055055157874714e-16
95, 188, 6.899939170358943e-16
144, 477, 6.755979578298691e-16
86, 474, 5.872705660765079e-16
95, 477, 5.814613263393298e-16
160, 341, 5.700334568264978e-16
101, 471, 4.697946125542967e-16
107, 188, 4.532052633907341e-16
104, 175, 4.351077893298113e-16
107, 477, 4.278148731716646e-16
104, 447, 3.963866405590891e-16
154, 318, 3.770857387211356e-16
92, 318, 3.611550122487116e-16
86, 460, 3.319218219048782e-16
92, 341, 3.291863642901861e-16
101, 474, 2.951430343973928e-16
160, 188, 2.857689401491204e-16
109, 447, 2.797325117078875e-16
154, 341, 2.622108568005387e-16
109, 175, 2.6198142787070113e-16
104, 471, 2.5793255960612734e-16
101, 160, 2.5199377555306445e-16
86, 188, 2.398109058370396e-16
160, 458, 2.2688237024882824e-16
154, 188, 2.1623260849583455e-16
86, 477, 2.0127566541084298e-16
154, 160, 1.868881589619047e-16
109, 471, 1.8202460771154627e-16
144, 188, 1.752254993645565e-16
101, 460, 1.668130830295252e-16
92, 458, 1.6442493891272622e-16
104, 474, 1.6204314880950207e-16
144, 318, 1.5829104371670464e-16
98, 385, 1.552155662242768e-16
144, 160, 1.5115545936579222e-16
132, 330, 1.4964640916813681e-16
98, 318, 1.4956339119838716e-16
98, 341, 1.2436912759527467e-16
144, 385, 1.2396723064739031e-16
104, 160, 1.2096693003059327e-16
154, 458, 1.1981570159366107e-16
101, 188, 1.155455988887721e-16
109, 474, 1.143548555460962e-16
144, 341, 1.1037143010188611e-16
95, 385, 1.0669385470966316e-16
95, 318, 1.028085978654206e-16
101, 477, 1.0115458541808043e-16
104, 460, 9.158582140322451e-17
95, 341, 8.549027621910234e-17
107, 385, 7.85008664431333e-17
107, 318, 7.614733929476446e-17
98, 458, 6.809251060229907e-17
109, 160, 6.691694865076658e-17
109, 460, 6.463268242799096e-17
107, 341, 6.29001620939136e-17
104, 188, 6.140199000793136e-17
104, 477, 5.553716546667858e-17
144, 458, 5.4383978182948576e-17
95, 458, 4.680621029027686e-17
109, 188, 4.0114319162593025e-17
109, 477, 3.9192922262006593e-17
86, 385, 3.69325965961201e-17
86, 318, 3.558769604780643e-17
107, 458, 3.4438047746094125e-17
86, 341, 2.5108780473128277e-17
101, 385, 1.8561118600542353e-17
101, 318, 1.788521544495942e-17
160, 330, 1.6952242516986274e-17
86, 458, 1.6202197282571176e-17
101, 341, 1.2618854216323162e-17
104, 385, 1.0190659283555398e-17
104, 318, 9.819566413806463e-18
92, 330, 8.986376072890609e-18
154, 330, 8.543299789899829e-18
101, 458, 8.142695966922176e-18
109, 385, 7.191611486521092e-18
109, 318, 7.070676034192635e-18
104, 341, 6.9281623933834045e-18
109, 341, 4.889247188269843e-18
104, 458, 4.47060557255746e-18
98, 330, 3.72148478245346e-18
144, 330, 3.588772535367014e-18
109, 458, 3.154934091378275e-18
95, 330, 2.5581168586505403e-18
107, 330, 1.8821551664181053e-18
86, 330, 8.855045892134056e-19
101, 330, 4.450257283952003e-19
104, 330, 2.4433363463121428e-19
109, 330, 1.7242776197932496e-19
