Gene = AT4G33355
index = 1025
Annotated 5SS: [460]
Annotated 3SS: [571]
SMsplice 5SS: [460]
SMsplice 3SS: [571]
length: 834
Partition function (logZ) = -6.073288608201759
#Exons = 561
3SS, 5SS, prob
571, -1, 0.9501776696764208
0, 460, 0.6562990206911691
425, 460, 0.19144636323513098
0, 209, 0.14870639385229986
0, 336, 0.13295264551328648
0, 329, 0.05226975939091912
425, -1, 0.037518077019133754
291, 460, 0.010925560516787636
0, 453, 0.0046365456705954105
459, -1, 0.0037798372980391098
305, 460, 0.002742256928580458
425, 506, 0.00265939161885064
812, -1, 0.00205893756934662
571, 706, 0.001967541626187458
299, 460, 0.0019323683214686246
0, 506, 0.0015662188457450845
291, 336, 0.001501157830852556
0, 472, 0.0014206802016170686
785, -1, 0.0013761608858672068
588, -1, 0.0012603537056840495
356, 460, 0.0012376162764825853
571, 674, 0.0009387628818407684
291, -1, 0.0009150294642291218
425, 453, 0.0009144651840760786
425, 472, 0.0007851495616096893
349, 460, 0.0007324736628466579
503, -1, 0.0007041399482474217
0, 217, 0.0006798070159337946
611, -1, 0.0006686968822642197
703, -1, 0.0004134375260054987
425, 498, 0.00041331497458757077
291, 329, 0.00041330659604668033
727, -1, 0.00034206988606247135
571, 622, 0.00029119149982468343
0, 498, 0.00028016983466884075
0, 353, 0.000258146803833698
425, 500, 0.0002308816600914305
585, -1, 0.00022208516197191126
425, 503, 0.0001952367781248269
305, -1, 0.00019489016677272454
299, 336, 0.00015779710131276576
0, 500, 0.00014997416492241056
305, 336, 0.000149463546114815
299, -1, 0.0001474479952177825
0, 503, 0.00012009208308379591
0, 351, 0.00010809404188247137
717, -1, 0.00010215055770330227
459, 506, 0.00010138133582102058
0, 428, 0.0001004627186664241
571, 735, 9.24594724146924e-05
291, 453, 8.382687319654507e-05
351, 460, 8.02394157521992e-05
571, 697, 5.031777649087691e-05
0, 414, 5.0288663367841896e-05
356, -1, 4.902233712617462e-05
0, 411, 4.780967259080326e-05
428, 460, 4.772808228155914e-05
0, 201, 4.3258077541520397e-05
299, 329, 4.267511560280964e-05
305, 329, 4.025039702276282e-05
0, 262, 3.977819207777149e-05
0, 142, 3.891066708506412e-05
0, 446, 3.8899217673029796e-05
0, 178, 3.880572633854503e-05
349, -1, 3.098077663033645e-05
571, 717, 2.8021593412066442e-05
0, 291, 2.767841733990306e-05
248, 460, 2.695443858783554e-05
0, 271, 2.6427135497026074e-05
0, 152, 2.5472910156260898e-05
248, 336, 2.144700610120113e-05
305, 453, 2.106084378166294e-05
0, 416, 2.0590957276887558e-05
291, 472, 2.0574253535745197e-05
0, 706, 1.6802787643134362e-05
291, 506, 1.6029939175253482e-05
299, 453, 1.483437867544085e-05
459, 472, 1.4054729614081801e-05
442, 460, 1.3873659305909207e-05
459, 498, 1.1880434253692395e-05
428, -1, 1.0923713420150838e-05
0, 231, 1.0604006426810331e-05
324, 460, 9.143407738612029e-06
356, 453, 9.076475972247704e-06
248, 329, 8.09013834836008e-06
0, 96, 8.013593577461295e-06
425, 706, 7.271751100209128e-06
459, 500, 7.0892899785211666e-06
0, 84, 6.8237671983046545e-06
459, 503, 6.65921921777935e-06
442, -1, 6.585387313733891e-06
291, 353, 5.989294299295649e-06
0, 674, 5.653499233013096e-06
349, 453, 5.4824115405953246e-06
425, 446, 5.179885935905112e-06
305, 472, 5.158314064879735e-06
425, 428, 5.092244840106888e-06
463, -1, 4.700506686450093e-06
0, 622, 4.369862948330332e-06
588, 706, 4.111161711411505e-06
305, 506, 3.8890618643595895e-06
317, 460, 3.820770643142995e-06
611, 706, 3.795598735148743e-06
299, 472, 3.6370554100868e-06
248, -1, 3.590481863641552e-06
472, -1, 3.4711731221564843e-06
351, -1, 3.317751066890069e-06
425, 622, 3.0982119760760594e-06
291, 498, 3.0471318790884787e-06
425, 674, 2.8532626204979395e-06
299, 506, 2.7544489402053427e-06
291, 428, 2.4596262169067966e-06
356, 472, 2.4129199933511958e-06
291, 351, 2.333042975777997e-06
503, 506, 2.2611572127336667e-06
208, 460, 2.1904479232973663e-06
332, 460, 2.0098473516400686e-06
356, 506, 1.8323596100092552e-06
588, 674, 1.6533747564063073e-06
291, 500, 1.5980068828035107e-06
208, 336, 1.5582250488881003e-06
291, 414, 1.45038008860122e-06
291, 411, 1.4267414454637032e-06
622, -1, 1.4162793730320212e-06
349, 472, 1.4057724805470434e-06
291, 503, 1.2414755830161694e-06
637, -1, 1.2411186389347831e-06
0, 735, 1.1420034104022912e-06
349, 506, 1.0570179484886329e-06
459, 706, 9.603038132513277e-07
674, -1, 8.666346980217618e-07
191, 460, 8.405011122584985e-07
611, 674, 8.089840721822195e-07
291, 446, 7.644343265127165e-07
305, 498, 7.581072336968795e-07
428, 506, 7.515284200113849e-07
512, -1, 7.061235353709622e-07
299, 353, 6.987725418308386e-07
305, 353, 6.969024034123285e-07
510, -1, 6.912682981268592e-07
208, 329, 6.715631505848713e-07
585, 706, 6.689268785372723e-07
305, 428, 6.133345914854789e-07
351, 453, 5.977651171037115e-07
291, 416, 5.794122607442575e-07
329, 460, 5.40157374627719e-07
299, 498, 5.35796337244162e-07
459, 622, 5.317630391011637e-07
191, 336, 5.242615477603616e-07
324, -1, 5.120384073917466e-07
254, 460, 4.863205740343114e-07
224, 460, 4.503072553683318e-07
299, 428, 4.3419242514640034e-07
425, 735, 4.2994976107182177e-07
305, 500, 3.9706862050956736e-07
0, 697, 3.848384679990451e-07
459, 674, 3.7680042967043347e-07
356, 498, 3.5893596433936235e-07
224, 336, 3.556588835010208e-07
305, 414, 3.5481009329453544e-07
254, 336, 3.468266539998888e-07
305, 411, 3.4650620107917305e-07
442, 506, 3.393261883760712e-07
208, -1, 3.2831517804369064e-07
703, 706, 3.112842811568375e-07
305, 503, 3.078439283603535e-07
503, 706, 2.968487373658932e-07
585, 674, 2.816767202908141e-07
299, 500, 2.807614897024679e-07
0, 717, 2.7517455004767523e-07
299, 351, 2.6772412646625755e-07
305, 351, 2.6448060988219337e-07
299, 414, 2.53756125496047e-07
299, 411, 2.4885755428019626e-07
317, -1, 2.329728447176244e-07
428, 453, 2.2756514696298754e-07
191, 329, 2.2739045720232953e-07
188, 460, 2.2521674516734533e-07
299, 503, 2.1784250716708237e-07
503, 622, 2.1639066488796576e-07
588, 622, 2.075126155560174e-07
349, 498, 2.070203010229448e-07
248, 453, 2.0534740626330478e-07
611, 735, 1.9934430968322985e-07
428, 472, 1.985179783016563e-07
588, 735, 1.9581040670049336e-07
313, 460, 1.9262385552405616e-07
305, 446, 1.9215511273471053e-07
356, 500, 1.878186843406162e-07
425, 697, 1.73905890346785e-07
356, 428, 1.59205611771359e-07
351, 472, 1.5454622745882815e-07
224, 329, 1.5069805780056894e-07
503, 674, 1.4851872998332526e-07
356, 503, 1.4535627879153683e-07
305, 416, 1.4229945336585282e-07
324, 336, 1.3801798490005806e-07
188, 336, 1.371496958439867e-07
299, 446, 1.3535359685347627e-07
191, -1, 1.3243930788526337e-07
254, 329, 1.2452407477076098e-07
351, 506, 1.1646728936875125e-07
349, 428, 1.1392227106611795e-07
428, 498, 1.1331353034129461e-07
425, 717, 1.1295744636716745e-07
349, 500, 1.0832065385905363e-07
463, 506, 1.0513780263515169e-07
588, 697, 1.0348642346917503e-07
332, -1, 1.0226896349005213e-07
299, 416, 1.0154605332429978e-07
703, 735, 1.0108894086364028e-07
317, 336, 9.204900352014924e-08
191, 209, 8.649585612928132e-08
611, 697, 8.603463288221202e-08
291, 706, 8.564414289395523e-08
349, 503, 8.383607674902166e-08
356, 446, 7.651798653461406e-08
324, 453, 7.002503842187148e-08
442, 453, 6.681666509732901e-08
428, 500, 6.37868630381335e-08
188, 329, 5.950615965151779e-08
224, -1, 5.942173163312158e-08
588, 717, 5.906236743548408e-08
442, 472, 5.8930827058547613e-08
254, -1, 5.862358189607249e-08
611, 717, 5.80327582102082e-08
459, 735, 5.6778950403279466e-08
248, 472, 5.572449934350252e-08
428, 503, 5.4559777837868056e-08
248, 506, 5.4490415584796705e-08
356, 414, 5.111898407099346e-08
472, 506, 5.0010172837363905e-08
349, 446, 4.7765557044442886e-08
611, 622, 4.499886503912041e-08
442, 498, 4.4561815712108887e-08
356, 411, 4.2950145274873065e-08
349, 414, 4.133521578572215e-08
585, 622, 4.1117623278839375e-08
248, 353, 3.8577163978096953e-08
324, 329, 3.798218242925892e-08
188, -1, 3.580743066991914e-08
349, 411, 3.55566930105874e-08
291, 674, 3.36047294573771e-08
291, 622, 3.283955994141372e-08
727, 735, 3.1703134613458516e-08
585, 735, 3.166035329360601e-08
317, 453, 2.932360493592001e-08
329, -1, 2.8483441269005864e-08
188, 209, 2.7719655642673952e-08
197, 460, 2.717912715900568e-08
442, 500, 2.59368989674378e-08
317, 329, 2.500409229406436e-08
442, 503, 2.3367207291768387e-08
459, 697, 2.2921201119158416e-08
351, 498, 2.280838703062755e-08
356, 416, 2.257548769241113e-08
305, 706, 1.925369223194614e-08
332, 336, 1.8117603405411968e-08
349, 416, 1.795594906349596e-08
197, 336, 1.7782158882535282e-08
324, 472, 1.718755077088842e-08
585, 697, 1.6876908318776902e-08
503, 735, 1.6435916222883517e-08
248, 351, 1.6409903705491884e-08
208, 453, 1.5905494383770867e-08
332, 453, 1.5328946662558132e-08
459, 717, 1.4847154100769683e-08
463, 472, 1.4421789807977805e-08
299, 706, 1.4226714963929488e-08
717, 735, 1.4084677952907713e-08
324, 506, 1.2866695005560436e-08
313, -1, 1.2334373862012233e-08
463, 498, 1.2144119771468509e-08
351, 500, 1.193313818267074e-08
351, 428, 1.187395837787131e-08
349, 353, 1.0379477154595773e-08
248, 498, 1.0011253940456192e-08
585, 717, 9.584364643562592e-09
622, 706, 9.474033000169013e-09
351, 503, 9.233449652871553e-09
703, 717, 9.053324951496069e-09
637, 706, 8.257419753940594e-09
197, 329, 7.701190874613136e-09
305, 674, 7.554691968968486e-09
503, 697, 7.553537938199349e-09
305, 622, 7.382673920006609e-09
463, 500, 7.26544840372132e-09
317, 472, 7.176355943007733e-09
463, 503, 6.858089042712657e-09
356, 706, 6.1153433831690905e-09
191, 453, 6.102525282040738e-09
313, 336, 6.0865027278145516e-09
248, 428, 5.953955193417857e-09
329, 336, 5.89012358429099e-09
472, 498, 5.683944502578879e-09
299, 674, 5.582225372049489e-09
299, 622, 5.455119790338225e-09
317, 506, 5.378583723371742e-09
248, 500, 5.320818550353406e-09
351, 446, 5.164184703144338e-09
291, 735, 5.0637980133007996e-09
208, 472, 4.5275861452345534e-09
208, 506, 4.423981754284463e-09
503, 717, 4.318083863131844e-09
248, 503, 4.218022669198058e-09
351, 414, 4.158226764114044e-09
329, 453, 4.124795906609613e-09
349, 351, 3.9300251432646265e-09
332, 472, 3.79031986873551e-09
349, 706, 3.729825111430134e-09
254, 453, 3.7106648430704267e-09
351, 411, 3.5515366108318628e-09
248, 414, 3.53056057032688e-09
248, 411, 3.4842250186088826e-09
472, 500, 3.408185093142601e-09
224, 453, 3.268492616128826e-09
472, 503, 3.2342476763415146e-09
332, 506, 2.8307405139673697e-09
324, 498, 2.5149267936109396e-09
356, 674, 2.399515635118382e-09
208, 353, 2.3969007609823195e-09
356, 622, 2.3448793905564554e-09
428, 706, 2.1487432212284158e-09
291, 697, 2.048202776809941e-09
674, 706, 2.02165769475005e-09
197, 209, 1.965729880563645e-09
324, 428, 1.9503333032137845e-09
248, 446, 1.861735810243401e-09
351, 416, 1.8160307372836704e-09
191, 472, 1.7370788071391432e-09
191, 506, 1.6960867500426807e-09
313, 329, 1.645081987666585e-09
188, 453, 1.6345778573177057e-09
313, 453, 1.4781688420826827e-09
349, 674, 1.4634948702579348e-09
442, 706, 1.4498511598841868e-09
349, 622, 1.4301715351330238e-09
248, 416, 1.4086800840001854e-09
622, 674, 1.3344651091870746e-09
291, 717, 1.330373323328921e-09
324, 500, 1.3162228902971494e-09
428, 446, 1.2901520181609718e-09
463, 706, 1.2363505275692827e-09
305, 735, 1.1383855740575802e-09
317, 498, 1.0514682062360378e-09
208, 351, 1.0298432096027009e-09
324, 414, 1.0229150527185267e-09
324, 503, 1.0188543667263948e-09
329, 472, 1.0168980809968562e-09
351, 353, 1.0079389614739098e-09
472, 706, 9.930700743097285e-10
254, 472, 9.649326000708856e-10
324, 411, 9.632880551100396e-10
254, 506, 9.421618587125825e-10
428, 622, 9.361765722301004e-10
224, 472, 9.306581259594515e-10
224, 506, 9.086962029425872e-10
428, 674, 8.431423887543738e-10
299, 735, 8.411639169846654e-10
317, 428, 8.355756843931422e-10
208, 498, 8.131981348449727e-10
191, 353, 8.034590179691533e-10
329, 506, 7.590746766790079e-10
463, 622, 7.065785688080309e-10
637, 674, 7.0348934499257e-10
442, 622, 7.031330882161053e-10
254, 353, 6.766876841112982e-10
248, 291, 6.763868259953339e-10
324, 353, 6.665822313104684e-10
324, 446, 6.344963495628054e-10
472, 622, 6.096616209240617e-10
637, 735, 5.825019485191707e-10
442, 674, 5.689149159612582e-10
224, 353, 5.577834940524401e-10
332, 498, 5.538802990668963e-10
317, 500, 5.503150781160177e-10
463, 674, 4.883863495465345e-10
188, 472, 4.654595085811349e-10
317, 414, 4.6229043354761807e-10
305, 697, 4.6045724273456924e-10
622, 735, 4.562696845333288e-10
188, 506, 4.543771770098744e-10
317, 353, 4.471069629584152e-10
674, 735, 4.4450465202097853e-10
317, 411, 4.4331401700257453e-10
425, 557, 4.401526766748202e-10
208, 500, 4.322498455359124e-10
317, 503, 4.259858435391825e-10
324, 416, 4.193048282878262e-10
472, 674, 4.175536280762506e-10
332, 428, 4.0708404943213576e-10
351, 706, 4.0447119059745987e-10
442, 446, 3.8711396296448553e-10
208, 428, 3.8215604322290023e-10
512, 706, 3.628191204412256e-10
313, 472, 3.61833512998178e-10
356, 735, 3.6156178042425133e-10
191, 351, 3.4514076871083656e-10
208, 503, 3.4242288632955115e-10
510, 706, 3.411421756779699e-10
299, 697, 3.402357255193078e-10
191, 217, 3.2272491670543877e-10
191, 498, 3.1203386689927633e-10
208, 217, 3.077755113098814e-10
305, 717, 2.9908173116616364e-10
248, 706, 2.911295559599712e-10
332, 500, 2.898399140833618e-10
254, 351, 2.8618346365808926e-10
313, 506, 2.7107338723635647e-10
317, 446, 2.6648772363169223e-10
324, 351, 2.499367339475294e-10
512, 622, 2.4665015062556166e-10
208, 291, 2.445998188057688e-10
224, 351, 2.393635345201043e-10
510, 622, 2.3291587466638295e-10
332, 503, 2.242897410744535e-10
248, 271, 2.2132198657046145e-10
349, 735, 2.2051365681982996e-10
208, 414, 2.1162332061413352e-10
188, 353, 2.1024821085230554e-10
208, 411, 2.0832659044883557e-10
248, 262, 1.9819757688040102e-10
197, 453, 1.972351842041826e-10
332, 414, 1.9466409234791308e-10
317, 416, 1.8746863653197367e-10
512, 674, 1.8263536863833095e-10
332, 411, 1.7850824152237252e-10
254, 498, 1.7333217485945726e-10
510, 674, 1.7157076578232483e-10
317, 351, 1.6794328328474582e-10
224, 498, 1.6717540376532842e-10
191, 500, 1.6585944198444969e-10
208, 262, 1.6045632383442567e-10
351, 674, 1.5871674103997352e-10
208, 271, 1.5536617192921088e-10
329, 498, 1.4866816881755525e-10
191, 428, 1.4663785245422982e-10
351, 622, 1.4279098117824046e-10
332, 446, 1.3811160671398339e-10
208, 446, 1.3711442289603555e-10
191, 503, 1.3139176363209266e-10
191, 262, 1.1930100809733375e-10
248, 674, 1.1423232966666382e-10
329, 428, 1.1191704259856508e-10
254, 428, 1.0794013628556731e-10
188, 217, 1.0359230566376856e-10
191, 291, 1.0282956829731299e-10
248, 622, 1.0277016985417552e-10
191, 271, 9.581596140786549e-11
254, 500, 9.213351860756444e-11
188, 351, 9.032444464211044e-11
622, 697, 8.939927751893271e-11
224, 500, 8.886092951887814e-11
356, 697, 8.55139713123752e-11
332, 353, 8.527059496717526e-11
208, 416, 8.468901943080443e-11
188, 498, 8.361113408503103e-11
224, 428, 8.298779466148248e-11
332, 416, 8.117369001303925e-11
191, 414, 7.795823384410585e-11
329, 500, 7.779901305871052e-11
191, 411, 7.514049392110749e-11
254, 503, 7.298701275598491e-11
224, 503, 7.039450890753823e-11
459, 557, 6.987282629735196e-11
637, 697, 6.619771151233816e-11
254, 414, 6.403281858607139e-11
254, 411, 6.319913981367637e-11
329, 503, 6.02063261514957e-11
197, 472, 5.618167983542825e-11
329, 414, 5.563415369124856e-11
197, 506, 5.479488047208419e-11
313, 498, 5.306406296204145e-11
191, 446, 5.261244680009344e-11
329, 411, 5.15573426359322e-11
224, 414, 4.891089151950161e-11
224, 411, 4.8235678411617945e-11
188, 500, 4.444291998452656e-11
313, 428, 4.250092631584608e-11
188, 428, 3.929239274458067e-11
329, 446, 3.7267600190597524e-11
188, 503, 3.520712132617428e-11
188, 262, 3.4627271565206e-11
224, 291, 3.4517300380953546e-11
254, 446, 3.370988836341742e-11
332, 351, 3.2001627706417725e-11
191, 416, 3.163181452353328e-11
313, 353, 2.940071232707019e-11
224, 446, 2.8187668250789865e-11
329, 353, 2.805342496923182e-11
313, 500, 2.7775563749419778e-11
188, 291, 2.739173965280777e-11
197, 353, 2.7242853454334658e-11
188, 271, 2.6889723222841593e-11
254, 416, 2.557553782429666e-11
313, 414, 2.399208843366923e-11
313, 411, 2.3187024881943954e-11
329, 416, 2.304501565885408e-11
313, 503, 2.150502976621826e-11
188, 414, 2.0889323558639747e-11
188, 411, 2.013429515364375e-11
224, 416, 1.9547270127407735e-11
299, 717, 1.7880874231112258e-11
224, 271, 1.506693881062042e-11
188, 446, 1.4097785034038053e-11
224, 262, 1.3860459035640807e-11
313, 446, 1.3461534695164614e-11
197, 351, 1.1706034841670163e-11
313, 351, 1.1069954493170766e-11
324, 622, 1.0881013301396343e-11
329, 351, 1.0521388709487219e-11
197, 498, 1.008051470425908e-11
313, 416, 9.691789814353547e-12
191, 231, 9.681265344671833e-12
191, 201, 9.592672006625751e-12
208, 231, 9.162984070439067e-12
188, 416, 8.475913008115497e-12
254, 291, 8.289138242964594e-12
197, 217, 7.280627532749333e-12
197, 500, 5.355341639236394e-12
317, 622, 4.804498796887419e-12
197, 428, 4.7376418295615225e-12
208, 622, 4.663228215575163e-12
197, 503, 4.235514091778991e-12
197, 291, 3.3117192667516784e-12
197, 262, 3.1771720791952766e-12
188, 231, 3.078489758299913e-12
188, 201, 3.058562928337347e-12
197, 271, 2.7332383303363586e-12
254, 271, 2.6792803549939548e-12
197, 414, 2.521350328922562e-12
197, 411, 2.4302168713134688e-12
254, 262, 2.4269183660736515e-12
197, 446, 1.6977553957851414e-12
197, 416, 1.0230383961467782e-12
224, 231, 7.36807342948808e-13
0, 557, 6.041887645543943e-13
425, 552, 5.337910128214161e-13
0, 552, 3.721580939909331e-13
197, 201, 2.209487279990174e-13
197, 231, 2.2013257780533737e-13
459, 552, 8.095518361415731e-14
503, 557, 1.4261540105049348e-14
503, 552, 6.749387679964309e-15
291, 557, 5.4410043826371035e-15
291, 552, 3.0917535697240627e-15
305, 557, 1.1174801297327871e-15
299, 557, 8.257154571726767e-16
305, 552, 6.950582921028848e-16
299, 552, 8.878431394952527e-18
356, 557, 5.153352268504176e-18
356, 552, 4.272069098312876e-18
428, 557, 3.1651208272791937e-18
349, 557, 2.9920523658987238e-18
428, 552, 2.6220491413691824e-18
349, 552, 2.4762591990935854e-18
442, 557, 2.3478494935697132e-18
463, 557, 2.12004390789347e-18
442, 552, 1.9291660038841255e-18
463, 552, 1.6527590108130535e-18
472, 557, 1.6005559218389644e-18
