Gene = AT2G22640
index = 231
Annotated 5SS: [419]
Annotated 3SS: [816]
SMsplice 5SS: [419]
SMsplice 3SS: [816]
length: 1339
Partition function (logZ) = -5.2470662964667225
#Exons = 2999
3SS, 5SS, prob
0, 419, 0.7249437287380198
816, -1, 0.5011997800975895
816, 900, 0.39558446542120834
1208, -1, 0.3754944356636439
0, 385, 0.11671628512437429
816, 1060, 0.075790075251395
996, -1, 0.047557337035385464
0, 730, 0.04036350959897592
996, 1060, 0.0304767244489519
1128, -1, 0.028373752277086026
0, 137, 0.027503840085073904
650, 730, 0.02302286041352398
1169, -1, 0.02215986634887043
0, 582, 0.018247207062426524
0, 715, 0.01334771680414228
1147, -1, 0.012766599638865162
623, 730, 0.012363028699363336
527, 730, 0.010464755602290599
513, 582, 0.010077419502362532
0, 546, 0.00918368782299136
586, 730, 0.008416599122494641
513, 730, 0.008332276726601083
0, 732, 0.008095455138739816
0, 541, 0.008075665155481453
0, 727, 0.007325080192516283
527, 582, 0.0068365937458029725
270, 419, 0.006068948101118713
650, 715, 0.0054859056574275535
650, 732, 0.004722169225569341
623, 715, 0.004430365607821361
264, 419, 0.0044193595907687545
527, 715, 0.004156861255863632
816, 1057, 0.0040691814322968605
0, 322, 0.004054300035046228
650, 727, 0.004003361772434798
816, 1002, 0.0038697035248806875
586, 715, 0.0033596167503527462
513, 715, 0.003172886986945711
0, 734, 0.003131609299957235
266, 419, 0.0030934047475126626
0, 675, 0.0030777486888291486
816, 1064, 0.0027070184542393044
816, 894, 0.0025583014965656265
623, 732, 0.00243388001958035
0, 240, 0.0023920364845195327
623, 727, 0.0023014417287268857
1051, -1, 0.0022082095616415224
527, 732, 0.002049620328771183
0, 316, 0.002032297004795341
527, 727, 0.001968671548992592
0, 409, 0.0018748911492460917
1265, -1, 0.0018681607622562726
650, 734, 0.0018593547380622553
857, -1, 0.0018116979727857657
0, 455, 0.0016584138289437167
513, 732, 0.0016551719333730709
586, 732, 0.0016454289315544397
0, 578, 0.0016453944790283611
527, 675, 0.001589102770505748
586, 727, 0.001587022222651149
513, 727, 0.001534074776256082
270, 385, 0.0014822852186320565
996, 1057, 0.0014549657312062695
0, 900, 0.0014038880208208562
545, 730, 0.0012736255538178308
996, 1064, 0.001251609538290713
513, 675, 0.0012044435790168596
0, 1060, 0.0011830646728287874
221, 419, 0.0011099732959319972
527, -1, 0.0011044808719202573
699, 730, 0.0011037420933499192
264, 385, 0.0010897809530851258
586, 675, 0.0010660117208167767
513, -1, 0.00100287181954623
0, 392, 0.000964278395004604
816, 904, 0.0009551543716005481
513, 546, 0.0009541252177204355
623, 734, 0.0009231841492727477
650, -1, 0.0008131225265324733
513, 578, 0.0008020833348474106
527, 734, 0.0007744292911543356
266, 385, 0.0007607614921850402
816, 1018, 0.0007448903943702386
999, -1, 0.0006976075077282186
513, 734, 0.0006341565697189832
513, 541, 0.0006304275136531329
586, 734, 0.0006204219965094178
0, 389, 0.0006138693751884519
268, 419, 0.0005585877641174944
527, 578, 0.0005113790474443037
545, 715, 0.0005085884128274999
816, 1016, 0.0005047212775177684
295, 419, 0.0005037889984093731
527, 546, 0.0004861177076726751
615, 730, 0.0004764521062466287
529, 730, 0.0004436889607497792
586, -1, 0.0004312922765882979
623, -1, 0.00042735515333466477
0, 639, 0.00042585179236938564
623, 675, 0.00041566167800932235
999, 1060, 0.000410862513916465
857, 900, 0.00038271157038052925
1210, -1, 0.0003598934587625565
857, 1060, 0.00035169253475007134
0, 497, 0.0003461254429743609
527, 639, 0.00033901618620680197
974, -1, 0.0003235131829276409
527, 541, 0.0003226049968602457
325, 419, 0.00031165193702831803
1323, -1, 0.000297059224822439
699, -1, 0.00028642319231281493
974, 1060, 0.0002798372120693051
545, 582, 0.00027482534352802333
221, 385, 0.00027404929251721613
513, 639, 0.00026240676096140757
1319, -1, 0.00026034480208515895
529, 582, 0.0002594446604624508
545, 732, 0.0002491409447487185
699, 732, 0.00024713537961143695
545, 727, 0.0002399862737042244
0, 644, 0.00022423453227553468
541, 730, 0.00020498960380615784
545, 675, 0.00019464759857135293
0, 450, 0.00018992222184509286
816, 938, 0.0001859600401420132
650, 675, 0.00018573077520927953
650, 900, 0.00018412191260001342
615, 715, 0.00018006221219749217
0, 787, 0.00017687687265885552
529, 715, 0.00017642293123062435
699, 727, 0.00016968185751103338
527, 644, 0.0001692117805091954
0, 334, 0.0001604035505249217
699, 715, 0.0001597034701654132
527, 900, 0.00015118138720081063
1051, 1060, 0.00014707469574253958
268, 385, 0.00013693821218099762
513, 644, 0.00013004088322480308
513, 900, 0.00012805865658396332
0, 575, 0.00012716160874798712
563, 730, 0.00010965329783826049
316, 419, 0.00010949871025763897
816, 1006, 0.00010854363187703372
545, -1, 0.00010748518571269502
483, 582, 0.00010742039183059655
699, 734, 0.00010665521672539398
295, 385, 0.00010560384615106256
816, 948, 9.478716119533482e-05
545, 734, 9.400589275620316e-05
615, 732, 9.349184252260357e-05
615, 727, 8.924392985346383e-05
623, 900, 8.78904424933629e-05
529, 732, 8.688352897298758e-05
529, 727, 8.3491237364031e-05
541, 715, 8.181368183254295e-05
699, 900, 8.173857030656308e-05
816, 1009, 8.049563293926665e-05
1208, 1211, 7.867400856706306e-05
586, 900, 7.70194265011544e-05
650, 1060, 7.19362525662562e-05
650, 787, 7.086432892872258e-05
529, 675, 6.748795114427415e-05
0, 610, 6.680534594011573e-05
270, 730, 6.620848681689103e-05
586, 639, 6.296453622341493e-05
0, 1057, 6.261001682179988e-05
816, 1106, 5.943056475149065e-05
215, 419, 5.934432461574968e-05
483, 730, 5.9318746473618274e-05
527, 1060, 5.9066421260897374e-05
541, 582, 5.754041721181613e-05
513, 575, 5.572847289677356e-05
527, 610, 5.5707101294439945e-05
270, 582, 5.4321640629147004e-05
996, 1002, 5.309990360525606e-05
1128, 1211, 5.2824712924798556e-05
513, 610, 5.174519380240387e-05
830, -1, 5.076943686617183e-05
264, 730, 5.057508065702723e-05
513, 1060, 5.003239284903458e-05
244, 419, 4.9942466586145226e-05
0, 529, 4.661960170708852e-05
529, -1, 4.570631286163976e-05
563, 715, 4.386976013427708e-05
0, 1064, 4.307578558222486e-05
264, 582, 4.1495002956935933e-05
816, 1072, 4.1486492139061446e-05
996, 1106, 4.10249397130528e-05
586, 644, 4.0898461593487324e-05
541, 732, 4.010581179341367e-05
816, 1054, 3.996259507123822e-05
541, 727, 3.86182382175602e-05
0, 178, 3.803598782435234e-05
0, 1002, 3.7861783758317085e-05
545, 639, 3.7547533775795006e-05
1075, -1, 3.5879523102056056e-05
0, 657, 3.566743847640517e-05
615, 734, 3.536538763466127e-05
301, 419, 3.5045096140023786e-05
0, 448, 3.494648909083203e-05
699, 787, 3.490443447347132e-05
266, 730, 3.484207774501662e-05
623, 1060, 3.4338710586271135e-05
527, 575, 3.405230208568429e-05
529, 734, 3.282129680038635e-05
527, 787, 3.2779849025432945e-05
836, -1, 3.2312009799991695e-05
483, 546, 3.217261364365108e-05
830, 900, 3.1706128042809114e-05
666, 730, 3.1657831805156904e-05
0, 244, 3.1564688694240835e-05
816, 929, 3.143693952656575e-05
541, 675, 3.13430770845809e-05
586, 1060, 3.0091415188214938e-05
270, 546, 3.003205274747275e-05
699, 1060, 2.959189312575577e-05
996, 1018, 2.9341839308319814e-05
266, 582, 2.8586649794188146e-05
325, 385, 2.8578924118682666e-05
513, 787, 2.776627141042382e-05
623, 787, 2.7305534947039235e-05
270, 541, 2.678660855921752e-05
270, -1, 2.6617986293704124e-05
264, 322, 2.646370654414388e-05
270, 322, 2.6089695519057763e-05
0, 483, 2.590177180344644e-05
1002, -1, 2.456203952079292e-05
615, 675, 2.4174178704340045e-05
664, 730, 2.406913340787326e-05
996, 1072, 2.3860405608995554e-05
270, 715, 2.353036332328083e-05
483, 541, 2.332377279248807e-05
857, 1002, 2.3292136067410892e-05
527, 657, 2.3112939905668197e-05
264, 546, 2.294076730978893e-05
774, -1, 2.2842497280595604e-05
1147, 1211, 2.1991771952147163e-05
791, -1, 2.198048429221349e-05
563, 732, 2.1444208735232807e-05
483, 715, 2.108176343413612e-05
221, 322, 2.100302476247448e-05
264, -1, 2.0947439908782807e-05
1169, 1211, 2.0888400142442524e-05
563, 727, 2.0668653094890857e-05
264, 541, 2.046165006243616e-05
545, 578, 1.9742174381473764e-05
1060, -1, 1.9647842510266935e-05
999, 1057, 1.941301473486975e-05
545, 644, 1.940111617991837e-05
857, 1057, 1.9293863265263242e-05
529, 578, 1.9272206397478194e-05
541, -1, 1.8196173517444936e-05
529, 546, 1.8040777874248105e-05
586, 787, 1.802210531808636e-05
264, 715, 1.797428215291087e-05
270, 409, 1.7807203865499986e-05
221, 730, 1.7715909815843855e-05
615, -1, 1.768921348952664e-05
513, 657, 1.7560623117693184e-05
996, 1016, 1.7385556953041328e-05
999, 1064, 1.712172514698473e-05
836, 900, 1.694182657624964e-05
266, 322, 1.665240734844113e-05
791, 900, 1.6548182010940792e-05
563, 675, 1.6415661088870893e-05
545, 900, 1.608745115780294e-05
266, 546, 1.5804304961141792e-05
711, 730, 1.554829353913183e-05
541, 734, 1.5135726960936913e-05
215, 385, 1.4597652011652095e-05
774, 900, 1.4592185422385284e-05
221, 582, 1.4535255715723879e-05
974, 1057, 1.449444234790187e-05
529, 639, 1.4319006080163511e-05
266, -1, 1.428852733153276e-05
816, 1211, 1.4108991652867338e-05
266, 541, 1.4096396743317229e-05
316, 385, 1.3994144257203234e-05
1002, 1060, 1.3169575607331144e-05
270, 732, 1.3152039079614445e-05
264, 409, 1.2969609347257172e-05
996, 1054, 1.257480161085719e-05
244, 385, 1.2417399145357753e-05
266, 715, 1.2382804496735257e-05
0, 586, 1.2264369122071303e-05
857, 1064, 1.2214111992648616e-05
270, 727, 1.2189797930692147e-05
529, 541, 1.1998068360594913e-05
483, 732, 1.1783420967351458e-05
1072, -1, 1.1766038101285096e-05
343, 419, 1.1346185295714029e-05
270, 392, 1.1294294806784908e-05
221, 316, 1.0935640340191332e-05
483, 727, 1.0921311870714579e-05
832, -1, 1.072643487111074e-05
264, 316, 1.0379949366987678e-05
974, 1064, 1.0331201268171695e-05
721, 730, 1.0294401244940985e-05
264, 732, 1.0046528311324828e-05
270, 316, 9.919030958297862e-06
586, 657, 9.840141991896452e-06
0, 27, 9.836438537998032e-06
483, 578, 9.755303047490621e-06
0, 894, 9.711884005508293e-06
893, -1, 9.434158158585791e-06
264, 727, 9.311495295801505e-06
721, -1, 9.246599926350367e-06
221, -1, 9.08328922526935e-06
266, 409, 9.078681626224839e-06
270, 455, 8.9799913124573e-06
0, 1018, 8.869134309617535e-06
623, 639, 8.51820490727116e-06
483, -1, 8.2858655055097e-06
264, 392, 8.269564776053346e-06
830, 1060, 8.151146533411097e-06
563, 734, 8.088742925908243e-06
221, 546, 8.035905419955262e-06
711, -1, 8.007073661989282e-06
0, 254, 7.7358106957384e-06
0, 535, 7.537005355929278e-06
513, 586, 7.520214009490681e-06
270, 389, 7.448106683269586e-06
816, 1104, 7.410119085435048e-06
563, -1, 7.380184220203603e-06
0, 521, 7.352469017465676e-06
221, 541, 7.167497164220654e-06
529, 644, 7.1595296162863595e-06
563, 582, 7.003338988681586e-06
266, 732, 6.921233064648668e-06
483, 675, 6.794897119030411e-06
666, 732, 6.760063419801029e-06
301, 385, 6.6728046802460045e-06
1051, 1057, 6.660189964073322e-06
1051, 1064, 6.619973649245976e-06
270, 675, 6.57526446859212e-06
264, 455, 6.552022625142876e-06
266, 316, 6.458444386886616e-06
266, 727, 6.4148556720807725e-06
832, 900, 6.350793738335559e-06
529, 900, 6.3186930686285035e-06
854, -1, 6.297170699052443e-06
221, 715, 6.2961987897740675e-06
545, 1060, 6.2853515548096595e-06
541, 639, 6.26557604350863e-06
268, 730, 6.192007855894276e-06
623, 644, 5.895866535012275e-06
0, 1016, 5.866865700438668e-06
266, 392, 5.7799163536178435e-06
666, 715, 5.683968321950801e-06
264, 389, 5.461967155698515e-06
527, 586, 5.454469217007298e-06
836, 1060, 5.329559381599089e-06
816, 1119, 5.191232726640852e-06
666, 727, 5.182672567753994e-06
996, 1104, 5.164266049847329e-06
664, 732, 5.114125784125927e-06
268, 582, 5.080315858161739e-06
270, 734, 5.039024538400264e-06
264, 675, 5.02268737480785e-06
270, 578, 4.9464807964276654e-06
266, 455, 4.582967767950483e-06
996, 1211, 4.5681532808205976e-06
295, 730, 4.535912135292553e-06
668, 730, 4.5242062233606565e-06
483, 734, 4.514657160106676e-06
664, 715, 4.458422139798126e-06
857, 1018, 4.448689719470494e-06
541, 578, 4.153266485815427e-06
664, 727, 3.968851850047178e-06
650, 1057, 3.862269067297683e-06
264, 734, 3.849190409186561e-06
266, 389, 3.815769819249515e-06
541, 546, 3.812392968797916e-06
545, 610, 3.7947876141047147e-06
264, 578, 3.778498456544423e-06
295, 582, 3.7215499218430587e-06
615, 900, 3.531109629225011e-06
221, 732, 3.519191412322989e-06
545, 787, 3.488155717584112e-06
711, 732, 3.480544677587908e-06
266, 675, 3.4602191776762448e-06
0, 278, 3.4185467036200307e-06
721, 900, 3.3238044727517256e-06
0, 904, 3.315433388563444e-06
996, 1119, 3.3093351652421695e-06
221, 727, 3.261717208713001e-06
221, 409, 3.242174360739508e-06
541, 644, 3.1980232528425375e-06
527, 1057, 3.1712857372132374e-06
1064, -1, 3.1126468004541647e-06
650, 1002, 3.041971252613838e-06
756, -1, 3.03549508420507e-06
857, 1016, 3.0184175984122415e-06
791, 1060, 3.0176528618295336e-06
774, 1060, 2.95725519664876e-06
893, 1060, 2.9555768451418995e-06
0, 783, 2.9427972422101543e-06
268, 546, 2.8086838331659367e-06
545, 657, 2.7711912623802285e-06
666, 734, 2.7703566057954984e-06
104, 419, 2.759651220745312e-06
268, 322, 2.6922328889412396e-06
513, 1057, 2.6862472865921434e-06
541, 900, 2.6699111571969552e-06
266, 734, 2.65177612670038e-06
266, 578, 2.603075175996851e-06
711, 900, 2.588160792930455e-06
650, 1064, 2.5693702319168984e-06
268, -1, 2.514224061199638e-06
268, 541, 2.505160570882046e-06
325, 730, 2.498589128483877e-06
527, 1002, 2.4977441701586782e-06
529, 1060, 2.468707249750135e-06
711, 727, 2.3958674134504746e-06
711, 715, 2.320902212633984e-06
0, 270, 2.311247485185306e-06
721, 732, 2.2943329572339118e-06
1208, 1242, 2.2881971161818047e-06
563, 639, 2.2734886975823634e-06
529, 610, 2.260288641295422e-06
0, 774, 2.247707042212849e-06
268, 715, 2.200627163595439e-06
513, 1002, 2.115721841446582e-06
527, 1064, 2.109694334630947e-06
664, 734, 2.0852526068321705e-06
586, 610, 2.0726378059988463e-06
221, 392, 2.067885108545815e-06
295, 546, 2.0574817376773853e-06
325, 582, 2.050000947654458e-06
221, 455, 1.9748128109144206e-06
996, 1006, 1.9283042330754467e-06
857, 894, 1.9279250985218693e-06
623, 657, 1.9228774073130885e-06
623, 1057, 1.843650940617037e-06
513, 529, 1.8383798235157012e-06
295, 541, 1.8351378904507499e-06
513, 1064, 1.7870230409831208e-06
221, 675, 1.7593936659972433e-06
996, 1009, 1.7406561164166963e-06
832, 1060, 1.7375502930550312e-06
666, -1, 1.640292358706057e-06
268, 409, 1.639275906737504e-06
270, 334, 1.626013596233236e-06
586, 1057, 1.615612961845783e-06
295, 715, 1.6120540685530825e-06
295, -1, 1.6107916076861355e-06
1051, 1106, 1.6102284663755746e-06
721, 727, 1.5985928928805599e-06
756, 900, 1.5951918134700853e-06
699, 1057, 1.5887935412971098e-06
854, 900, 1.5476701232578971e-06
264, 334, 1.5198568205124042e-06
711, 734, 1.5034614101377554e-06
483, 639, 1.4788753129406531e-06
295, 409, 1.4563299050451357e-06
623, 1002, 1.4520824581326946e-06
615, 1060, 1.3796011052681888e-06
529, 787, 1.3700483152239661e-06
221, 389, 1.3683967882441885e-06
221, 734, 1.3483302303678127e-06
221, 578, 1.3235675954605759e-06
270, 497, 1.3187942193104362e-06
650, 894, 1.3109775638876444e-06
563, 644, 1.2855460817188826e-06
545, 575, 1.2842477909979093e-06
529, 575, 1.2776733298252049e-06
586, 1002, 1.2724769040298392e-06
699, 1002, 1.2513535941569963e-06
650, 783, 1.2395279100190002e-06
268, 732, 1.2300164709582917e-06
0, 249, 1.2276667961401356e-06
623, 1064, 1.2264867523021458e-06
563, 900, 1.204132208166806e-06
854, 1060, 1.1789263192777172e-06
664, -1, 1.1677107990124325e-06
0, 1106, 1.1571327614100659e-06
215, 322, 1.1511939384717312e-06
268, 727, 1.1400249148928346e-06
325, 546, 1.1333556181161047e-06
221, 240, 1.1268257262651619e-06
0, 1006, 1.116242856450511e-06
857, 904, 1.1056619482165506e-06
270, 450, 1.0906055944036933e-06
270, 639, 1.0815612756590985e-06
527, 894, 1.0764357370555524e-06
586, 1064, 1.07478473874686e-06
974, 1002, 1.0607092377001812e-06
699, 1064, 1.0569431488435358e-06
650, 774, 1.0558877926169207e-06
541, 1060, 1.0431316980224083e-06
268, 392, 1.0418043446780518e-06
268, 316, 1.033338627461006e-06
615, 787, 1.0305065603891623e-06
721, 1060, 1.0188569565365143e-06
270, 900, 1.0175574041078117e-06
325, 541, 1.0108783956974387e-06
264, 497, 1.007395384161391e-06
215, 730, 9.8902823829748e-07
721, 734, 9.873549928434943e-07
266, 334, 9.838666814281942e-07
529, 657, 9.80345257229855e-07
527, 529, 9.753902771315222e-07
668, 732, 9.707703143712518e-07
513, 894, 9.117981845424144e-07
483, 900, 9.11669071120133e-07
295, 732, 9.010399804190261e-07
325, 715, 8.879935611793185e-07
316, 730, 8.793365000170872e-07
295, 392, 8.614741672863832e-07
0, 1009, 8.590927624737171e-07
711, 1060, 8.569457004145213e-07
711, 787, 8.447846431278865e-07
295, 727, 8.3511729415457e-07
268, 455, 8.270231517853591e-07
264, 639, 8.261788085152395e-07
0, 938, 8.148276846001564e-07
650, 657, 8.139347695575185e-07
215, 582, 8.114614774607362e-07
857, 938, 7.994699727692232e-07
264, 450, 7.953447385908955e-07
668, 715, 7.887808190093837e-07
325, 409, 7.842228387268074e-07
264, 900, 7.77287780767988e-07
325, -1, 7.645491311574198e-07
900, -1, 7.564466415273113e-07
721, 787, 7.548852488823832e-07
483, 575, 7.521717730168916e-07
295, 455, 7.476361258509387e-07
668, 727, 7.355151037116571e-07
221, 334, 7.349823566133704e-07
483, 644, 7.307722445212858e-07
316, 582, 7.214634202126769e-07
541, 610, 7.205271289269225e-07
266, 497, 6.94012700304912e-07
268, 389, 6.874195481729054e-07
0, 1072, 6.860257057530181e-07
999, 1002, 6.811482828668735e-07
244, 730, 6.686836313269196e-07
1051, 1211, 6.672818331781818e-07
244, 322, 6.66843541664922e-07
650, 1018, 6.598601446897561e-07
857, 1006, 6.524285328191955e-07
999, 1106, 6.306980699360292e-07
623, 894, 6.257940543951727e-07
0, 258, 6.22622073595082e-07
1002, 1057, 6.162986488765502e-07
268, 675, 6.149376190503395e-07
215, 316, 6.10703456057181e-07
699, 894, 6.081846458292534e-07
0, 1054, 6.06081554936348e-07
974, 1018, 5.885795970438776e-07
541, 787, 5.789025108493374e-07
266, 639, 5.691693597640064e-07
699, 783, 5.679935378141534e-07
1002, 1064, 5.564991207969925e-07
266, 450, 5.564330243669694e-07
270, 644, 5.559847022327207e-07
527, 783, 5.559581237515249e-07
295, 389, 5.540119816028488e-07
615, 639, 5.516955192951154e-07
244, 582, 5.486304499903933e-07
586, 894, 5.483906760509061e-07
527, 1018, 5.418071680009096e-07
266, 900, 5.354874561926512e-07
104, 385, 5.245005963681487e-07
215, -1, 5.224217000332026e-07
325, 455, 5.215126206918605e-07
343, 385, 5.188765578924792e-07
563, 578, 5.031848232502044e-07
951, -1, 4.974482500329624e-07
325, 732, 4.963342834371506e-07
857, 948, 4.861943488125789e-07
857, 1009, 4.832251872533171e-07
623, 783, 4.779127044036474e-07
268, 734, 4.712640482799605e-07
513, 783, 4.7092602973667916e-07
563, 1060, 4.7045328514496713e-07
0, 948, 4.683411602031401e-07
830, 1002, 4.639347811962463e-07
268, 578, 4.6260909171988845e-07
325, 727, 4.6002103434679965e-07
513, 1018, 4.5893941937176945e-07
0, 1211, 4.5493323488403144e-07
295, 675, 4.5046826063748766e-07
541, 657, 4.4933188047452893e-07
215, 546, 4.48621463037459e-07
527, 774, 4.434039843397239e-07
650, 1016, 4.4070678224675563e-07
830, 1057, 4.3763637937642513e-07
295, 322, 4.300269166655433e-07
650, 904, 4.2654757173173016e-07
264, 644, 4.2470342566897833e-07
513, 535, 4.173475235466153e-07
623, 774, 4.093830110192832e-07
215, 541, 4.0014073039543197e-07
668, 734, 3.9981588454284435e-07
316, 546, 3.9886548418372833e-07
270, 1060, 3.975586902661727e-07
666, 900, 3.9175555649897465e-07
699, 774, 3.857031190573352e-07
270, 575, 3.851328177061546e-07
615, 644, 3.8319186699706056e-07
1169, 1242, 3.7953065129863236e-07
513, 774, 3.7558670157656605e-07
999, 1018, 3.718061798429279e-07
756, 1060, 3.7108519355339034e-07
951, 1060, 3.631653837371383e-07
527, 1016, 3.6186166952115836e-07
483, 1060, 3.5618822133035616e-07
316, 541, 3.5576168177552893e-07
221, 497, 3.5287982822466964e-07
215, 715, 3.5149865074679244e-07
974, 1016, 3.512144535109276e-07
527, 904, 3.502356275302733e-07
295, 734, 3.452211891955756e-07
295, 578, 3.3888106117815227e-07
545, 1057, 3.374615443704666e-07
999, 1072, 3.3654250038237443e-07
0, 791, 3.3117099019182936e-07
915, -1, 3.234151264157775e-07
483, 610, 3.194615222761189e-07
836, 1002, 3.179002172211345e-07
623, 1018, 3.149836935840776e-07
586, 783, 3.1471431030235784e-07
316, 715, 3.1251442713150054e-07
513, 1016, 3.0651603432212386e-07
244, -1, 3.0586128540249165e-07
264, 1060, 3.0368558160408156e-07
244, 546, 3.033137147949184e-07
301, 730, 3.0309193542132417e-07
244, 316, 3.0172752523982495e-07
325, 392, 2.97049146599297e-07
513, 904, 2.966681598826338e-07
316, 409, 2.962275396566209e-07
264, 575, 2.9419375454126266e-07
893, 900, 2.926455355577273e-07
266, 644, 2.9258578698237654e-07
830, 1064, 2.9113711809840694e-07
221, 639, 2.8940160002263136e-07
104, 137, 2.8688299154023643e-07
836, 1057, 2.86144907575183e-07
316, -1, 2.813616519286095e-07
664, 900, 2.770794246704517e-07
586, 1018, 2.760239082752721e-07
221, 900, 2.722755959288775e-07
699, 1018, 2.71441869474924e-07
541, 575, 2.7077527276833575e-07
244, 541, 2.705358110939441e-07
586, 774, 2.6859568703190337e-07
545, 1002, 2.657889181076322e-07
900, 1060, 2.6195801192501587e-07
563, 787, 2.6108552594467254e-07
857, 1106, 2.5922963491101816e-07
1128, 1242, 2.572836334826162e-07
668, -1, 2.5157712669686177e-07
301, 582, 2.4867584180083405e-07
325, 675, 2.4813864668991756e-07
244, 715, 2.3764882041434906e-07
1051, 1119, 2.371120417298254e-07
545, 586, 2.3079197116164707e-07
221, 450, 2.3074071281408273e-07
545, 1064, 2.244959197337418e-07
270, 787, 2.2063151224469434e-07
999, 1016, 2.2049529370645694e-07
527, 535, 2.1659395343148203e-07
563, 657, 2.1588650721094325e-07
623, 1016, 2.103710175205433e-07
266, 1060, 2.0921442945479118e-07
529, 586, 2.0866829601885124e-07
270, 448, 2.05481200441559e-07
623, 904, 2.0361213010758383e-07
266, 575, 2.0267534000266124e-07
816, 874, 2.0181956049916666e-07
483, 787, 1.9767231314513573e-07
215, 732, 1.9646632427811537e-07
974, 1106, 1.9400768218368151e-07
857, 1054, 1.9368720379694654e-07
893, 1002, 1.9132869642279122e-07
836, 1064, 1.9035758377463046e-07
325, 734, 1.9016371669437287e-07
513, 521, 1.8674631803824958e-07
325, 578, 1.8667128243528015e-07
270, 610, 1.8628848420062144e-07
830, 894, 1.8449194463074982e-07
586, 1016, 1.8435059219459678e-07
699, 904, 1.8404894641750632e-07
1147, 1242, 1.831705046775734e-07
1051, 1104, 1.822967222307052e-07
215, 727, 1.8209228079683277e-07
699, 1016, 1.8129034436468626e-07
857, 1072, 1.80959549281045e-07
586, 904, 1.7842769981217048e-07
816, 1147, 1.7685292131898433e-07
316, 732, 1.746765191045818e-07
215, 409, 1.7295934351755008e-07
325, 389, 1.7260710327341586e-07
316, 455, 1.7128693049237483e-07
666, 787, 1.6953587341313474e-07
264, 787, 1.6853513897874757e-07
999, 1054, 1.6617448148416378e-07
268, 334, 1.634677871457485e-07
340, 419, 1.632820947653435e-07
1051, 1072, 1.6291419957683254e-07
893, 1057, 1.6245931047504622e-07
974, 1072, 1.6210186517429806e-07
791, 1057, 1.6201827157109507e-07
316, 727, 1.6189668067683133e-07
270, 529, 1.602031314406732e-07
774, 1057, 1.5877551113191473e-07
295, 316, 1.5616414397895477e-07
0, 795, 1.5508544407627472e-07
666, 675, 1.5358363333217294e-07
666, 1060, 1.5305851573335454e-07
816, 1169, 1.5201876799981218e-07
264, 448, 1.4983187558486903e-07
221, 644, 1.4876906749106998e-07
244, 409, 1.463156461692405e-07
0, 1104, 1.4289781850963165e-07
264, 610, 1.4230132067477172e-07
915, 1060, 1.398526320950048e-07
301, 546, 1.374819668825986e-07
974, 1054, 1.359133303613689e-07
316, 392, 1.3440801144217003e-07
244, 732, 1.32831207507169e-07
529, 1057, 1.3254529262754604e-07
791, 1002, 1.2845967737479063e-07
650, 791, 1.2612309919714892e-07
774, 787, 1.2547869222280342e-07
774, 1002, 1.2505357137644668e-07
0, 929, 1.2465103134734153e-07
563, 610, 1.243417094003691e-07
268, 497, 1.2333742332553783e-07
615, 657, 1.2322799111608985e-07
244, 727, 1.2311289288304792e-07
301, 541, 1.2262483892798145e-07
264, 529, 1.2237534315696464e-07
664, 675, 1.2187369353500292e-07
791, 894, 1.205584377418647e-07
664, 787, 1.182873940138945e-07
266, 787, 1.1610687197685752e-07
545, 894, 1.1454523380839806e-07
1128, 1169, 1.1416039693054456e-07
343, 730, 1.1244766356276342e-07
215, 455, 1.102481134555808e-07
215, 392, 1.1017121228469566e-07
774, 894, 1.0828481570786128e-07
664, 1060, 1.082546623188032e-07
791, 1064, 1.0778247624592843e-07
301, 715, 1.0771826549282547e-07
0, 1119, 1.0758898701028616e-07
221, 1060, 1.0637781109148775e-07
774, 1064, 1.0562523344474336e-07
857, 929, 1.0516723728559172e-07
266, 448, 1.048298991306682e-07
301, -1, 1.044759362045282e-07
529, 1002, 1.0439432437688514e-07
270, 483, 1.0367087717356084e-07
221, 575, 1.0305292559357169e-07
893, 1064, 1.0231696706214697e-07
268, 639, 1.0115071703773832e-07
832, 1002, 1.0045098166912912e-07
268, 450, 1.0042777505980976e-07
301, 409, 1.0041267279782427e-07
483, 657, 9.863839493054366e-08
215, 675, 9.822188281839102e-08
266, 610, 9.803392528015696e-08
295, 497, 9.680637404099301e-08
816, 857, 9.589114121336703e-08
483, 497, 9.577877736294307e-08
268, 900, 9.51648911337379e-08
836, 894, 9.439337683853237e-08
244, 392, 9.359737820653871e-08
832, 1057, 9.328935703954656e-08
343, 582, 9.225919309313211e-08
996, 1147, 9.093767136542881e-08
295, 450, 9.088142724117874e-08
215, 240, 9.013823615930295e-08
650, 938, 8.903346696824181e-08
830, 1018, 8.890379039139322e-08
529, 1064, 8.817560955073677e-08
650, 1006, 8.797654151555621e-08
316, 675, 8.732823120529987e-08
266, 529, 8.430656293487508e-08
270, 657, 8.308225604964462e-08
830, 904, 8.192224799907751e-08
316, 389, 8.082723086678715e-08
999, 1104, 7.924848246224213e-08
264, 483, 7.919170527697353e-08
904, -1, 7.815239606881974e-08
854, 1002, 7.785498362810961e-08
483, 529, 7.668144083661539e-08
816, 866, 7.643548711962391e-08
215, 734, 7.527339471954734e-08
244, 455, 7.503664707654305e-08
1208, 1250, 7.452230659828165e-08
295, 639, 7.409725174496817e-08
615, 1057, 7.407100709311147e-08
215, 578, 7.389096810795951e-08
527, 938, 7.31048404477378e-08
215, 389, 7.289884776806617e-08
527, 1006, 7.223700536038447e-08
483, 586, 7.102141535116109e-08
295, 900, 6.971237675940833e-08
999, 1211, 6.925946593756876e-08
816, 836, 6.862606368431522e-08
325, 497, 6.698678820328739e-08
316, 734, 6.692492781705858e-08
650, 1009, 6.674041016205925e-08
244, 675, 6.640797778618515e-08
816, 1242, 6.630349456336243e-08
699, 791, 6.575104138280081e-08
996, 1169, 6.573341778272682e-08
316, 578, 6.569582420697715e-08
854, 1057, 6.464731718132873e-08
264, 657, 6.346454968076062e-08
325, 450, 6.318522785590936e-08
197, 419, 6.307007502535615e-08
832, 1064, 6.20606417511416e-08
244, 389, 6.197094879371912e-08
513, 938, 6.192367877328302e-08
857, 1211, 6.154188119243232e-08
513, 1006, 6.118857640730693e-08
836, 1018, 6.087752205971826e-08
668, 900, 6.04743287684271e-08
830, 1016, 6.02946368679241e-08
301, 732, 6.02079457034237e-08
527, 791, 6.020635603893298e-08
545, 783, 5.916038559532698e-08
221, 787, 5.903605657489608e-08
615, 1002, 5.8339248328716755e-08
545, 1018, 5.7654559953101355e-08
301, 392, 5.657224020633423e-08
650, 1106, 5.640860101982542e-08
650, 795, 5.612253727431455e-08
541, 1057, 5.6005910047634436e-08
301, 727, 5.5802958575784364e-08
1051, 1054, 5.5340452733949995e-08
527, 1009, 5.480014653427185e-08
721, 1057, 5.4702595240246274e-08
266, 483, 5.4556582336114634e-08
343, 546, 5.426225181279871e-08
301, 455, 5.238889016692759e-08
268, 644, 5.199728629206125e-08
999, 1119, 5.1201769453349245e-08
513, 791, 5.0997978090521184e-08
244, 734, 5.089246694312466e-08
104, 240, 5.0739893180704565e-08
343, 541, 5.017998820419342e-08
244, 578, 4.995780601951884e-08
221, 610, 4.984663061332043e-08
615, 1064, 4.927565567209532e-08
650, 948, 4.877364704170763e-08
623, 791, 4.860508349418135e-08
104, 730, 4.8582647423249654e-08
541, 586, 4.7979741641056184e-08
1128, 1188, 4.74087466487849e-08
545, 774, 4.718332113043514e-08
513, 1009, 4.641863178872611e-08
527, 1106, 4.631676062783625e-08
756, 787, 4.6123511236901175e-08
711, 1057, 4.6009553639402275e-08
836, 904, 4.512777544917498e-08
529, 894, 4.4990108613849835e-08
104, -1, 4.451958728345358e-08
541, 1002, 4.411095275156018e-08
0, 252, 4.407998936028059e-08
266, 657, 4.372186352059307e-08
721, 1002, 4.30844457661329e-08
221, 529, 4.286677381206486e-08
221, 448, 4.28038673863844e-08
623, 938, 4.250005172147222e-08
623, 1006, 4.1995529231958245e-08
836, 1016, 4.129395871941685e-08
1060, 1064, 4.1123720921308083e-08
854, 1064, 4.0969803000732845e-08
325, 639, 4.081617591751909e-08
527, 948, 4.004774616167841e-08
343, 715, 3.996367392904732e-08
104, 582, 3.986028439884283e-08
215, 334, 3.955374507591656e-08
650, 1072, 3.937696019834201e-08
513, 1106, 3.923275380085911e-08
974, 1006, 3.900743609749904e-08
545, 1016, 3.85062740995371e-08
325, 900, 3.8400785001227875e-08
295, 644, 3.809024913783469e-08
650, 1054, 3.793055123262597e-08
893, 1018, 3.76108807158531e-08
791, 904, 3.754076723810637e-08
545, 904, 3.726912853453103e-08
541, 1064, 3.725786981187435e-08
586, 938, 3.724329423081909e-08
268, 1060, 3.7180830610361274e-08
586, 1006, 3.680117525067816e-08
699, 938, 3.6625049890012906e-08
832, 894, 3.640838591216941e-08
721, 1064, 3.639084107550964e-08
711, 1002, 3.623769786049147e-08
699, 1006, 3.619027015209207e-08
270, 586, 3.6160142794349926e-08
268, 575, 3.601872731806349e-08
1128, 1147, 3.5841425856511355e-08
301, 389, 3.5831790140880934e-08
974, 1009, 3.5385622729098395e-08
513, 948, 3.392256591658427e-08
563, 575, 3.287388571071728e-08
774, 904, 3.283340844897021e-08
527, 1072, 3.2332183510763716e-08
857, 1104, 3.2322130425595845e-08
295, 334, 3.226212443270453e-08
586, 791, 3.217253033010406e-08
623, 1009, 3.185847951772513e-08
343, -1, 3.1467517768195385e-08
132, 419, 3.1206965201444944e-08
527, 1054, 3.1144545869981124e-08
711, 1064, 3.060780475027215e-08
699, 795, 3.055285316034102e-08
120, 419, 3.010194707807133e-08
301, 675, 3.010051625563237e-08
904, 1060, 2.8688464264581168e-08
244, 334, 2.8514793918099797e-08
586, 1009, 2.791795958746318e-08
221, 483, 2.774000734400823e-08
791, 1018, 2.7680464063599703e-08
527, 795, 2.765764842797623e-08
264, 586, 2.7621868831584706e-08
699, 1009, 2.745451721808432e-08
513, 1072, 2.7387074966543234e-08
295, 1060, 2.723655794545792e-08
774, 1018, 2.7126445600538935e-08
623, 1106, 2.6926598980286934e-08
668, 787, 2.6519134539938042e-08
343, 455, 2.644495354739402e-08
295, 575, 2.638526729004003e-08
513, 1054, 2.6381082869214787e-08
104, 322, 2.615727491981311e-08
270, 521, 2.5895047095524263e-08
893, 1016, 2.5472816223067338e-08
270, 535, 2.5440263267396915e-08
563, 1057, 2.5258713180123435e-08
615, 894, 2.5142067199780452e-08
974, 1211, 2.4969238011017546e-08
1147, 1169, 2.487003596881282e-08
721, 894, 2.479733322990528e-08
999, 1006, 2.4634816773283694e-08
974, 1104, 2.4555116663709105e-08
316, 322, 2.4226787374380844e-08
816, 1188, 2.405560196772636e-08
668, 1060, 2.3627261560719126e-08
586, 1106, 2.3596094777255043e-08
513, 795, 2.3427495722431324e-08
623, 948, 2.3282060021955738e-08
529, 783, 2.323651613495476e-08
1002, 1106, 2.3226687419213463e-08
699, 1106, 2.3204396020137766e-08
343, 409, 2.31061339511367e-08
301, 734, 2.3067853887118905e-08
529, 1018, 2.2645070668873015e-08
301, 578, 2.2644203336953243e-08
857, 1119, 2.2643590383035835e-08
343, 732, 2.2337258207983957e-08
221, 657, 2.2230952952346327e-08
999, 1009, 2.2178696156081413e-08
104, 546, 2.2037003112034072e-08
316, 497, 2.198082155561436e-08
830, 938, 2.171515355737132e-08
623, 795, 2.1641607361975573e-08
996, 1242, 2.1467482132781696e-08
270, 1057, 2.134499055863637e-08
668, 675, 2.115729417670428e-08
0, 806, 2.115647702374336e-08
325, 644, 2.0981861984612162e-08
316, 450, 2.080685225280854e-08
343, 727, 2.070299990995785e-08
268, 787, 2.063409273882469e-08
136, 419, 2.0515043315804954e-08
586, 948, 2.0402342504896408e-08
1075, 1211, 2.011799004028348e-08
699, 948, 2.0063660520572785e-08
301, 322, 2.0034927260327014e-08
756, 1057, 1.992362422651047e-08
563, 1002, 1.9894077298377825e-08
264, 521, 1.9780607569172657e-08
951, 1057, 1.9754066151851124e-08
215, 497, 1.970026481663592e-08
104, 541, 1.9655552057792373e-08
264, 535, 1.9433209072471338e-08
711, 894, 1.9297586441715313e-08
832, 1018, 1.924418535187124e-08
483, 1057, 1.912380337178317e-08
266, 586, 1.9029199534435208e-08
541, 894, 1.901019588180328e-08
268, 448, 1.8921010967867148e-08
623, 1072, 1.879655933943169e-08
529, 774, 1.8532266003937435e-08
791, 1016, 1.8487202700053177e-08
221, 244, 1.8235876131903576e-08
774, 1016, 1.811718536209803e-08
623, 1054, 1.810611721753544e-08
615, 783, 1.8032294092371024e-08
268, 610, 1.74222341136274e-08
104, 715, 1.7266175380771065e-08
295, 448, 1.7129467591464632e-08
270, 1002, 1.6811580585222108e-08
563, 1064, 1.680333104988563e-08
483, 535, 1.6681839275398775e-08
832, 904, 1.6578172873086486e-08
586, 1072, 1.6471645601594046e-08
900, 1002, 1.6463567784903655e-08
264, 1057, 1.630492812971379e-08
699, 1072, 1.61982137828661e-08
215, 639, 1.6156458099311016e-08
586, 1054, 1.5866603065089468e-08
756, 1002, 1.569209474764286e-08
699, 1054, 1.5603215044362434e-08
615, 774, 1.5434861520371678e-08
974, 1119, 1.530716294823545e-08
215, 900, 1.520036259905212e-08
529, 1016, 1.5124168823564213e-08
295, 787, 1.5115360612098237e-08
483, 1002, 1.506214587434393e-08
325, 1060, 1.5003149432799392e-08
268, 529, 1.4982656999290298e-08
854, 1018, 1.487593504773293e-08
529, 904, 1.4638253246894624e-08
325, 575, 1.4534219366835906e-08
836, 938, 1.44958913559484e-08
900, 1057, 1.4402002965967766e-08
586, 795, 1.4376788960116962e-08
316, 639, 1.4364567934053063e-08
197, 385, 1.4253208093833255e-08
650, 929, 1.4222028019931227e-08
270, 1064, 1.4199731397864349e-08
266, 521, 1.3627214387309462e-08
104, 316, 1.3623722832191583e-08
316, 900, 1.3514511648170787e-08
650, 1211, 1.3391568534920842e-08
266, 535, 1.338788534871331e-08
244, 497, 1.3319381697702151e-08
756, 1064, 1.3254169015032135e-08
832, 1016, 1.3052310331847626e-08
830, 1006, 1.3005671687170305e-08
711, 783, 1.297879409051818e-08
215, 450, 1.2881589659816566e-08
264, 1002, 1.2841964602229876e-08
295, 610, 1.2762535994634519e-08
483, 1064, 1.2722089074666791e-08
951, 1064, 1.2702060668876796e-08
615, 1018, 1.2654868059716459e-08
1051, 1147, 1.2472882252572499e-08
1147, 1188, 1.2187972177068483e-08
756, 894, 1.1910744603195593e-08
325, 448, 1.1886115849008043e-08
527, 929, 1.1677621063674688e-08
1002, 1018, 1.1334107330422909e-08
1002, 1072, 1.1272759185267508e-08
830, 948, 1.1249571400694773e-08
266, 1057, 1.1232756648969639e-08
343, 675, 1.1167346700511037e-08
721, 783, 1.102633618919041e-08
527, 1211, 1.0995735810664796e-08
295, 529, 1.0975440807510397e-08
244, 639, 1.0923408101902035e-08
264, 1064, 1.0846835432763502e-08
1075, 1106, 1.0609351045025674e-08
1060, 1106, 1.0540855226477987e-08
244, 900, 1.0276990349352257e-08
221, 278, 1.0093981394676573e-08
854, 1016, 1.0092642887467696e-08
1051, 1169, 9.8975389206416e-09
513, 929, 9.891564650908067e-09
541, 783, 9.818396464154965e-09
268, 483, 9.695598204222524e-09
221, 586, 9.675645215158546e-09
104, 732, 9.650739780065422e-09
830, 1009, 9.638830587418882e-09
541, 1018, 9.56848610585551e-09
721, 1018, 9.345817647911656e-09
513, 1211, 9.313971661045655e-09
1169, 1250, 9.162436986955016e-09
1169, 1188, 9.078072395230781e-09
244, 450, 9.071693206443289e-09
900, 1064, 9.066670005877548e-09
996, 1188, 8.983638709244136e-09
104, 727, 8.944663796128145e-09
836, 1006, 8.910865457375634e-09
266, 1002, 8.84705912984984e-09
563, 894, 8.57361455010787e-09
343, 734, 8.55821607199129e-09
615, 1016, 8.45192155828266e-09
295, 483, 8.445108491018177e-09
343, 578, 8.401040941392788e-09
358, 419, 8.340081347679465e-09
325, 787, 8.326236173017475e-09
340, 385, 8.31300350374666e-09
215, 644, 8.305348709907244e-09
666, 1057, 8.217736533592084e-09
615, 904, 8.180374712576983e-09
529, 535, 8.083870543658889e-09
483, 521, 7.87244397466945e-09
854, 894, 7.861597602238707e-09
711, 1018, 7.86063067916933e-09
541, 774, 7.83065473107304e-09
545, 938, 7.779202002822e-09
268, 657, 7.770091220595218e-09
711, 774, 7.691928876032557e-09
915, 1057, 7.690398774867693e-09
545, 1006, 7.686854294950555e-09
836, 948, 7.623574063439303e-09
221, 254, 7.486507469301309e-09
915, 1002, 7.478273872239318e-09
104, 409, 7.47750297474045e-09
266, 1064, 7.47257895639632e-09
721, 904, 7.465091248671688e-09
1060, 1211, 7.438886053129149e-09
316, 644, 7.38421410349523e-09
301, 316, 7.306425414312278e-09
270, 894, 7.245172005415079e-09
650, 1104, 7.0333245653570465e-09
325, 610, 7.03019210622808e-09
221, 521, 6.928935263089292e-09
221, 535, 6.8072452853815636e-09
623, 929, 6.7888732969020115e-09
301, 497, 6.758083619265913e-09
1002, 1016, 6.729532381906758e-09
650, 806, 6.6519010065498225e-09
836, 1009, 6.603537990058298e-09
483, 894, 6.491230082565941e-09
666, 1002, 6.4723917109773195e-09
545, 791, 6.4066538222664964e-09
623, 1211, 6.392454149503024e-09
830, 1106, 6.391697596894236e-09
541, 1016, 6.390591637667403e-09
325, 529, 6.3863051291919554e-09
301, 450, 6.37032942775276e-09
721, 1016, 6.241876034220218e-09
816, 1155, 6.1947849829069425e-09
541, 904, 6.185272055672338e-09
791, 938, 6.12416871679619e-09
1072, 1211, 6.091608039527317e-09
343, 392, 6.071008558597895e-09
586, 929, 5.949169364528814e-09
215, 1060, 5.93876691580715e-09
132, 385, 5.931210341347874e-09
563, 586, 5.922964782698586e-09
721, 774, 5.882685972168926e-09
325, 483, 5.877063064068715e-09
699, 929, 5.85041224950772e-09
545, 1009, 5.831370495625503e-09
711, 904, 5.81690388761298e-09
664, 1057, 5.812210377230536e-09
527, 1104, 5.775020199437838e-09
215, 575, 5.753148131294925e-09
120, 385, 5.721190082139001e-09
221, 1057, 5.711441930437942e-09
295, 657, 5.691926089253636e-09
244, 644, 5.615260029720906e-09
586, 1211, 5.601782612106283e-09
264, 894, 5.534413730996513e-09
699, 1211, 5.50879216993709e-09
666, 1064, 5.46684015412744e-09
893, 1006, 5.418545831893674e-09
104, 455, 5.415563497267758e-09
316, 1060, 5.280106585381847e-09
711, 1016, 5.249950737175678e-09
774, 938, 5.2443865399471736e-09
1002, 1054, 5.229430368329415e-09
316, 575, 5.115074520583213e-09
1128, 1250, 4.992279526354868e-09
951, 1002, 4.98764568024401e-09
301, 639, 4.951215713823549e-09
545, 1106, 4.928639948238072e-09
650, 1119, 4.927265572902017e-09
221, 270, 4.894045783569136e-09
513, 1104, 4.891748529221731e-09
915, 1064, 4.837949940560948e-09
104, 675, 4.824815831778453e-09
832, 938, 4.6679215002335195e-09
301, 900, 4.658216156884785e-09
664, 1002, 4.577769330309679e-09
221, 1002, 4.498402845745187e-09
830, 1072, 4.461830595378279e-09
854, 904, 4.436175209878065e-09
563, 783, 4.428105176148354e-09
563, 1018, 4.315395391490632e-09
830, 1054, 4.2979369950557856e-09
545, 948, 4.261544177394841e-09
0, 1147, 4.1930539707266925e-09
104, 392, 4.1804671654225386e-09
836, 1106, 4.179158324812546e-09
527, 1119, 4.045747917231184e-09
893, 1009, 4.038421045700201e-09
244, 1060, 4.015210155881956e-09
0, 1169, 4.00606097003156e-09
1072, 1106, 3.934592539721018e-09
316, 448, 3.918992269904694e-09
136, 385, 3.899098687823331e-09
244, 575, 3.88971298799141e-09
699, 806, 3.8761187417135e-09
664, 1064, 3.866566535029941e-09
266, 894, 3.812756618148367e-09
221, 1064, 3.799530437079742e-09
270, 783, 3.74199043726077e-09
1147, 1250, 3.724559557592952e-09
104, 734, 3.69754942720949e-09
791, 1006, 3.6905267206372892e-09
270, 1018, 3.646744520644657e-09
104, 578, 3.6296424230829922e-09
774, 1006, 3.6166616316360965e-09
756, 904, 3.5792550141768996e-09
527, 806, 3.5787923357864903e-09
830, 929, 3.5568698317757068e-09
563, 774, 3.555213536868542e-09
343, 497, 3.473090906029425e-09
545, 1072, 3.4405189202533255e-09
513, 1119, 3.4269631516862508e-09
756, 1018, 3.4039072202827958e-09
268, 586, 3.3818004158909644e-09
623, 1104, 3.357351656407998e-09
483, 783, 3.3525940967124897e-09
343, 389, 3.341519167241339e-09
545, 1054, 3.314140515523658e-09
900, 1018, 3.3079006589337793e-09
215, 787, 3.2958130650496796e-09
483, 1018, 3.267259592753442e-09
343, 450, 3.1662097950227665e-09
0, 836, 3.1578276487815585e-09
325, 657, 3.135374809420889e-09
791, 948, 3.0978926506617428e-09
529, 938, 3.0554492002824954e-09
513, 806, 3.031426997723343e-09
529, 1006, 3.019177648256792e-09
325, 334, 2.9975715845011575e-09
996, 1155, 2.9892428504793863e-09
270, 774, 2.9844216647945335e-09
666, 783, 2.9511226911332732e-09
545, 795, 2.943094229144403e-09
586, 1104, 2.942086668397107e-09
316, 787, 2.930279048776436e-09
836, 1072, 2.9173308333046073e-09
1002, 1104, 2.9115885692447894e-09
699, 1104, 2.8932475828526098e-09
563, 1016, 2.8821622769783863e-09
264, 783, 2.858417059216146e-09
854, 938, 2.8566331263929035e-09
832, 1006, 2.815891210730824e-09
836, 1054, 2.8101703655590727e-09
791, 1009, 2.7996925408328344e-09
563, 904, 2.7895629704504638e-09
666, 894, 2.7893624275682067e-09
264, 1018, 2.7856609799474065e-09
215, 610, 2.7827938713295536e-09
774, 1009, 2.7436573040336602e-09
104, 389, 2.7023010911383574e-09
483, 774, 2.673858905640434e-09
774, 948, 2.6569638021865546e-09
1002, 1211, 2.5739336134358868e-09
623, 806, 2.5708815363211634e-09
301, 644, 2.5452096485819895e-09
529, 791, 2.516351328919061e-09
264, 278, 2.5135734648492162e-09
0, 1242, 2.4812377723866756e-09
295, 586, 2.4773142900610677e-09
316, 610, 2.474158096129036e-09
666, 774, 2.4731767747178985e-09
1051, 1242, 2.4646934039625537e-09
270, 1016, 2.4355843526887346e-09
832, 948, 2.4282638015624755e-09
268, 521, 2.4217791819904984e-09
215, 529, 2.3931285621541617e-09
215, 448, 2.389616677525296e-09
268, 535, 2.3792464921211937e-09
791, 1106, 2.3662836223293057e-09
270, 904, 2.357332887165536e-09
623, 1119, 2.352026140557474e-09
270, 278, 2.326162390073376e-09
774, 1106, 2.3189229706943986e-09
836, 929, 2.306215778502098e-09
529, 1009, 2.2903964071053023e-09
264, 774, 2.279728380275519e-09
756, 1016, 2.273398401448588e-09
900, 1016, 2.237131436470153e-09
244, 787, 2.228304676422443e-09
483, 1016, 2.182134310542734e-09
854, 1006, 2.180821991342469e-09
951, 1018, 2.148201495213092e-09
316, 529, 2.1277100212609036e-09
483, 904, 2.112025793225352e-09
832, 1009, 2.0868644581505106e-09
586, 1119, 2.061108117360321e-09
664, 783, 2.0607613419803494e-09
1128, 1155, 2.0290929814687796e-09
699, 1119, 2.0268934095675482e-09
1210, 1242, 2.0230690751888427e-09
268, 1057, 1.9962448256610278e-09
1075, 1119, 1.9794588661598837e-09
664, 894, 1.9728499667878955e-09
266, 783, 1.9692146430823786e-09
221, 894, 1.938645935274025e-09
529, 1106, 1.9358295340397984e-09
316, 483, 1.927041166713779e-09
266, 1018, 1.9190916786229745e-09
1002, 1119, 1.9013213208730138e-09
244, 610, 1.8814515491672562e-09
264, 1016, 1.8604846750975775e-09
343, 639, 1.8369101046544358e-09
615, 791, 1.8346373406361974e-09
586, 806, 1.823217383915665e-09
301, 1060, 1.8199605317909123e-09
264, 904, 1.800710250841183e-09
316, 334, 1.7849509139530908e-09
295, 521, 1.7740574360112914e-09
301, 575, 1.7630768610625645e-09
904, 1002, 1.7550296304581696e-09
1060, 1119, 1.7497599838999776e-09
295, 535, 1.7429004109210975e-09
664, 774, 1.732602534574144e-09
343, 900, 1.7282067320064853e-09
615, 938, 1.7074933021026192e-09
244, 448, 1.706623499730991e-09
774, 783, 1.6887512805561639e-09
915, 1018, 1.6878767153573827e-09
615, 1006, 1.6872234733209693e-09
854, 948, 1.6850746917594784e-09
711, 791, 1.6786263939860112e-09
529, 948, 1.673813296539425e-09
893, 1106, 1.6559491380557692e-09
791, 1072, 1.6518235575759364e-09
893, 1054, 1.6335473136798712e-09
774, 1072, 1.618762668621434e-09
244, 529, 1.6179981877242284e-09
854, 1009, 1.615364624664931e-09
791, 1054, 1.5911481679210643e-09
721, 791, 1.5782715945475592e-09
904, 1057, 1.5774644161491625e-09
268, 1002, 1.5722673037610796e-09
266, 774, 1.5705456606532037e-09
774, 1054, 1.5593016836833683e-09
215, 483, 1.5486447424375077e-09
266, 278, 1.5408854438458284e-09
340, 730, 1.5226611871649294e-09
830, 1211, 1.5174078930483565e-09
301, 334, 1.5130175522742937e-09
104, 178, 1.4882210256020274e-09
893, 1072, 1.4733585117316447e-09
295, 1057, 1.4623352134657603e-09
215, 244, 1.4607613293128962e-09
1064, 1106, 1.4342637440250721e-09
999, 1147, 1.4121952676815051e-09
666, 1018, 1.4039821471765941e-09
0, 857, 1.3981729953271036e-09
1051, 1188, 1.3657775262702306e-09
325, 586, 1.3646187069682057e-09
832, 1106, 1.3624949554127521e-09
816, 1250, 1.353758048960915e-09
529, 1072, 1.3513379366715594e-09
951, 1016, 1.3380001743724119e-09
268, 1064, 1.3279996658182705e-09
0, 874, 1.3264014148141593e-09
893, 938, 1.3217363267680656e-09
1064, 1211, 1.306287367820096e-09
529, 1054, 1.3017000952163355e-09
541, 938, 1.2910546249801345e-09
266, 1016, 1.2817211727798764e-09
615, 1009, 1.2799546868364274e-09
541, 1006, 1.2757283826084155e-09
668, 1057, 1.268551505193672e-09
721, 938, 1.2610104634183875e-09
340, 582, 1.2492877844781312e-09
721, 1006, 1.2460408783817232e-09
545, 929, 1.242634175936371e-09
215, 657, 1.2410900971323343e-09
266, 904, 1.2405415026726119e-09
351, 419, 1.221367561171899e-09
893, 948, 1.2128703617328786e-09
301, 448, 1.2007879544548477e-09
120, 137, 1.199158963532396e-09
1060, 1104, 1.1768732243929686e-09
1075, 1104, 1.173067123627444e-09
545, 1211, 1.170073684819486e-09
197, 322, 1.160704286478192e-09
529, 795, 1.155963671535096e-09
295, 1002, 1.1517534391150449e-09
264, 270, 1.1394723443977203e-09
915, 1016, 1.1323084247958645e-09
197, 730, 1.1103255349374338e-09
316, 657, 1.1034425307176737e-09
325, 521, 1.0939152997911191e-09
615, 1106, 1.081810151868913e-09
541, 791, 1.0632633070696971e-09
711, 938, 1.0606174771358912e-09
791, 929, 1.0507534770346445e-09
711, 1006, 1.0480267778705394e-09
244, 483, 1.047041277396754e-09
999, 1169, 1.0202107048230531e-09
301, 787, 1.0100160157129248e-09
221, 783, 1.0012729229351548e-09
668, 1002, 9.991269753661047e-10
1060, 1072, 9.934751412134655e-10
664, 1018, 9.930033132492282e-10
904, 1064, 9.927667456897668e-10
836, 1211, 9.921445331598121e-10
221, 1018, 9.757872465479974e-10
325, 535, 9.729891833972573e-10
295, 1064, 9.728168859016346e-10
541, 1009, 9.677879357829869e-10
104, 497, 9.677084866442363e-10
104, 334, 9.606837149996207e-10
832, 1072, 9.511122179908997e-10
721, 1009, 9.45266520702957e-10
343, 644, 9.442774446063667e-10
666, 1016, 9.37690296032349e-10
615, 948, 9.353861921668085e-10
221, 249, 9.178462350222789e-10
832, 1054, 9.16175614642779e-10
197, 582, 9.109814706541377e-10
666, 904, 9.075637928010349e-10
774, 929, 8.993987091327762e-10
854, 1106, 8.875182438990268e-10
301, 610, 8.527990887214578e-10
893, 904, 8.523550281821428e-10
668, 1064, 8.439024879689352e-10
244, 657, 8.39103071903102e-10
711, 795, 8.18270925298757e-10
541, 1106, 8.17968655104506e-10
615, 795, 8.169987962765567e-10
721, 795, 8.086327100878509e-10
325, 1057, 8.055215263399367e-10
721, 1106, 7.989336879149713e-10
221, 774, 7.985644682104734e-10
830, 1104, 7.969508711405518e-10
711, 1009, 7.95049860007664e-10
104, 639, 7.936310380768388e-10
857, 1147, 7.714131342714068e-10
1002, 1006, 7.58340487780935e-10
832, 929, 7.582022870294387e-10
615, 1072, 7.551755321379597e-10
104, 900, 7.466660993689287e-10
221, 258, 7.391644694113014e-10
301, 529, 7.333844874479593e-10
615, 1054, 7.274361471048937e-10
215, 278, 7.250580221229192e-10
1072, 1119, 7.234614471782698e-10
340, 546, 7.194183756717222e-10
0, 866, 7.10736444745288e-10
541, 948, 7.072558750610764e-10
266, 270, 7.019691069224139e-10
0, 1188, 6.945113146812299e-10
721, 948, 6.907973074957004e-10
132, 240, 6.903884590339529e-10
1002, 1009, 6.806828901796524e-10
650, 836, 6.800689797812412e-10
268, 894, 6.775892960506427e-10
343, 1060, 6.752086930054763e-10
711, 1106, 6.719714523051526e-10
340, 541, 6.648198323183703e-10
664, 1016, 6.632061330938414e-10
857, 1169, 6.6308926884673e-10
343, 575, 6.54104746906134e-10
221, 1016, 6.517078824116228e-10
854, 1054, 6.487217600569289e-10
664, 904, 6.418983710361303e-10
197, -1, 6.413001586476888e-10
325, 1002, 6.344387933081427e-10
104, 450, 6.327642674501797e-10
221, 904, 6.307695409267829e-10
197, 316, 6.297158389307132e-10
104, 244, 6.263721072137313e-10
132, 137, 6.217367765384252e-10
120, 240, 6.216259755608541e-10
854, 1072, 6.195468409690147e-10
756, 783, 6.150277839018426e-10
545, 1104, 6.145290575378656e-10
215, 254, 5.955020163043897e-10
343, 448, 5.919057930845972e-10
301, 483, 5.909885478402022e-10
563, 938, 5.822667365731399e-10
711, 948, 5.810195226312426e-10
563, 1006, 5.753545881968912e-10
756, 938, 5.719270989248588e-10
541, 1072, 5.709965961435782e-10
791, 1211, 5.617627228575742e-10
830, 1119, 5.58311870037494e-10
721, 1072, 5.577089213590958e-10
774, 1211, 5.505191642377731e-10
541, 1054, 5.500225394389629e-10
132, 730, 5.493871747756409e-10
340, 715, 5.411507296842202e-10
215, 586, 5.401634147505891e-10
721, 1054, 5.372229524054137e-10
325, 1064, 5.358723058603941e-10
120, 730, 5.299337360654922e-10
836, 1104, 5.210797002054695e-10
197, 546, 5.036417026766975e-10
295, 894, 4.963633093221507e-10
270, 938, 4.920471564062828e-10
541, 795, 4.884428267720535e-10
529, 929, 4.880713468722297e-10
270, 1006, 4.862060139546117e-10
316, 586, 4.802546460975736e-10
563, 791, 4.795326579887907e-10
900, 1006, 4.702927414201445e-10
711, 1072, 4.690808255028759e-10
527, 836, 4.624744609352893e-10
668, 783, 4.6117750739044563e-10
136, 240, 4.608891028605731e-10
529, 1211, 4.5957165056986303e-10
756, 1006, 4.538294777920114e-10
711, 1054, 4.518503763205287e-10
132, 582, 4.5075207287188696e-10
197, 541, 4.4921515212888127e-10
120, -1, 4.485428746213852e-10
1147, 1155, 4.4551727114946684e-10
483, 938, 4.408440960847134e-10
996, 1250, 4.383144043849043e-10
132, -1, 4.3812218214959733e-10
563, 1009, 4.364731841395865e-10
483, 1006, 4.356107904336565e-10
1072, 1104, 4.3537269729654913e-10
120, 582, 4.3479123828075064e-10
1051, 1155, 4.3310892798972323e-10
340, -1, 4.3249565110173836e-10
668, 894, 4.305869251901689e-10
545, 1119, 4.3051445168172117e-10
974, 1147, 4.179899737408553e-10
699, 836, 4.112760543829946e-10
104, 644, 4.0797199966215737e-10
270, 791, 4.052312556200622e-10
0, 810, 3.999197876913692e-10
197, 715, 3.9460746650878677e-10
893, 1211, 3.9312721768836275e-10
513, 836, 3.917404071249891e-10
854, 929, 3.885214119867812e-10
215, 521, 3.8682250631021667e-10
668, 774, 3.8499315385247945e-10
545, 806, 3.8082496775486493e-10
301, 657, 3.8033737056851924e-10
215, 535, 3.800289052182142e-10
264, 938, 3.758630625577133e-10
343, 787, 3.747177930353432e-10
264, 1006, 3.7140115344567904e-10
563, 1106, 3.6890456082302174e-10
215, 270, 3.6887054473817887e-10
270, 1009, 3.6884365122324096e-10
244, 586, 3.6520538008817866e-10
836, 1119, 3.650475736903781e-10
483, 791, 3.6306236965953266e-10
136, 730, 3.611598120777269e-10
316, 521, 3.607439575289176e-10
904, 1018, 3.596905087830284e-10
900, 1009, 3.5215423831908197e-10
340, 455, 3.519808689979253e-10
268, 783, 3.499616937067471e-10
132, 322, 3.463879471975972e-10
340, 409, 3.4546585704243315e-10
756, 1009, 3.442822935488589e-10
268, 1018, 3.4105402201263253e-10
316, 535, 3.378804309927077e-10
483, 1009, 3.304613062042253e-10
343, 529, 3.2852304076193066e-10
999, 1242, 3.2547645758368125e-10
832, 1211, 3.2346032775180944e-10
563, 948, 3.1897300263366905e-10
215, 1057, 3.188533588914248e-10
343, 610, 3.163900249667766e-10
270, 1106, 3.117444784955065e-10
264, 791, 3.0954647089902236e-10
120, 322, 3.0570943011788215e-10
343, 483, 3.052638422914708e-10
974, 1169, 3.03404329635923e-10
666, 791, 3.029138441168746e-10
340, 732, 3.024702783797224e-10
136, 582, 2.9631840968719066e-10
791, 1104, 2.950408347067754e-10
197, 240, 2.9319286691728197e-10
104, 1060, 2.9172172039918657e-10
774, 791, 2.9160326861646334e-10
756, 1106, 2.909853638572351e-10
756, 948, 2.9020333867685087e-10
857, 1242, 2.892086043748057e-10
774, 1104, 2.8913565662129005e-10
756, 774, 2.8595947062850246e-10
316, 1057, 2.834897789257531e-10
104, 575, 2.826038291055942e-10
136, -1, 2.823542012281501e-10
264, 1009, 2.8175084958578e-10
340, 727, 2.8034067958358773e-10
483, 1106, 2.793039468726784e-10
268, 774, 2.791116861621805e-10
325, 894, 2.7341975141028964e-10
615, 929, 2.72751566498138e-10
270, 948, 2.6954958794310865e-10
623, 836, 2.688630245169764e-10
1075, 1169, 2.6606986607794286e-10
244, 521, 2.615313377136312e-10
266, 938, 2.589387871850338e-10
563, 1072, 2.575199516720779e-10
244, 535, 2.569381727542497e-10
615, 1211, 2.5682492613908676e-10
295, 783, 2.5636199603023776e-10
266, 1006, 2.5586489818370824e-10
358, 385, 2.5274393575341906e-10
215, 1002, 2.5113287931172664e-10
295, 1018, 2.4983674330529667e-10
132, 546, 2.49201052687972e-10
1064, 1119, 2.4829521202109524e-10
563, 1054, 2.4806063421656396e-10
268, 278, 2.4393380825449176e-10
904, 1016, 2.4296123953850006e-10
483, 948, 2.4149991093266155e-10
529, 1104, 2.4136952822709515e-10
120, 546, 2.403770072286841e-10
264, 1106, 2.381341562434094e-10
586, 836, 2.356078245621215e-10
136, 322, 2.3478416218275806e-10
650, 857, 2.332102381369858e-10
268, 1016, 2.2778284432403508e-10
1075, 1147, 2.2682366944736713e-10
316, 1002, 2.2328008299674647e-10
915, 1006, 2.2266921711351244e-10
132, 541, 2.2227088860781937e-10
197, 732, 2.205615250953807e-10
268, 904, 2.2046454250881563e-10
563, 795, 2.202881313031222e-10
270, 1072, 2.1761840747399622e-10
668, 1018, 2.1672922449941392e-10
244, 1057, 2.1557728447807478e-10
120, 541, 2.1440042255562528e-10
266, 791, 2.1325210092889272e-10
215, 1064, 2.12116844892826e-10
664, 791, 2.1120419447241154e-10
854, 1211, 2.106994531736254e-10
270, 1054, 2.0962476819636385e-10
893, 1104, 2.0785121912482946e-10
721, 929, 2.06935639715673e-10
791, 1119, 2.0669379522330908e-10
541, 929, 2.062304847488266e-10
264, 948, 2.05902487833529e-10
951, 1106, 2.0446941687958338e-10
295, 774, 2.0446131752882793e-10
197, 727, 2.0442460715960652e-10
756, 1072, 2.0312716294593684e-10
774, 1119, 2.025568639026954e-10
650, 874, 1.971042367910302e-10
951, 1054, 1.9593107925885632e-10
756, 1054, 1.9566582138514676e-10
132, 715, 1.952510992038491e-10
483, 1072, 1.94972755934505e-10
541, 1211, 1.9418817531743502e-10
266, 1009, 1.9410320020178065e-10
721, 1211, 1.8966921786998626e-10
666, 938, 1.8943619967140097e-10
132, 316, 1.88904029536551e-10
316, 1064, 1.8859126237265522e-10
120, 715, 1.883373861325485e-10
483, 1054, 1.878109450472871e-10
666, 1006, 1.8718738304198484e-10
270, 795, 1.861554881800098e-10
951, 1072, 1.851881954299555e-10
527, 857, 1.851162613070593e-10
951, 1006, 1.7560127558408346e-10
915, 1009, 1.7100104981637785e-10
197, 409, 1.708935788964791e-10
774, 795, 1.7000647643742675e-10
832, 1104, 1.6988312184362674e-10
244, 1002, 1.697913559807186e-10
711, 929, 1.694209154366179e-10
529, 1119, 1.6909382692772202e-10
650, 1147, 1.678601897792484e-10
295, 1016, 1.6686073271003978e-10
483, 795, 1.6678390851254877e-10
120, 316, 1.6634969077797835e-10
264, 1072, 1.6623350025941688e-10
301, 586, 1.655353896693338e-10
266, 1106, 1.640548799485494e-10
136, 546, 1.6382145323125632e-10
104, 787, 1.6189560410113092e-10
527, 874, 1.6184109495950741e-10
295, 904, 1.6149976179625437e-10
264, 1054, 1.6012735026798856e-10
711, 1211, 1.595280080406893e-10
1064, 1104, 1.5947005223262092e-10
513, 857, 1.5680329552301292e-10
951, 1009, 1.528357430155128e-10
0, 1155, 1.526286755349054e-10
340, 675, 1.5121777408021953e-10
529, 806, 1.4957721148674294e-10
136, 541, 1.4611792201507489e-10
900, 1054, 1.4484789966292514e-10
668, 1016, 1.44748913715464e-10
900, 1106, 1.4470146493603044e-10
893, 1119, 1.4464640198311814e-10
650, 1169, 1.4428881952382502e-10
244, 1064, 1.4341255043709023e-10
264, 795, 1.4219972819331132e-10
666, 1009, 1.4200333982412314e-10
266, 948, 1.4184990702513676e-10
325, 783, 1.412159841575643e-10
343, 657, 1.411058615815148e-10
668, 904, 1.4009836050484663e-10
999, 1188, 1.393412407334473e-10
699, 857, 1.393153774376746e-10
527, 1147, 1.3782898509069785e-10
325, 1018, 1.376215746908796e-10
513, 874, 1.370879946554754e-10
104, 610, 1.3669528155749183e-10
666, 795, 1.3519226179414789e-10
615, 1104, 1.3488584681471038e-10
1064, 1072, 1.3423395700608917e-10
664, 938, 1.3398373640386755e-10
358, 730, 1.3295242031066742e-10
664, 1006, 1.3239320167492473e-10
221, 938, 1.3166081067740406e-10
900, 1072, 1.3052503825696144e-10
104, 254, 1.3019138948136433e-10
221, 1006, 1.3009785163891348e-10
136, 715, 1.2835547230462646e-10
136, 316, 1.2808767142203918e-10
721, 806, 1.2740133160213896e-10
893, 929, 1.2595934698637847e-10
197, 455, 1.2376926240157655e-10
1060, 1147, 1.2370167719403168e-10
666, 1106, 1.2002038525342012e-10
650, 810, 1.1950622295037876e-10
832, 1119, 1.1901331296442638e-10
301, 521, 1.1854341217184405e-10
527, 1169, 1.1847467574686455e-10
104, 529, 1.1755429892859498e-10
104, 448, 1.1738178954402067e-10
974, 1242, 1.1733990475345964e-10
513, 1147, 1.167484635234998e-10
301, 535, 1.1646148404914495e-10
340, 734, 1.1588736512002979e-10
266, 1072, 1.1452123189169993e-10
711, 806, 1.1429185446509985e-10
340, 578, 1.1375904636828995e-10
325, 774, 1.126267021792895e-10
268, 270, 1.1172164205070056e-10
854, 1104, 1.106604977638719e-10
266, 1054, 1.1031459593659707e-10
197, 675, 1.1026809989836611e-10
244, 278, 1.0985563107000878e-10
650, 866, 1.097542263946269e-10
132, 732, 1.0913346520773827e-10
358, 582, 1.0908259566277895e-10
221, 791, 1.0843081792491076e-10
215, 894, 1.0822902091835448e-10
1060, 1169, 1.0812984521091661e-10
197, 392, 1.0774800058951656e-10
623, 857, 1.0761873812801625e-10
756, 791, 1.0755718837652383e-10
699, 874, 1.0660981137920262e-10
120, 732, 1.0526912094540292e-10
857, 1188, 1.0492790943067869e-10
666, 948, 1.0377552008607212e-10
541, 1104, 1.0198868491024267e-10
132, 727, 1.0114894582548259e-10
664, 1009, 1.004355982883271e-10
513, 1169, 1.0035433657724028e-10
721, 1104, 9.961530390247991e-11
221, 1009, 9.869430907384032e-11
756, 929, 9.797869709826772e-11
266, 795, 9.796393640240595e-11
301, 1057, 9.77139761230202e-11
120, 727, 9.756732814571832e-11
615, 806, 9.714617445700533e-11
316, 894, 9.622549161836651e-11
340, 392, 9.589389207120651e-11
615, 1119, 9.449562338633818e-11
586, 857, 9.430756355588622e-11
664, 795, 9.420810075343155e-11
623, 874, 9.408754419423102e-11
563, 929, 9.301012444647295e-11
325, 1016, 9.191456983398327e-11
527, 866, 9.011853050613115e-11
325, 904, 8.896150036443133e-11
857, 874, 8.762684573231519e-11
563, 1211, 8.757903262607145e-11
664, 1106, 8.488757528275395e-11
132, 409, 8.455785041683761e-11
197, 734, 8.450514254518093e-11
711, 1104, 8.378497671047318e-11
666, 1072, 8.378222199576589e-11
221, 1106, 8.341584790916421e-11
197, 578, 8.295317111748411e-11
1072, 1169, 8.290114295072798e-11
586, 874, 8.245001946928351e-11
120, 409, 8.156371251906519e-11
666, 1054, 8.070470264303053e-11
623, 1147, 8.01279225725189e-11
270, 929, 7.859862907544351e-11
854, 1119, 7.752431383556525e-11
915, 1054, 7.733992491074741e-11
301, 1002, 7.69607453974704e-11
915, 1106, 7.649439233315967e-11
513, 866, 7.633517699243672e-11
104, 483, 7.607190431207948e-11
1072, 1147, 7.58687676381037e-11
900, 938, 7.440267699654565e-11
270, 1211, 7.40090602085404e-11
1075, 1242, 7.396490735646749e-11
215, 249, 7.341897893046551e-11
664, 948, 7.339796698046654e-11
244, 894, 7.31738204434105e-11
221, 948, 7.21254392069829e-11
244, 254, 7.192263826155337e-11
136, 732, 7.174288661163973e-11
358, 546, 7.170758436371433e-11
900, 948, 7.148295215661881e-11
541, 1119, 7.144918897373293e-11
197, 389, 7.123513379742481e-11
699, 810, 7.051985717508721e-11
483, 929, 7.041955458360896e-11
586, 1147, 7.021703917044638e-11
721, 1119, 6.978649327097361e-11
915, 1072, 6.95680438316945e-11
756, 1211, 6.908078506296341e-11
699, 1147, 6.905142565553391e-11
623, 1169, 6.887614850245147e-11
136, 727, 6.64939699058501e-11
358, 541, 6.64664614592566e-11
527, 810, 6.636211197213178e-11
483, 1211, 6.630758215940889e-11
1210, 1250, 6.620522350819892e-11
301, 1064, 6.500411471031632e-11
791, 795, 6.465766679437726e-11
541, 806, 6.320260558209797e-11
699, 866, 6.318863499507552e-11
650, 1242, 6.293205165867225e-11
756, 795, 6.249960843535048e-11
343, 586, 6.141393296853298e-11
132, 455, 6.124081925099487e-11
104, 657, 6.09643286962763e-11
586, 1169, 6.035697746848605e-11
264, 929, 6.003961419653255e-11
699, 1169, 5.935504247538922e-11
664, 1072, 5.925718086977489e-11
120, 455, 5.90723220989722e-11
711, 1119, 5.869639989391827e-11
215, 258, 5.832537373128815e-11
221, 1072, 5.822981714926205e-11
664, 1054, 5.7080524336071525e-11
264, 1211, 5.6533752232542706e-11
343, 521, 5.6492703920852245e-11
513, 810, 5.6212229987926155e-11
221, 1054, 5.6090898117105664e-11
215, 783, 5.589818447483167e-11
136, 409, 5.558720474083348e-11
132, 675, 5.4560467146651137e-11
215, 1018, 5.4475392539163546e-11
340, 389, 5.31401292712219e-11
1002, 1147, 5.26846143336443e-11
0, 1250, 5.264591778607748e-11
120, 675, 5.262851687120466e-11
623, 866, 5.239108907311947e-11
527, 1242, 5.1673126434546865e-11
904, 1006, 5.052105291916813e-11
343, 535, 4.9836752225510436e-11
221, 795, 4.981104385367225e-11
316, 783, 4.969859503508311e-11
545, 836, 4.9212640787223785e-11
244, 270, 4.881204818130538e-11
316, 1018, 4.843360296254452e-11
900, 904, 4.806891686726525e-11
668, 791, 4.7417716626608755e-11
1051, 1250, 4.741203784513707e-11
132, 392, 4.727397881892119e-11
358, 715, 4.725102332079587e-11
999, 1155, 4.6409995465857615e-11
623, 810, 4.622609607906473e-11
268, 938, 4.601766336035424e-11
563, 1104, 4.599698384643299e-11
340, 497, 4.592258371975427e-11
586, 866, 4.5910926372765574e-11
120, 392, 4.5600038305267223e-11
268, 1006, 4.547138294092473e-11
215, 774, 4.4581555075134885e-11
513, 1242, 4.376987984580364e-11
351, 385, 4.355778606531813e-11
774, 806, 4.260801709845796e-11
974, 1188, 4.2572145891686915e-11
340, 450, 4.228218768728605e-11
132, 734, 4.1812999932065726e-11
266, 929, 4.136236420071261e-11
132, 578, 4.1045087125266304e-11
120, 734, 4.033242909093156e-11
136, 455, 4.025889898359502e-11
1075, 1188, 4.0227861704462086e-11
316, 774, 3.963707717038627e-11
120, 578, 3.959170757182085e-11
104, 278, 3.9471318857135626e-11
197, 334, 3.897293898448502e-11
266, 1211, 3.894711318132262e-11
270, 1104, 3.8869960592468056e-11
221, 252, 3.848200159793245e-11
1002, 1169, 3.804053910713721e-11
904, 1009, 3.799520918237454e-11
268, 791, 3.789839095995144e-11
244, 783, 3.779285518030881e-11
244, 1018, 3.683090319418228e-11
215, 1016, 3.6382974711787275e-11
756, 1104, 3.6281603705384314e-11
343, 1057, 3.6252064236507526e-11
136, 675, 3.5867324477686627e-11
215, 904, 3.521404739126648e-11
483, 1104, 3.4825102470638466e-11
358, -1, 3.453633210247839e-11
268, 1009, 3.449531768166577e-11
586, 810, 3.380820814079379e-11
295, 938, 3.3709918096331784e-11
295, 1006, 3.3309744188056494e-11
301, 894, 3.316724654431196e-11
900, 1211, 3.298011411691311e-11
0, 808, 3.2827930382669596e-11
358, 455, 3.271091624270219e-11
316, 1016, 3.23477898855001e-11
563, 1119, 3.22236451421827e-11
951, 1211, 3.155474982855883e-11
316, 904, 3.130850665879416e-11
136, 392, 3.1077284090915357e-11
857, 866, 3.0601029514726096e-11
132, 389, 3.055843270375517e-11
666, 929, 3.0260159819194244e-11
104, 270, 3.017249322197838e-11
244, 774, 3.0141663284720015e-11
623, 1242, 3.004056274014315e-11
264, 1104, 2.9691833881302705e-11
120, 389, 2.9476378689801294e-11
668, 938, 2.9242793955367154e-11
268, 1106, 2.915523904381684e-11
668, 1006, 2.889564973767529e-11
343, 1002, 2.8552577599810843e-11
563, 806, 2.8504429001812475e-11
666, 1211, 2.8493194045778568e-11
295, 791, 2.7762201771056832e-11
136, 734, 2.748730929883446e-11
1060, 1242, 2.7410882771201815e-11
270, 1119, 2.7230738019780925e-11
857, 1155, 2.7020975758621694e-11
136, 578, 2.6982493646541484e-11
774, 836, 2.6622724173421556e-11
104, 586, 2.6533690054128775e-11
358, 732, 2.6410442402817725e-11
586, 1242, 2.6324897774777976e-11
951, 1104, 2.5903212872339826e-11
699, 1242, 2.588790047344651e-11
756, 1119, 2.5417438823703677e-11
295, 1009, 2.52693041941308e-11
268, 948, 2.5209051684156404e-11
340, 639, 2.4873720200573287e-11
244, 1016, 2.4598589511087155e-11
358, 727, 2.4478178189839237e-11
483, 1119, 2.4397072377627657e-11
343, 1064, 2.4116645700189876e-11
270, 806, 2.408779748929507e-11
244, 904, 2.3808275812068022e-11
340, 900, 2.340176070225455e-11
650, 1188, 2.2832407185818848e-11
104, 249, 2.242513861510285e-11
1072, 1242, 2.2396246970307105e-11
197, 497, 2.2116362530349845e-11
668, 1009, 2.192070161169784e-11
483, 806, 2.1581190283461135e-11
664, 929, 2.140229419607551e-11
295, 1106, 2.135746686114372e-11
668, 795, 2.1175917075719696e-11
221, 929, 2.1031234684467758e-11
264, 1119, 2.0800909942401208e-11
266, 1104, 2.0455235484448483e-11
268, 1072, 2.0352298526212874e-11
664, 1211, 2.01525611628397e-11
1064, 1147, 2.0098689473954425e-11
136, 389, 2.0088706688839484e-11
221, 1211, 1.9803168736298003e-11
545, 857, 1.9698514925892963e-11
268, 1054, 1.960471042106292e-11
529, 836, 1.932932502364185e-11
830, 1147, 1.9020354205365756e-11
104, 521, 1.9001339609672944e-11
527, 1188, 1.8747551243314568e-11
1064, 1169, 1.8700368810836703e-11
104, 535, 1.8667627068608278e-11
774, 857, 1.8654252891065426e-11
325, 938, 1.8568974081801544e-11
668, 1106, 1.8527247709242283e-11
295, 948, 1.846671485478409e-11
264, 806, 1.8400092789319632e-11
325, 1006, 1.834853987873578e-11
900, 1104, 1.8296956058186955e-11
197, 639, 1.8137933061134836e-11
774, 874, 1.786811007509685e-11
268, 795, 1.740979594377906e-11
545, 874, 1.722176756473395e-11
301, 783, 1.7130237806131316e-11
197, 900, 1.7064579230910774e-11
301, 1018, 1.6694217129688508e-11
791, 874, 1.664188715846682e-11
721, 836, 1.6542975170203142e-11
830, 1169, 1.6349465938447997e-11
951, 1119, 1.612260781622298e-11
666, 806, 1.6078115972679432e-11
668, 948, 1.6019568365244187e-11
513, 1188, 1.588017064077444e-11
904, 1054, 1.5867267174884443e-11
904, 1106, 1.579350927910056e-11
791, 806, 1.5717413214779224e-11
104, 1057, 1.5662586481258512e-11
915, 1211, 1.5625696652828994e-11
325, 791, 1.529269823994607e-11
1060, 1188, 1.517552376557019e-11
351, 730, 1.505706776393599e-11
666, 1104, 1.4964780347057577e-11
295, 1072, 1.4908934228542363e-11
756, 806, 1.486205016088497e-11
545, 1147, 1.4666600874821493e-11
197, 450, 1.4461425241508887e-11
915, 938, 1.4379870833783463e-11
915, 948, 1.4366914441371618e-11
295, 1054, 1.4361293780198605e-11
266, 1119, 1.4330118943261156e-11
904, 1072, 1.4288794023396203e-11
358, 409, 1.4238979352518047e-11
325, 1009, 1.3919495541492687e-11
974, 1155, 1.3758180315825092e-11
301, 774, 1.3662208305675045e-11
358, 675, 1.320370495250516e-11
711, 836, 1.3027477787544139e-11
668, 1072, 1.2933252774257769e-11
340, 644, 1.278652280769591e-11
295, 795, 1.2753424500129193e-11
266, 806, 1.2676153061001866e-11
791, 857, 1.2626256981871873e-11
545, 1169, 1.260707812518337e-11
668, 1054, 1.2458183782788428e-11
836, 1147, 1.243630043712672e-11
351, 582, 1.2353773108624708e-11
104, 1002, 1.2336048314443932e-11
343, 894, 1.2305109258461681e-11
1072, 1188, 1.2250861028313152e-11
900, 1119, 1.2134633852255095e-11
791, 836, 1.1948303676669928e-11
1002, 1242, 1.1854768901871318e-11
325, 1106, 1.176467553152164e-11
132, 334, 1.164001972179343e-11
664, 806, 1.1192854116464733e-11
301, 1016, 1.1149718273730298e-11
132, 497, 1.0943138336044355e-11
623, 1188, 1.0899030660786739e-11
615, 836, 1.0801911878941167e-11
301, 904, 1.0791495494820174e-11
836, 1169, 1.0689962353053914e-11
830, 874, 1.0684305923189053e-11
664, 1104, 1.0584234633295557e-11
120, 497, 1.055564900121619e-11
666, 1119, 1.0483725914382662e-11
120, 334, 1.0479023628164648e-11
104, 1064, 1.0419518360466332e-11
221, 1104, 1.0400731832250425e-11
325, 948, 1.0172316305681548e-11
358, 734, 1.0118801087208043e-11
650, 808, 1.0062207667931894e-11
358, 578, 9.932965175961599e-12
774, 866, 9.835364246565486e-12
104, 258, 9.8221273930482e-12
915, 1104, 9.683868471831078e-12
545, 866, 9.589655742506443e-12
586, 1188, 9.550948511559557e-12
1075, 1155, 9.48902987576863e-12
699, 1188, 9.392401315653431e-12
197, 644, 9.323940805819508e-12
120, 178, 9.307801187223587e-12
340, 1060, 9.143045195438377e-12
132, 639, 8.974618242286994e-12
244, 249, 8.962610185279916e-12
340, 575, 8.857275277208345e-12
120, 639, 8.656832909939893e-12
132, 244, 8.619415722087422e-12
132, 900, 8.443524603740135e-12
325, 1072, 8.212527022046144e-12
541, 836, 8.167445384858536e-12
120, 900, 8.144544948010877e-12
791, 866, 7.994000849661797e-12
340, 448, 7.918839775588835e-12
325, 1054, 7.910861462895823e-12
136, 334, 7.877251649468061e-12
529, 857, 7.737016168912745e-12
120, 244, 7.705520986375774e-12
351, 546, 7.702416758279542e-12
664, 1119, 7.414890986408968e-12
268, 929, 7.350769547772053e-12
215, 938, 7.350243989198638e-12
221, 1119, 7.286336271534233e-12
215, 1006, 7.262988486069586e-12
136, 497, 7.193873403761829e-12
132, 450, 7.155488464119178e-12
351, 541, 7.133742179184508e-12
830, 1242, 7.130874300764648e-12
244, 258, 7.067351419838496e-12
545, 810, 7.06169757301039e-12
791, 1147, 7.041564774423737e-12
325, 795, 7.025173075780378e-12
900, 929, 6.956381539143135e-12
268, 1211, 6.921539884849315e-12
120, 450, 6.902117321382198e-12
774, 1147, 6.90062938819228e-12
529, 874, 6.7642202778676455e-12
197, 1060, 6.667114544690029e-12
999, 1250, 6.645447228729808e-12
316, 938, 6.535038711189478e-12
197, 575, 6.458730933153568e-12
316, 1006, 6.457460593843948e-12
221, 806, 6.445355701344837e-12
343, 783, 6.355349623197077e-12
904, 938, 6.23406364514099e-12
343, 1018, 6.193585153077141e-12
904, 948, 6.09708232126718e-12
915, 1119, 6.073113414625002e-12
215, 791, 6.053380376407244e-12
791, 1169, 6.052769690289914e-12
774, 1169, 5.9316248224376135e-12
857, 1250, 5.904944808406624e-12
699, 808, 5.9036304558017824e-12
136, 639, 5.8997945104513645e-12
650, 1155, 5.879788556033178e-12
136, 244, 5.781061121158943e-12
529, 1147, 5.760623505801672e-12
721, 857, 5.712276506100897e-12
756, 836, 5.583670497258719e-12
136, 900, 5.550660625461073e-12
215, 1009, 5.509819120099051e-12
527, 808, 5.500013185020797e-12
545, 1242, 5.498619327937272e-12
295, 929, 5.384754924646752e-12
316, 791, 5.382008427408547e-12
351, 715, 5.35125166126409e-12
104, 894, 5.316382445551965e-12
132, 178, 5.304472961138815e-12
1002, 1188, 5.193151134485414e-12
340, 787, 5.074078211296507e-12
295, 1211, 5.0703257310492e-12
343, 774, 5.0687043221568325e-12
244, 938, 4.969512144867474e-12
836, 874, 4.955118281444265e-12
529, 1169, 4.95170157061309e-12
893, 1147, 4.927758028977349e-12
244, 1006, 4.910518554567166e-12
316, 1009, 4.898732789607051e-12
527, 1155, 4.827858769203782e-12
1064, 1242, 4.808899041691377e-12
136, 450, 4.70392282106144e-12
668, 929, 4.67118544493671e-12
836, 1242, 4.662462866158266e-12
513, 808, 4.658802996246563e-12
197, 244, 4.657311770813904e-12
215, 1106, 4.656866622221615e-12
358, 497, 4.627711448030785e-12
132, 644, 4.6134699562441e-12
1060, 1155, 4.527072006004903e-12
830, 857, 4.498236650207887e-12
120, 644, 4.450110017833513e-12
711, 857, 4.439171187061989e-12
668, 1211, 4.3984233428262916e-12
721, 874, 4.363360009719363e-12
340, 529, 4.3475130922486025e-12
615, 857, 4.323718844828677e-12
340, 610, 4.284258078462955e-12
893, 1169, 4.235789259116444e-12
316, 1106, 4.1403800600070115e-12
343, 1016, 4.136565915292931e-12
244, 791, 4.092700506577058e-12
513, 1155, 4.0894525418008965e-12
832, 1147, 4.0544998041782836e-12
351, -1, 4.049567811433688e-12
340, 483, 4.036358313183846e-12
215, 948, 4.026555611133099e-12
343, 904, 4.003664607749365e-12
623, 808, 3.890512676865713e-12
615, 874, 3.780086023795737e-12
358, 450, 3.774724141627418e-12
529, 866, 3.766543915275173e-12
830, 866, 3.7519699339485156e-12
244, 1009, 3.7251978401795186e-12
197, 787, 3.700021154911023e-12
563, 836, 3.683524831843713e-12
351, 455, 3.668796512988951e-12
268, 1104, 3.635230359704599e-12
316, 948, 3.5799759613668352e-12
904, 1211, 3.4993615164032414e-12
832, 1169, 3.485156255773439e-12
711, 874, 3.3908710649047993e-12
132, 1060, 3.2988768684125024e-12
541, 857, 3.269211776617759e-12
830, 836, 3.2658422595162737e-12
215, 1072, 3.2508030391989227e-12
615, 1147, 3.2192405788261104e-12
132, 575, 3.195769013995735e-12
120, 1060, 3.1820658070727513e-12
244, 1106, 3.1485152425098453e-12
215, 1054, 3.1313933478974535e-12
197, 610, 3.1240837967613802e-12
270, 836, 3.112779427737313e-12
120, 575, 3.082608934001234e-12
1072, 1155, 3.080638259425199e-12
215, 252, 3.0695592318303733e-12
358, 392, 3.0654940022616386e-12
136, 644, 3.0328337080380446e-12
351, 732, 2.9910235556866227e-12
325, 929, 2.9661707971785113e-12
316, 1072, 2.890261021924731e-12
541, 874, 2.8581649707408047e-12
623, 1155, 2.8067121976937687e-12
586, 808, 2.801984219766558e-12
325, 1211, 2.7929687285828585e-12
136, 178, 2.7897866105727464e-12
483, 836, 2.788859594585049e-12
316, 1054, 2.784094892433924e-12
215, 795, 2.780807164997953e-12
529, 810, 2.7736338758479643e-12
351, 727, 2.772191637285577e-12
615, 1169, 2.7671863322261044e-12
104, 783, 2.745808140539352e-12
244, 948, 2.722360923108868e-12
197, 529, 2.6866288019459302e-12
197, 448, 2.6826862095828583e-12
104, 1018, 2.675918327194693e-12
295, 1104, 2.662962626488234e-12
1064, 1188, 2.6558137383291842e-12
854, 1147, 2.6410685278486995e-12
791, 1242, 2.63993576276001e-12
721, 866, 2.5900106611276986e-12
830, 1188, 2.587155850392691e-12
774, 1242, 2.5870980230998953e-12
756, 857, 2.5608527202575594e-12
268, 1119, 2.54669683369453e-12
668, 806, 2.5213147599764842e-12
316, 795, 2.472391732617305e-12
586, 1155, 2.4595548467797713e-12
721, 810, 2.4518852895817394e-12
541, 1147, 2.4341035089854795e-12
699, 1155, 2.4187258627618707e-12
974, 1250, 2.3957989178458616e-12
264, 836, 2.3777778075602873e-12
721, 1147, 2.3774594308287802e-12
668, 1104, 2.3100758410241483e-12
854, 1169, 2.2702027244575744e-12
268, 806, 2.2527600079036104e-12
301, 938, 2.2525137202756914e-12
351, 409, 2.2522603451677083e-12
301, 1006, 2.2257738979981643e-12
244, 1072, 2.1978733233360916e-12
104, 774, 2.1899172217002118e-12
358, 639, 2.171869441916991e-12
136, 1060, 2.1686377195644825e-12
529, 1242, 2.159701216411281e-12
711, 810, 2.125046296601192e-12
244, 1054, 2.1171402331135688e-12
615, 866, 2.1048782309367524e-12
136, 575, 2.100855989239036e-12
541, 1169, 2.09230027901311e-12
756, 874, 2.069672507033045e-12
836, 857, 2.0506771242219767e-12
721, 1169, 2.043610311600384e-12
358, 900, 2.043344081481995e-12
832, 874, 2.0348590813737065e-12
711, 866, 2.011298285604641e-12
711, 1147, 1.9996463920552863e-12
904, 1104, 1.997815478573735e-12
545, 1188, 1.994956657955646e-12
340, 657, 1.9107237260800526e-12
244, 795, 1.880108333723275e-12
295, 1119, 1.8655649898554283e-12
301, 791, 1.8550843171930596e-12
893, 1242, 1.847453665153523e-12
132, 787, 1.830764136232546e-12
132, 254, 1.8231642755634963e-12
104, 1016, 1.7871898538250935e-12
120, 787, 1.7659379816513392e-12
615, 810, 1.7480277666525851e-12
197, 483, 1.7385750330394233e-12
1002, 1155, 1.7311814611272731e-12
104, 904, 1.7297702760241366e-12
197, 254, 1.7272443749981172e-12
711, 1169, 1.7188507754826923e-12
836, 866, 1.7150418659177695e-12
836, 1188, 1.6915903397885913e-12
301, 1009, 1.6885076444399168e-12
358, 389, 1.656270443287844e-12
295, 806, 1.6502436197694382e-12
666, 836, 1.6383779697377928e-12
266, 836, 1.6380936650049386e-12
668, 1119, 1.6183466377103233e-12
120, 254, 1.6116010787654654e-12
541, 866, 1.5915217774058226e-12
132, 610, 1.5457913169238247e-12
832, 1242, 1.520062567915476e-12
351, 675, 1.4953400603037783e-12
120, 610, 1.4910558625428005e-12
563, 857, 1.4744172984679217e-12
325, 1104, 1.4668823534592637e-12
301, 1106, 1.4271167019030803e-12
1075, 1250, 1.4187760386829134e-12
197, 657, 1.3933009924733078e-12
915, 929, 1.3451893553034754e-12
197, 278, 1.3301509458787355e-12
132, 529, 1.3293393340315379e-12
132, 448, 1.3273885460765877e-12
563, 874, 1.2890348385735754e-12
904, 1119, 1.2875477194437357e-12
650, 1250, 1.2849212855460567e-12
120, 529, 1.2822683020764632e-12
120, 448, 1.2803865902406063e-12
270, 857, 1.2459630500912876e-12
301, 948, 1.2339551956178378e-12
136, 254, 1.2306221877046988e-12
756, 866, 1.2070922789923092e-12
615, 1242, 1.2069175822737227e-12
136, 787, 1.2035199614377766e-12
215, 929, 1.1741132804027625e-12
541, 810, 1.1719759055670114e-12
351, 734, 1.1459699139275966e-12
664, 836, 1.1408397447334948e-12
351, 578, 1.1249237088109638e-12
358, 644, 1.1164658093150632e-12
483, 857, 1.1163065316424876e-12
215, 1211, 1.1055538942997012e-12
563, 1147, 1.0977827577822523e-12
270, 874, 1.0893047584370873e-12
527, 1250, 1.0550410847333819e-12
316, 929, 1.0438940190324636e-12
325, 1119, 1.0276390421818145e-12
136, 610, 1.0161826252307116e-12
774, 810, 1.0023872875451124e-12
301, 1072, 9.962225007047452e-13
854, 1242, 9.901565180359136e-13
316, 1211, 9.829384585289896e-13
483, 874, 9.759503034247045e-13
301, 1054, 9.59628889882342e-13
791, 1188, 9.577963325693637e-13
264, 857, 9.517613947033493e-13
563, 1169, 9.436292096554689e-13
774, 1188, 9.386262474553247e-13
270, 1147, 9.27686316923498e-13
541, 1242, 9.12563770906491e-13
325, 806, 9.09030123318264e-13
513, 1250, 8.936757788336921e-13
721, 1242, 8.913274786241859e-13
136, 529, 8.738899743380905e-13
136, 448, 8.726075523166729e-13
756, 1147, 8.659115368397823e-13
132, 483, 8.602439514199027e-13
301, 795, 8.52190254065535e-13
832, 857, 8.500909309765062e-13
343, 938, 8.356867187375853e-13
221, 836, 8.329101338763655e-13
264, 874, 8.320938699354827e-13
340, 586, 8.316100941496139e-13
483, 1147, 8.311500849252171e-13
120, 483, 8.297832785955738e-13
343, 1006, 8.257661956625866e-13
197, 270, 8.078638325081643e-13
358, 1060, 7.983325496111745e-13
270, 1169, 7.974181593225106e-13
244, 929, 7.938199350914196e-13
529, 1188, 7.835622115144463e-13
358, 575, 7.733803129606757e-13
104, 252, 7.664649101201149e-13
1064, 1155, 7.587207315858238e-13
711, 1242, 7.496825197766908e-13
244, 1211, 7.474668205030413e-13
340, 521, 7.473633009606549e-13
756, 1169, 7.443179566696706e-13
563, 866, 7.177776784847065e-13
483, 1169, 7.144377994490569e-13
832, 866, 7.10348406280151e-13
264, 1147, 7.086374052405742e-13
358, 448, 6.927333403381296e-13
132, 657, 6.894029469565791e-13
343, 791, 6.88239681766231e-13
893, 1188, 6.702755309568212e-13
830, 1155, 6.66242908074162e-13
120, 657, 6.649916417951643e-13
340, 535, 6.598215101655007e-13
266, 857, 6.556854497937788e-13
343, 1009, 6.264394308650956e-13
832, 836, 6.225305044290189e-13
623, 1250, 6.133561115081258e-13
264, 1169, 6.09128673135989e-13
270, 866, 6.065612947579683e-13
197, 586, 6.064106253113713e-13
545, 808, 5.852651250234031e-13
215, 1104, 5.806429129513615e-13
904, 929, 5.801535847520863e-13
266, 874, 5.732443513842526e-13
136, 483, 5.655129171202282e-13
666, 857, 5.574908436481455e-13
132, 278, 5.567551476486861e-13
832, 1188, 5.51494613377746e-13
483, 866, 5.434417458288467e-13
586, 1250, 5.374911606902138e-13
343, 1106, 5.29462912094055e-13
699, 1250, 5.285687257876884e-13
563, 810, 5.285621325955622e-13
1060, 1250, 5.263068439260248e-13
351, 392, 5.230537033949196e-13
316, 1104, 5.162446197828419e-13
545, 1155, 5.137401077235217e-13
351, 497, 4.957337126123741e-13
340, 1057, 4.908915794122285e-13
266, 1147, 4.881929844829282e-13
120, 278, 4.880732542419009e-13
264, 866, 4.633376758882346e-13
343, 948, 4.57799639226547e-13
136, 657, 4.5320431600965165e-13
270, 810, 4.466638363344227e-13
358, 787, 4.4304733365770167e-13
951, 1147, 4.4275840112743557e-13
615, 1188, 4.37882334230243e-13
358, 529, 4.363880925813372e-13
836, 1155, 4.35617385431125e-13
197, 521, 4.342635423474557e-13
351, 450, 4.328493059795713e-13
666, 874, 4.308380048321247e-13
1072, 1250, 4.2964450151077935e-13
197, 535, 4.2663675427959175e-13
132, 270, 4.2602408392576764e-13
266, 1169, 4.19639638936965e-13
900, 1147, 4.13398042221123e-13
563, 1242, 4.115670386981346e-13
215, 1119, 4.067751756014032e-13
358, 483, 4.042027831361573e-13
483, 810, 4.0018342270428913e-13
244, 1104, 3.9257363592056647e-13
664, 857, 3.8839125400981985e-13
340, 1002, 3.866323258951519e-13
136, 278, 3.7786690762944385e-13
358, 610, 3.7408353583093186e-13
120, 270, 3.7352096472418886e-13
244, 252, 3.716359854245728e-13
343, 1072, 3.69600373685892e-13
791, 810, 3.6937358570995805e-13
316, 1119, 3.616603099451543e-13
104, 938, 3.6105572962891415e-13
215, 806, 3.5982565167500763e-13
301, 929, 3.598120385053316e-13
854, 1188, 3.5923915082423924e-13
854, 874, 3.5863904889693373e-13
197, 1057, 3.5795846121355597e-13
666, 1147, 3.571555451080382e-13
104, 1006, 3.567695998905442e-13
343, 1054, 3.5602407700025344e-13
900, 1169, 3.5534759959457525e-13
270, 1242, 3.4779659963717083e-13
264, 810, 3.4119582904328884e-13
951, 1169, 3.3998986685238833e-13
301, 1211, 3.388017212862347e-13
756, 810, 3.3668438410553975e-13
221, 857, 3.333918367646424e-13
541, 1188, 3.310876898368509e-13
340, 1064, 3.2656508111251917e-13
756, 1242, 3.246367684911219e-13
721, 1188, 3.2338294067125094e-13
316, 806, 3.199178920360632e-13
266, 866, 3.1920161304280745e-13
343, 795, 3.1616414619352784e-13
132, 249, 3.1177833095350705e-13
483, 1242, 3.1160443789209905e-13
666, 1169, 3.0700282215692967e-13
664, 874, 3.0060762094875725e-13
132, 586, 3.0005093975661566e-13
104, 791, 2.973517167235384e-13
221, 874, 2.9147358277213573e-13
268, 836, 2.911160728309887e-13
120, 586, 2.8942633322323315e-13
136, 270, 2.8888682084927703e-13
666, 810, 2.8881427600679064e-13
351, 389, 2.841891774853096e-13
197, 1002, 2.8193254526500244e-13
120, 249, 2.7693661300306303e-13
244, 1119, 2.750213704949629e-13
711, 1188, 2.71992666701393e-13
104, 1009, 2.7065111926272375e-13
264, 1242, 2.6567350991628987e-13
668, 836, 2.568955086390067e-13
666, 866, 2.5384481191754924e-13
664, 1147, 2.526076562660234e-13
221, 1147, 2.4822810364873256e-13
791, 1155, 2.466511686402339e-13
351, 639, 2.4596758212412854e-13
244, 806, 2.432787195447604e-13
1002, 1250, 2.4204589705514354e-13
774, 1155, 2.4171449918815283e-13
197, 1064, 2.3813147102886613e-13
266, 810, 2.350559098940318e-13
351, 900, 2.314118857559704e-13
529, 808, 2.2987548820010973e-13
104, 1106, 2.287527296429347e-13
197, 249, 2.2513002606098594e-13
664, 1169, 2.1713582340897952e-13
132, 521, 2.1487285767211894e-13
221, 1169, 2.1337125911280901e-13
295, 836, 2.1325504719374722e-13
132, 535, 2.1109913598656771e-13
136, 249, 2.0991945254633316e-13
120, 521, 2.0726435103214268e-13
120, 535, 2.0362425435075616e-13
529, 1155, 2.0178249655008922e-13
664, 810, 2.0103460780816766e-13
721, 808, 1.9988242375951248e-13
104, 948, 1.977908456107689e-13
136, 586, 1.9724949178236533e-13
915, 1147, 1.958644649233649e-13
266, 1242, 1.8302723331413165e-13
301, 1104, 1.779405050942222e-13
132, 1057, 1.7711723409498356e-13
664, 866, 1.7696851245016282e-13
711, 808, 1.7612068358404088e-13
893, 1155, 1.7260897478899215e-13
120, 1057, 1.7084562926659472e-13
915, 1169, 1.6836066054508702e-13
358, 657, 1.66836421699533e-13
340, 894, 1.6662429149739974e-13
221, 866, 1.6230223212067366e-13
197, 258, 1.5987236146111818e-13
104, 1072, 1.5968463971028313e-13
900, 1242, 1.5498604512997886e-13
104, 1054, 1.5381904487003405e-13
854, 857, 1.5357571741211232e-13
563, 1188, 1.493208303899706e-13
951, 1242, 1.4828771858270506e-13
615, 808, 1.4706032648216424e-13
830, 1250, 1.455953195885233e-13
832, 1155, 1.4202058022451653e-13
136, 521, 1.4125455500332518e-13
132, 1002, 1.3949974097386957e-13
136, 535, 1.3877376062485246e-13
132, 258, 1.3809387883208187e-13
104, 795, 1.3659769136794546e-13
120, 1002, 1.345601468484242e-13
666, 1242, 1.3390030861086893e-13
343, 929, 1.3349092576625902e-13
351, 644, 1.2644148416172623e-13
270, 1188, 1.2618424747741072e-13
343, 1211, 1.256960595692558e-13
301, 1119, 1.2465799304842084e-13
854, 866, 1.2455996362690465e-13
120, 258, 1.2169183731856112e-13
197, 894, 1.2150254248936992e-13
221, 810, 1.1951724956929134e-13
132, 1064, 1.178270443911642e-13
756, 1188, 1.177816182742584e-13
325, 836, 1.1747069313066545e-13
268, 857, 1.165260431892396e-13
136, 1057, 1.1643451088495863e-13
120, 1064, 1.1365486620481039e-13
483, 1188, 1.1305335229572521e-13
615, 1155, 1.127632104991186e-13
545, 1250, 1.122685949268258e-13
301, 806, 1.1027011055635212e-13
268, 874, 1.018749097885241e-13
541, 808, 9.713197397714146e-14
264, 1188, 9.63891307690817e-14
836, 1250, 9.51962890434274e-14
664, 1242, 9.470451626687505e-14
136, 258, 9.33519253288833e-14
221, 1242, 9.306258894678996e-14
854, 1155, 9.251106248697969e-14
1064, 1250, 9.229315002021746e-14
136, 1002, 9.170527188878995e-14
351, 1060, 9.041239918433204e-14
351, 575, 8.758651969127482e-14
668, 857, 8.73770913102379e-14
268, 1147, 8.675988892605929e-14
340, 783, 8.605820606227334e-14
295, 857, 8.536033959914319e-14
541, 1155, 8.526151421105082e-14
340, 1018, 8.38677427630825e-14
721, 1155, 8.327739157333177e-14
351, 448, 8.02960053630434e-14
136, 1064, 7.745792978761334e-14
358, 521, 7.509467004357869e-14
295, 874, 7.462775408977002e-14
268, 1169, 7.457683666164221e-14
774, 808, 7.378574374901358e-14
915, 1242, 7.343106570334183e-14
358, 586, 7.261272284600317e-14
711, 1155, 7.004339735098514e-14
340, 774, 6.863565765646631e-14
668, 874, 6.743237124162036e-14
266, 1188, 6.640419638291335e-14
358, 535, 6.613326799157973e-14
343, 1104, 6.60162535278582e-14
295, 1147, 6.355535105817653e-14
197, 783, 6.275370022385659e-14
197, 1018, 6.115641295145732e-14
132, 894, 6.01192501170876e-14
120, 894, 5.799046699081477e-14
104, 929, 5.767432043695168e-14
268, 866, 5.6727354494749753e-14
900, 1188, 5.623055974275947e-14
340, 1016, 5.6013510354977876e-14
668, 1147, 5.513321125385707e-14
295, 1169, 5.4630741158259926e-14
104, 1211, 5.430657384122947e-14
340, 904, 5.421388503321964e-14
791, 1250, 5.390114519772182e-14
951, 1188, 5.3800336745732666e-14
774, 1250, 5.282232550918435e-14
351, 787, 5.0175797551689445e-14
197, 774, 5.0049166515560465e-14
666, 1188, 4.8580433784234656e-14
668, 1169, 4.7391260422369054e-14
325, 857, 4.7020402989431695e-14
351, 529, 4.679900573870945e-14
215, 836, 4.64989747030175e-14
343, 1119, 4.6248343900119064e-14
668, 810, 4.529928249448944e-14
529, 1250, 4.409590963977706e-14
904, 1147, 4.386368084648824e-14
563, 808, 4.3806603074946044e-14
351, 483, 4.3489385696860624e-14
358, 1057, 4.2862604066568795e-14
351, 610, 4.2365540508532936e-14
268, 810, 4.177328491399725e-14
295, 866, 4.1555227584351476e-14
316, 836, 4.1341838469768866e-14
325, 874, 4.11084010206119e-14
343, 806, 4.091041312475972e-14
197, 1016, 4.084508843652409e-14
668, 866, 3.976151117726225e-14
197, 904, 3.9532800473245404e-14
136, 894, 3.952159437177997e-14
563, 1155, 3.8453015600108455e-14
893, 1250, 3.772056489260682e-14
904, 1169, 3.770422717639524e-14
270, 808, 3.7018969350206423e-14
325, 1147, 3.500921192352288e-14
664, 1188, 3.435978997584932e-14
221, 1188, 3.3764081554566335e-14
358, 1002, 3.375912115669847e-14
483, 808, 3.316672775912638e-14
268, 1242, 3.252693696448111e-14
270, 1155, 3.249489588334572e-14
244, 836, 3.1438033873447535e-14
132, 783, 3.1050423491021286e-14
832, 1250, 3.103602532251543e-14
295, 810, 3.0600728290753864e-14
756, 1155, 3.033105557394698e-14
132, 1018, 3.0260088481804616e-14
325, 1169, 3.009312611613036e-14
120, 783, 2.995094840670841e-14
120, 1018, 2.918859864062865e-14
483, 1155, 2.9113435199353596e-14
104, 1104, 2.852210768752548e-14
358, 1064, 2.8514300022120416e-14
264, 808, 2.8277905911135837e-14
791, 808, 2.7182803836821144e-14
915, 1188, 2.6641559396804846e-14
756, 808, 2.5289528184958526e-14
264, 1155, 2.4822074317860004e-14
132, 774, 2.4764241951265918e-14
615, 1250, 2.4642357121525545e-14
666, 808, 2.432086198463277e-14
120, 774, 2.3887356422951607e-14
295, 1242, 2.3827380638840775e-14
325, 866, 2.289053155727332e-14
668, 1242, 2.066985688089057e-14
136, 783, 2.0412134880161072e-14
854, 1250, 2.0216617010152647e-14
132, 1016, 2.0210079867133412e-14
104, 1119, 1.9981446607421766e-14
136, 1018, 1.9892579170613193e-14
132, 904, 1.956076202839864e-14
120, 1016, 1.9494454224465202e-14
266, 808, 1.9481155213642835e-14
351, 657, 1.8894483463727617e-14
120, 904, 1.8868128303560182e-14
541, 1250, 1.863235954892529e-14
215, 857, 1.8612306362228472e-14
721, 1250, 1.819876548579814e-14
104, 806, 1.767521097199449e-14
266, 1155, 1.710037101157414e-14
664, 808, 1.6929779443313562e-14
325, 810, 1.6856289264526344e-14
316, 857, 1.6548041501809008e-14
904, 1242, 1.644482490220537e-14
136, 774, 1.6279682853934576e-14
215, 874, 1.6272130930671585e-14
711, 1250, 1.530671576206481e-14
951, 1155, 1.4634991746746793e-14
358, 894, 1.4548937757044117e-14
900, 1155, 1.4480461870887e-14
316, 874, 1.4467411653511126e-14
301, 836, 1.4249809754780463e-14
215, 1147, 1.3857860341333934e-14
136, 1016, 1.3285837351173247e-14
325, 1242, 1.3125217695737958e-14
136, 904, 1.2858984451463797e-14
244, 857, 1.2583811183276435e-14
666, 1155, 1.2510405770491062e-14
316, 1147, 1.2320904437724371e-14
215, 1169, 1.1911903068897125e-14
268, 1188, 1.1801113259560238e-14
340, 938, 1.1316088666801742e-14
340, 1006, 1.1181754213207391e-14
244, 874, 1.1001614694924176e-14
132, 252, 1.0705860337429432e-14
316, 1169, 1.0590770564021377e-14
221, 808, 9.90544798731802e-15
120, 252, 9.480539960956363e-15
244, 1147, 9.369322347576084e-15
340, 791, 9.319498668883014e-15
197, 252, 9.121989406931983e-15
215, 866, 9.060866327198138e-15
664, 1155, 8.84831363787088e-15
221, 1155, 8.694907142897075e-15
295, 1188, 8.644823147801136e-15
340, 1009, 8.482657418271376e-15
563, 1250, 8.403210041850207e-15
197, 938, 8.251699267228468e-15
351, 586, 8.22350345981964e-15
197, 1006, 8.153742495686013e-15
316, 866, 8.055938318805221e-15
244, 1169, 8.053657410061393e-15
351, 521, 8.051057968673232e-15
358, 783, 7.514243404914445e-15
668, 1188, 7.499240471878998e-15
358, 1018, 7.322981291133773e-15
136, 252, 7.219917365596396e-15
340, 1106, 7.169492017403721e-15
270, 1250, 7.1011708999758546e-15
351, 535, 7.094085637758898e-15
915, 1155, 6.860719274203586e-15
197, 791, 6.795784533092857e-15
215, 810, 6.672303935638768e-15
756, 1250, 6.6283027950137486e-15
483, 1250, 6.362213917476779e-15
340, 948, 6.1990949394807696e-15
197, 1009, 6.1855593450633104e-15
244, 866, 6.1260667431178816e-15
358, 774, 5.9929791879913045e-15
904, 1188, 5.966354637587976e-15
316, 810, 5.932288040546416e-15
301, 857, 5.7038209219317155e-15
264, 1250, 5.424414728263991e-15
343, 836, 5.286705536759073e-15
197, 1106, 5.22799827470167e-15
215, 1242, 5.19541639995989e-15
340, 1072, 5.004782900260462e-15
301, 874, 4.986664147927991e-15
358, 1016, 4.890865961886678e-15
351, 1057, 4.854256375784799e-15
340, 1054, 4.820945376441042e-15
325, 1188, 4.761966389670501e-15
358, 904, 4.733730189203353e-15
316, 1242, 4.619200035315862e-15
197, 948, 4.5203840899251745e-15
244, 810, 4.5111557509016425e-15
340, 795, 4.281199439180127e-15
301, 1147, 4.24680059578841e-15
132, 938, 4.082926677693996e-15
132, 1006, 4.034457834751538e-15
120, 938, 3.938352928015542e-15
120, 1006, 3.891600334939917e-15
351, 1002, 3.823272819852111e-15
668, 808, 3.814330148027014e-15
266, 1250, 3.736976337518213e-15
301, 1169, 3.650453663404202e-15
197, 1072, 3.649490968719038e-15
197, 1054, 3.51543652594676e-15
244, 1242, 3.5126296399392326e-15
268, 808, 3.462120342178091e-15
132, 791, 3.3625425585031604e-15
120, 791, 3.2434771369289603e-15
351, 1064, 3.229288693436586e-15
900, 1250, 3.1644426504672862e-15
197, 795, 3.1218534349931063e-15
132, 1009, 3.060604179640781e-15
268, 1155, 3.0390159971880203e-15
951, 1250, 3.027678916705445e-15
120, 1009, 2.9522301975779823e-15
301, 866, 2.7767412550645127e-15
666, 1250, 2.7339225742782708e-15
136, 938, 2.684061622380036e-15
136, 1006, 2.6521988505272685e-15
132, 1106, 2.5868046005373745e-15
295, 808, 2.5361520914383163e-15
120, 1106, 2.495207550110715e-15
104, 836, 2.284103937646938e-15
132, 948, 2.2366783127298845e-15
295, 1155, 2.2262099567382486e-15
136, 791, 2.2104906963441504e-15
120, 948, 2.1574790039932386e-15
343, 857, 2.116128016273513e-15
301, 810, 2.044756090132786e-15
136, 1009, 2.012000427230178e-15
664, 1250, 1.933638671890981e-15
668, 1155, 1.931200155403747e-15
221, 1250, 1.9001144611384115e-15
215, 1188, 1.884951461413517e-15
343, 874, 1.850061538678763e-15
340, 929, 1.807609380781353e-15
132, 1072, 1.805761886568473e-15
120, 1072, 1.7418210452122326e-15
132, 1054, 1.7394319776693365e-15
340, 1211, 1.7020585863827013e-15
136, 1106, 1.7005308938880987e-15
120, 1054, 1.6778398347841628e-15
316, 1188, 1.6758941318346082e-15
351, 894, 1.6476897614140138e-15
301, 1242, 1.5921575856056561e-15
343, 1147, 1.575570804777536e-15
132, 795, 1.5446877377373383e-15
904, 1155, 1.5364522642673515e-15
915, 1250, 1.49928592594283e-15
120, 795, 1.4899913603698412e-15
136, 948, 1.4703625351897623e-15
325, 808, 1.3970292754448869e-15
343, 1169, 1.3543249998497143e-15
197, 929, 1.3181099443474446e-15
244, 1188, 1.2744188075587275e-15
197, 1211, 1.2411422359421605e-15
325, 1155, 1.2262988853663042e-15
136, 1072, 1.1870838154831778e-15
136, 1054, 1.1434794167402915e-15
343, 866, 1.0301760949736278e-15
136, 795, 1.0154571469707375e-15
358, 938, 9.880736367245786e-16
358, 1006, 9.763441128573913e-16
104, 857, 9.142662289260845e-16
340, 1104, 8.939304186858654e-16
351, 783, 8.509997176292692e-16
351, 1018, 8.293389866614484e-16
358, 791, 8.137397305155314e-16
104, 874, 7.993130723856922e-16
343, 810, 7.586082571664018e-16
358, 1009, 7.406702449185543e-16
104, 1147, 6.807202432992164e-16
351, 774, 6.787141861019762e-16
268, 1250, 6.641218990596325e-16
132, 929, 6.521985450055649e-16
197, 1104, 6.51854646779486e-16
120, 929, 6.291046232603126e-16
340, 1119, 6.262518579415459e-16
358, 1106, 6.260101223743788e-16
132, 1211, 6.141150545883944e-16
120, 1211, 5.923696442040037e-16
343, 1242, 5.906933824425707e-16
104, 1169, 5.851317126519613e-16
301, 1188, 5.776514405681069e-16
340, 806, 5.539705872251004e-16
351, 1016, 5.538981542447859e-16
215, 808, 5.529926418841266e-16
358, 948, 5.412790993078002e-16
351, 904, 5.361022843245344e-16
316, 808, 4.916610015975444e-16
295, 1250, 4.86497861657359e-16
215, 1155, 4.854116318659958e-16
197, 1119, 4.566632649704471e-16
104, 866, 4.450842322573372e-16
358, 1072, 4.369967562895503e-16
316, 1155, 4.3157530685614816e-16
136, 929, 4.2874663764724747e-16
668, 1250, 4.2202881322695824e-16
358, 1054, 4.2094483092247625e-16
197, 806, 4.0395571502387664e-16
136, 1211, 4.0371105823469975e-16
244, 808, 3.738792418189004e-16
358, 795, 3.738164682134375e-16
904, 1250, 3.3576381187327275e-16
244, 1155, 3.281876089233086e-16
104, 810, 3.2775423092459323e-16
132, 1104, 3.2253656381840754e-16
120, 1104, 3.111157561182924e-16
325, 1250, 2.679854088684481e-16
104, 1242, 2.552071552686046e-16
132, 1119, 2.2595620209713635e-16
120, 1119, 2.179552415168852e-16
343, 1188, 2.1430974319806306e-16
136, 1104, 2.1203124158190227e-16
132, 806, 1.9987659657304648e-16
120, 806, 1.9279909768054772e-16
301, 808, 1.6946696121733795e-16
358, 929, 1.5783290739722283e-16
301, 1155, 1.487564715356852e-16
358, 1211, 1.4861665252758693e-16
136, 1119, 1.4854059802274145e-16
136, 806, 1.3139621267376058e-16
351, 938, 1.1190087152348629e-16
351, 1006, 1.1057248475704567e-16
215, 1250, 1.060779196551685e-16
316, 1250, 9.431296598693686e-17
104, 1188, 9.259182772923839e-17
351, 791, 9.21572863130203e-17
351, 1009, 8.388205376337066e-17
358, 1104, 7.80542735018447e-17
244, 1250, 7.17194573137033e-17
340, 836, 7.15876264009686e-17
351, 1106, 7.089661708659043e-17
343, 808, 6.287255321881562e-17
351, 948, 6.130069733544974e-17
343, 1155, 5.5188923587743354e-17
358, 1119, 5.468169868597443e-17
197, 836, 5.2201744057423745e-17
351, 1072, 4.949056028236889e-17
358, 806, 4.837039977989572e-17
351, 1054, 4.767265484349903e-17
351, 795, 4.233529468672112e-17
301, 1250, 3.250803235820501e-17
340, 857, 2.8654628254268103e-17
104, 808, 2.716388219061858e-17
132, 836, 2.582933363563991e-17
340, 874, 2.5051804631231522e-17
120, 836, 2.4914733910937198e-17
104, 1155, 2.384419499152545e-17
340, 1147, 2.1334907601045123e-17
197, 857, 2.089497369016955e-17
340, 1169, 1.8339003646147704e-17
197, 874, 1.8267792344606027e-17
351, 929, 1.787482150761811e-17
136, 836, 1.6979859942580822e-17
351, 1211, 1.683106635237133e-17
197, 1147, 1.5557428595837238e-17
340, 866, 1.394968206596802e-17
197, 1169, 1.337281346977877e-17
343, 1250, 1.206053958717659e-17
132, 857, 1.0338797227878269e-17
340, 810, 1.0272364163488149e-17
197, 866, 1.017211729875491e-17
120, 857, 9.972707214416778e-18
132, 874, 9.038872393542416e-18
351, 1104, 8.839767509578484e-18
120, 874, 8.718811863937817e-18
340, 1242, 7.99861783218334e-18
132, 1147, 7.697789048436563e-18
197, 810, 7.490614675831861e-18
120, 1147, 7.42521539849907e-18
136, 857, 6.796587607737869e-18
132, 1169, 6.616845222223394e-18
120, 1169, 6.382547082596036e-18
358, 836, 6.2507327792507004e-18
351, 1119, 6.192787168807828e-18
136, 874, 5.942034333763723e-18
197, 1242, 5.832597361869379e-18
351, 806, 5.4780227810273474e-18
104, 1250, 5.2107169142816265e-18
136, 1147, 5.060424002949588e-18
132, 866, 5.033146233608226e-18
120, 866, 4.85492583409723e-18
136, 1169, 4.349825927373586e-18
132, 810, 3.706343324185651e-18
120, 810, 3.575104143501695e-18
136, 866, 3.3087233036191555e-18
340, 1188, 2.9019822881143087e-18
132, 1242, 2.885959194320284e-18
120, 1242, 2.783769276381943e-18
358, 857, 2.502002554225955e-18
136, 810, 2.436500741039448e-18
358, 874, 2.1874190311987146e-18
197, 1188, 2.1161273851268572e-18
136, 1242, 1.8971911397646914e-18
358, 1147, 1.8628750943240412e-18
358, 1169, 1.6012852638486494e-18
358, 866, 1.218028021511431e-18
132, 1188, 1.0470562091915854e-18
120, 1188, 1.009980637123651e-18
358, 810, 8.96939968891702e-19
340, 808, 8.513613666220548e-19
340, 1155, 7.473168338581184e-19
351, 836, 7.079051799998073e-19
358, 1242, 6.984059283134871e-19
136, 1188, 6.883208074540117e-19
197, 808, 6.208132661342435e-19
197, 1155, 5.449439246995054e-19
132, 808, 3.0717734179098116e-19
120, 808, 2.9630039404621886e-19
351, 857, 2.833556690167166e-19
132, 1155, 2.696373214713836e-19
120, 1155, 2.6008964116858924e-19
358, 1188, 2.5338898249706114e-19
351, 874, 2.4772859722238086e-19
351, 1147, 2.109734931146266e-19
136, 808, 2.019342935718735e-19
351, 1169, 1.8134803917688847e-19
136, 1155, 1.7725598416365444e-19
340, 1250, 1.6331255753846541e-19
351, 866, 1.3794356218123598e-19
197, 1250, 1.1908762391751784e-19
351, 810, 1.0157984232424988e-19
351, 1242, 7.909555437034022e-20
358, 808, 7.433732152991436e-20
358, 1155, 6.525258714010972e-20
132, 1250, 5.892435253997454e-20
120, 1250, 5.68378799514218e-20
136, 1250, 3.8736084617973795e-20
351, 1188, 2.869669518748008e-20
358, 1250, 1.4259770968675946e-20
351, 808, 8.41881693503554e-21
351, 1155, 7.38995667807273e-21
351, 1250, 1.6149411742324903e-21
