Gene = CG9666
index = 1037
Annotated 5SS: [ 331  857 1678]
Annotated 3SS: [ 560  914 2827]
SMsplice 5SS: [ 331  857 1678]
SMsplice 3SS: [ 560  914 2827]
length: 3073
Partition function (logZ) = 2.007247002899226
#Exons = 1652
3SS, 5SS, prob
914, 1678, 0.9448242998204205
0, 331, 0.9299784825064411
560, 857, 0.9244746681891052
2827, -1, 0.6368777963808137
1908, 2593, 0.17528440153939365
1908, -1, 0.1484329157820144
1908, 2036, 0.12205776436778445
2093, 2593, 0.10147407378163932
2093, -1, 0.0653521309884219
2715, -1, 0.050064396532857366
1908, 2188, 0.0478228635147369
2238, 2593, 0.03785035456811799
0, 491, 0.03129297099021299
2093, 2188, 0.030668013000952572
1742, -1, 0.026490241754695474
590, 857, 0.02646722253089165
1742, 2593, 0.02444417013603953
2329, 2593, 0.02301370170920708
2268, 2593, 0.019422059744109807
409, 491, 0.01815431022739489
2238, -1, 0.01777345467860109
0, 857, 0.016748697822645323
929, 1678, 0.012467374010739465
624, 857, 0.011896303145351419
1061, 1678, 0.010818349570430064
1920, 2593, 0.010745473169699156
1742, 2036, 0.010042659096798027
1978, 2593, 0.009385376909915737
1920, -1, 0.008926132603432124
0, 464, 0.008873487723696533
1081, 1678, 0.008556930385100936
409, 857, 0.008345058083838147
2268, -1, 0.008228185026004127
2329, -1, 0.0075084215208326656
1978, -1, 0.007155871523482987
1920, 2036, 0.006696979153387667
401, 491, 0.005801758191111635
1908, 2639, 0.005759507316281126
1742, 2188, 0.004722756455384748
560, 1678, 0.004517420191004767
1978, 2188, 0.00395659054994796
1295, 1678, 0.0038649078928223255
1908, 2009, 0.003814899142425808
1752, -1, 0.003727716690577929
750, 857, 0.0036545163999131256
1752, 2593, 0.003493900987240034
2093, 2639, 0.0033260201117391278
2840, -1, 0.0032011181161383474
914, -1, 0.0031977643463686127
2128, 2593, 0.003118361744632137
1920, 2188, 0.0030670902978428474
2107, 2593, 0.003013336971726066
1321, 1678, 0.0029366328190853636
409, 464, 0.0027897577312841755
0, 147, 0.0027886449053992728
1742, 1782, 0.002788230731344915
401, 857, 0.0023320188975105875
0, 397, 0.002233528630618008
1908, 2627, 0.002233466970851579
1978, 2036, 0.002106437950278053
2128, -1, 0.0020063196205551584
560, 694, 0.0019433202336638334
2107, -1, 0.0019185045142326262
914, 1242, 0.0017610245836077885
0, 122, 0.0016145037679239178
1752, 2036, 0.0014763446655234429
1908, 2012, 0.0014422777928615098
0, 96, 0.0014207333113160049
3043, -1, 0.0013082140036156588
2093, 2627, 0.0012919442065442777
2035, 2593, 0.0012590429881589166
1797, 2593, 0.0012380412272140911
1797, -1, 0.0012352519587832667
2238, 2639, 0.0010980437254170994
2846, -1, 0.001073390086562166
2155, 2593, 0.001069222888875134
0, 370, 0.0010317919910605034
1908, 2155, 0.0010301906051716895
2755, -1, 0.0009746769606952838
401, 464, 0.0009500893795213286
0, 327, 0.0009214171341077902
968, 1678, 0.0009021136745846112
2035, -1, 0.0008727571059637787
2287, 2593, 0.000867102987945181
1742, 1753, 0.0008627204351480631
914, 2593, 0.0008609528950527771
1742, 2639, 0.000803635263418924
2107, 2188, 0.0007331238695109196
1908, 1980, 0.000726937329113967
1159, 1678, 0.0007118620025639814
1752, 2188, 0.0006774336280514809
1908, 2119, 0.0006759362965645301
2155, -1, 0.0006684362779686811
0, 150, 0.0006553166599888417
1797, 2036, 0.0006538194588401947
2329, 2639, 0.0006530424467664611
2035, 2188, 0.0006424696303697675
1908, 1992, 0.0006120480585805289
2000, 2593, 0.0006042697867848992
914, 1633, 0.0005912233173229991
1983, 2593, 0.0005776081366989705
2268, 2639, 0.0005728593287430838
2401, 2593, 0.0005423600351044894
560, 706, 0.0005368671069134846
941, 1678, 0.0005182495028104914
1908, 2024, 0.0005095685539136724
2128, 2188, 0.0005000525452323038
2827, 2946, 0.0004850544137675969
0, 184, 0.0004833117382169064
1742, 2009, 0.0004613352266157215
2000, -1, 0.0004419838429507381
2238, 2627, 0.00044060051754496227
1983, -1, 0.0004344935266406169
914, 1352, 0.00042418176560028416
1782, -1, 0.0004126139727267037
0, 26, 0.0004104936719956887
1782, 2593, 0.00040405464624364897
914, 1682, 0.00039601795828890203
560, 683, 0.0003764993972635999
2291, 2593, 0.0003543127462895437
1920, 2639, 0.0003475013326086146
2287, -1, 0.00033425703009289445
1414, 1678, 0.00032368442178284105
2515, 2593, 0.00031875643770189806
1742, 2627, 0.000311678199501319
1742, 1811, 0.00030617052239802147
1908, 1952, 0.0003060908700173244
1978, 2639, 0.00030353517298171875
2760, -1, 0.00030257543620192633
2000, 2188, 0.00029327222378317826
2093, 2155, 0.0002836836598300303
914, 2036, 0.00028214880308738936
1752, 1782, 0.0002821128872210866
520, 857, 0.0002817141060934281
1908, 2174, 0.00027411479757686745
1908, 1978, 0.00027314408183206425
1165, 1678, 0.0002663994324536644
1797, 2188, 0.000264505660063513
0, 90, 0.00026015561036726235
2329, 2627, 0.0002575415475457387
1908, 2082, 0.000257384611847193
2430, 2593, 0.00025714726252589045
1983, 2188, 0.0002530928077398376
914, 951, 0.00024999889320352674
0, 78, 0.00023806085389911866
914, 1782, 0.00023418767953086039
1461, 1678, 0.0002329249336538192
2268, 2627, 0.0002286775345514459
914, 1753, 0.00022495930368574682
1327, 1678, 0.0002228086299800164
1908, 2545, 0.00021392785266199032
1908, 2542, 0.00021138054537631775
190, 331, 0.00020224990391311354
1920, 2009, 0.0001937839798510461
1782, 2036, 0.00019344251204852323
1742, 1952, 0.0001877675116368305
914, 2188, 0.00017739341872525103
1742, 1980, 0.00017342145031989188
1273, 1678, 0.00016653981340773356
1742, 2012, 0.00016442532188249982
560, 861, 0.00015059216116544369
1252, 1678, 0.00014835917903351618
2785, -1, 0.0001473959068892526
2494, 2593, 0.00014143565433981622
0, 190, 0.00013830667519327722
2448, 2593, 0.00013671600585808707
778, 857, 0.00013568612479394188
2291, -1, 0.0001298972133561787
1920, 2627, 0.00012968789233071729
0, 92, 0.00012798874297582517
2093, 2174, 0.00012741777315953304
2700, -1, 0.0001242368821611796
0, 451, 0.000119243795777358
590, 1678, 0.00011698020220777533
0, 260, 0.00011588410516519988
1983, 2036, 0.00011344939585731611
1978, 2627, 0.00011264035240033257
1908, 2485, 0.00011217431518097062
914, 1198, 0.00011069662689443981
2093, 2545, 0.00010979478973761512
1752, 2639, 0.000108524887458593
2093, 2542, 0.00010829509098257608
1742, 1992, 0.00010624488116312415
2128, 2639, 0.00010612797862220708
914, 1273, 0.00010550403520000635
2093, 2281, 0.00010472449850146786
634, 857, 0.00010113555012166048
2107, 2639, 9.761780203810261e-05
0, 272, 9.433549802449543e-05
914, 1264, 9.330776285220588e-05
2515, -1, 9.22374189699392e-05
1742, 2155, 8.833421781444255e-05
1978, 2155, 8.629216152801035e-05
2401, -1, 8.423990039807388e-05
1908, 2281, 8.298346703948586e-05
914, 1421, 8.253887188216372e-05
1782, 2188, 8.192809630576232e-05
757, 857, 8.062824961999343e-05
0, 128, 7.903837206962428e-05
1908, 2194, 7.825270323955743e-05
2155, 2188, 7.76052423815016e-05
1806, 2593, 7.596631686915363e-05
1908, 2717, 7.505271806783342e-05
1806, -1, 7.48561461268538e-05
1920, 2012, 7.373964031729221e-05
0, 349, 7.177753886726273e-05
1908, 2450, 7.104606581170167e-05
2000, 2036, 7.039355459491157e-05
1742, 1978, 6.919223317232392e-05
914, 975, 6.907804239166264e-05
1752, 2009, 6.835184986601527e-05
1920, 2155, 6.660216402102674e-05
2093, 2485, 6.515133684304952e-05
422, 491, 6.275634708083637e-05
0, 1678, 6.176219024548962e-05
914, 1222, 6.033021737540809e-05
722, 857, 5.974127659176295e-05
2473, 2593, 5.7282350939809295e-05
0, 411, 5.625929398559468e-05
409, 1678, 5.4727551049328766e-05
2093, 2301, 5.416240061977642e-05
2908, -1, 5.170425765100068e-05
451, 857, 5.1413095814530854e-05
2093, 2194, 5.051269752241083e-05
2238, 2545, 4.95128457329081e-05
2238, 2542, 4.926705971774037e-05
914, 1537, 4.906621061189485e-05
1742, 2119, 4.89213680459194e-05
1908, 2526, 4.884471194409715e-05
1742, 1930, 4.8827006724947705e-05
1522, 1678, 4.87194220176077e-05
1742, 2024, 4.8558878818425155e-05
914, 1686, 4.8300809876430914e-05
1908, 2301, 4.688184497283483e-05
1806, 2036, 4.595009763102484e-05
711, 857, 4.5802823586704626e-05
1908, 2448, 4.543085001821737e-05
2093, 2450, 4.48826620599366e-05
2093, 2717, 4.4831786757760874e-05
463, 857, 4.45492949388765e-05
1908, 2597, 4.426259318611056e-05
1920, 2119, 4.415201308269441e-05
2093, 2119, 4.362828956694831e-05
624, 1678, 4.267993327835712e-05
1752, 2627, 4.220118915479257e-05
2128, 2627, 4.1219155374011264e-05
147, 331, 4.115344048395333e-05
1061, 1242, 4.111708231678615e-05
1978, 2119, 4.102054476324631e-05
929, -1, 4.0550852603326376e-05
1797, 2639, 3.8417782206628145e-05
1978, 2009, 3.803633652212139e-05
2107, 2627, 3.795135456581436e-05
560, 837, 3.7837835331813415e-05
422, 857, 3.773501931177957e-05
590, 694, 3.765989333864724e-05
451, 491, 3.68263175284484e-05
0, 134, 3.585977401195142e-05
2329, 2542, 3.56953147338349e-05
2329, 2545, 3.528928509743191e-05
2035, 2639, 3.4882643071557474e-05
1908, 1970, 3.4495852180213014e-05
1752, 1811, 3.447510445918177e-05
2430, -1, 3.40272717953974e-05
2238, 2485, 3.3779445599438515e-05
1081, 1242, 3.350855793527302e-05
1797, 2009, 3.345228923633634e-05
1920, 1980, 3.335844607689798e-05
1908, 2785, 3.2909844886239956e-05
1908, 1930, 3.186673833267852e-05
1908, 2560, 3.150504086087868e-05
2874, -1, 3.125815175693255e-05
1729, -1, 3.082326932940604e-05
2155, 2639, 3.0229562347228924e-05
1908, 2615, 3.004246744417023e-05
2093, 2448, 2.993643869044393e-05
1742, 1746, 2.934977198953585e-05
1920, 1992, 2.920793167576733e-05
1742, 2545, 2.8899789949231078e-05
1752, 1952, 2.88018399754534e-05
1742, 2542, 2.85554226320697e-05
1729, 2593, 2.790219054030384e-05
664, 857, 2.775112440084887e-05
2093, 2326, 2.7605420929114207e-05
1061, -1, 2.756998702987299e-05
1920, 2024, 2.710928057495456e-05
2093, 2526, 2.7032163298175256e-05
914, 2639, 2.673381261121388e-05
2494, -1, 2.6714104808773587e-05
914, 1165, 2.6495305776867073e-05
1752, 1980, 2.6474757925362185e-05
2093, 2597, 2.6439288166531973e-05
1908, 2326, 2.6158582992804212e-05
2268, 2545, 2.6101362773888044e-05
2268, 2542, 2.607338129818975e-05
0, 394, 2.586436239304149e-05
1231, 1678, 2.5723626029322847e-05
409, 451, 2.5618033323829306e-05
914, 1235, 2.516405235163437e-05
560, -1, 2.483652768763867e-05
2308, 2593, 2.481824483753848e-05
1742, 2174, 2.4716522498819522e-05
1752, 2012, 2.459531730968168e-05
1333, 1678, 2.4411748701107456e-05
929, 1242, 2.393042592162385e-05
2329, 2485, 2.3840849916613127e-05
2287, 2639, 2.3272975596717375e-05
1978, 2174, 2.3167079750330004e-05
2238, 2450, 2.2793408771820792e-05
0, 239, 2.2682630749487465e-05
1756, -1, 2.241977864700738e-05
0, 335, 2.226572390876383e-05
2715, 2785, 2.2228740253752923e-05
2715, 2946, 2.1886123267946875e-05
1258, 1678, 2.1827379467736597e-05
2639, -1, 2.177471258590896e-05
3006, -1, 2.161621287286233e-05
1081, -1, 2.1190708245602e-05
1756, 2593, 2.1124918977612567e-05
2281, 2593, 2.098647418518248e-05
2301, 2593, 2.0913834604650013e-05
0, 694, 2.0825765261453162e-05
1644, 1678, 2.0795719152097773e-05
2268, 2485, 2.0484811732748986e-05
463, 491, 2.0381643917728393e-05
1908, 2346, 1.9654691263041703e-05
2448, -1, 1.9597750757034332e-05
706, 857, 1.867090171462019e-05
2093, 2346, 1.8651450232535466e-05
761, 857, 1.8311714882360606e-05
2000, 2639, 1.825522408760837e-05
3028, -1, 1.8220715657234962e-05
2093, 2615, 1.7946121305346397e-05
1983, 2639, 1.7793469347276902e-05
2093, 2560, 1.7751090287918892e-05
1908, 2523, 1.7226488387656415e-05
1806, 2188, 1.7124934237233734e-05
1533, 1678, 1.7107231623625604e-05
1920, 2174, 1.697118741327167e-05
1742, 2082, 1.6953319788010168e-05
951, 1678, 1.6826349144155385e-05
2012, 2593, 1.63505603707435e-05
1752, 1992, 1.6019446266268182e-05
1920, 2082, 1.597702286670697e-05
2827, 2930, 1.594758699335442e-05
2515, 2639, 1.5482759383376932e-05
1978, 2012, 1.546929950212155e-05
2238, 2448, 1.5410713953530485e-05
401, 1678, 1.5198988163132657e-05
1742, 2485, 1.5124169812093826e-05
1797, 2627, 1.4939210090663549e-05
960, 1678, 1.4808306786023697e-05
409, 694, 1.3746374081884313e-05
2035, 2627, 1.3548435472592144e-05
2268, 2450, 1.3538826544033066e-05
2093, 2785, 1.3056990811817249e-05
1752, 2155, 1.2841951708763942e-05
1797, 1980, 1.2680359468358877e-05
1920, 2545, 1.2631162924428943e-05
1920, 1952, 1.2628786188299205e-05
2329, 2450, 1.262598821647244e-05
1920, 1978, 1.259351859737619e-05
1782, 2639, 1.2538833185627234e-05
1920, 2542, 1.2480651114600778e-05
750, 1678, 1.2319535374343989e-05
1797, 2012, 1.1956471952533302e-05
2012, -1, 1.1867300792886848e-05
560, 843, 1.1594674406944974e-05
1797, 1952, 1.1500454687191943e-05
2155, 2627, 1.1450939580106945e-05
590, 706, 1.125113805865267e-05
1742, 1970, 1.1205592098584313e-05
1908, 2946, 1.1040314690059905e-05
1978, 2545, 1.1027063374928433e-05
1978, 2542, 1.0895665872134732e-05
929, 2593, 1.08125441215823e-05
1742, 2281, 1.070453956889842e-05
1752, 1978, 1.0684627036540537e-05
1908, 2462, 1.0673420171431605e-05
1729, 2036, 1.0653670658876747e-05
788, 857, 1.05479477929384e-05
914, 2009, 1.0533507652657194e-05
914, 1811, 1.038351652421655e-05
1204, 1678, 1.0183271332010146e-05
1742, 2450, 9.984705057431326e-06
1782, 2009, 9.677306748932093e-06
1978, 2082, 9.360357616416086e-06
1061, 2593, 9.23643358569851e-06
914, 2627, 9.126868863528361e-06
401, 451, 9.048484555979292e-06
2268, 2448, 9.04811819736594e-06
2473, -1, 8.985324989469499e-06
2012, 2188, 8.924859906509882e-06
2035, 2155, 8.812926547360584e-06
914, 1067, 8.720946237387698e-06
1756, 2036, 8.66424473833753e-06
422, 464, 8.60918492600754e-06
1908, 2349, 8.599431759634759e-06
914, 1746, 8.21710821474357e-06
2401, 2639, 8.215750755721735e-06
1797, 1992, 7.917971417146644e-06
929, 1633, 7.801490309015662e-06
1742, 2194, 7.77811422480497e-06
624, 694, 7.624111364348299e-06
0, 242, 7.456066283182184e-06
0, 227, 7.452425363912121e-06
560, 1242, 7.426340846339526e-06
2238, 2526, 7.398611812335272e-06
1081, 2593, 7.313161632471139e-06
1752, 1930, 7.256727822980221e-06
1752, 2119, 7.101882705255072e-06
2000, 2627, 7.0579024728856325e-06
1983, 2627, 6.879377141834565e-06
1742, 2526, 6.864560856467245e-06
590, 683, 6.787002773013918e-06
1061, 1633, 6.7389592171367695e-06
2827, 2996, 6.738519048938047e-06
1920, 2485, 6.610285172621809e-06
1061, 1352, 6.594213438167858e-06
1295, -1, 6.592133377268137e-06
1752, 2024, 6.510998429261683e-06
1742, 2448, 6.3847819405305674e-06
2093, 2946, 6.355756945615678e-06
1978, 2024, 6.339794038249427e-06
1742, 2301, 6.252865392664711e-06
1742, 2597, 6.2207291712801905e-06
1978, 2194, 6.166471837672309e-06
2329, 2526, 6.1450871721124465e-06
2827, 2891, 6.0519678863966516e-06
560, 722, 5.829637419521106e-06
1030, 1678, 5.805417780759266e-06
2238, 2597, 5.780682217253983e-06
1978, 2485, 5.771348318779614e-06
1386, 1678, 5.7419828898081765e-06
914, 1622, 5.734187747052012e-06
2827, 2915, 5.5249724307791955e-06
929, 1352, 5.376805928378444e-06
1081, 1633, 5.3317104637142144e-06
0, 706, 5.273091488391899e-06
2000, 2155, 5.271870279347927e-06
1081, 1352, 5.248152543701241e-06
929, 1682, 5.224614058910383e-06
1178, 1678, 5.2136368887817686e-06
1983, 2155, 5.14331419224157e-06
0, 98, 5.129141916837774e-06
2329, 2448, 5.08621863105737e-06
1797, 1978, 5.075072365962754e-06
1797, 2155, 5.0042427382488686e-06
1920, 2194, 4.88980101693651e-06
1061, 1682, 4.4949325809864274e-06
1729, 1782, 4.439460905201761e-06
1742, 2560, 4.4276909989183766e-06
2238, 2560, 4.413663887949369e-06
2238, 2346, 4.395189293285279e-06
0, 683, 4.391602133258296e-06
1920, 2450, 4.363991453029253e-06
1742, 1822, 4.292890773109595e-06
590, 861, 4.286182577548607e-06
0, 245, 4.258208612553735e-06
1729, 2188, 4.244464840293846e-06
2238, 2326, 4.238450859073935e-06
914, 1469, 4.175265516152845e-06
796, 857, 4.14509076006441e-06
2238, 2301, 4.105306631446176e-06
1978, 1992, 4.030559166309763e-06
1742, 2326, 3.868979613126681e-06
1782, 1980, 3.8106756107219177e-06
0, 342, 3.808381169210118e-06
1782, 1952, 3.773967303192871e-06
401, 694, 3.7329893785279775e-06
190, 491, 3.723073220866406e-06
451, 464, 3.715552808881942e-06
1978, 2450, 3.6300494469088816e-06
1742, 1809, 3.5968184768229083e-06
2238, 2281, 3.5587485832185295e-06
1321, -1, 3.486127400898407e-06
409, 706, 3.44640407413598e-06
929, 2036, 3.362929685634863e-06
560, 951, 3.311520391673578e-06
1483, 1678, 3.3043901739313694e-06
1920, 2281, 3.178200983950353e-06
1756, 2188, 3.150514825845635e-06
1978, 2281, 3.1103871478460288e-06
1752, 2174, 3.1098705053233054e-06
409, 683, 3.013377889180137e-06
0, 51, 3.008760249387244e-06
1797, 2024, 2.997383158365709e-06
1742, 2346, 2.994807872150365e-06
409, 550, 2.9752163624532585e-06
914, 1612, 2.9410087487146915e-06
914, 1559, 2.8880843506140067e-06
2107, 2155, 2.883999978007073e-06
1061, 2036, 2.861281815867902e-06
914, 2012, 2.8565597118437803e-06
1920, 2301, 2.8474167424448604e-06
1978, 2301, 2.795576679535497e-06
929, 1782, 2.7629490418297575e-06
1081, 1682, 2.755381154621112e-06
1797, 2119, 2.7358927933869542e-06
2093, 2349, 2.698974590828828e-06
668, 857, 2.6989650756037587e-06
1782, 2012, 2.6832788239647347e-06
968, -1, 2.677989761812478e-06
0, 861, 2.647769144369063e-06
2035, 2119, 2.61899916261461e-06
560, 634, 2.590892686487607e-06
0, 550, 2.557625266884693e-06
929, 1753, 2.5497618500149235e-06
624, 706, 2.5189810747537184e-06
1978, 1980, 2.444481313454425e-06
2035, 2174, 2.4265851232146827e-06
1983, 2119, 2.4229432449886144e-06
0, 120, 2.419617153480505e-06
1061, 1782, 2.393828906282054e-06
1797, 1811, 2.385780197889118e-06
409, 411, 2.3737000876895194e-06
2107, 2174, 2.3592077631840095e-06
1081, 2036, 2.2654865864993954e-06
0, 378, 2.2509742647849094e-06
1621, 1678, 2.235766223042539e-06
1061, 1198, 2.215808905454895e-06
1061, 1753, 2.208902144760951e-06
2840, 2946, 2.196237503943625e-06
1061, 1273, 2.1748363036428374e-06
1295, 1633, 2.145836974202814e-06
2238, 2946, 2.1286815628161784e-06
2107, 2281, 2.0816097800922114e-06
1061, 1264, 2.0171086301166715e-06
1081, 1273, 1.9660778335876893e-06
968, 1242, 1.9240593547550334e-06
1797, 1930, 1.9057825205383868e-06
929, 951, 1.901488942190177e-06
624, 861, 1.9009493419336972e-06
1081, 1782, 1.893304019020529e-06
674, 857, 1.8343681509001828e-06
914, 1649, 1.824731073773382e-06
1081, 1264, 1.7813897743433492e-06
560, 1352, 1.7699198450434743e-06
190, 857, 1.751553897815504e-06
1081, 1753, 1.7471638123962147e-06
2128, 2281, 1.7353369675572993e-06
929, 2188, 1.7264941658762067e-06
1109, 1678, 1.716863841265741e-06
1806, 2009, 1.713582792318518e-06
1321, 1633, 1.6572996415987772e-06
560, 911, 1.6262374359584512e-06
941, -1, 1.6030731173987583e-06
1729, 1753, 1.5643037260122864e-06
929, 1198, 1.5402926875267666e-06
2128, 2155, 1.5228963598597597e-06
1171, 1678, 1.519352966509918e-06
1081, 1198, 1.487516051043797e-06
560, 1633, 1.4856615469875238e-06
1061, 2188, 1.4748285435785031e-06
1742, 2946, 1.4567493708101486e-06
914, 1980, 1.4510568823634341e-06
69, 331, 1.443327769300026e-06
929, 1273, 1.4333983899133597e-06
1983, 2009, 1.4262575165875968e-06
1782, 1811, 1.4257094850283446e-06
1782, 1992, 1.4251654508431933e-06
1061, 1222, 1.3927820933729928e-06
1756, 1782, 1.391627341908072e-06
409, 861, 1.3771733094778386e-06
0, 6, 1.3504021098318867e-06
1159, 1242, 1.346682633398382e-06
2000, 2174, 1.272014784806588e-06
929, 1264, 1.266197666556601e-06
1752, 2082, 1.2577912909860472e-06
624, 683, 1.2411404713774356e-06
560, 2036, 1.2045539687852177e-06
1081, 2188, 1.1677298839751214e-06
1983, 2174, 1.1618045973485398e-06
1797, 2174, 1.1605732211932342e-06
2012, 2036, 1.14560864649021e-06
2128, 2174, 1.145226910237477e-06
590, 837, 1.140299067457861e-06
190, 464, 1.138282813452655e-06
520, 1678, 1.1368169535969766e-06
1752, 1970, 1.124404077897731e-06
1782, 1978, 1.059160582738741e-06
805, 857, 1.0424024738944045e-06
1081, 1222, 1.0396102304745123e-06
0, 100, 1.0389274624251803e-06
2268, 2946, 1.0311709012991087e-06
1295, 1682, 1.0299716056597746e-06
941, 1242, 1.0215494112355398e-06
1295, 1352, 1.0036232373252013e-06
1920, 1970, 9.994298031036075e-07
2000, 2119, 9.869722461025515e-07
2715, 2930, 9.851616986090123e-07
401, 411, 9.700429055194408e-07
1752, 2281, 9.539540368962485e-07
1920, 1930, 9.436070580739982e-07
2329, 2946, 9.414791591456134e-07
401, 706, 9.391410324569673e-07
914, 1952, 9.127700154846659e-07
2715, 2891, 8.813193806774804e-07
1782, 2024, 8.649849026954694e-07
401, 550, 8.549266839603785e-07
560, 1682, 8.455727154865144e-07
1321, 1682, 8.368151289169768e-07
914, 1713, 8.294836089350919e-07
929, 1222, 8.251283195638073e-07
929, 1421, 8.184528059702045e-07
401, 683, 8.142955892067908e-07
914, 2024, 7.961656799978076e-07
1295, 1782, 7.923976686260038e-07
1061, 1421, 7.742550666144037e-07
1752, 2194, 7.715580874617235e-07
2287, 2627, 7.573608622411525e-07
1782, 2155, 7.434035066366647e-07
914, 1992, 7.398186633165482e-07
1159, 1352, 7.302629609210929e-07
2846, 2946, 7.108335347543383e-07
520, 694, 7.02319736560916e-07
2107, 2194, 6.967414947924821e-07
1295, 1753, 6.951058609293338e-07
0, 384, 6.87478655399046e-07
147, 491, 6.83490438683846e-07
1782, 1930, 6.709847572075374e-07
2000, 2009, 6.680509970071925e-07
2515, 2627, 6.672531928201841e-07
560, 636, 6.628214444509975e-07
2035, 2194, 6.58954509943788e-07
2755, 2946, 6.424029975218052e-07
1081, 1421, 6.370481168202482e-07
560, 1782, 6.368155440514344e-07
1920, 2946, 6.364402321558898e-07
560, 624, 6.192926090858189e-07
1666, 1678, 6.154707729836482e-07
1806, 2012, 6.098307414890251e-07
929, 975, 6.044375394351107e-07
750, 861, 6.022493714321624e-07
1348, 1678, 5.99099998827257e-07
0, 233, 5.919387371348965e-07
1061, 1235, 5.90690558217318e-07
0, 837, 5.846018124583476e-07
1983, 2012, 5.801653760914553e-07
1806, 1980, 5.762620708172761e-07
560, 1753, 5.716887126393041e-07
560, 568, 5.667139064606258e-07
1978, 2946, 5.555490845277739e-07
914, 929, 5.425996076749412e-07
424, 491, 5.387749000187938e-07
624, 837, 5.384973973404775e-07
1321, 1782, 5.27219906649378e-07
914, 2155, 5.203462392326556e-07
1797, 1970, 5.109095716612269e-07
1716, 1782, 5.022432654121683e-07
914, 2174, 4.964909731801633e-07
1321, 1753, 4.949414289462067e-07
1797, 2082, 4.936328303994835e-07
929, 1686, 4.923139740411481e-07
1752, 1822, 4.912388936263339e-07
778, 1678, 4.90615864290126e-07
929, 1537, 4.861244235044964e-07
968, 1633, 4.7473507093184e-07
1081, 1235, 4.672127721328483e-07
560, 1273, 4.624307806614179e-07
1806, 1952, 4.5337062102278033e-07
313, 331, 4.482301733950674e-07
1165, 1242, 4.478383851705185e-07
2715, 2915, 4.414472107623981e-07
2128, 2194, 4.406169848927421e-07
190, 397, 4.3574325522076687e-07
914, 1978, 4.3315979312327234e-07
968, 1352, 4.2541803136933523e-07
1061, 1686, 4.2272047159595134e-07
1908, 2930, 4.2106066269489027e-07
1729, 1811, 4.185766650048489e-07
0, 215, 4.025673129763219e-07
1908, 2891, 4.0173546398089957e-07
1061, 1537, 4.0105922079897e-07
560, 1198, 3.9660646198862576e-07
1752, 1809, 3.9561322914158843e-07
560, 975, 3.9347854781115027e-07
929, 1165, 3.870098038945215e-07
1649, 1678, 3.866914015234423e-07
401, 861, 3.858997408893281e-07
560, 1264, 3.851023956222195e-07
808, 857, 3.7474444765110927e-07
1782, 2119, 3.712652205263821e-07
1295, 1421, 3.6623952597224496e-07
914, 1669, 3.6416177733803294e-07
1159, 1633, 3.5740126550437116e-07
147, 857, 3.4968631854218726e-07
590, 843, 3.4298844517125863e-07
424, 857, 3.377664721054125e-07
929, 1235, 3.3713411943498473e-07
1729, 2009, 3.3710806626535626e-07
1321, 1352, 3.3622142965471044e-07
1081, 1686, 3.3457262663056003e-07
1061, 1165, 3.342273226896532e-07
409, 837, 3.271945845377809e-07
0, 33, 3.1283882798676053e-07
1081, 1537, 3.0458346498009935e-07
914, 1102, 2.9750563308649573e-07
1806, 1992, 2.964718136858966e-07
1756, 2009, 2.8758341556072876e-07
2000, 2012, 2.814764428546891e-07
1165, 1352, 2.803014424880934e-07
968, 1682, 2.7579634917600086e-07
1983, 2082, 2.7401892756946627e-07
941, 1633, 2.588438694270681e-07
2093, 2930, 2.514857390161243e-07
766, 857, 2.49667532545331e-07
560, 2188, 2.495366687764755e-07
634, 1678, 2.4152186974491774e-07
2093, 2891, 2.399549535082143e-07
327, 331, 2.3955135872818004e-07
190, 370, 2.3066178697159988e-07
941, 1352, 2.2816522480342012e-07
451, 1678, 2.2599354849346647e-07
1908, 2915, 2.2514794619780884e-07
914, 1472, 2.2499005867525478e-07
1321, 1421, 2.217996477641456e-07
914, 1502, 2.180536234810823e-07
1159, 1682, 2.1491138961248618e-07
327, 491, 2.14188696644391e-07
1752, 2946, 2.0824501651233206e-07
313, 491, 2.0727102577592394e-07
1716, 1753, 2.0440575200256652e-07
1806, 1978, 2.0352898037400174e-07
147, 464, 2.031977067933905e-07
51, 331, 2.0059469728305744e-07
1752, 2545, 1.9883246965789374e-07
1414, 1633, 1.9659780718079965e-07
1752, 2542, 1.9561683714701058e-07
0, 843, 1.9523743589263972e-07
1081, 1165, 1.9367682200926854e-07
190, 327, 1.9235424741625195e-07
560, 1222, 1.9229156832711116e-07
590, 1242, 1.9132510627019945e-07
757, 1678, 1.8993686714754132e-07
463, 1678, 1.8802048451049262e-07
968, 1782, 1.8765588354763263e-07
422, 1678, 1.7892149656002366e-07
301, 331, 1.7613211250575354e-07
520, 706, 1.7481188941410865e-07
968, 1753, 1.7392367504036432e-07
1295, 1537, 1.6670728877428968e-07
2107, 2119, 1.6618556944266275e-07
1321, 1537, 1.6332007971612983e-07
1756, 1811, 1.632405274865871e-07
624, 843, 1.60343389224842e-07
2000, 2082, 1.5935782593431182e-07
1782, 1970, 1.5855430862505053e-07
941, 1682, 1.5837959066758824e-07
2128, 2946, 1.5636483852922736e-07
520, 683, 1.500088365618762e-07
1461, 1633, 1.4814617397196e-07
409, 568, 1.4721365560483587e-07
968, 1198, 1.4143276634943187e-07
802, 857, 1.4023249056283006e-07
1159, 1782, 1.363514268519326e-07
590, 722, 1.3589785313274876e-07
1159, 1753, 1.3545224736585885e-07
1159, 1273, 1.332670634285151e-07
0, 381, 1.3302061333480333e-07
2035, 2082, 1.3205179421404527e-07
929, 1811, 1.306735845668978e-07
2760, 2946, 1.2730432553713006e-07
1165, 1633, 1.2422263872327465e-07
1729, 2012, 1.240818532071591e-07
914, 1930, 1.2304455689430025e-07
560, 808, 1.211309582409565e-07
1327, 1633, 1.2065716728270245e-07
0, 568, 1.182642050236828e-07
722, 1678, 1.147076723208563e-07
1061, 1811, 1.1169212114408739e-07
1295, 1686, 1.1074087877354276e-07
968, 1273, 1.0956282981471484e-07
1806, 1930, 1.0908745580221754e-07
929, 1067, 1.081264948291099e-07
560, 865, 1.0693183008299103e-07
1252, 1352, 1.0656789806416279e-07
1729, 1980, 1.0641300050304354e-07
929, 1746, 1.0315006838636524e-07
1782, 2082, 1.0151317705326405e-07
409, 843, 1.0125102990366108e-07
941, 1782, 1.0050077486341253e-07
1159, 1264, 9.957238400033757e-08
451, 694, 9.73471205452751e-08
750, 837, 9.549682595053365e-08
968, 1264, 9.540627828103614e-08
1983, 1992, 9.497544094028659e-08
1729, 1952, 9.458846849120116e-08
1756, 1980, 9.423870741996922e-08
929, 2009, 9.36368491978009e-08
1273, 1633, 9.329184268283524e-08
856, 1678, 9.314462687199273e-08
1806, 1811, 9.300699958212622e-08
560, 1235, 9.214671197975079e-08
941, 1753, 9.207366189178819e-08
590, 951, 9.170841100098684e-08
409, 1242, 8.999952543112694e-08
401, 837, 8.997690305404256e-08
2093, 2915, 8.933375111863937e-08
463, 694, 8.930702236545393e-08
1321, 1686, 8.879192342749113e-08
1081, 1811, 8.843583611114912e-08
1061, 1746, 8.817459314181828e-08
1756, 1952, 8.721313399889601e-08
0, 69, 8.270877865829147e-08
843, 857, 8.193801585188984e-08
560, 1421, 8.102707595767302e-08
1273, 1352, 8.060381519706272e-08
1752, 2450, 8.045476073380222e-08
1252, 1633, 7.728402401260033e-08
914, 1514, 7.489220396378212e-08
711, 1678, 7.48850736481399e-08
929, 1622, 7.440589446652956e-08
560, 1165, 7.438563073050738e-08
422, 451, 7.406917731820069e-08
1165, 1682, 7.280482057179537e-08
424, 464, 7.254660324401005e-08
2128, 2450, 7.10531505324106e-08
624, 1242, 7.011088216963013e-08
1081, 1746, 6.846517921308719e-08
560, 585, 6.74336306575567e-08
941, 1198, 6.69230809665251e-08
968, 1222, 6.674279986767674e-08
422, 694, 6.475200069922571e-08
1159, 1421, 6.42755154538008e-08
1061, 1622, 6.360530356403197e-08
147, 397, 6.331809107967636e-08
1729, 1746, 6.189592984848793e-08
1414, 1682, 6.124323033744537e-08
313, 464, 5.8684688417500825e-08
941, 1273, 5.826817706076706e-08
1461, 1682, 5.814575229493977e-08
409, 634, 5.730555872104959e-08
1327, 1682, 5.7200280774656827e-08
1742, 2891, 5.645673047671659e-08
560, 1686, 5.6409573580142765e-08
327, 464, 5.577343419285844e-08
929, 1469, 5.5093104781847154e-08
968, 1421, 5.4551265070966735e-08
0, 722, 5.3454612561605376e-08
914, 1809, 5.320125136237117e-08
1729, 1992, 5.181018234425265e-08
941, 1264, 5.1695753045409945e-08
560, 1537, 5.164608389166298e-08
680, 857, 5.154646436777854e-08
560, 750, 5.128505104886822e-08
1165, 1782, 5.103050034065546e-08
0, 634, 5.097847047605298e-08
1081, 1622, 5.03643454278232e-08
914, 1546, 4.857497129412784e-08
301, 491, 4.848951096670124e-08
914, 1822, 4.845846829668414e-08
664, 1678, 4.774968980252597e-08
327, 857, 4.7682064572999045e-08
634, 694, 4.737958642928672e-08
313, 857, 4.691666478400908e-08
1165, 1753, 4.6730917830612525e-08
941, 951, 4.645077173692643e-08
520, 861, 4.599036003227582e-08
1061, 1469, 4.5812323360180525e-08
590, 911, 4.5758720078783365e-08
1797, 1822, 4.558564534242662e-08
590, 1352, 4.538955989270052e-08
1165, 1273, 4.442110102467026e-08
914, 1493, 4.270824116461692e-08
1273, 1682, 4.142378631703891e-08
401, 568, 4.095650620507133e-08
1414, 1782, 4.092997467201921e-08
1414, 1753, 4.0736395441680194e-08
147, 327, 4.0623517580088544e-08
409, 951, 3.935813946984746e-08
929, 1612, 3.8372084551335e-08
1081, 1469, 3.81806584369107e-08
929, 1559, 3.7033755413622167e-08
590, 1633, 3.702688390140811e-08
968, 1165, 3.69552645195783e-08
694, 857, 3.6229214338383914e-08
624, 951, 3.577821700524103e-08
147, 370, 3.514277954872573e-08
409, 722, 3.482947493209096e-08
1716, 1811, 3.4650192026947894e-08
750, 843, 3.4604123515284585e-08
1252, 1682, 3.4573650470265165e-08
624, 722, 3.440523772071534e-08
1165, 1264, 3.436771834843147e-08
941, 1222, 3.411932279537897e-08
69, 491, 3.3692098069159426e-08
968, 1686, 3.2987109008656804e-08
951, 1242, 3.2863445349789694e-08
1061, 1612, 3.280207977837368e-08
1295, 1746, 3.275171496214497e-08
968, 1537, 3.1804803846709665e-08
761, 1678, 3.180385778459709e-08
409, 554, 3.169086928783446e-08
1061, 1559, 3.157376337089549e-08
590, 634, 3.14505123840266e-08
941, 1421, 3.0565945428346616e-08
960, 1242, 2.9698332898074073e-08
706, 1678, 2.9592312030585187e-08
1729, 1930, 2.9458757290832198e-08
1797, 1809, 2.91544267900074e-08
1273, 1782, 2.8373759958369647e-08
401, 843, 2.7974903932523056e-08
1159, 1222, 2.7599337990331926e-08
968, 1235, 2.6841775399213028e-08
0, 554, 2.671992829544758e-08
1327, 1782, 2.6560048365472945e-08
1159, 1537, 2.600809396125996e-08
1081, 1612, 2.5973545980263973e-08
1273, 1753, 2.5907293331488815e-08
1159, 1686, 2.5695741690526856e-08
1327, 1753, 2.5289880717776363e-08
401, 1242, 2.4988965972618613e-08
1295, 1469, 2.4823673030190394e-08
1252, 1782, 2.4553356767955026e-08
1231, 1352, 2.453933502189963e-08
1159, 1198, 2.4476038729761175e-08
1081, 1559, 2.418885417854616e-08
929, 1649, 2.407397924239084e-08
451, 706, 2.3363792595475084e-08
560, 590, 2.3357958004791195e-08
1252, 1753, 2.3124295794161303e-08
1165, 1421, 2.3092788402687913e-08
778, 861, 2.2874322447259542e-08
1756, 1930, 2.2775497374167722e-08
1273, 1421, 2.2297613773626582e-08
451, 683, 2.228557195968586e-08
409, 1352, 2.1349241075824886e-08
463, 706, 2.1152130841604298e-08
1321, 1469, 2.099363289169004e-08
590, 1682, 2.086850737129513e-08
1461, 1782, 2.058962843203335e-08
1061, 1649, 2.057965667928766e-08
463, 683, 2.0572699014225635e-08
69, 857, 2.0539216251118103e-08
750, 951, 2.0250079800878762e-08
1461, 1753, 2.0060766497115224e-08
1252, 1421, 1.9843388897533256e-08
750, 1242, 1.9367359282963035e-08
1295, 1622, 1.9279750585453163e-08
941, 1686, 1.8753883193765883e-08
409, 624, 1.857143040012661e-08
409, 911, 1.8303734768188034e-08
941, 1537, 1.8273806967990764e-08
624, 911, 1.814838867460857e-08
409, 1633, 1.7423764214944853e-08
335, 491, 1.7242032868358666e-08
1030, 1242, 1.721181563983019e-08
941, 975, 1.6991470199235004e-08
941, 1165, 1.6971012134049562e-08
624, 1352, 1.662835734688744e-08
914, 1970, 1.6449684804135457e-08
1729, 1978, 1.6447643464956007e-08
1081, 1649, 1.6295322273710413e-08
634, 706, 1.6203456418428412e-08
1321, 1622, 1.6165378987001665e-08
190, 451, 1.614415834028338e-08
422, 706, 1.6072848075314896e-08
634, 861, 1.6023882638047993e-08
590, 1782, 1.5914298540400914e-08
1327, 1352, 1.5851435412652446e-08
1159, 1235, 1.5802801491404734e-08
190, 349, 1.5144855327169723e-08
1321, 1746, 1.510176283936743e-08
0, 624, 1.4955347618964587e-08
401, 634, 1.495078555713769e-08
301, 464, 1.4685332582642368e-08
590, 1753, 1.4485507389544983e-08
422, 683, 1.435398555462594e-08
941, 1235, 1.4102820765370102e-08
409, 636, 1.393109910012112e-08
624, 1633, 1.3547434700040684e-08
1327, 1421, 1.3409389625515671e-08
757, 861, 1.3268741430877648e-08
560, 1746, 1.2620921332682788e-08
422, 550, 1.2311104111847448e-08
590, 1273, 1.1923092527137751e-08
560, 1811, 1.1903530223201717e-08
1231, 1633, 1.1697982215631779e-08
451, 550, 1.1480266545615108e-08
520, 837, 1.1290229735492984e-08
1258, 1352, 1.1147842661559487e-08
1327, 1537, 1.0974483405201555e-08
929, 1713, 1.0941839565260548e-08
401, 951, 1.093000468889732e-08
590, 975, 1.0907120779507586e-08
1522, 1633, 1.0601120807551882e-08
1295, 1612, 1.0248693382974528e-08
590, 1198, 1.0212473433176176e-08
69, 464, 1.0159693726292304e-08
116, 331, 1.0079668431151986e-08
0, 636, 9.948436878474665e-09
722, 861, 9.937633770469118e-09
590, 1264, 9.914157710551125e-09
190, 411, 9.89099331540529e-09
409, 1682, 9.758070085300145e-09
968, 975, 9.743403133641031e-09
520, 550, 9.690850855666488e-09
1165, 1537, 9.643617909970455e-09
1295, 1559, 9.607537145510387e-09
1321, 1559, 9.592526008179727e-09
401, 722, 9.518368960961828e-09
301, 857, 9.381553384367609e-09
1061, 1713, 9.35352600765183e-09
560, 1622, 9.255022596653189e-09
190, 272, 9.047549610419473e-09
401, 554, 9.04101348901336e-09
1333, 1633, 9.03677082595143e-09
914, 2082, 9.01406377481902e-09
1165, 1222, 8.891231093520558e-09
1204, 1352, 8.807799459733279e-09
409, 585, 8.550902201051956e-09
190, 260, 8.359227036194954e-09
451, 861, 8.326512351332747e-09
590, 636, 8.244949113401587e-09
1258, 1633, 8.134662557164629e-09
463, 550, 7.979320385113091e-09
1109, 1242, 7.771380390176846e-09
1321, 1612, 7.568163889470646e-09
711, 861, 7.497207065075426e-09
624, 1682, 7.45320186851205e-09
634, 683, 7.413861658924563e-09
1081, 1713, 7.405981767510081e-09
1165, 1198, 7.343203640279608e-09
1273, 1537, 7.335197620759839e-09
313, 397, 7.2728812193681505e-09
463, 861, 7.21216563306155e-09
590, 624, 6.787212622185975e-09
1908, 2432, 6.653592131250388e-09
1178, 1242, 6.411340058829991e-09
1908, 2413, 6.205738040305112e-09
1204, 1242, 6.173050468905388e-09
422, 861, 6.1538384279710436e-09
951, 1352, 5.792708148502762e-09
409, 1273, 5.6086684978893545e-09
327, 397, 5.562325165130106e-09
401, 1352, 5.4434829442592065e-09
960, 1352, 5.217706403481869e-09
968, 1067, 5.157751044844117e-09
401, 911, 5.083073135565851e-09
409, 975, 4.9737425106737966e-09
190, 394, 4.952732111200856e-09
2093, 2523, 4.92410526153335e-09
590, 1222, 4.9185525328228416e-09
51, 491, 4.9178569531268474e-09
1295, 1649, 4.847546236527096e-09
401, 624, 4.842905224029889e-09
929, 1669, 4.8051266323703795e-09
409, 1198, 4.80395793516937e-09
1414, 1537, 4.683341771280641e-09
750, 1352, 4.662577559665386e-09
190, 335, 4.608894989056669e-09
1178, 1352, 4.457690905306636e-09
634, 837, 4.453718830073674e-09
664, 861, 4.4168194577640565e-09
624, 1273, 4.369162409215332e-09
624, 975, 4.307844906886219e-09
335, 464, 4.2762915352126915e-09
664, 694, 4.183878080848476e-09
1061, 1067, 4.153914395256005e-09
929, 1102, 4.130268119723865e-09
1061, 1669, 4.107053524595584e-09
2107, 2946, 4.037158169632694e-09
590, 808, 4.0280803752672895e-09
941, 1067, 4.027905368832285e-09
1231, 1242, 3.941379277696018e-09
624, 1198, 3.74259562385441e-09
401, 636, 3.6375362424700862e-09
968, 1469, 3.5318009467608443e-09
147, 260, 3.371757158844538e-09
520, 843, 3.3552510676466856e-09
1159, 1469, 3.3117258381225645e-09
1081, 1669, 3.252034852749537e-09
147, 272, 3.2237258260751382e-09
1414, 1686, 3.2129328904907487e-09
624, 634, 3.1612094008493804e-09
590, 865, 3.0949361166737357e-09
51, 857, 3.0625311346410172e-09
706, 861, 3.0200634214880503e-09
778, 837, 3.0186289972920386e-09
761, 861, 3.005948293446344e-09
929, 1472, 2.968779861387137e-09
69, 397, 2.9027772324512505e-09
929, 1502, 2.8772524879754997e-09
147, 451, 2.8009985591823815e-09
69, 147, 2.7603914169440246e-09
750, 911, 2.687930903466094e-09
107, 331, 2.6878110723940762e-09
147, 349, 2.6376038950196358e-09
147, 184, 2.5123197287246307e-09
1061, 1472, 2.4505463786223075e-09
409, 590, 2.417913847841636e-09
409, 1222, 2.31324901696636e-09
401, 585, 2.3125559683097575e-09
1030, 1352, 2.2840229572043654e-09
1061, 1502, 2.2652484752596997e-09
951, 1198, 2.2444508847412068e-09
750, 975, 2.1829238571406202e-09
301, 397, 2.1784128200944767e-09
1252, 1273, 2.1084313768747936e-09
960, 1198, 2.1017298150653093e-09
190, 694, 2.076125372924565e-09
451, 837, 2.056445769123436e-09
1081, 1472, 2.0418138513686965e-09
941, 1469, 2.0303176275875563e-09
120, 331, 2.0083365124009964e-09
757, 837, 1.97910198933635e-09
590, 1421, 1.9283937860308267e-09
590, 1165, 1.9091199221034915e-09
722, 837, 1.896016650718277e-09
1081, 1502, 1.839052363367642e-09
624, 808, 1.8351714352631715e-09
313, 370, 1.833865705284409e-09
788, 861, 1.7927201630268014e-09
463, 837, 1.7783546772091693e-09
520, 722, 1.6724625584771475e-09
1171, 1352, 1.657823302430067e-09
664, 706, 1.6189869106995498e-09
520, 634, 1.6006217196654826e-09
711, 837, 1.5156320786734503e-09
1522, 1682, 1.4898852729565087e-09
147, 411, 1.4843779170129673e-09
422, 837, 1.4836777585566756e-09
590, 750, 1.4597827710886127e-09
51, 464, 1.4487570175203241e-09
69, 327, 1.4323599146822362e-09
1327, 1469, 1.419507896599887e-09
69, 370, 1.4002475405983095e-09
401, 975, 1.3811910374040106e-09
624, 865, 1.3570697015544195e-09
634, 843, 1.3568166260052613e-09
560, 890, 1.3482428277637556e-09
401, 1198, 1.333980516655101e-09
1273, 1469, 1.3324107467374898e-09
1159, 1165, 1.3211423957673333e-09
1165, 1469, 1.2570118826773953e-09
327, 370, 1.243189664774073e-09
1109, 1352, 1.2317968698475437e-09
1030, 1198, 1.177583963397814e-09
778, 843, 1.1475710363354202e-09
664, 837, 1.1348523207156722e-09
1333, 1352, 1.128663649792205e-09
778, 951, 1.1127635601501469e-09
914, 1300, 1.0868555375131819e-09
914, 2119, 1.0554649456754074e-09
409, 865, 1.0200681084040752e-09
409, 808, 9.989097369042004e-10
1252, 1469, 9.951664786606139e-10
1231, 1682, 9.537266027505945e-10
128, 331, 9.133002091112409e-10
147, 335, 9.041734503799677e-10
409, 1165, 8.980482933080903e-10
624, 636, 8.527724875847309e-10
520, 568, 8.433653940200033e-10
520, 951, 8.177323525595206e-10
1231, 1421, 7.954973579344187e-10
1756, 1992, 7.83207879083088e-10
1165, 1686, 7.579023058004881e-10
69, 184, 7.565200725572928e-10
1333, 1682, 7.557298761772446e-10
313, 451, 7.432868132642887e-10
968, 1559, 7.260707542731951e-10
147, 394, 7.179414009201165e-10
624, 1165, 6.996342661839757e-10
796, 861, 6.913940900254068e-10
327, 451, 6.785706878310717e-10
451, 568, 6.702437517120942e-10
1258, 1682, 6.662152905501161e-10
560, 929, 6.60598591867805e-10
951, 1682, 6.545773572391825e-10
401, 590, 6.491090334770521e-10
1644, 1682, 6.478975217785264e-10
422, 568, 6.416923298686393e-10
757, 843, 6.233191878661932e-10
451, 843, 6.197771762521309e-10
424, 451, 6.169926265073898e-10
722, 843, 6.165788760792323e-10
1061, 1102, 6.080883433270748e-10
706, 837, 6.057966055365008e-10
301, 370, 6.022373067816408e-10
1258, 1421, 5.899894866629794e-10
424, 694, 5.848023121245156e-10
664, 683, 5.759710613336544e-10
560, 1067, 5.64255913417919e-10
51, 147, 5.629284949090244e-10
1159, 1559, 5.617921093025005e-10
463, 843, 5.365242721380788e-10
190, 706, 5.28203968322308e-10
960, 1682, 5.094773993717208e-10
520, 1352, 5.092191619099926e-10
463, 568, 4.894856374329263e-10
520, 911, 4.868374898249608e-10
929, 1952, 4.867028647617043e-10
711, 843, 4.859159109963036e-10
1327, 1686, 4.824802307977875e-10
1461, 1686, 4.807720290711469e-10
624, 750, 4.5601153687628135e-10
422, 843, 4.481829670571327e-10
451, 634, 4.3899218804112654e-10
190, 683, 4.335717195975856e-10
1908, 2143, 4.3299113686763683e-10
520, 624, 4.23410473831697e-10
51, 397, 4.1919085292410124e-10
1273, 1686, 4.188040648033804e-10
941, 1559, 4.1602346207531435e-10
668, 861, 4.1337759437882837e-10
147, 694, 4.122144768304334e-10
520, 636, 4.007527163153993e-10
761, 837, 3.8252144266100564e-10
463, 634, 3.810599848669973e-10
1252, 1537, 3.761756897592597e-10
335, 397, 3.744441825208368e-10
313, 327, 3.670933191904246e-10
757, 951, 3.6060519551945237e-10
1252, 1686, 3.5037333690331376e-10
668, 694, 3.436025662053097e-10
664, 843, 3.419519530902355e-10
951, 975, 3.341771520520049e-10
856, 861, 3.315337130093894e-10
951, 1165, 3.2924089237824386e-10
914, 1729, 3.286296847383079e-10
409, 750, 3.1840139573102755e-10
0, 951, 3.1295691331294977e-10
960, 1165, 3.0984732706208035e-10
1333, 1421, 2.9486281002411517e-10
401, 865, 2.8657058908959816e-10
422, 634, 2.8596344054789557e-10
674, 861, 2.7469572610058353e-10
968, 1102, 2.725086717717273e-10
401, 808, 2.717861733138804e-10
190, 550, 2.7056165674859036e-10
190, 861, 2.6858822471003427e-10
1204, 1421, 2.6527708629908604e-10
750, 1198, 2.6518926566484324e-10
69, 260, 2.463169893875417e-10
634, 951, 2.441571225561637e-10
1081, 1102, 2.3390273275123265e-10
313, 411, 2.3088657883728413e-10
634, 722, 2.2480538297445886e-10
451, 722, 2.218181599010426e-10
788, 837, 2.171316167947628e-10
1461, 1537, 2.1636571410416054e-10
1165, 1559, 2.1302802041223423e-10
1327, 1559, 2.1223282247114045e-10
951, 1421, 2.0899814805613244e-10
560, 901, 2.0284662872630454e-10
51, 370, 2.011315785534913e-10
706, 843, 1.998746197267803e-10
960, 975, 1.9964526321488032e-10
51, 327, 1.9778482828525932e-10
463, 722, 1.9674671834616816e-10
451, 951, 1.9501933234939028e-10
69, 272, 1.9425331190953681e-10
301, 451, 1.9265182043128426e-10
116, 491, 1.906733108902974e-10
327, 411, 1.8599035725897775e-10
960, 1421, 1.8092118695009813e-10
674, 694, 1.7743726896171576e-10
401, 1682, 1.67073536169918e-10
722, 951, 1.6653954466806014e-10
914, 1092, 1.5804696780447828e-10
422, 722, 1.576713473193727e-10
463, 951, 1.573683999945874e-10
560, 1612, 1.5278180356595046e-10
422, 951, 1.4776566188026223e-10
301, 327, 1.4754795221267215e-10
634, 911, 1.4730316829511112e-10
424, 706, 1.4262635507731828e-10
69, 451, 1.4076145452057827e-10
451, 624, 1.3541953491610748e-10
668, 706, 1.3499576580625494e-10
422, 554, 1.3264468061298132e-10
51, 184, 1.325103671679213e-10
914, 1118, 1.3015501506790276e-10
0, 911, 1.2984773113703595e-10
451, 554, 1.2685987663073692e-10
722, 911, 1.2342698130567618e-10
750, 865, 1.232961224250399e-10
750, 1421, 1.1800919909553907e-10
520, 554, 1.1679829705385625e-10
968, 1746, 1.1594467102725452e-10
463, 624, 1.1465494047684073e-10
856, 951, 1.1302660876609059e-10
424, 550, 1.0787963966500953e-10
451, 636, 1.0756152107071891e-10
147, 706, 1.0553430508349104e-10
411, 491, 1.0530773815860725e-10
590, 1686, 1.0120899073936362e-10
668, 837, 9.985396827411349e-11
1178, 1421, 9.681164645465414e-11
69, 349, 9.507794617724772e-11
463, 636, 9.380666092164125e-11
422, 624, 9.208064483192969e-11
968, 1612, 9.126687328662167e-11
463, 554, 8.919570398791255e-11
750, 929, 8.89202772099473e-11
401, 750, 8.71057973128131e-11
778, 911, 8.464094591037675e-11
520, 975, 8.126986700276509e-11
1273, 1559, 8.011721057100532e-11
1333, 1537, 7.971784506517527e-11
778, 975, 7.909936772154315e-11
335, 370, 7.757143602692431e-11
313, 394, 7.656109157577995e-11
520, 585, 7.529330151751996e-11
451, 911, 7.500368938299348e-11
674, 706, 7.21496350994614e-11
69, 411, 7.147937343655907e-11
1231, 1537, 7.013766387327579e-11
422, 636, 6.956483620209234e-11
1030, 1421, 6.661367848568694e-11
301, 411, 6.645856402559721e-11
1252, 1559, 6.59024497822302e-11
1159, 1612, 6.457074652484916e-11
1321, 1649, 6.34142471964431e-11
711, 911, 6.306671023807937e-11
313, 349, 6.268089836029006e-11
463, 911, 6.229315347558383e-11
422, 911, 6.158194484805438e-11
711, 951, 6.109301510117991e-11
951, 1633, 6.002943961587154e-11
327, 394, 5.7854679084989085e-11
116, 464, 5.6983181991539475e-11
107, 491, 5.3365636517229426e-11
960, 1633, 5.282990091369172e-11
190, 342, 5.211446629149987e-11
335, 451, 5.0898694265723366e-11
941, 1612, 5.034270671624017e-11
761, 951, 4.898933095635211e-11
147, 550, 4.881066341644882e-11
451, 585, 4.5602000669773325e-11
750, 808, 4.089610073664135e-11
422, 585, 3.9144234949135387e-11
590, 890, 3.7921231819398416e-11
327, 349, 3.7825411459831946e-11
120, 491, 3.715289555355728e-11
951, 1067, 3.6816230365581044e-11
1742, 2143, 3.6444101026035886e-11
1644, 1753, 3.5959202987068747e-11
463, 585, 3.480117198437647e-11
1978, 2143, 3.4379210573778754e-11
520, 808, 3.328259474193081e-11
51, 260, 3.2748155797427706e-11
69, 394, 3.2481479097829166e-11
69, 335, 3.168658396321224e-11
750, 1633, 3.083080140885178e-11
0, 1242, 3.048270637973194e-11
0, 975, 2.922115274540709e-11
960, 1067, 2.9204493724933666e-11
1920, 2143, 2.9200974771711373e-11
2093, 2143, 2.8831694753081396e-11
1204, 1633, 2.8761147295808265e-11
51, 272, 2.532854088982583e-11
968, 1649, 2.4419421147510062e-11
520, 590, 2.422349407492296e-11
1533, 1633, 2.331232312506464e-11
301, 394, 2.3142548354506085e-11
301, 349, 2.248844568587337e-11
664, 722, 2.2131145906420225e-11
51, 451, 2.0077150078775534e-11
1386, 1633, 1.8392297200185617e-11
116, 397, 1.636471576381032e-11
128, 491, 1.624418586261132e-11
107, 464, 1.602600579305759e-11
411, 464, 1.5907397325926606e-11
624, 890, 1.5468617477156344e-11
409, 890, 1.4058498709665682e-11
451, 590, 1.3500759970213555e-11
51, 349, 1.3493775367070368e-11
327, 550, 1.29701980885915e-11
335, 411, 1.2937848127368204e-11
560, 1559, 1.2683362627480253e-11
520, 750, 1.2614705740111661e-11
1414, 1421, 1.2506689033224135e-11
190, 568, 1.2256217241697867e-11
313, 335, 1.1810894627023991e-11
1030, 1165, 1.155645982945444e-11
313, 550, 1.1503492817569894e-11
401, 1633, 1.1354890969806566e-11
422, 590, 1.1219289226134596e-11
120, 464, 1.1094385474344903e-11
463, 590, 1.0438356092298995e-11
51, 411, 1.0305909387836527e-11
116, 327, 1.0108667760395286e-11
968, 1622, 9.734345577210419e-12
147, 342, 9.6131398079706e-12
1258, 1537, 9.450012127555888e-12
116, 370, 8.390130031754626e-12
1159, 1622, 7.018470203266514e-12
69, 122, 6.8223172298624055e-12
951, 1537, 6.642851065481815e-12
327, 335, 6.4980758336450545e-12
590, 901, 5.716009448807288e-12
424, 568, 5.665724592091194e-12
190, 239, 5.579226217702743e-12
941, 1622, 5.525681161201124e-12
1295, 1669, 4.875003619160057e-12
128, 464, 4.808234815698072e-12
147, 150, 4.7863134105943685e-12
147, 190, 4.752263896637541e-12
51, 394, 4.690479318241384e-12
107, 397, 4.560798727171814e-12
301, 335, 4.5415699019855085e-12
51, 335, 4.429535852315369e-12
560, 1649, 4.310766511488953e-12
401, 890, 3.9528395542446556e-12
335, 394, 3.865260648470982e-12
116, 147, 3.8626808966834e-12
560, 1713, 3.83224249114e-12
69, 150, 3.5590371208479646e-12
750, 890, 3.463774750002592e-12
634, 750, 3.2477720183254376e-12
120, 397, 3.2049384064344253e-12
147, 239, 2.883241206590767e-12
69, 550, 2.8351755262604454e-12
190, 554, 2.8279448482754065e-12
69, 96, 2.809280701237677e-12
107, 327, 2.698408603953883e-12
590, 929, 2.6200068552571844e-12
301, 550, 2.6029396099908256e-12
0, 585, 2.4961930542298566e-12
624, 901, 2.2929776354991026e-12
107, 370, 2.2919099772364965e-12
409, 901, 2.219111319428178e-12
335, 349, 2.1916256684846117e-12
147, 568, 2.1865517460889632e-12
929, 1092, 2.1292044112204517e-12
120, 327, 2.0120704639521368e-12
451, 750, 2.0036813550702445e-12
190, 242, 1.980300509157559e-12
929, 1118, 1.8796462152711134e-12
116, 184, 1.7708794679069878e-12
120, 370, 1.6601030372873026e-12
51, 122, 1.584706468144682e-12
107, 147, 1.5035637953622397e-12
128, 397, 1.4067902111913973e-12
560, 1102, 1.2904775943144183e-12
116, 260, 1.280803195555848e-12
190, 245, 1.2804651147936172e-12
190, 378, 1.262702595112649e-12
69, 190, 1.2526854075116362e-12
190, 227, 1.2249635310593034e-12
190, 634, 1.2234764032873685e-12
424, 554, 1.1740863225055167e-12
116, 272, 1.1285126053995688e-12
335, 550, 1.1165059197561438e-12
409, 929, 1.0838957095857284e-12
0, 808, 1.0664702087486585e-12
0, 865, 1.0536654525389278e-12
624, 929, 1.0267166652683233e-12
147, 242, 9.849787247562903e-13
128, 327, 9.130917020261695e-13
51, 96, 7.733851635812376e-13
116, 451, 7.579928411123247e-13
128, 370, 7.516280368708946e-13
147, 227, 7.456007511635471e-13
51, 150, 7.159020234381541e-13
757, 911, 6.754721376465797e-13
120, 147, 6.440228409802247e-13
401, 901, 6.215496517603651e-13
116, 349, 6.194595652927008e-13
107, 184, 6.139453359955042e-13
147, 245, 6.136062874754379e-13
463, 750, 5.75736421038006e-13
590, 1067, 5.297798624030231e-13
1061, 1118, 4.65265803629048e-13
634, 636, 4.483842044374726e-13
422, 750, 4.2303639307348447e-13
190, 384, 4.0152595280056147e-13
69, 128, 4.002365267068557e-13
520, 890, 3.997280836916717e-13
116, 411, 3.820012362805952e-13
107, 260, 3.782587986406481e-13
69, 90, 3.6579533523614414e-13
190, 585, 3.5246496238270507e-13
69, 342, 3.3981478455436236e-13
107, 272, 3.2528733274917075e-13
120, 184, 3.1180858182434703e-13
69, 239, 3.006837233843224e-13
0, 590, 2.8889094504960634e-13
120, 260, 2.42656203407099e-13
750, 901, 2.250170314226657e-13
116, 335, 2.1844640545423629e-13
120, 272, 2.1612553411075768e-13
51, 190, 2.1435160198478661e-13
107, 451, 2.1339004601994595e-13
409, 1067, 2.1166043760636607e-13
69, 92, 2.027391330391559e-13
128, 147, 2.0154967518380088e-13
69, 134, 1.9589897298908434e-13
69, 78, 1.9114902168651956e-13
147, 378, 1.8663517784502478e-13
116, 394, 1.8389171207766547e-13
401, 929, 1.8352638105221885e-13
1081, 1118, 1.8062096676339643e-13
424, 585, 1.7916000162864735e-13
313, 342, 1.7060522969861576e-13
107, 349, 1.6603250292357246e-13
624, 1067, 1.5179820970076502e-13
0, 750, 1.4420715139526542e-13
0, 890, 1.3542240455196548e-13
120, 349, 1.234584752625874e-13
190, 233, 1.1350696074693653e-13
128, 184, 1.0953569641396515e-13
107, 411, 1.0699597382665461e-13
51, 90, 1.0538542272642493e-13
968, 1118, 1.0055168391169945e-13
128, 260, 9.916204526205816e-14
327, 342, 9.847111010040257e-14
624, 1222, 9.837176993589558e-14
69, 242, 9.753182134187421e-14
69, 227, 9.598721283227203e-14
128, 272, 9.023190951504553e-14
51, 128, 8.986351615828515e-14
778, 890, 6.885016103889618e-14
560, 892, 6.498094009342236e-14
147, 233, 6.352072862511366e-14
190, 381, 6.341355472020486e-14
301, 342, 6.329150078195968e-14
51, 78, 6.084941638976633e-14
147, 384, 5.853231476785062e-14
941, 1118, 5.799933873684864e-14
69, 245, 5.770702455041795e-14
51, 92, 5.751308253654777e-14
147, 585, 5.354801708648548e-14
51, 342, 4.791071617823078e-14
761, 911, 4.729282866396771e-14
190, 590, 4.405688558857072e-14
51, 134, 4.2590627147435906e-14
51, 239, 4.2462155148389905e-14
401, 1165, 3.3174417507877706e-14
190, 215, 2.261132393816073e-14
190, 624, 1.9303459710324305e-14
147, 215, 1.6515803940546854e-14
51, 227, 1.4168891520800478e-14
51, 242, 1.3633609113504519e-14
313, 378, 1.2650629086760314e-14
147, 381, 9.299155896497171e-15
327, 378, 8.914802787651031e-15
51, 245, 7.988379554501856e-15
69, 378, 7.776322828990255e-15
69, 233, 7.354790580669029e-15
69, 98, 7.241001461091443e-15
69, 120, 6.609688786583024e-15
116, 122, 6.025694451014978e-15
634, 890, 5.901272472180078e-15
335, 342, 5.544875306269194e-15
116, 150, 5.226741187691527e-15
313, 384, 4.755183433486485e-15
128, 349, 4.258620870732151e-15
301, 378, 4.033045637680755e-15
327, 384, 3.443845931548351e-15
116, 190, 3.1430345500165133e-15
69, 215, 2.64419558249051e-15
107, 122, 2.6057035668154816e-15
69, 384, 2.519893784446965e-15
116, 342, 2.202413993165133e-15
107, 335, 2.1960511145789203e-15
107, 150, 2.0124694247300284e-15
51, 98, 1.964605936738994e-15
590, 892, 1.8373946568440326e-15
1295, 1472, 1.8282421444650627e-15
120, 335, 1.6423738426212596e-15
1321, 1472, 1.5728180374684015e-15
51, 120, 1.5534212043807035e-15
301, 384, 1.4846086299521033e-15
69, 100, 1.3867032297590579e-15
116, 239, 1.2514734791289932e-15
51, 378, 1.1199908242656966e-15
107, 190, 1.0718964730436289e-15
51, 233, 1.0612351660558096e-15
120, 122, 9.54959845294244e-16
120, 150, 8.673741531261245e-16
128, 335, 7.494468037883747e-16
624, 892, 7.473152404732566e-16
313, 381, 6.911920745038137e-16
107, 342, 5.88088792756135e-16
335, 378, 5.699983141627181e-16
120, 190, 5.569325129807612e-16
327, 381, 4.938716536473946e-16
120, 342, 4.392798711990223e-16
116, 242, 4.2252595271454036e-16
120, 451, 4.2082065672527325e-16
51, 215, 4.093765718975151e-16
411, 451, 3.994063332839588e-16
116, 128, 3.988847468566067e-16
69, 381, 3.939123212394006e-16
107, 239, 3.8538042738664166e-16
51, 100, 3.7090062391400177e-16
51, 384, 3.634534089700116e-16
116, 227, 3.5593156930095767e-16
968, 1472, 2.957261120688209e-16
1159, 1472, 2.754185499160621e-16
128, 150, 2.7446483270676897e-16
301, 381, 2.1803325228286842e-16
757, 890, 2.0437033530075916e-16
128, 342, 2.0096512102648482e-16
128, 451, 1.8355345640759211e-16
941, 1472, 1.6992157994992066e-16
116, 134, 1.6497818008509256e-16
116, 245, 1.606170359355361e-16
120, 239, 1.4250885137070184e-16
409, 892, 1.2705960677802711e-16
1327, 1472, 1.2045375020097995e-16
107, 128, 1.193330460417859e-16
128, 190, 1.1254299236772238e-16
107, 242, 7.933309220878693e-17
107, 227, 7.004808224194624e-17
107, 134, 6.759531870482351e-17
128, 239, 5.615964665842767e-17
107, 245, 4.8883626640426206e-17
120, 242, 4.832995882294235e-17
120, 128, 4.5599526058033654e-17
120, 227, 4.09180577528016e-17
335, 384, 3.671501738849317e-17
107, 394, 3.6065861321012987e-17
120, 245, 3.003332286678705e-17
120, 134, 2.684457063307897e-17
120, 394, 2.5402663671256723e-17
116, 233, 1.9611990288894165e-17
128, 242, 1.9144376579739605e-17
128, 227, 1.5787881760621445e-17
128, 245, 1.195817609824686e-17
128, 394, 1.1273386171257294e-17
120, 411, 1.0845490448099281e-17
116, 215, 8.655578975477685e-18
51, 381, 8.353122851328898e-18
128, 134, 7.976211171508038e-18
424, 590, 6.2009570608854084e-18
107, 233, 6.109914107716338e-18
116, 120, 5.5951803413700625e-18
128, 411, 4.7689636920335726e-18
116, 378, 4.7046200968116964e-18
335, 381, 4.6862530322714716e-18
120, 233, 3.629574191078708e-18
107, 215, 2.7935100551867583e-18
107, 120, 2.443053551740138e-18
116, 384, 2.3814694866435286e-18
120, 215, 1.5763044782842146e-18
128, 233, 1.415492824498578e-18
107, 378, 1.2947385783698069e-18
120, 378, 9.27608570460255e-19
107, 384, 6.5857205679299095e-19
128, 215, 5.945506776618393e-19
120, 384, 4.683961045233583e-19
128, 378, 4.1711229125328813e-19
116, 381, 3.3646901716107987e-19
128, 384, 2.095183876744288e-19
107, 381, 9.283136015987418e-20
120, 381, 5.80407638468368e-20
128, 381, 2.602994705959293e-20
51, 69, 9.503277402313996e-21
