Gene = Cdk5alpha
index = 1063
Annotated 5SS: [ 413 1585 2144 2409]
Annotated 3SS: [ 646 2005 2202 2480]
SMsplice 5SS: [ 413 1585 2144 2409]
SMsplice 3SS: [ 646 2005 2202 2480]
length: 2826
Partition function (logZ) = -6.3011797995412895
#Exons = 1301
3SS, 5SS, prob
2480, -1, 0.9047128269124008
0, 413, 0.786623498472206
646, 1585, 0.6048310562364213
2202, 2409, 0.38608897116163954
2005, 2144, 0.21310695242084515
1973, 2144, 0.15544872415229466
2005, 2409, 0.13981785176000358
0, 1585, 0.09882847631506203
646, 1403, 0.09042736749382102
1973, 2409, 0.08987001551284113
2224, 2409, 0.07360957685737196
2062, 2409, 0.05918940754701152
2251, 2409, 0.053447917074849326
646, 884, 0.045086299688378045
2062, 2144, 0.04020197945411275
0, 394, 0.03634401864720819
1479, 1585, 0.03204242804290635
0, 526, 0.02292931245827468
646, 2409, 0.019114767107260712
646, -1, 0.016145789495711688
2202, -1, 0.016092111081369792
2005, -1, 0.015962049824528066
1649, 2409, 0.015236048679880832
0, 1403, 0.015071428934684373
1953, 2144, 0.014983219121606805
1772, 2409, 0.014083308197035915
646, 2144, 0.012531318254869113
1973, -1, 0.011450147390422846
804, 1585, 0.011243122872525844
2554, -1, 0.010075908375878448
1649, 2144, 0.00994163520544572
1938, 2144, 0.009864450855579035
1772, 2144, 0.009837875792717426
1425, 1585, 0.009440872458306599
646, 865, 0.009404017485333618
1953, 2409, 0.009260320380529985
0, 241, 0.008195251850201375
646, 1623, 0.007414305629651737
1938, 2409, 0.006865755661630475
915, 1585, 0.00681475495192722
1900, 2144, 0.005857098587395621
1296, 1585, 0.005742471563560512
1900, 2409, 0.005695718143524261
2062, -1, 0.005436370114308879
1508, 1585, 0.005313682291430613
589, 1585, 0.005308148816481264
0, 884, 0.004702940004452533
0, 169, 0.004611125952770752
646, 1607, 0.004556807081287893
465, 1585, 0.003990899668447103
646, 1363, 0.0038864317239608037
1874, 2409, 0.003731824159664365
1494, 1585, 0.003613708386928451
1413, 1585, 0.003499696257751547
1874, 2144, 0.0033288524921869936
0, 429, 0.0030282830148744624
1649, -1, 0.0029023006823562544
1837, 2409, 0.0028906858371674513
0, 2409, 0.002809224522954716
292, 413, 0.0027963415162370166
2224, -1, 0.002610403614740826
0, 188, 0.0023442928875488556
1700, 2409, 0.002320933008269389
1837, 2144, 0.0023098169918998016
708, 1585, 0.002297561433464765
1455, 1585, 0.0022877272986618915
1669, 2409, 0.0022682154952091624
2383, 2409, 0.0022576151305528447
526, 1585, 0.0022464707437095223
1772, -1, 0.002214882479483267
2029, 2144, 0.002000813699209373
1924, 2144, 0.0018991914149116527
0, 2144, 0.0018990047447506474
0, 299, 0.0018610562523806399
1542, 1585, 0.001806614972822541
2251, -1, 0.0017480534340925582
927, 1585, 0.001737763855024739
1167, 1585, 0.0017039796532183852
804, 1403, 0.0016806518987736363
0, 150, 0.0016658274331617874
2029, 2409, 0.0016493365138644887
1924, 2409, 0.0014834170839267363
1649, 1825, 0.001479280861360627
1669, 2144, 0.0014354992172698469
1700, 2144, 0.0014008586593222219
0, 479, 0.0013889507238063169
2614, -1, 0.001346200629939068
1953, -1, 0.0011968355621160922
1928, 2144, 0.00117182952454875
0, 1623, 0.0010853933195298078
969, 1585, 0.0010577842406230072
1296, 1403, 0.0010371645703346512
772, 1585, 0.0009805505585975937
915, 1403, 0.0009026410757786084
1928, 2409, 0.0008887496566594261
1938, -1, 0.0008842646962101804
2502, -1, 0.0008725400642866693
0, 134, 0.0008719641017268397
0, 865, 0.0008681356355134893
1842, 2409, 0.0008557177134319454
589, 1403, 0.0007929732918621109
646, 1825, 0.0007596878334926776
1900, -1, 0.0007357853776860576
1748, 2409, 0.0007330298478656898
1560, 1585, 0.0007256119724632042
1842, 2144, 0.0007138230585713685
1488, 1585, 0.0007130738561561491
1443, 1585, 0.0006870524579122878
0, 1607, 0.0006645997383974096
0, 444, 0.0006447927070760991
0, 1363, 0.0006255043469738627
1479, 2409, 0.000601820586506971
465, 1403, 0.0005967790530817448
804, 884, 0.0005779468354028326
646, 1444, 0.0005765985712428626
465, 526, 0.0005522025105994999
2383, -1, 0.0005488603152608359
0, 289, 0.0005367496995453421
310, 413, 0.000500805340473679
1748, 2144, 0.0004989808938887189
1874, -1, 0.0004908552308943112
1113, 1585, 0.00048656767587688726
1479, 1623, 0.0004804004930732443
1862, 2409, 0.00046809796558064056
1684, 2409, 0.00046611480852566103
2788, -1, 0.0004614324539678062
1020, 1585, 0.0004612826257568263
2183, 2409, 0.00046122029943232445
2005, 2149, 0.0004560935840145561
0, 234, 0.0004488571606505405
0, 81, 0.0004480436485075217
1224, 1585, 0.0004205618125741629
1619, 2409, 0.00041959153009471544
1862, 2144, 0.0004123836720887512
1669, -1, 0.0004074710633104512
1837, -1, 0.0004019256645899575
1700, -1, 0.00039813345939696367
1479, 2144, 0.0003958475651011735
1167, 1403, 0.0003953559196840819
1089, 1585, 0.0003593823323911623
1092, 1585, 0.00035375234068126714
804, 2409, 0.00034939782158643814
708, 1403, 0.00034334969342138705
1772, 1825, 0.00033943287207824254
526, 1403, 0.0003353955523550978
1973, 2149, 0.0003201906564708715
589, 884, 0.00030392332730231426
646, 1394, 0.00030068237755889266
1684, 2144, 0.00029680258062327926
0, 75, 0.0002928930681805889
2202, 2315, 0.000289295001691089
1727, 2409, 0.00028621863487876607
1619, 2144, 0.0002788176525732695
2202, 2319, 0.00026505803395586886
1479, 1607, 0.00026207260293675496
2135, 2409, 0.00025649314241289013
708, 884, 0.00025473257780134694
2740, -1, 0.0002406396046747399
804, 2144, 0.00023033920144900006
804, -1, 0.00023011215438640325
1669, 1825, 0.00022399645063218848
292, 1585, 0.0002221972812576105
927, 1403, 0.00021894464585841606
0, 600, 0.0002185813661150682
915, 2409, 0.00021325680643564834
0, 481, 0.00020225920302211782
0, 10, 0.00020053449434454765
2143, 2409, 0.0001985141198322842
0, 543, 0.00019496715301655428
1700, 1825, 0.00019424477734522372
2480, 2703, 0.00018394350893761327
1727, 2144, 0.00018370945866658786
1924, -1, 0.00018200359728863373
465, 884, 0.00017450381542758722
2106, 2409, 0.00017432266400528376
1302, 1585, 0.00016767603745060364
2029, -1, 0.00016732199576921787
2480, 2708, 0.0001646666375222312
589, 2409, 0.0001638077593729803
2507, -1, 0.00015587300122997934
2005, 2315, 0.0001548239143188015
589, -1, 0.00015095214683333422
1889, 2144, 0.00014738286146097487
1508, 2409, 0.0001465817088289414
772, 1403, 0.00014629579556907943
1479, -1, 0.00014581894507890904
646, 1594, 0.00014079505429539805
915, 2144, 0.00014021130970666673
1296, 2409, 0.00013931359168963496
465, -1, 0.0001385577991111459
804, 1623, 0.00013690234715325818
2005, 2319, 0.00013247520726497255
969, 1403, 0.00012880963548185048
1889, 2409, 0.00012636369587154175
465, 2409, 0.0001253770941397983
1224, 1403, 0.00012511211615819743
1542, 2409, 0.00012133017879360459
1748, -1, 0.00011843525687447244
915, -1, 0.00011838038852156655
1842, -1, 0.00011808549134807057
1425, 2409, 0.00011733050370869082
646, 837, 0.00011387004896816545
526, 884, 0.00011345324576336303
1928, -1, 0.00010895504492989374
1260, 1585, 0.00010881229127451673
589, 2144, 0.00010833932592889978
2298, 2409, 0.00010504845090618916
1508, 1623, 0.0001026113136662659
292, 394, 0.0001020226580069007
1973, 2315, 9.950198814528686e-05
2793, -1, 9.945746448414136e-05
1508, 2144, 9.922436880244401e-05
2202, 2334, 9.78487313406356e-05
234, 413, 9.619228054412072e-05
646, 1137, 9.279514683376041e-05
1425, 1623, 9.276011176386764e-05
1296, 2144, 9.179859185142582e-05
1560, 2409, 9.164715391301395e-05
2062, 2149, 9.126206131230183e-05
2408, -1, 8.891604871989127e-05
1113, 1403, 8.676172167506075e-05
1973, 2319, 8.522934137100229e-05
612, 1585, 8.518688706919929e-05
804, 1607, 8.415761351780221e-05
465, 2144, 8.219067161402107e-05
1619, -1, 8.204398127899694e-05
772, 884, 8.204059498928384e-05
2676, -1, 8.07010588846622e-05
1684, -1, 8.068372898896164e-05
2202, 2425, 8.026104133246777e-05
1542, 2144, 7.936773472738748e-05
1425, 2144, 7.855144336896558e-05
203, 413, 7.839968088967723e-05
1368, 1585, 7.789714538682284e-05
915, 1623, 7.649365947814943e-05
804, 1363, 7.221122396897232e-05
0, 1444, 7.149388241290505e-05
2062, 2315, 6.992366769505372e-05
526, -1, 6.979914709547583e-05
292, 526, 6.975536521132208e-05
708, 2409, 6.94876221243332e-05
526, 2409, 6.914452332322345e-05
804, 865, 6.861203943040806e-05
0, 274, 6.814109299484823e-05
1494, 2409, 6.807454374948604e-05
589, 1623, 6.435430754072841e-05
1020, 1403, 6.382714820499615e-05
377, 413, 6.325068095601745e-05
182, 413, 6.297804306743077e-05
1862, -1, 6.243004641929768e-05
1494, 1623, 6.120072847425577e-05
1425, 1607, 6.082153489156387e-05
1209, 1585, 6.067921982540936e-05
1560, 2144, 5.993768711063825e-05
2062, 2319, 5.900804955039374e-05
1296, 1623, 5.861286897487281e-05
1089, 1403, 5.798740290108247e-05
589, 865, 5.7884239168784e-05
1092, 1403, 5.741570766109123e-05
0, 1825, 5.6604871227641736e-05
1167, 2409, 5.505877426923192e-05
708, -1, 5.281910174524041e-05
444, 1585, 5.248767854345448e-05
1518, 1585, 5.087426406666594e-05
1508, 1607, 5.060887862793382e-05
1542, 1623, 5.018675451546546e-05
0, 661, 4.9726201879774255e-05
1044, 1585, 4.9598826190524755e-05
536, 1585, 4.9598138874918315e-05
1116, 1585, 4.9402753835151554e-05
465, 1623, 4.870920756638908e-05
310, 1585, 4.866251792796268e-05
927, 2409, 4.7279031012952866e-05
708, 2144, 4.6356023644518514e-05
915, 1607, 4.6313753078839206e-05
708, 865, 4.6292970569914616e-05
526, 2144, 4.5993567152744905e-05
2202, 2397, 4.548791460800294e-05
1684, 1825, 4.546842238589611e-05
1494, 2144, 4.46511965652366e-05
1362, 1585, 4.4369096837462984e-05
1314, 1585, 4.349306348343725e-05
646, 881, 4.303043294153189e-05
1727, -1, 4.296710648795169e-05
1296, -1, 4.282789782888583e-05
2005, 2334, 3.9592243083273375e-05
589, 1607, 3.95503813046703e-05
1634, 2409, 3.9212507764197384e-05
1173, 1585, 3.897316249207882e-05
2106, 2144, 3.888321367396787e-05
0, 186, 3.8843304093412154e-05
646, 661, 3.847075078007929e-05
1619, 1825, 3.665234212582781e-05
1296, 1607, 3.66036966935964e-05
1432, 1585, 3.623765888652007e-05
0, 297, 3.6034892015746655e-05
2224, 2315, 3.538344642740807e-05
2111, 2409, 3.465169762910409e-05
1167, 2144, 3.418932142751089e-05
589, 1363, 3.404739993576232e-05
2005, 2425, 3.3724678457414745e-05
292, 1403, 3.324640092505433e-05
2224, 2319, 3.305856237237037e-05
465, 865, 3.290220936855094e-05
1508, -1, 3.231404816769921e-05
1413, 1623, 3.216809368548299e-05
915, 1363, 3.216642719424603e-05
1494, 1607, 3.1793341459178985e-05
927, 2144, 3.095444738382724e-05
1748, 1825, 3.0409333669174443e-05
450, 1585, 3.0170156729873797e-05
1413, 2409, 2.9982159082736437e-05
465, 1607, 2.9939900801199823e-05
772, 2409, 2.9554043561808127e-05
1260, 1403, 2.931402857616396e-05
1425, -1, 2.8025560869669485e-05
1455, 1623, 2.783043307680983e-05
377, 1585, 2.7807740409486912e-05
708, 1623, 2.7799845275670733e-05
1455, 2409, 2.772080401528208e-05
1302, 1403, 2.7553371110282175e-05
1953, 2149, 2.7489210896155375e-05
526, 1623, 2.7407738433220848e-05
969, 2409, 2.737536675505303e-05
1479, 1825, 2.7011223442214397e-05
646, 1589, 2.644326566698004e-05
927, -1, 2.6316867820876138e-05
470, 1585, 2.5901240501601075e-05
1560, 1623, 2.560770942056065e-05
465, 1363, 2.5562617136222754e-05
1973, 2334, 2.5420921340182028e-05
1634, 2144, 2.533574916021405e-05
1320, 1585, 2.3404093301893875e-05
1542, -1, 2.2647558131002297e-05
1413, 1607, 2.1575509346738522e-05
1542, 1607, 2.1526461242532446e-05
526, 865, 2.1214429882833615e-05
758, 1585, 2.0557511720529337e-05
1413, 2144, 2.0497930322687313e-05
1649, 1837, 2.045408820798919e-05
1167, 1363, 1.9863658363443138e-05
772, -1, 1.9789631055371078e-05
2183, -1, 1.9781912695356493e-05
1350, 1585, 1.971873275184828e-05
68, 413, 1.9668008422242537e-05
772, 2144, 1.933509304079281e-05
1167, -1, 1.9012244645353712e-05
1296, 1363, 1.8982974358088735e-05
646, 2149, 1.8975015795462174e-05
927, 1623, 1.8906793213563807e-05
1649, 2149, 1.8603178083156292e-05
1167, 1623, 1.8360072789521606e-05
969, 2144, 1.827180296789586e-05
1772, 2149, 1.8115870134467248e-05
1308, 1585, 1.8111360626325904e-05
1119, 1585, 1.8063399774060975e-05
2135, -1, 1.803215161164783e-05
1455, 2144, 1.7909167663991883e-05
310, 526, 1.7678173514511765e-05
1938, 2149, 1.758970677132359e-05
2480, 2554, 1.7585038752849974e-05
1209, 1403, 1.7360084400012556e-05
2064, 2144, 1.7349284916729704e-05
708, 1607, 1.710026997381266e-05
310, 394, 1.6894690021456746e-05
526, 1607, 1.684660890361294e-05
2202, 2325, 1.6694949890714517e-05
1455, 1607, 1.6489935988788704e-05
2135, 2144, 1.6105714625507237e-05
1257, 1585, 1.607486980134414e-05
2062, 2334, 1.58757868233504e-05
465, 600, 1.5818295245180297e-05
861, 1585, 1.5651730396204133e-05
0, 1394, 1.554637612567564e-05
1727, 1825, 1.5124610047030107e-05
646, 2315, 1.4689767983503253e-05
1527, 1585, 1.4660786387144639e-05
1889, -1, 1.4619207163383607e-05
708, 1363, 1.4614433591849761e-05
1494, -1, 1.4487081379318805e-05
526, 1363, 1.4390429908046922e-05
2202, 2377, 1.434274374014675e-05
969, -1, 1.431701511332965e-05
2251, 2315, 1.4244652092896127e-05
1619, 1623, 1.4094595144749039e-05
804, 1825, 1.3996622592838454e-05
2106, -1, 1.3852324568151375e-05
834, 1585, 1.3792167606291574e-05
2251, 2319, 1.3632038524522029e-05
2005, 2397, 1.3473427797842985e-05
2143, -1, 1.3370233903989955e-05
646, 1101, 1.3360827214788837e-05
2224, 2334, 1.3288416094815559e-05
612, 1403, 1.2903932039651008e-05
646, 2319, 1.2857026725603329e-05
801, 1585, 1.275844884061823e-05
377, 526, 1.2699755321569064e-05
1560, -1, 1.2676488595321217e-05
1056, 1585, 1.2243265152849199e-05
1029, 1585, 1.217609351251401e-05
1649, 2315, 1.2133761434721946e-05
772, 1623, 1.1913104053545175e-05
444, 526, 1.1592393368286912e-05
819, 1585, 1.1506038399755597e-05
292, 429, 1.1492735867596954e-05
969, 1623, 1.1470642363271594e-05
927, 1607, 1.1450199944622147e-05
772, 865, 1.1410324858469853e-05
297, 413, 1.1346255986292515e-05
1772, 2315, 1.125340504639519e-05
1488, 1623, 1.1117689435500577e-05
1167, 1607, 1.1087601912137773e-05
1356, 1585, 1.0968020418096673e-05
804, 1444, 1.0673514609912452e-05
1900, 2149, 1.0406449379141109e-05
292, 884, 1.0269078008394657e-05
1560, 1607, 1.001782251176318e-05
240, 413, 9.742896994021268e-06
1649, 2319, 9.647007630368635e-06
1173, 1403, 9.116589372921461e-06
1772, 2319, 8.917558075248973e-06
1116, 1403, 8.723821101159065e-06
876, 1585, 8.644892305288236e-06
1973, 2397, 8.497033558464188e-06
0, 663, 8.49233511395971e-06
292, -1, 8.402490368622122e-06
217, 413, 8.373937611404562e-06
2005, 2263, 8.21553398511715e-06
1953, 2315, 8.021655798315361e-06
0, 837, 7.991610519050107e-06
444, 1403, 7.835512089035092e-06
1634, -1, 7.642928875176822e-06
927, 1363, 7.624228329304309e-06
536, 1403, 7.461294676386481e-06
646, 663, 7.2791786855256316e-06
1443, 1623, 7.2677416104242075e-06
310, 1403, 7.250069815605941e-06
772, 1607, 7.223765876828506e-06
1137, 1585, 7.143332810775654e-06
1455, -1, 7.047319724190485e-06
1953, 2319, 6.823151884962924e-06
646, 1384, 6.8181826587997005e-06
1772, 1837, 6.651424483663387e-06
915, 1825, 6.628393315601805e-06
1044, 1403, 6.590836870546713e-06
589, 1825, 6.577574165376221e-06
465, 543, 6.490465092986821e-06
1380, 1585, 6.474497242410871e-06
1508, 1825, 6.432562510446231e-06
465, 479, 6.350810053118489e-06
2005, 2325, 6.298690430485632e-06
2251, 2334, 6.189045068148172e-06
234, 1585, 6.17980427786625e-06
1413, -1, 6.1385559401688355e-06
450, 526, 5.984289469716425e-06
969, 1607, 5.960184317215035e-06
203, 1585, 5.928183850604882e-06
2224, 2397, 5.867388783165476e-06
1296, 1444, 5.828357476710715e-06
772, 1363, 5.799291568152165e-06
182, 1585, 5.773822855342681e-06
0, 220, 5.7436091248262646e-06
1314, 1403, 5.6865935659067184e-06
1938, 2315, 5.596200623217394e-06
804, 1394, 5.579135927858503e-06
2062, 2397, 5.560070299159143e-06
1542, 1825, 5.4575156746976804e-06
292, 479, 5.451542319396653e-06
612, 884, 5.362864732069543e-06
0, 207, 5.295508694714714e-06
1020, -1, 5.26516280719456e-06
1488, 1607, 5.157346004010944e-06
969, 1363, 5.094036782475424e-06
0, 1137, 5.0720914008387145e-06
589, 1444, 5.015292218760092e-06
465, 1825, 4.984710647026788e-06
1973, 2263, 4.9512718212361355e-06
1113, -1, 4.855615417328519e-06
1938, 2319, 4.7628321847770395e-06
450, 1403, 4.537429037361365e-06
2062, 2263, 4.507699385549433e-06
234, 394, 4.470511552227845e-06
1224, 1363, 4.408875084772491e-06
1296, 1825, 4.391457816221921e-06
1113, 1623, 4.333922003245932e-06
0, 64, 4.274320959751398e-06
377, 1403, 4.175674024429024e-06
646, 1035, 4.152797570682222e-06
1272, 1585, 4.121956880276856e-06
2005, 2377, 4.101430143865249e-06
1443, 1607, 4.044625093143446e-06
646, 888, 4.043682782450149e-06
1973, 2325, 4.037894377183231e-06
203, 394, 4.032113189582623e-06
1900, 2315, 3.989979362194665e-06
1257, 1403, 3.985246844120407e-06
1020, 1623, 3.967746950644377e-06
251, 413, 3.963154990755399e-06
526, 600, 3.957073328530881e-06
0, 313, 3.917931457901828e-06
1560, 1825, 3.846461223647816e-06
470, 1403, 3.838785437180166e-06
465, 1444, 3.7983928969261314e-06
0, 251, 3.7914345807447845e-06
1113, 1363, 3.7651550038488307e-06
1344, 1585, 3.7625341542908885e-06
0, 612, 3.7233132400492064e-06
1092, -1, 3.563516934970029e-06
1089, -1, 3.5569148392070393e-06
465, 661, 3.5560763320900157e-06
1425, 1825, 3.5224020218621973e-06
2554, 2703, 3.449398132780835e-06
1900, 2319, 3.398408479308224e-06
1649, 2334, 3.385592558415083e-06
1634, 1825, 3.349318696159934e-06
182, 394, 3.321946095697778e-06
2554, 2708, 3.2542893210472907e-06
1669, 1837, 3.2506495318821705e-06
0, 56, 3.246630914886707e-06
0, 470, 3.2272590681546227e-06
915, 1444, 3.219436420311301e-06
470, 526, 3.1695338765356577e-06
1772, 2334, 3.129594109965846e-06
1224, 1623, 3.0719036885915128e-06
1700, 1837, 3.052786280830512e-06
758, 1403, 2.979493037148871e-06
1089, 1623, 2.974756627323858e-06
1092, 1623, 2.968690135812846e-06
1224, -1, 2.9503208864449715e-06
1119, 1403, 2.882703797381441e-06
2062, 2325, 2.7150893269455154e-06
589, 1394, 2.6214894097357445e-06
804, 1594, 2.6119251428695766e-06
68, 1585, 2.5876835186928102e-06
1113, 1607, 2.5844115125158384e-06
536, 884, 2.5819563010301537e-06
1973, 2377, 2.5785264414843127e-06
1308, 1403, 2.5757776542813297e-06
292, 444, 2.5747236074700066e-06
292, 1623, 2.552578831207003e-06
0, 1101, 2.5473462061002297e-06
1020, 1363, 2.546314574179285e-06
1053, 1585, 2.5389774252329276e-06
1131, 1585, 2.483922092806068e-06
1874, 2315, 2.445706482439835e-06
1020, 1607, 2.407548852810384e-06
1320, 1403, 2.3949003773742676e-06
1089, 1363, 2.3738301051355713e-06
1092, 1363, 2.3623173580313647e-06
1953, 2334, 2.313528181882145e-06
861, 1403, 2.27243395795714e-06
310, 884, 2.2348303086970243e-06
444, 884, 2.2307611336109516e-06
310, 429, 2.1903535621084187e-06
612, -1, 2.1652183570223753e-06
758, 884, 2.042321156501012e-06
526, 661, 2.018914740718291e-06
589, 661, 2.016957893515691e-06
834, 1403, 2.002786141268335e-06
804, 1137, 2.001758067058504e-06
465, 1394, 1.9855012450024056e-06
1224, 1607, 1.969924617024706e-06
310, -1, 1.8677281553778606e-06
598, 1585, 1.8340069616671186e-06
444, -1, 1.8264265845108313e-06
1089, 1607, 1.8109475242901523e-06
1092, 1607, 1.7919326156874483e-06
1494, 1825, 1.7442387543004095e-06
801, 1403, 1.740241494023119e-06
750, 1585, 1.7210304646776737e-06
708, 1444, 1.7048117741686355e-06
2224, 2377, 1.6931409302698016e-06
2062, 2377, 1.6759171828703625e-06
819, 1403, 1.6342899974192243e-06
292, 865, 1.6271368451057597e-06
543, 1585, 1.6115469750870299e-06
1938, 2334, 1.6018052862507213e-06
1874, 2319, 1.5745076666631819e-06
1056, 1403, 1.563230740541933e-06
2224, 2325, 1.5320536971705952e-06
234, 526, 1.5062212953013622e-06
292, 1607, 1.4761216347721896e-06
536, -1, 1.469038478574547e-06
1029, 1403, 1.4683717090170586e-06
526, 1444, 1.4216265048045306e-06
114, 413, 1.412441030670739e-06
377, 394, 1.394859619962805e-06
1837, 2315, 1.3780747059050253e-06
203, 526, 1.3636680767255824e-06
292, 1363, 1.3202909027029206e-06
450, 884, 1.2797519237642749e-06
377, 884, 1.2708324980824512e-06
2202, 2263, 1.2693782461994457e-06
310, 479, 1.2643844144925756e-06
182, 526, 1.2409826448573413e-06
589, 600, 1.238128119858673e-06
828, 1585, 1.2086559323316451e-06
589, 1594, 1.167154794969056e-06
1479, 1594, 1.1485764682691573e-06
1700, 2315, 1.1392785089937945e-06
1669, 2315, 1.1202381690229876e-06
2202, 2703, 1.0984591787011045e-06
1167, 1444, 1.0969691746297745e-06
470, 884, 1.0895382997991938e-06
646, 898, 1.0782890933137493e-06
134, 413, 1.0779148593955207e-06
450, -1, 1.077505978483864e-06
1368, 1403, 1.0671965527664815e-06
2202, 2708, 1.0223421868095764e-06
1137, 1403, 1.0088087308980056e-06
2029, 2315, 1.0083569734934704e-06
465, 481, 9.970597855274918e-07
68, 394, 9.261070655907674e-07
612, 865, 8.628203053093452e-07
589, 1137, 8.180912057564865e-07
292, 481, 7.771456480864971e-07
927, 1444, 7.535698179854951e-07
2005, 2703, 7.254182176012238e-07
708, 1394, 7.145728697893388e-07
526, 1394, 7.036597828599166e-07
646, 1012, 6.913251543449701e-07
801, 884, 6.897216964806307e-07
2005, 2708, 6.748102259380705e-07
589, 837, 6.600674437544055e-07
876, 1403, 6.325852545729054e-07
1362, 1403, 6.303864103658099e-07
465, 1137, 6.196312820281483e-07
772, 1444, 6.193399587056477e-07
465, 663, 6.099125449357053e-07
526, 543, 5.853362318278413e-07
75, 413, 5.252306506701806e-07
310, 444, 5.207228595430535e-07
708, 1825, 5.159135896305085e-07
612, 1363, 5.128725700093986e-07
1272, 1403, 5.108147246784732e-07
1260, 1363, 5.105995106671898e-07
526, 1825, 5.093591529995853e-07
804, 881, 5.081664366876405e-07
1900, 2334, 5.041615061738322e-07
292, 543, 5.016559565064114e-07
1973, 2703, 4.951530599341522e-07
68, 526, 4.845542021418925e-07
292, 600, 4.79968402802189e-07
377, 479, 4.777799575041598e-07
915, 1394, 4.745158594050188e-07
1209, 1363, 4.7162238019800786e-07
915, 1137, 4.6106954081059683e-07
240, 394, 4.448741812865963e-07
969, 1444, 4.405936283746267e-07
1350, 1403, 4.3885204950446737e-07
1973, 2708, 4.187776714860906e-07
1296, 1394, 4.185648175931979e-07
217, 394, 4.1717266924493563e-07
297, 394, 4.069203513103949e-07
234, 1403, 4.058265537413819e-07
708, 837, 4.0384441655105976e-07
203, 1403, 3.9566904054866375e-07
536, 865, 3.9476761324148555e-07
377, 429, 3.758627302130061e-07
182, 1403, 3.722600254635705e-07
589, 663, 3.6531618204820355e-07
526, 663, 3.5495967179159657e-07
465, 837, 3.5219891382583147e-07
1302, 1363, 3.4528247913145456e-07
2614, 2708, 3.3840122484091483e-07
444, 865, 3.374921589953747e-07
2614, 2703, 3.3554455246732326e-07
1224, 1444, 3.3452063177585467e-07
804, 1101, 3.3178709729765525e-07
310, 865, 3.300823466275414e-07
234, 429, 3.2446057215047444e-07
1173, 1363, 3.235052466907712e-07
1425, 1444, 3.228526074077694e-07
646, 1182, 3.1549950705205467e-07
292, 299, 3.14178857509962e-07
297, 526, 3.1045536338838033e-07
444, 1363, 3.010769659796118e-07
804, 837, 2.972127562811421e-07
646, 985, 2.914566827261713e-07
589, 881, 2.848034764633199e-07
1116, 1363, 2.715190873470918e-07
0, 881, 2.529056784157271e-07
347, 413, 2.5281145765356865e-07
203, 429, 2.5108438791501123e-07
758, 865, 2.4688999125808377e-07
2062, 2703, 2.4167900287316287e-07
772, 1394, 2.3129297096203652e-07
444, 600, 2.3021132118209125e-07
2062, 2708, 2.2454571291079226e-07
526, 837, 2.2361981116591855e-07
1356, 1403, 2.2117964163567874e-07
819, 884, 2.1337586244554208e-07
526, 1137, 2.0806137094951773e-07
1167, 1394, 2.0570372561121229e-07
182, 429, 2.0376057929028343e-07
68, 241, 2.0286443776281736e-07
450, 865, 1.981948130687751e-07
708, 1137, 1.9676443707830843e-07
1113, 1444, 1.938835446015581e-07
444, 479, 1.9213515142105577e-07
81, 413, 1.902452250507174e-07
2502, 2703, 1.8832235814265767e-07
1131, 1403, 1.879265280473554e-07
377, 865, 1.873939540095435e-07
310, 481, 1.8149866864898673e-07
470, 865, 1.7573234868040123e-07
251, 394, 1.7273518315572774e-07
2502, 2708, 1.6924839971268587e-07
68, 1403, 1.6904168064305867e-07
2224, 2703, 1.632059423170128e-07
834, 884, 1.6077031891810493e-07
708, 881, 1.5858800979213925e-07
240, 526, 1.5385968470488191e-07
1053, 1403, 1.464660789543336e-07
182, 299, 1.443313707375327e-07
292, 1444, 1.4121696553713077e-07
217, 526, 1.3717087134775077e-07
1020, 1444, 1.3644359597119568e-07
450, 600, 1.315676965331238e-07
804, 1035, 1.2861154242539773e-07
234, 884, 1.277609983631123e-07
804, 1384, 1.2651079901402202e-07
589, 1101, 1.2581474692319825e-07
310, 543, 1.2503220930617313e-07
1302, 1623, 1.240860545811956e-07
203, 884, 1.239292749558865e-07
444, 543, 1.235894189493782e-07
182, 241, 1.2358630088636932e-07
1092, 1444, 1.2163362032095668e-07
1344, 1403, 1.2127737761759332e-07
1089, 1444, 1.2081362827921397e-07
1413, 1444, 1.2014628903802126e-07
598, 1403, 1.1820008884750309e-07
182, 884, 1.1728295252451005e-07
203, 299, 1.168678051120049e-07
915, 1101, 1.15534216175116e-07
377, 444, 1.1535108035605955e-07
750, 1403, 1.1106235723444348e-07
310, 600, 1.1039824862394496e-07
2224, 2708, 1.0941375001066036e-07
465, 881, 1.0910758640154627e-07
2251, 2703, 1.0639315400587132e-07
377, 543, 1.0518592277336069e-07
543, 1403, 1.0399711656511756e-07
234, 479, 1.0385846669972054e-07
470, 600, 9.965559557853806e-08
2251, 2708, 9.94777773314941e-08
772, 1137, 9.806555685242942e-08
128, 413, 9.78853009210861e-08
292, 661, 9.650921934731214e-08
1302, 1444, 9.544354617350402e-08
465, 1101, 9.52926788654787e-08
335, 413, 9.175087528292606e-08
377, 600, 9.164275953176605e-08
1005, 1585, 9.141511531608163e-08
612, 1623, 9.119774048299763e-08
450, 479, 9.000451468599028e-08
828, 1403, 8.90207961339401e-08
750, 884, 8.734046161374033e-08
203, 479, 8.623223154368809e-08
1326, 1403, 8.300423966215523e-08
182, 479, 7.67038380436709e-08
1572, 1585, 7.42216940935853e-08
536, 600, 7.151335299297754e-08
1649, 2703, 7.126760750434371e-08
861, 884, 7.102371497763027e-08
526, 881, 7.0991198703896e-08
203, 241, 7.074530042115187e-08
377, 481, 7.063554192208937e-08
297, 1585, 7.025096048848436e-08
801, 865, 6.987828455375078e-08
68, 429, 6.91522666888843e-08
114, 394, 6.81799645494444e-08
234, 299, 6.661477863894426e-08
412, 526, 6.644741188535811e-08
1649, 2708, 6.629570247229288e-08
772, 837, 6.589855765610879e-08
1772, 2703, 6.583395175255763e-08
450, 543, 6.548725664331122e-08
1125, 1403, 6.487118101494324e-08
1260, 1444, 6.479269192197798e-08
251, 526, 6.433327048299104e-08
1224, 1394, 6.224226001167129e-08
234, 444, 6.151797116048435e-08
1772, 2708, 6.124111964466974e-08
68, 299, 6.086491448405813e-08
589, 1384, 5.9444101043754925e-08
804, 888, 5.7386265874353304e-08
612, 1607, 5.5972997169320136e-08
708, 1101, 5.507296521601681e-08
68, 884, 5.430537447470246e-08
927, 1394, 5.373055379025228e-08
526, 1101, 5.36453931791116e-08
646, 702, 5.3534972867491665e-08
134, 394, 5.335174128526678e-08
292, 1394, 5.264483097432881e-08
0, 606, 5.25276462032781e-08
598, 884, 5.1585821690271946e-08
1518, 1623, 5.138201668696997e-08
1302, 1607, 5.127772353614927e-08
297, 1403, 4.918198256797766e-08
772, 881, 4.910042587601217e-08
1260, 1623, 4.780182341966014e-08
297, 429, 4.7625981431329125e-08
203, 444, 4.7041740026084765e-08
1953, 2703, 4.669995953209529e-08
1005, 1403, 4.634998230435196e-08
536, 1363, 4.5971984663416544e-08
927, 1137, 4.508933158072806e-08
465, 1384, 4.502262576079683e-08
310, 1363, 4.465158690980382e-08
1584, 1623, 4.3644531009496534e-08
536, 661, 4.2288728990671916e-08
543, 884, 4.130669919352049e-08
444, 661, 4.0868180841968164e-08
234, 865, 4.0177556745585924e-08
182, 444, 3.928602526905824e-08
203, 865, 3.89769244884768e-08
819, 865, 3.8522538945837804e-08
470, 543, 3.824464058520171e-08
1113, 1394, 3.821733241261973e-08
969, 1137, 3.728140858485297e-08
182, 865, 3.6882480105164e-08
465, 612, 3.466136282214698e-08
969, 1394, 3.4521493790834446e-08
1332, 1403, 3.369579209347637e-08
240, 429, 3.366525565533493e-08
1938, 2703, 3.344106177413814e-08
114, 526, 3.312247261124847e-08
470, 479, 3.304283561041322e-08
589, 1035, 3.263881244867728e-08
1380, 1403, 3.198066538114792e-08
240, 1585, 2.983189716958244e-08
444, 481, 2.9593982038981916e-08
68, 479, 2.8296667652306804e-08
240, 1403, 2.773746036669966e-08
589, 888, 2.7657326552487244e-08
915, 1035, 2.758617825167346e-08
217, 429, 2.7395258060515353e-08
834, 865, 2.7122151218762685e-08
217, 1585, 2.7116187042617857e-08
772, 1101, 2.7104351746688748e-08
465, 1035, 2.6852649082309546e-08
134, 526, 2.5135080467348098e-08
75, 394, 2.4915591759787374e-08
450, 661, 2.4825123041211794e-08
444, 1623, 2.4507172565214558e-08
804, 1012, 2.4243948357403142e-08
470, 661, 2.3867661763798673e-08
750, 865, 2.3843488533825042e-08
297, 479, 2.3838592291493116e-08
536, 1623, 2.3470159340217737e-08
1260, 1607, 2.3443347173460954e-08
708, 888, 2.3137352545527858e-08
310, 1623, 2.2818755011779117e-08
310, 661, 2.2049527738727073e-08
347, 526, 2.1853762474198596e-08
876, 884, 2.169602588458478e-08
234, 241, 2.108380795922431e-08
292, 1137, 2.0680662515329167e-08
828, 884, 1.996509733686717e-08
804, 898, 1.930399765286534e-08
612, 661, 1.872552874583066e-08
292, 837, 1.852288017933764e-08
297, 884, 1.835763704317163e-08
1020, 1137, 1.8150130228798987e-08
708, 1035, 1.7847791919928042e-08
598, 865, 1.7097212522603022e-08
68, 865, 1.668627115690826e-08
292, 663, 1.668185166161797e-08
465, 1594, 1.65887764795003e-08
394, 413, 1.619491355212924e-08
465, 888, 1.5980196578154697e-08
526, 1035, 1.5116710736503455e-08
234, 481, 1.4752682216450713e-08
377, 661, 1.4636698539870716e-08
251, 429, 1.4185727351500486e-08
68, 444, 1.4035561394332529e-08
927, 1101, 1.4027144365927599e-08
450, 481, 1.3933150492299921e-08
543, 865, 1.3210887905371338e-08
612, 837, 1.2900312734248977e-08
75, 526, 1.2768824248556154e-08
203, 481, 1.232444481714413e-08
234, 600, 1.2280678689462122e-08
234, 543, 1.1687463060354325e-08
114, 241, 1.1578711768731418e-08
804, 985, 1.1291181814513086e-08
203, 600, 1.105264972192951e-08
182, 481, 1.0985062615251343e-08
240, 884, 1.0923569339057726e-08
240, 479, 1.0875828231089933e-08
297, 444, 1.0849633772255191e-08
203, 543, 1.067706731296926e-08
526, 888, 1.0400421702820725e-08
526, 612, 1.0257713377578214e-08
217, 884, 1.0079370683322389e-08
182, 600, 9.932823683644664e-09
182, 543, 9.700509130664228e-09
708, 1594, 9.474732672571938e-09
526, 1594, 9.334186889770768e-09
861, 865, 9.242383844658743e-09
772, 1035, 9.167733965390078e-09
81, 394, 9.034534760818647e-09
217, 299, 9.031868499815174e-09
217, 479, 8.934920980414553e-09
915, 1594, 8.621317052334305e-09
1425, 1594, 8.615693128263932e-09
536, 543, 8.428402751039967e-09
969, 1101, 8.427238853647093e-09
1089, 1394, 8.368989083299599e-09
0, 702, 8.118823317951377e-09
772, 888, 7.899724295446018e-09
589, 898, 7.687868678820585e-09
536, 663, 7.467497540683259e-09
347, 394, 7.010523097786252e-09
444, 663, 6.985160391860915e-09
134, 241, 6.785696843735268e-09
240, 444, 6.453301772178971e-09
708, 898, 6.307599610670822e-09
804, 1182, 6.1426134590337156e-09
335, 526, 5.840389379863451e-09
240, 299, 5.776018239806927e-09
394, 526, 5.697834816064729e-09
297, 865, 5.582588107953276e-09
114, 299, 5.504159448202094e-09
1296, 1594, 5.432343455848373e-09
75, 241, 5.4294868721005014e-09
589, 1012, 5.258190817116442e-09
470, 481, 5.2147172641387806e-09
612, 1137, 5.199924117323103e-09
217, 444, 5.110050902389834e-09
68, 169, 5.088015042814774e-09
114, 429, 4.9803461615094854e-09
68, 600, 4.948512206786905e-09
128, 394, 4.809400234010149e-09
251, 479, 4.768186019157478e-09
536, 837, 4.75321475597743e-09
81, 526, 4.526977132663643e-09
0, 1035, 4.524212465374877e-09
465, 898, 4.4760809178876815e-09
292, 881, 4.442165216096591e-09
589, 612, 4.247589138162862e-09
450, 663, 4.245280821212124e-09
465, 1012, 4.233989410177739e-09
217, 241, 4.1749836013898346e-09
134, 299, 4.156692778288491e-09
444, 837, 4.10590814555817e-09
470, 663, 4.09949893537975e-09
68, 481, 4.053011357189787e-09
68, 543, 4.039596298459585e-09
310, 663, 3.813520347673758e-09
134, 429, 3.7590081621839635e-09
310, 837, 3.75114533003008e-09
240, 865, 3.7425197864343e-09
217, 865, 3.5333676031038437e-09
612, 663, 3.44260186571235e-09
828, 865, 3.4252012844688706e-09
297, 481, 3.404295513769458e-09
915, 1012, 3.2824073119357096e-09
444, 1137, 3.1809412526633606e-09
708, 1012, 2.9498111895502324e-09
526, 898, 2.894039596717185e-09
68, 188, 2.855163169102233e-09
251, 444, 2.7901597123897748e-09
589, 1182, 2.7506720654150048e-09
335, 394, 2.7433023079981456e-09
251, 884, 2.707207494942289e-09
927, 1035, 2.6394182940053256e-09
2480, 2507, 2.6327985153198273e-09
804, 1589, 2.5785071036671596e-09
377, 663, 2.5369760744007867e-09
772, 898, 2.470987943816684e-09
450, 837, 2.4120831250072055e-09
234, 661, 2.4015023101870303e-09
612, 881, 2.344781657196041e-09
526, 1012, 2.3372859409006744e-09
203, 661, 2.3174896498258544e-09
182, 661, 2.28209580543566e-09
128, 526, 2.276412148890852e-09
589, 985, 2.2417316702335996e-09
543, 600, 2.2316749709415867e-09
297, 543, 2.2167221122666542e-09
470, 837, 2.132372929429038e-09
114, 479, 2.0881889273116134e-09
465, 1182, 2.083389292464106e-09
297, 600, 2.0784361096494276e-09
377, 837, 2.0124969905764153e-09
837, 884, 1.982364220677063e-09
81, 241, 1.9423951780872713e-09
114, 884, 1.8772354625082602e-09
75, 429, 1.8572873484953705e-09
646, 1188, 1.8463316468279196e-09
412, 884, 1.827716694703076e-09
758, 837, 1.7952488162156467e-09
182, 289, 1.7737780276459477e-09
251, 299, 1.7242764534678404e-09
412, 479, 1.708044176541323e-09
75, 299, 1.7066382677970854e-09
465, 985, 1.6926663917225825e-09
772, 1012, 1.657408835816642e-09
134, 479, 1.5643438440819346e-09
240, 481, 1.5425288040273657e-09
915, 1182, 1.4817919351628745e-09
543, 661, 1.4048731929463905e-09
203, 289, 1.3685168881505316e-09
68, 150, 1.335222674072836e-09
589, 702, 1.3214930422607548e-09
347, 429, 1.2866987084359429e-09
217, 481, 1.2733573540596974e-09
708, 985, 1.2711354153082914e-09
240, 600, 1.2490291602002058e-09
589, 1589, 1.2116726528861711e-09
240, 543, 1.1895804319866812e-09
646, 2334, 1.1766584822286336e-09
526, 1182, 1.172857358141608e-09
708, 1182, 1.1396208841521007e-09
1479, 1589, 1.1266168947459955e-09
217, 600, 1.1196174851879104e-09
347, 479, 1.119435677987987e-09
217, 543, 1.0711162668727794e-09
68, 661, 1.0708183245417609e-09
297, 299, 1.0525855512844889e-09
114, 444, 1.014516131870931e-09
292, 612, 9.644130684143924e-10
465, 606, 9.286954649525384e-10
68, 289, 9.073992789970093e-10
465, 702, 8.897746968061343e-10
526, 985, 8.866519779316629e-10
772, 985, 8.158932645855506e-10
915, 985, 8.010829307750064e-10
412, 600, 7.846684383671744e-10
75, 479, 7.627911711068846e-10
134, 444, 7.611681732958305e-10
536, 1137, 7.516759144143881e-10
412, 429, 7.485675243755343e-10
526, 702, 7.410990278942225e-10
310, 1137, 7.285207534815607e-10
234, 289, 7.137072613195075e-10
1089, 1137, 7.061723059442632e-10
128, 241, 6.75353047917444e-10
251, 481, 6.753529181417095e-10
81, 429, 6.73068309028227e-10
81, 299, 6.406478724418501e-10
134, 884, 6.293154840082945e-10
412, 543, 6.276254631874649e-10
598, 661, 6.228142998904204e-10
292, 1035, 5.954520673314896e-10
292, 470, 5.933796143032403e-10
536, 881, 5.468091612944167e-10
251, 600, 5.149779327605939e-10
68, 234, 5.013570022997241e-10
68, 134, 5.002033348128613e-10
251, 543, 4.93098458489489e-10
444, 612, 4.767288771594374e-10
335, 429, 4.438445921382629e-10
465, 470, 4.401381338661034e-10
234, 663, 4.1490974072657125e-10
203, 663, 4.0275963052879684e-10
297, 661, 3.987751751873776e-10
182, 663, 3.9714010927834567e-10
128, 299, 3.832170928395916e-10
75, 444, 3.783520391240689e-10
347, 444, 3.472568227053948e-10
128, 429, 3.425926902786412e-10
335, 479, 3.374286636712328e-10
182, 188, 3.194296328706546e-10
530, 884, 3.176339370480302e-10
310, 881, 3.167219509400489e-10
444, 881, 3.165285966287706e-10
114, 481, 2.9906758555572e-10
668, 884, 2.895218960025174e-10
412, 444, 2.821941729930295e-10
758, 881, 2.8174436109458214e-10
81, 479, 2.774637566138485e-10
450, 612, 2.7686683727477363e-10
543, 663, 2.5910939554407964e-10
114, 543, 2.5869621791445523e-10
412, 481, 2.575565545852907e-10
292, 297, 2.5675981566107474e-10
526, 606, 2.529221284595202e-10
182, 234, 2.5130830240220566e-10
292, 888, 2.4502587262592346e-10
292, 898, 2.358132765701794e-10
240, 661, 2.3374478177760633e-10
134, 481, 2.2460258703269817e-10
470, 612, 2.2128768239782258e-10
310, 612, 2.2059103088006123e-10
217, 661, 2.1513848922522346e-10
75, 884, 2.0801540077875676e-10
134, 543, 1.9443203267166994e-10
68, 663, 1.9361259377577096e-10
536, 612, 1.9188725311274312e-10
394, 479, 1.7920284582564332e-10
450, 881, 1.782915070789594e-10
377, 881, 1.7645683907956926e-10
377, 612, 1.7195506211280634e-10
347, 481, 1.6358106159727766e-10
927, 1012, 1.6163795998564915e-10
182, 274, 1.6096755496565622e-10
470, 881, 1.5405393696996163e-10
128, 479, 1.4338426570134943e-10
81, 444, 1.3728556008023923e-10
203, 234, 1.3613412022437013e-10
114, 169, 1.341572642572175e-10
310, 470, 1.3314305077385575e-10
182, 297, 1.2718714824485744e-10
75, 169, 1.218332648260652e-10
598, 663, 1.1811789998489323e-10
335, 444, 1.1473322579483927e-10
203, 274, 1.1465261621520174e-10
68, 274, 1.1435334594977837e-10
75, 481, 1.0938181511545237e-10
394, 429, 1.0857009301757981e-10
612, 888, 1.0564881135430733e-10
203, 297, 1.020194340468906e-10
217, 289, 1.0191522753460686e-10
347, 884, 9.58028687991755e-11
114, 188, 9.450230046833747e-11
589, 606, 9.140391421911039e-11
801, 881, 9.010374355871931e-11
114, 289, 7.840750579587403e-11
292, 1012, 7.147058709161353e-11
75, 188, 7.042236311598203e-11
240, 289, 6.064543221780562e-11
234, 297, 5.71627964891125e-11
134, 289, 5.677658146549266e-11
68, 297, 5.56402857030592e-11
134, 169, 5.2596393197478375e-11
536, 888, 5.17781725798061e-11
234, 274, 5.150957315837477e-11
412, 661, 5.058706656313134e-11
310, 888, 4.519676053494468e-11
444, 888, 4.504751916855687e-11
251, 661, 4.424113092407664e-11
377, 470, 4.4029145422557176e-11
758, 888, 4.258022487092034e-11
134, 188, 4.2242909276971037e-11
81, 169, 3.958230098099277e-11
804, 1188, 3.5428051611549736e-11
530, 661, 3.4317922504046616e-11
75, 150, 3.090403548400824e-11
292, 702, 2.958507865473309e-11
0, 898, 2.8686749488322812e-11
114, 661, 2.8503230872750634e-11
114, 150, 2.693219219451164e-11
292, 606, 2.6867060234665504e-11
114, 234, 2.6649915093955238e-11
75, 289, 2.5442634070221543e-11
0, 888, 2.5009055570061688e-11
234, 612, 2.4614726393159957e-11
81, 188, 2.3490374785270354e-11
297, 663, 2.3462046169367877e-11
203, 612, 2.2081335638788766e-11
134, 661, 2.0557655750662763e-11
292, 313, 2.003394959045728e-11
182, 612, 2.0023855953918875e-11
251, 289, 1.7395191772787906e-11
589, 1188, 1.6097181678269044e-11
134, 234, 1.5149530204920536e-11
292, 985, 1.4770177720168683e-11
444, 470, 1.4585808298401065e-11
75, 234, 1.3276322579089209e-11
444, 606, 1.3138897982385912e-11
465, 1188, 1.2192182546593413e-11
234, 470, 1.164343290717985e-11
75, 661, 1.1471950354520615e-11
75, 134, 1.1195446514712907e-11
240, 663, 1.1034719580204676e-11
927, 985, 1.0948630657228548e-11
217, 663, 1.019770406719763e-11
68, 612, 1.0193776400231037e-11
81, 150, 9.734992674571888e-12
81, 289, 9.535581379076619e-12
203, 470, 9.397350669088802e-12
134, 150, 9.029579369353911e-12
114, 274, 8.911627939821232e-12
182, 470, 8.264625426647315e-12
217, 274, 8.022299301525225e-12
217, 297, 7.828227947641679e-12
114, 134, 7.747045078822168e-12
217, 234, 7.691143053325748e-12
450, 606, 7.57002427428892e-12
450, 470, 6.670589724127342e-12
310, 606, 6.160793286515506e-12
134, 274, 6.036536789285193e-12
128, 169, 5.950164539311938e-12
470, 606, 5.889515512670293e-12
182, 313, 5.624917173498278e-12
536, 702, 5.52547535757313e-12
128, 289, 5.307403168485339e-12
612, 702, 5.1655420799683305e-12
114, 297, 4.994614921401719e-12
377, 606, 4.95574251993231e-12
240, 297, 4.9371412508582916e-12
203, 313, 4.8563701923903745e-12
81, 234, 4.7052876099677205e-12
536, 606, 4.6526099249060656e-12
128, 188, 4.583198039469943e-12
240, 274, 4.231027236766249e-12
134, 297, 3.741335341783154e-12
81, 134, 3.4208722189214704e-12
75, 274, 3.182900562220251e-12
234, 313, 3.0959227258582843e-12
68, 186, 2.063469295033429e-12
310, 313, 1.958099834550907e-12
68, 313, 1.8928140115601203e-12
68, 81, 1.3223216926956698e-12
68, 220, 1.2421475755289844e-12
543, 612, 1.0824274485144725e-12
0, 1012, 9.776985645054963e-13
68, 75, 7.629368608810963e-13
297, 612, 6.224816421014665e-13
68, 251, 5.785167677828937e-13
182, 251, 4.607988654266666e-13
128, 234, 4.380326735402083e-13
182, 220, 4.129314250867791e-13
68, 207, 4.0214130105550153e-13
240, 612, 3.7409056649860375e-13
217, 612, 3.338603754584746e-13
234, 606, 2.998777035340378e-13
203, 251, 2.837729845413853e-13
203, 606, 2.6933648761263523e-13
182, 606, 2.428971237686644e-13
217, 313, 2.3569492956076173e-13
182, 186, 2.1358175351761028e-13
203, 220, 1.9796671198878288e-13
240, 313, 1.6502360239742793e-13
114, 313, 1.0530496963626126e-13
234, 251, 9.714643609007303e-14
182, 207, 8.854389541512667e-14
134, 313, 8.372294590231431e-14
347, 543, 7.193576807802517e-14
114, 186, 6.678713617340377e-14
114, 220, 5.730101444706554e-14
75, 297, 5.362813829529606e-14
251, 313, 5.180817625160629e-14
75, 186, 5.0742053169413726e-14
251, 297, 5.0257504826601305e-14
75, 543, 4.6581906649116934e-14
297, 313, 4.173298852540627e-14
203, 207, 3.726473704204164e-14
114, 251, 3.6515887688799056e-14
75, 220, 3.2177335542426415e-14
75, 313, 3.1615526227722844e-14
134, 220, 3.055805325762849e-14
134, 186, 2.9474340810718866e-14
75, 81, 2.5369860992043173e-14
128, 444, 2.4936851052668602e-14
134, 251, 2.234352523665351e-14
128, 150, 2.2277424823292182e-14
394, 543, 2.102356623672036e-14
81, 297, 2.014056767298204e-14
335, 481, 1.817711981295566e-14
217, 251, 1.773196762120404e-14
335, 543, 1.7675133286303673e-14
81, 186, 1.6881215889869573e-14
114, 207, 1.6267501241978168e-14
75, 251, 1.570548437286237e-14
81, 543, 1.563536556279228e-14
81, 481, 1.474341439055629e-14
394, 444, 1.3078258396276912e-14
81, 274, 1.2930705908502416e-14
251, 274, 1.2412209186328566e-14
128, 297, 1.1891078473219624e-14
81, 313, 1.184613108505266e-14
81, 220, 1.1190458356303034e-14
75, 207, 1.0207994510546713e-14
217, 220, 1.014597268894332e-14
394, 481, 9.913440645425463e-15
530, 543, 8.22260213662912e-15
134, 207, 8.124239641166001e-15
128, 481, 7.628685296965746e-15
128, 313, 7.59361080362839e-15
240, 251, 7.493902993474526e-15
128, 543, 7.421743766783986e-15
128, 134, 6.376326974519006e-15
128, 274, 6.3000563429737476e-15
81, 251, 5.691392357670031e-15
81, 207, 3.489716118085199e-15
128, 186, 3.2109204467374697e-15
128, 220, 3.133911380503587e-15
128, 251, 2.196540373677039e-15
128, 207, 8.508071935966429e-16
105, 413, 1.2589218664957021e-16
105, 394, 3.859329959982696e-18
105, 241, 1.1368665481773196e-18
105, 299, 9.509348270562566e-20
105, 234, 7.819335713058653e-20
105, 188, 4.621253455858116e-20
105, 169, 4.500255982785634e-20
105, 289, 1.2027552768609333e-20
105, 150, 7.032809813585083e-21
105, 134, 2.380322482726149e-21
105, 297, 1.5513123754014967e-21
105, 313, 9.293375241466598e-22
105, 274, 9.181143718882901e-22
105, 186, 7.54616662314154e-22
105, 220, 5.985061929984205e-22
105, 251, 3.5729033914926805e-22
105, 207, 1.7325428840178197e-22
