Gene = Mcm10
index = 1272
Annotated 5SS: [1260]
Annotated 3SS: [1319]
SMsplice 5SS: [1260]
SMsplice 3SS: [1319]
length: 2880
Partition function (logZ) = -8.88169073161806
#Exons = 1263
3SS, 5SS, prob
1319, -1, 0.7440763303451987
0, 1260, 0.6323309683930413
0, 374, 0.1687362501808444
1508, -1, 0.14566497960889463
926, 1260, 0.1183011460707977
953, 1260, 0.0881058163138968
0, 896, 0.055603288654121195
1171, 1260, 0.04685623228738067
0, 479, 0.043988868706307985
1319, 1413, 0.043350380851185394
1361, -1, 0.030880905418759142
1811, -1, 0.026855389146530722
1174, 1260, 0.020170646795975487
0, 572, 0.019501311258393373
0, 509, 0.015116353314747859
1041, 1260, 0.013538837007927117
602, 1260, 0.012876088149373093
0, 833, 0.01159638405584524
2269, -1, 0.009132355709186236
0, 1264, 0.008895792632458916
0, 467, 0.008250182450338641
0, 852, 0.006814582717650401
0, 1253, 0.006790059472431254
755, 1260, 0.006769819040482744
1481, -1, 0.005861669341046899
1758, -1, 0.004623332012077831
2860, -1, 0.0040135666937056134
0, 512, 0.0038705371121186497
439, 1260, 0.0038594230845266026
1319, 1694, 0.0037537235412465294
2320, -1, 0.003727484859632559
926, -1, 0.0036502165772326085
1319, 2177, 0.0029085011234931293
0, 1127, 0.0028807495431608767
631, 1260, 0.002620021259157708
0, 960, 0.0024899973030148015
953, -1, 0.002462977220730093
1508, 1694, 0.0021145212787291516
2606, -1, 0.0019169757542832132
1319, 1384, 0.0018857139845606078
2659, -1, 0.0017407805526460235
926, 1264, 0.0016367495561648254
0, 397, 0.001585817844458279
1319, 1401, 0.001567862445679538
1319, 2325, 0.0014789121466156725
0, 177, 0.0014730526846608119
668, 1260, 0.0014649306716482608
2581, -1, 0.0014021155377636828
0, 211, 0.0013748158584120434
1721, -1, 0.0013656789596893698
0, 1117, 0.0013433726290863397
718, 1260, 0.0013040464118985
602, 896, 0.001303827634454624
0, 499, 0.0012782684666291782
926, 1253, 0.0012763324458484745
755, 896, 0.0012669886466834081
0, 800, 0.0012510778965552768
1319, 1698, 0.0012169156276830866
953, 1264, 0.0012147088352505958
1319, 1656, 0.0012146292424668726
1076, 1260, 0.0011590651732641519
0, 868, 0.0010305253450274198
705, 1260, 0.0010154837997363227
2394, -1, 0.0009986360905141535
926, 1127, 0.000959762106037451
953, 1253, 0.0009507592022345155
698, 1260, 0.0009480706879641021
1471, -1, 0.0009029128352356232
1319, 2471, 0.0008631985381082135
1171, -1, 0.0008333589487723172
1361, 1413, 0.0007837642735567631
953, 1127, 0.0007599816201512921
602, -1, 0.0007334375399854882
1508, 2177, 0.0007311910431914521
2578, -1, 0.000706285753406148
1171, 1264, 0.000695160784856451
1319, 2520, 0.0006925793643495024
1508, 1698, 0.0006802847877617715
1319, 2485, 0.0006560392692221658
1508, 1656, 0.0006441947765536986
0, 406, 0.0006408671060577882
2820, -1, 0.0006118714031032808
1301, -1, 0.0005690008505347989
1319, 2240, 0.0005587318987990797
2033, -1, 0.0005301657637652702
2559, -1, 0.0005233018875799337
1330, -1, 0.0005194659208278925
0, 644, 0.0004998221578935471
0, 1413, 0.0004821944588151342
926, 1117, 0.0004732668071224935
1171, 1253, 0.0004394626084051665
2113, -1, 0.00043894683086884335
2734, -1, 0.0004163522243087076
1319, 2185, 0.0004100791176640958
2380, -1, 0.000388526265235776
1174, -1, 0.000365033211156709
1371, -1, 0.0003623175962542112
602, 833, 0.000359949760930771
953, 1117, 0.0003571766803148545
1508, 2325, 0.00035171878116389355
0, 1230, 0.0003397820849653934
1822, -1, 0.00032807046627545143
755, -1, 0.0003021485309863517
1174, 1264, 0.00029929993220758103
631, 896, 0.0002922299984648294
439, 896, 0.0002906585996965405
1223, 1260, 0.0002878340317656596
2876, -1, 0.00028546380949918764
427, 1260, 0.0002842566112392431
439, -1, 0.0002830694360842295
997, 1260, 0.0002748112096506691
2817, -1, 0.0002677196370096655
0, 71, 0.00025510613786589384
718, 896, 0.0002541815524834451
999, 1260, 0.00025413559774793633
1377, -1, 0.00024920909317552195
1811, 2177, 0.00022778600068642892
0, 1052, 0.00022404506418145133
0, 1065, 0.0002157612657998174
439, 572, 0.00021429695513697846
1508, 2471, 0.000207717018698796
668, 896, 0.00020767628495848482
1319, 1331, 0.00019707433266292435
1041, -1, 0.00019488644994814216
602, 852, 0.00018958686954357944
705, 896, 0.00018756124629049675
1174, 1253, 0.000187551154878586
1041, 1264, 0.00018265604029834326
1361, 1694, 0.0001808338621151034
602, 1264, 0.00017948799650058863
698, 896, 0.00016812142603444318
2807, -1, 0.00016749177961750258
1847, -1, 0.00016694213009990858
442, 1260, 0.0001666917018890284
1508, 2520, 0.00016414349747244836
1319, 2716, 0.00016283368119424148
0, 763, 0.00016188019259617058
850, 1260, 0.00016116417416437722
928, 1260, 0.00015873364119478744
2417, -1, 0.000156900663672579
1508, 2485, 0.00015625118392874067
1782, -1, 0.00015602861299317085
636, 1260, 0.0001532852954954336
1041, 1253, 0.00015222320260537654
298, 1260, 0.0001468192973186722
631, -1, 0.00013928977781162534
0, 1089, 0.0001373167836522341
602, 1253, 0.00013718049489263624
1508, 2240, 0.0001321592312773745
1396, -1, 0.0001316778596571769
1361, 2177, 0.00012783052648496115
1319, 2743, 0.00012366075504639186
1771, -1, 0.0001226775757671003
926, 960, 0.00012127526004413196
755, 833, 0.00011921962292822506
0, 1130, 0.00011656036277044779
775, 1260, 0.00010847206423603189
1048, 1260, 0.00010429689968909187
1811, 2325, 0.00010123728146596625
755, 852, 9.948970160356146e-05
1627, -1, 9.903363391938398e-05
1319, 1911, 9.890460906447827e-05
1117, 1260, 9.883084333204496e-05
0, 245, 9.74293950204406e-05
1508, 2185, 9.546049744426466e-05
755, 1264, 9.41384151487983e-05
631, 833, 9.102637023738843e-05
125, 1260, 8.647752651607976e-05
439, 479, 8.638562758967021e-05
2218, -1, 8.331879708662628e-05
926, 1413, 8.29668351681388e-05
2239, -1, 8.29455100001412e-05
1319, 1779, 8.204187821778082e-05
2269, 2471, 7.821610400944675e-05
926, 1065, 7.565404463576509e-05
1319, 2667, 7.538922651014843e-05
1959, -1, 7.506548426345606e-05
0, 414, 7.439687570081286e-05
1319, 1808, 7.370468761676852e-05
0, 1166, 7.321214693153865e-05
755, 1253, 7.177403072543367e-05
668, -1, 7.12642746661901e-05
926, 1052, 6.957723981782393e-05
0, 636, 6.953106982025163e-05
1481, 1694, 6.761937840704275e-05
439, 509, 6.671577922950385e-05
926, 1230, 6.638362130400303e-05
1361, 2325, 6.536595600679908e-05
439, 833, 6.389043532504383e-05
1811, 2471, 5.974191909917206e-05
340, 1260, 5.9374409582884133e-05
668, 833, 5.8895192950861646e-05
1361, 1656, 5.845151999860552e-05
1361, 1698, 5.8227153433792076e-05
718, -1, 5.710180998258722e-05
602, 1127, 5.602928713169269e-05
953, 1413, 5.554512190553519e-05
445, 1260, 5.4739999057564086e-05
439, 1264, 5.3795927248946756e-05
0, 270, 5.34978109029548e-05
2269, 2485, 5.242020335285507e-05
270, 1260, 5.223777761684651e-05
926, 1089, 5.1809073220850835e-05
0, 1694, 5.1573403295498074e-05
602, 960, 5.061149420620884e-05
755, 960, 5.054615037849696e-05
1186, 1260, 5.029569322484892e-05
953, 1230, 4.8825712472300925e-05
602, 800, 4.8543716801437405e-05
847, 1260, 4.806930507755584e-05
631, 852, 4.759169772433535e-05
1811, 2520, 4.7111117264108556e-05
1319, 1758, 4.706957359945387e-05
1319, 1407, 4.6405681640414184e-05
1171, 1413, 4.5912521817931716e-05
1811, 2485, 4.492825350584663e-05
1319, 1542, 4.461300853211234e-05
1301, 1413, 4.4068677272097467e-05
2269, 2520, 4.226611641305901e-05
1052, 1260, 4.174729932877981e-05
2320, 2471, 4.1210477219684214e-05
439, 1253, 4.111332032418193e-05
953, 1065, 4.094857959182744e-05
705, -1, 4.032911328936775e-05
718, 833, 4.016399880437508e-05
2269, 2325, 3.980938946556104e-05
1041, 1127, 3.916816122284796e-05
698, -1, 3.891297361183931e-05
1601, -1, 3.826048770424516e-05
1361, 2471, 3.8101240920768686e-05
1508, 2716, 3.799115505639784e-05
439, 852, 3.662308426898846e-05
631, 1264, 3.645898142484919e-05
0, 818, 3.5772829362548536e-05
0, 1384, 3.569630225897084e-05
0, 132, 3.551088078389168e-05
1811, 2240, 3.5387269209766586e-05
705, 833, 3.533395588842619e-05
1319, 1377, 3.5126395195149e-05
953, 1052, 3.4897797530347096e-05
698, 833, 3.469561724930335e-05
668, 852, 3.400286585122204e-05
926, 1130, 3.349514837576401e-05
0, 302, 3.34161433975856e-05
953, 1089, 3.235086597705235e-05
298, 374, 3.141920703349887e-05
755, 1127, 3.1350224646597226e-05
2320, 2485, 3.131529523504402e-05
1361, 2520, 3.061756275302804e-05
0, 2177, 3.03210919001451e-05
1811, 2185, 2.9104419077293902e-05
1758, 2177, 2.9101572945181395e-05
1361, 2485, 2.8981343473623955e-05
2320, 2520, 2.8765601914203945e-05
1508, 2743, 2.8732643067850054e-05
718, 852, 2.855797722188226e-05
631, 1253, 2.787190523292204e-05
953, 960, 2.7376677287371945e-05
125, 374, 2.6930435918910372e-05
1481, 2177, 2.672101584384662e-05
953, 1130, 2.6177000959039587e-05
1508, 1779, 2.612759907698389e-05
602, 1117, 2.6018058511975664e-05
1330, 1413, 2.590149063870186e-05
602, 868, 2.5283880258806776e-05
1361, 2240, 2.4723873387041746e-05
1481, 1656, 2.456092287073716e-05
2176, -1, 2.453336826055973e-05
1361, 1401, 2.404935693672332e-05
705, 852, 2.3811507810430953e-05
1508, 1911, 2.3024167129617127e-05
698, 852, 2.2699274750402887e-05
1361, 1384, 2.2466453421802063e-05
0, 1331, 2.2265696024133034e-05
427, 896, 2.1863337404861284e-05
448, 1260, 2.1684186587789088e-05
1481, 1698, 2.151014044039883e-05
427, -1, 2.125171646738296e-05
1174, 1413, 2.1114802698489706e-05
1319, 1539, 2.072731165407183e-05
263, 1260, 2.043594842936102e-05
668, 1264, 2.03616928959531e-05
0, 1401, 1.994892462322883e-05
1319, 1433, 1.9788800431999166e-05
1508, 1808, 1.9445234851837072e-05
1630, -1, 1.9327416834103712e-05
298, 479, 1.928987900093947e-05
775, 896, 1.831475449431754e-05
926, 1166, 1.824354575345054e-05
1361, 2185, 1.816820962001242e-05
718, 1264, 1.814357921156151e-05
1508, 1758, 1.8037824455474814e-05
1508, 2667, 1.787228045310656e-05
270, 374, 1.7855426165324063e-05
755, 868, 1.7767459124725124e-05
0, 27, 1.770690052892123e-05
636, 896, 1.764281637085472e-05
1682, -1, 1.7486861877253345e-05
427, 572, 1.6905181783192535e-05
439, 1127, 1.6827979464267938e-05
1867, -1, 1.66822947949615e-05
439, 512, 1.5974907532370146e-05
1076, 1264, 1.561837381006219e-05
668, 1253, 1.5539832741360763e-05
2033, 2177, 1.533368872157918e-05
953, 1166, 1.5314108435307187e-05
755, 1117, 1.487908753899683e-05
1041, 1117, 1.4875381692508296e-05
0, 1227, 1.4344070013730138e-05
705, 1264, 1.4083622162531876e-05
1319, 2391, 1.3912263623017033e-05
439, 960, 1.3864592138266076e-05
718, 1253, 1.3838440882358343e-05
1633, -1, 1.3776054859325494e-05
0, 758, 1.3289558030079272e-05
698, 1264, 1.3142397671557494e-05
436, 1260, 1.3138189722675582e-05
1171, 1230, 1.2772464945780285e-05
1076, 1253, 1.2611357057366277e-05
442, 896, 1.2534286281553297e-05
1758, 2325, 1.249475761445903e-05
442, -1, 1.2187888065318557e-05
298, 896, 1.1915459082688643e-05
0, 1224, 1.1890589145324112e-05
1557, -1, 1.1853521241132997e-05
429, 1260, 1.150862884891722e-05
1481, 2325, 1.1306471519266577e-05
631, 1127, 1.1260902771462917e-05
631, 800, 1.0967696422326147e-05
1811, 2716, 1.0910742277854449e-05
631, 960, 1.0796516612399196e-05
705, 1253, 1.076513707815465e-05
298, -1, 1.0735874106662167e-05
602, 1413, 1.0459917406203316e-05
1811, 1911, 1.045183428882509e-05
0, 583, 1.044443433019714e-05
698, 1253, 1.0052764657484342e-05
125, -1, 9.994101044150587e-06
926, 1694, 9.766565579886462e-06
1471, 1694, 9.672926136731997e-06
319, 1260, 9.45411926516579e-06
439, 467, 9.242045327951688e-06
427, 479, 9.140357326210176e-06
442, 572, 9.078376333563677e-06
1041, 1230, 8.724049178245452e-06
721, 1260, 8.415581169322409e-06
1223, -1, 8.085722746286718e-06
926, 2177, 8.08037715100005e-06
1721, 2177, 7.834800864285451e-06
439, 1117, 7.813983221045538e-06
466, 1260, 7.696738036766264e-06
263, 374, 7.659751349222235e-06
340, 479, 7.520145888444981e-06
1076, -1, 7.417013102453405e-06
718, 960, 7.362812040957784e-06
439, 800, 7.28251991547675e-06
1371, 1413, 7.232357691408579e-06
1361, 2716, 7.20652425450475e-06
1758, 2471, 7.203856257433249e-06
125, 896, 7.017881493079011e-06
602, 1230, 6.859266414547816e-06
850, 896, 6.727721573827009e-06
953, 1694, 6.655325190421587e-06
668, 960, 6.598971485273271e-06
1481, 2471, 6.5099382479354815e-06
427, 509, 6.2767649492257965e-06
1319, 2408, 6.151753982670047e-06
1041, 1413, 6.124949158140657e-06
794, 1260, 6.093145157737414e-06
631, 868, 6.065090261718064e-06
2113, 2325, 5.9558844882001645e-06
668, 1127, 5.936984277036464e-06
2269, 2716, 5.933028122182045e-06
926, 1384, 5.919101095454508e-06
636, -1, 5.898787772741297e-06
270, 479, 5.868383611217719e-06
298, 509, 5.570803609018728e-06
636, 833, 5.543544115933673e-06
755, 800, 5.539437060173128e-06
668, 800, 5.530447355435259e-06
718, 1127, 5.515234529649887e-06
953, 2177, 5.5081347160732175e-06
0, 460, 5.465988714200407e-06
755, 1413, 5.4634138329189395e-06
602, 763, 5.3407685368603e-06
125, 479, 5.289449770183431e-06
705, 960, 5.279312820517102e-06
0, 358, 5.2179930967275295e-06
1174, 1230, 5.184240057033874e-06
439, 868, 5.156742588729085e-06
631, 1117, 5.151417359119943e-06
2606, 2716, 5.14300212758015e-06
1811, 2743, 5.020170453560399e-06
298, 572, 4.92814186585021e-06
340, 896, 4.8325149524339264e-06
698, 960, 4.75158431300778e-06
270, -1, 4.606006003212962e-06
427, 833, 4.567717926172476e-06
668, 868, 4.523440125697806e-06
718, 868, 4.48016013928803e-06
2113, 2177, 4.448113136693494e-06
1223, 1264, 4.43228074331739e-06
1758, 2485, 4.398226506772921e-06
1361, 1911, 4.37885999574962e-06
0, 1146, 4.343017105701657e-06
270, 896, 4.253894545834723e-06
926, 2325, 4.205684208860537e-06
1171, 1384, 4.183172706331476e-06
705, 1127, 4.167119411321657e-06
445, 896, 4.119435665778095e-06
340, 374, 4.08869688901215e-06
0, 631, 4.037206063612011e-06
953, 1384, 4.0324097666951e-06
926, 1331, 4.012836953905403e-06
1377, 1413, 4.0013690207264605e-06
445, -1, 3.984606778183385e-06
427, 1264, 3.9553603837174134e-06
602, 1065, 3.909868930281467e-06
2394, 2471, 3.892644779137276e-06
602, 1052, 3.879863554943301e-06
439, 644, 3.868194770076428e-06
698, 1127, 3.7639714806643764e-06
2033, 2325, 3.7631557922591467e-06
1361, 1779, 3.7215712821344575e-06
997, 1264, 3.683076848515017e-06
705, 868, 3.5624884570899326e-06
926, 1401, 3.5536708763484166e-06
1758, 2240, 3.5323682456523324e-06
1481, 2485, 3.490420517310081e-06
755, 1230, 3.4576985635973674e-06
999, 1264, 3.422885506194228e-06
442, 479, 3.3882635009053024e-06
1471, 1656, 3.3482235624801026e-06
1171, 1331, 3.3476303838899014e-06
698, 868, 3.3126817297875684e-06
1508, 2391, 3.298831593376923e-06
2394, 2485, 3.2369773070119902e-06
298, 467, 3.221322846685259e-06
1171, 1694, 3.2189980698279282e-06
1481, 2240, 3.2035576436045e-06
926, 1698, 3.1464182535510374e-06
1721, 2325, 3.093178149116026e-06
439, 1413, 3.0723873507994514e-06
1361, 1808, 3.0715103374192566e-06
209, 1260, 2.966477730260349e-06
997, 1253, 2.960636697395024e-06
427, 1253, 2.9556245173619753e-06
953, 1331, 2.9283765283315636e-06
445, 572, 2.9212348246949988e-06
636, 852, 2.897456404037046e-06
926, 1656, 2.870222008343546e-06
953, 2325, 2.864731660552963e-06
442, 833, 2.785500020901164e-06
340, 509, 2.7673778391639205e-06
999, 1253, 2.757998307622378e-06
755, 1052, 2.742033271941273e-06
668, 1117, 2.7303261642430853e-06
442, 509, 2.7001355336951814e-06
602, 644, 2.668096250450818e-06
1330, 1694, 2.6541979647559135e-06
755, 1065, 2.6408305968459396e-06
427, 852, 2.634126911244397e-06
718, 1117, 2.6270459876732693e-06
698, 800, 2.6203763760805535e-06
602, 1089, 2.6185931628941383e-06
718, 800, 2.616446886664255e-06
1361, 1542, 2.584335427918055e-06
2581, 2716, 2.5796766437813135e-06
340, 572, 2.5461865838897865e-06
705, 800, 2.5365848806349954e-06
132, 1260, 2.5231082818544914e-06
1171, 2177, 2.497157123601467e-06
1822, 2177, 2.4876178003579556e-06
1471, 2177, 2.4793981950928592e-06
1301, 1694, 2.4413332555498085e-06
0, 591, 2.425886299410611e-06
298, 833, 2.410304551573807e-06
926, 2471, 2.4069366538625502e-06
953, 1401, 2.326052238968656e-06
1223, 1253, 2.305449063691871e-06
349, 1260, 2.279779612754342e-06
442, 1264, 2.259911562557125e-06
847, 896, 2.2533266746440293e-06
439, 499, 2.2480524586682296e-06
1471, 1698, 2.2399255461820533e-06
263, 479, 2.1876719677509835e-06
1301, 1384, 2.154210784906884e-06
850, 1264, 2.153240565085977e-06
953, 1698, 2.1440942049870463e-06
1171, 1401, 2.127628833585772e-06
928, 1264, 2.117858513839193e-06
1758, 2185, 2.1134484646125586e-06
112, 1260, 2.0676278053338e-06
631, 1413, 2.060131789841967e-06
439, 1230, 2.060090451437378e-06
636, 1264, 2.0575320632474346e-06
125, 572, 2.0129874966008212e-06
602, 1130, 2.01199148398774e-06
1481, 2185, 1.9966343028642995e-06
298, 1264, 1.990492770326071e-06
953, 1656, 1.956264121376305e-06
1508, 1542, 1.9265184878935612e-06
1758, 1911, 1.8771142737143427e-06
1174, 1384, 1.873108147694142e-06
2320, 2716, 1.852185872893705e-06
997, 1127, 1.8444156927738197e-06
2320, 2325, 1.8421671405771891e-06
721, 896, 1.8305658931069169e-06
1371, 1694, 1.7926240358738285e-06
0, 614, 1.7337896523709248e-06
442, 1253, 1.7332147507601834e-06
2380, 2471, 1.722042017515869e-06
850, 1253, 1.7208670469359227e-06
125, 509, 1.7025913951987707e-06
999, 1127, 1.6739112015700376e-06
263, 896, 1.672633532261466e-06
928, 1253, 1.6721935948903734e-06
1041, 1166, 1.649811163019056e-06
316, 1260, 1.6433012191671534e-06
448, 896, 1.6236069285024711e-06
270, 572, 1.622325531260397e-06
209, 374, 1.6203861447453586e-06
953, 2471, 1.6165471153849826e-06
755, 1089, 1.6086386532164881e-06
270, 509, 1.6022955512166572e-06
442, 852, 1.5969026829030005e-06
636, 1253, 1.5780019814502775e-06
1301, 1401, 1.562804064924866e-06
298, 1253, 1.5265869201957907e-06
1301, 2177, 1.4914897246592212e-06
427, 512, 1.4878316652878541e-06
2113, 2240, 1.4739500673369527e-06
775, 1264, 1.471258278076393e-06
1041, 1130, 1.4628724846410692e-06
1174, 1331, 1.460456909940691e-06
298, 852, 1.4505334522333374e-06
926, 2485, 1.4442018871676702e-06
2033, 2240, 1.44317425379458e-06
602, 1166, 1.4415248809752707e-06
926, 2240, 1.4377362722902167e-06
2578, 2716, 1.4264447186960752e-06
125, 833, 1.4195384780649555e-06
631, 1230, 1.3845708416889989e-06
1048, 1264, 1.3328898757493675e-06
319, 479, 1.3260657589272397e-06
1174, 1694, 1.32596686600144e-06
1117, 1264, 1.3087628368750002e-06
928, 1127, 1.3085136550587207e-06
705, 1117, 1.2982173365601468e-06
319, 374, 1.282426988422665e-06
775, 833, 1.2691131005085318e-06
439, 1052, 1.2631619034941196e-06
439, 1065, 1.2530642399339865e-06
926, 1146, 1.2427332862959586e-06
298, 512, 1.2220217625197876e-06
427, 1127, 1.2154776128979076e-06
1508, 2408, 1.2144214960010116e-06
1361, 1539, 1.1976828253633458e-06
698, 1117, 1.1926813586420628e-06
1076, 1127, 1.1910757404515232e-06
775, 852, 1.1782948297083203e-06
125, 1264, 1.172413262217997e-06
2269, 2391, 1.1541848021120782e-06
1223, 1413, 1.1495786493322941e-06
1048, 1253, 1.1416761961656609e-06
602, 1694, 1.1362874767999912e-06
340, 467, 1.1239721272017054e-06
775, 1253, 1.1235344324908188e-06
448, 572, 1.1233905308939548e-06
755, 1130, 1.1180467246993208e-06
668, 1413, 1.1040052485422897e-06
794, 896, 1.0725177549522134e-06
850, 960, 1.0378134271002374e-06
427, 467, 1.034803630747036e-06
270, 467, 1.034346459242402e-06
1117, 1253, 1.025922327810758e-06
953, 1146, 1.0243879890929801e-06
1377, 1694, 1.0223573120181732e-06
1721, 2471, 1.0187439616077781e-06
445, 479, 1.007742465575891e-06
1171, 1698, 1.0046660257886154e-06
1330, 2177, 9.954067050086322e-07
436, 896, 9.881868642348807e-07
427, 960, 9.83044969958659e-07
718, 1413, 9.8273657201367e-07
340, 833, 9.693152324042325e-07
631, 763, 9.625950014718015e-07
1330, 1384, 9.567903471231214e-07
850, 1127, 9.516690234111614e-07
1811, 2391, 9.473051638462961e-07
445, 833, 9.245856101694571e-07
775, 960, 9.142844740002827e-07
125, 1253, 8.991696819239786e-07
1174, 1401, 8.892979668604153e-07
125, 467, 8.789161121102334e-07
270, 833, 8.603668196746759e-07
132, 374, 8.585965645500782e-07
1171, 1656, 8.539366257637919e-07
429, 896, 8.526480452584876e-07
125, 852, 8.457134163373265e-07
1171, 2325, 8.343940214362356e-07
445, 509, 8.287742281126847e-07
602, 818, 8.287577518867748e-07
735, 1260, 8.238695551236519e-07
1471, 2325, 8.060601113957058e-07
631, 1052, 8.019379142166639e-07
439, 1089, 8.00564258382275e-07
668, 1230, 7.798623850429171e-07
631, 1065, 7.79650151266051e-07
439, 763, 7.670648692482503e-07
319, 896, 7.658459193126652e-07
705, 1413, 7.652663581741634e-07
1041, 1089, 7.6512873346286e-07
602, 1384, 7.490235106699174e-07
436, 572, 7.485082744123452e-07
755, 1166, 7.319500164974763e-07
698, 1413, 7.141227368727777e-07
442, 1127, 7.128696051180034e-07
1396, 1413, 7.034332059175553e-07
718, 1230, 6.944784857990928e-07
340, 1264, 6.943015734758608e-07
429, 572, 6.817190166444867e-07
322, 1260, 6.73589814502455e-07
1508, 1539, 6.568749855861262e-07
636, 800, 6.485451685790155e-07
442, 512, 6.482919321227317e-07
636, 1127, 6.449591892331422e-07
445, 1264, 6.400621399190272e-07
1076, 1230, 6.372665296204033e-07
1301, 1656, 6.359396842337792e-07
263, 572, 6.275865139703105e-07
298, 1127, 6.270858938044519e-07
112, 374, 6.205826646792146e-07
340, 512, 6.185064231864746e-07
636, 960, 6.175963248734417e-07
295, 1260, 6.144549489356517e-07
145, 1260, 6.123147080883514e-07
270, 1264, 6.10803607273695e-07
439, 1130, 6.018210386557424e-07
263, 509, 5.999515556111617e-07
442, 960, 5.769794418509123e-07
466, 896, 5.702729874185514e-07
1330, 1401, 5.683644692955713e-07
340, 852, 5.665396631964493e-07
847, 1264, 5.569518058646521e-07
340, 1253, 5.453919517282013e-07
705, 1230, 5.402455494092068e-07
1330, 1656, 5.386535841264781e-07
775, 1127, 5.362395537945555e-07
1041, 1065, 5.290644510869682e-07
1361, 1407, 5.285986283345823e-07
1481, 1911, 5.250561798285752e-07
427, 800, 5.232332310110718e-07
445, 852, 5.104772722322102e-07
298, 960, 5.072817098517364e-07
698, 1230, 5.044953283953032e-07
445, 1253, 5.035930818305943e-07
1245, 1260, 5.014256318830572e-07
631, 1089, 5.001566204373903e-07
270, 852, 4.987214043222703e-07
668, 1052, 4.950304298494718e-07
1481, 1779, 4.912963240444426e-07
718, 1052, 4.894105036854057e-07
1186, 1264, 4.855180908497553e-07
270, 1253, 4.78471515841608e-07
668, 1065, 4.750693883666245e-07
718, 1065, 4.738664116514879e-07
1041, 1384, 4.676341942823015e-07
602, 1331, 4.56551191962311e-07
847, 1253, 4.5421155092915327e-07
602, 1401, 4.3497658580844943e-07
439, 1166, 4.329430384141636e-07
319, 509, 4.260522764479624e-07
1361, 2391, 4.1664815526423594e-07
397, 1260, 4.10447031553506e-07
631, 1130, 4.0384775261701623e-07
1052, 1264, 4.0383929551998456e-07
1252, 1260, 4.019772955903451e-07
1052, 1253, 4.015548119842808e-07
755, 1384, 3.9339000189294023e-07
263, 467, 3.8846915541653776e-07
2269, 2408, 3.809817618996814e-07
125, 512, 3.7928222052177224e-07
427, 868, 3.761624548891309e-07
2113, 2471, 3.759138462549628e-07
705, 1052, 3.7169445427160834e-07
636, 868, 3.71335776354658e-07
125, 1127, 3.6935769343474137e-07
448, 833, 3.677521394613812e-07
185, 1260, 3.6734307816725534e-07
319, 572, 3.6300493365659353e-07
705, 1065, 3.593842866366857e-07
668, 763, 3.5924246780544536e-07
448, 479, 3.574201136526147e-07
442, 467, 3.570260210271912e-07
1811, 2408, 3.534519642069282e-07
270, 512, 3.520686375473752e-07
429, 479, 3.513620255894268e-07
1186, 1253, 3.470281174032135e-07
698, 1052, 3.4227933640288867e-07
263, 833, 3.3829871950676993e-07
466, 572, 3.344297251706785e-07
1481, 1808, 3.307321744449193e-07
698, 1065, 3.305009061478705e-07
847, 960, 3.2948801811438643e-07
1301, 1698, 3.281998885845696e-07
349, 479, 3.2528680599438875e-07
436, 479, 3.252615213936061e-07
1041, 1331, 3.1882777873765785e-07
442, 800, 3.1722711882872006e-07
1041, 1052, 3.077063519394173e-07
1319, 1552, 3.047612226208594e-07
448, 509, 3.0413754667189323e-07
125, 960, 2.986340341615862e-07
1721, 1911, 2.978052447405258e-07
1319, 1585, 2.9528147470625446e-07
735, 896, 2.923855337083059e-07
631, 1166, 2.910582115865951e-07
1041, 1694, 2.885285763400465e-07
926, 1227, 2.880365377724824e-07
847, 1127, 2.838578094611918e-07
721, 833, 2.778721536170522e-07
1361, 2408, 2.7522579071050313e-07
185, 374, 2.751651410777892e-07
0, 1698, 2.750643634740693e-07
755, 1694, 2.745993408233714e-07
145, 374, 2.62499459061336e-07
427, 644, 2.60734261554425e-07
316, 374, 2.5783323614033643e-07
298, 499, 2.5515467751176156e-07
298, 800, 2.543716421753018e-07
209, 896, 2.4920416275329546e-07
316, 479, 2.466711421455631e-07
429, 509, 2.4585229073858673e-07
436, 509, 2.436524797639468e-07
755, 1331, 2.398980425991817e-07
209, 479, 2.3787433843167302e-07
448, 1264, 2.368773348830333e-07
1371, 1656, 2.3613986815138252e-07
1301, 1331, 2.3159292591172307e-07
263, 1264, 2.2653739869891677e-07
427, 499, 2.1920448224786128e-07
718, 1089, 2.1893057926907124e-07
775, 868, 2.1838000420813809e-07
668, 1089, 2.1759951087078334e-07
926, 1911, 2.1533667371393458e-07
442, 868, 2.1506604815377644e-07
668, 1130, 2.1320839337739077e-07
953, 1227, 2.1245651909639813e-07
349, 896, 2.114823289090987e-07
319, 467, 2.0965901949241668e-07
926, 1224, 2.085379077618853e-07
340, 960, 2.0562379502337394e-07
132, 896, 2.035119621726836e-07
448, 852, 2.030585890570035e-07
631, 818, 2.0218363519729335e-07
298, 868, 2.0211430171820579e-07
445, 512, 1.996832914014224e-07
926, 1808, 1.9964838478921933e-07
263, 852, 1.9609869722386218e-07
718, 1130, 1.9536973244700024e-07
436, 833, 1.9076918965799965e-07
721, 852, 1.9076475700980093e-07
445, 960, 1.9000877091106713e-07
295, 374, 1.8397536135927624e-07
270, 960, 1.8102488927660474e-07
631, 644, 1.8047522243159883e-07
0, 1656, 1.7856410072170548e-07
755, 818, 1.7563585330619084e-07
1174, 1656, 1.755452432732749e-07
442, 644, 1.7097752390557357e-07
112, 896, 1.6553837189813183e-07
429, 833, 1.6422182987352667e-07
132, 479, 1.6298835264934637e-07
0, 668, 1.6181945203688236e-07
953, 1224, 1.5447200125648397e-07
928, 960, 1.5075718509865614e-07
705, 1130, 1.4782301151161796e-07
322, 479, 1.4728734879932634e-07
926, 1779, 1.427806018567635e-07
319, 833, 1.4150575982143555e-07
125, 800, 1.4119503925611944e-07
316, 896, 1.4086932100603716e-07
850, 852, 1.3734732138661222e-07
0, 653, 1.3691739678796967e-07
698, 1130, 1.3653900348143914e-07
953, 1808, 1.3612630131466818e-07
439, 818, 1.3586787021208709e-07
349, 374, 1.349066066764534e-07
263, 512, 1.3218976509724162e-07
755, 763, 1.3198725231864876e-07
322, 374, 1.3176147234725392e-07
698, 763, 1.304914368945476e-07
221, 374, 1.287506839402911e-07
112, 479, 1.273789530546408e-07
349, 509, 1.2714852799737905e-07
349, 572, 1.2541319355031924e-07
1048, 1127, 1.2333128198554083e-07
340, 1127, 1.2272851353357291e-07
466, 833, 1.219134619589247e-07
436, 852, 1.1890664687372161e-07
340, 499, 1.1802792229638649e-07
668, 818, 1.1785819395942806e-07
705, 763, 1.176184133845593e-07
0, 698, 1.1422307604755496e-07
445, 1127, 1.1332259334413552e-07
270, 1127, 1.0801553877581287e-07
997, 1230, 1.0707432686210239e-07
295, 479, 1.0517079422506649e-07
718, 763, 1.0493777553923007e-07
445, 467, 1.0453544600294024e-07
429, 852, 1.0268382887103579e-07
668, 1166, 1.0092046995155026e-07
999, 1230, 9.922914179750294e-08
953, 1779, 9.733277525758439e-08
319, 512, 9.417498746736704e-08
427, 1230, 9.088439566832243e-08
442, 499, 9.011852864915928e-08
209, 572, 8.745469269194519e-08
319, 852, 8.627303369970981e-08
850, 1052, 8.496927068564183e-08
602, 1146, 8.422145254280426e-08
445, 800, 8.419063575976731e-08
718, 1166, 8.301128827183696e-08
298, 644, 7.936706616122072e-08
316, 509, 7.793120934781394e-08
1041, 1146, 7.764425196010094e-08
340, 800, 7.697223194817645e-08
850, 1065, 7.627925172080075e-08
209, 509, 7.465758748308114e-08
125, 499, 7.43780454812595e-08
270, 499, 7.369346562130784e-08
448, 512, 7.348786045677612e-08
182, 374, 7.308642927111652e-08
270, 800, 7.271420652922827e-08
466, 852, 7.108782161838836e-08
347, 479, 6.920000517876028e-08
997, 1130, 6.86725177832547e-08
718, 818, 6.815959029877862e-08
466, 509, 6.652491792228069e-08
705, 1166, 6.540683040733645e-08
698, 818, 6.28033580329893e-08
466, 479, 6.274361565323716e-08
705, 818, 6.252328022482142e-08
698, 1166, 6.182435042772057e-08
999, 1130, 6.163587698109025e-08
429, 512, 5.842565784341662e-08
436, 512, 5.824379740747976e-08
445, 644, 5.745781550922241e-08
427, 763, 5.532552218096542e-08
636, 763, 5.4630082915844646e-08
1171, 1227, 5.086006232636819e-08
316, 572, 5.0020859607719015e-08
132, 509, 4.882624780038331e-08
1508, 1585, 4.851735726504375e-08
349, 467, 4.754062758597913e-08
850, 1230, 4.7071898056867575e-08
132, 572, 4.619382354314337e-08
928, 1230, 4.579746903033195e-08
794, 833, 4.5661700841475735e-08
1076, 1166, 4.5401170998274106e-08
755, 1146, 4.500199500052116e-08
442, 1230, 4.478230996392192e-08
209, 833, 4.4487039606635285e-08
145, 479, 4.361030982377765e-08
125, 644, 4.164917533815102e-08
209, 467, 4.0878273506133825e-08
636, 1230, 4.0817777754833305e-08
429, 467, 3.946144279983031e-08
298, 1230, 3.939339630801854e-08
316, 467, 3.935858697410362e-08
1041, 1227, 3.812131395679796e-08
112, 572, 3.801819580378458e-08
775, 800, 3.7405728867401175e-08
349, 833, 3.725888369885877e-08
322, 509, 3.696161426721142e-08
132, 833, 3.670317526817523e-08
448, 467, 3.6517196018505604e-08
436, 467, 3.535058957402357e-08
340, 644, 3.494927223872619e-08
439, 636, 3.4250562365165895e-08
1171, 1224, 3.371141959672874e-08
448, 960, 3.356546420898747e-08
448, 800, 3.3431122028631536e-08
442, 763, 3.340281822749102e-08
997, 1166, 3.3227505418159926e-08
735, 833, 3.2988206275322054e-08
263, 960, 3.188418112930875e-08
1319, 1590, 3.1452797238566494e-08
185, 479, 3.139207782083398e-08
794, 960, 3.128881634748494e-08
112, 509, 3.123190275606762e-08
322, 572, 3.1100987042135814e-08
999, 1166, 3.0588926423207114e-08
112, 833, 2.986680144708454e-08
602, 1227, 2.9564226396205923e-08
397, 479, 2.7800611819702152e-08
1041, 1224, 2.7744502334847637e-08
263, 499, 2.746927120767017e-08
445, 499, 2.741065268729433e-08
263, 800, 2.7387520568014143e-08
270, 644, 2.6739884670508504e-08
316, 833, 2.541595638660739e-08
397, 572, 2.5386977525228117e-08
0, 602, 2.384031798435791e-08
349, 512, 2.3789310726356198e-08
347, 374, 2.3550995646104336e-08
298, 763, 2.3465413193444807e-08
721, 960, 2.313906955198861e-08
448, 644, 2.3108962201873187e-08
439, 1146, 2.3108012406822792e-08
295, 509, 2.3011763806277856e-08
1721, 1808, 2.1300346433988974e-08
602, 1224, 2.1250352754188278e-08
132, 467, 2.0874759883489992e-08
1174, 1227, 2.0560680207175314e-08
347, 509, 2.0454435419890807e-08
295, 572, 2.0282375249049527e-08
436, 960, 1.9710475784293798e-08
1758, 1808, 1.9620987029696085e-08
347, 572, 1.9520819242756782e-08
427, 1166, 1.9276580522787805e-08
436, 800, 1.9015548125756895e-08
319, 499, 1.8971259408983133e-08
1361, 1552, 1.8389360837078645e-08
1508, 1552, 1.7850773346258174e-08
322, 467, 1.7814506459872235e-08
1361, 1585, 1.72861648578046e-08
429, 960, 1.727040482148709e-08
602, 636, 1.7188720750409086e-08
0, 102, 1.6810535843275137e-08
1048, 1230, 1.6453531857839677e-08
429, 800, 1.641118797013747e-08
112, 467, 1.6357793984894763e-08
221, 479, 1.59392808703937e-08
631, 1146, 1.553501538929148e-08
928, 1166, 1.5450994079534602e-08
755, 1227, 1.480878635601015e-08
125, 763, 1.4708381642236907e-08
319, 960, 1.4630566381267692e-08
397, 509, 1.4566392753465417e-08
316, 512, 1.4306467434084613e-08
370, 479, 1.42819281318335e-08
209, 512, 1.3847060423423084e-08
850, 1166, 1.3651521530431068e-08
295, 467, 1.3642577274312437e-08
466, 512, 1.3621204159205046e-08
1174, 1224, 1.3585474922596576e-08
436, 644, 1.2971389630472392e-08
260, 374, 1.2800559445097746e-08
145, 572, 1.2459068564671906e-08
636, 818, 1.2134549560096415e-08
322, 833, 1.1799146732692217e-08
466, 960, 1.160995407001151e-08
145, 509, 1.153856006853049e-08
215, 374, 1.118133362618583e-08
445, 763, 1.1071137883771293e-08
185, 572, 1.0826119632702115e-08
429, 644, 1.07823596252019e-08
414, 572, 1.0753459440914887e-08
721, 800, 1.0436475578509634e-08
263, 644, 1.034159939565417e-08
448, 499, 9.95825885099116e-09
132, 512, 9.766061100926132e-09
319, 800, 9.716245838879896e-09
427, 818, 9.69584688347036e-09
0, 974, 9.522035579913132e-09
0, 743, 9.360151260044651e-09
466, 800, 9.195097255670306e-09
185, 509, 9.185945318460427e-09
322, 512, 8.880882378423057e-09
429, 499, 8.545297524642674e-09
414, 479, 8.524046543869177e-09
436, 499, 8.294751789126656e-09
668, 1146, 7.96346408525035e-09
448, 1253, 7.88988502232822e-09
347, 467, 7.832565645330651e-09
182, 479, 7.78579185033014e-09
112, 512, 7.555190728895273e-09
466, 644, 7.341003619157349e-09
370, 572, 7.2823781809104376e-09
755, 1224, 7.004800831581668e-09
1319, 2243, 7.000115860780095e-09
340, 763, 6.989812062975996e-09
636, 644, 6.849902115903003e-09
718, 1146, 6.7884155400747924e-09
270, 763, 6.487699131995981e-09
0, 964, 6.456665441473491e-09
439, 1227, 6.200559964193741e-09
145, 467, 5.940409372147753e-09
370, 509, 5.823154779504848e-09
298, 397, 5.76096203135805e-09
295, 512, 5.4807218643166595e-09
1508, 1590, 5.358701888507873e-09
349, 499, 5.320243136786046e-09
705, 1146, 5.214284401487952e-09
185, 467, 5.170829018366372e-09
698, 1146, 4.867414548161771e-09
319, 644, 4.460858602999809e-09
439, 1224, 4.225978360920685e-09
631, 1227, 4.167348342679217e-09
221, 572, 4.068819406119509e-09
347, 512, 3.954562297712929e-09
414, 509, 3.828295558550879e-09
221, 509, 3.5781961841196815e-09
316, 499, 3.4889100516509e-09
209, 499, 3.2700691247985916e-09
0, 976, 3.264648960439467e-09
602, 758, 3.0537541432521776e-09
125, 397, 2.9625520942789485e-09
397, 512, 2.9108236876567183e-09
270, 397, 2.8189313338148977e-09
631, 1224, 2.5139370508442346e-09
260, 479, 2.456388251366956e-09
397, 467, 2.3616160068317917e-09
427, 636, 2.327751532077418e-09
132, 499, 2.2946953672272544e-09
370, 374, 2.214157915275472e-09
322, 499, 2.1321363829080205e-09
466, 499, 2.034042951133318e-09
602, 698, 1.964498105586794e-09
221, 467, 1.8539622002858616e-09
1361, 1590, 1.8165678994928496e-09
298, 406, 1.7772544893408903e-09
442, 636, 1.509458737084527e-09
439, 631, 1.4338381113028446e-09
1508, 2243, 1.3819913911761916e-09
953, 1911, 1.21616422155704e-09
263, 397, 1.1679364274415742e-09
631, 636, 1.0436288807234787e-09
340, 397, 1.013288108030216e-09
668, 1227, 8.907841204047076e-10
270, 406, 8.233092803768266e-10
718, 1227, 7.933124419101117e-10
125, 406, 7.852973101843736e-10
182, 572, 7.750972763078178e-10
145, 512, 6.958364955182396e-10
298, 636, 6.765157944205132e-10
499, 572, 6.717598980664912e-10
182, 509, 6.514725045197095e-10
185, 512, 5.945623956022284e-10
602, 631, 5.844708959595642e-10
439, 698, 5.706638141616585e-10
349, 644, 5.46969501963396e-10
631, 758, 5.328936433202619e-10
445, 636, 5.05613169608007e-10
209, 644, 4.735795539654306e-10
439, 758, 4.45588527981138e-10
132, 644, 4.2261512454110773e-10
112, 499, 3.9979396181692096e-10
215, 479, 3.9054354340569684e-10
370, 512, 3.8509473616522726e-10
370, 467, 3.8403341723830734e-10
125, 636, 3.497795972999854e-10
478, 572, 3.4683563790376647e-10
340, 406, 3.462224844196866e-10
112, 644, 3.4389836631242547e-10
496, 572, 3.435141828217333e-10
316, 644, 3.396188719345266e-10
263, 406, 3.364258760159185e-10
414, 512, 3.2301408589548614e-10
487, 572, 3.20458667454353e-10
295, 499, 3.091039118069453e-10
221, 512, 2.8628162920404033e-10
340, 636, 2.767710270962294e-10
182, 467, 2.74441237922749e-10
319, 397, 2.6956461079638676e-10
260, 572, 2.5234695987747016e-10
347, 499, 2.512620663528041e-10
439, 583, 2.342922605614948e-10
260, 509, 2.329236330466908e-10
631, 698, 2.297958196400382e-10
439, 614, 2.1316079993394747e-10
270, 636, 2.1148409934179348e-10
322, 644, 2.0627916447242254e-10
414, 467, 1.9832269173185531e-10
379, 479, 1.91967987566082e-10
668, 758, 1.908648771448906e-10
209, 397, 1.8843281336732584e-10
448, 636, 1.8744822154874682e-10
397, 499, 1.6030993483471172e-10
182, 512, 1.5953307885970651e-10
215, 572, 1.535313968416582e-10
145, 499, 1.469480031342761e-10
295, 644, 1.4525265495389187e-10
379, 572, 1.374366744119939e-10
397, 644, 1.3111491722797257e-10
215, 509, 1.284969913488042e-10
185, 499, 1.2537631889094648e-10
260, 467, 1.21872956950228e-10
145, 644, 1.1411504165874569e-10
347, 644, 1.1115057987574355e-10
436, 636, 1.0652466241371369e-10
427, 631, 9.813723534923004e-11
379, 509, 9.685461673384753e-11
132, 397, 9.286563351134296e-11
429, 636, 8.896314323143347e-11
319, 406, 8.710109607211334e-11
602, 668, 8.675221264449774e-11
185, 644, 8.411894196485989e-11
263, 636, 8.18723779237791e-11
370, 499, 7.28686789497376e-11
466, 636, 7.167783045885289e-11
112, 397, 7.022757090641863e-11
698, 758, 6.64632969572038e-11
125, 211, 6.534951952651426e-11
414, 644, 6.493576600528573e-11
499, 509, 6.438314334313021e-11
442, 631, 6.304894960698151e-11
221, 499, 6.121444379810934e-11
755, 758, 5.956312285017645e-11
705, 758, 5.921653661624049e-11
215, 467, 5.8026367123389015e-11
260, 512, 5.632344904357676e-11
439, 668, 5.435855548895503e-11
414, 499, 5.381329978031096e-11
316, 397, 5.309818622381544e-11
718, 758, 5.160541063014722e-11
499, 644, 5.0275744429663516e-11
209, 406, 4.908094758902588e-11
478, 509, 4.400529943021054e-11
319, 636, 4.349461002283813e-11
439, 653, 4.340253618416577e-11
602, 653, 4.1876921878110486e-11
602, 614, 4.058502148132037e-11
182, 499, 3.36244344011459e-11
487, 509, 3.3549701266305284e-11
427, 758, 3.212346464634181e-11
496, 509, 2.917741063956115e-11
298, 631, 2.7769710815591827e-11
349, 397, 2.5737471531480705e-11
215, 512, 2.568811219886617e-11
132, 406, 2.449092291253234e-11
295, 397, 2.3539032612847802e-11
445, 631, 2.1068174143752385e-11
185, 397, 2.0777709471904265e-11
0, 1377, 2.0351064742332845e-11
322, 397, 2.0098792210887785e-11
379, 512, 1.9794466988963198e-11
145, 397, 1.957922759160195e-11
112, 406, 1.8740623889261295e-11
427, 583, 1.7944190832192267e-11
316, 406, 1.7034903666587198e-11
379, 467, 1.553034896106649e-11
427, 614, 1.507656835935604e-11
499, 512, 1.4674452287576562e-11
125, 631, 1.4226303249597508e-11
370, 644, 1.4155121172159106e-11
221, 644, 1.3733980900839591e-11
349, 406, 1.2738469372415347e-11
340, 631, 1.232866525243032e-11
260, 499, 1.202924507269024e-11
478, 512, 1.1827508599567119e-11
221, 397, 1.1261911153839855e-11
349, 636, 1.0863011251356935e-11
295, 406, 1.0174028955684042e-11
442, 583, 9.997988894902936e-12
439, 1331, 9.917157265469491e-12
270, 631, 9.397307721014368e-12
209, 636, 9.298571063176764e-12
442, 614, 9.28515276554376e-12
322, 406, 9.221338405207975e-12
487, 512, 9.08172962741825e-12
448, 631, 8.421790141690718e-12
496, 512, 8.002519026159962e-12
631, 668, 7.739508219878372e-12
185, 406, 7.470356286909784e-12
132, 636, 7.370950426095069e-12
145, 406, 7.1920025950157545e-12
631, 1331, 6.664161799048337e-12
215, 499, 6.288296130399934e-12
316, 636, 6.014568226701732e-12
112, 636, 5.998029087237282e-12
347, 397, 5.7192458717777486e-12
182, 397, 5.478674843226622e-12
298, 583, 4.8783014892130894e-12
436, 631, 4.70861376065619e-12
379, 499, 4.226627567125169e-12
221, 406, 4.212160186786814e-12
298, 614, 3.988626302654353e-12
429, 631, 3.948312204606112e-12
427, 668, 3.6656615277543e-12
263, 631, 3.548269889905955e-12
445, 583, 3.240489070843968e-12
631, 653, 3.166428159800249e-12
406, 572, 3.1223022349047574e-12
466, 631, 3.083467103611251e-12
445, 614, 3.072340907996743e-12
427, 653, 2.9129512824916508e-12
347, 406, 2.8130377168370943e-12
373, 479, 2.5135485139061185e-12
406, 479, 2.504928627852715e-12
340, 583, 2.4125141189069906e-12
442, 668, 2.409532498429418e-12
490, 572, 2.3007644278224833e-12
125, 583, 2.0855674040454836e-12
211, 374, 2.0251728965285734e-12
112, 211, 1.991292461663943e-12
182, 406, 1.9684097090484584e-12
125, 614, 1.9498895338891462e-12
442, 653, 1.9226313932118447e-12
340, 614, 1.808454061713655e-12
319, 631, 1.7900355531300092e-12
132, 211, 1.7481013647018984e-12
406, 509, 1.7412601080458623e-12
478, 499, 1.7223776548785087e-12
270, 583, 1.6258223062270976e-12
373, 572, 1.5136577524508693e-12
373, 509, 1.390466770313062e-12
270, 614, 1.3507860155391658e-12
298, 668, 1.2774609194817877e-12
487, 499, 1.2583489787469153e-12
448, 583, 1.2558954610694464e-12
448, 614, 1.2156963342008962e-12
148, 374, 1.1495925411148134e-12
496, 499, 1.0442328496971886e-12
260, 397, 9.611625715632544e-13
298, 653, 9.35608393400751e-13
436, 583, 8.128576862421012e-13
429, 583, 7.276517300128591e-13
436, 614, 7.246363117360943e-13
215, 397, 6.684558504902813e-13
445, 653, 6.477928638190106e-13
263, 583, 6.303330826832882e-13
429, 614, 6.192802224673677e-13
263, 614, 5.241364287847179e-13
406, 512, 4.830281345209975e-13
370, 397, 4.686824140648133e-13
445, 668, 4.613752850791423e-13
211, 479, 4.558573150283696e-13
466, 614, 4.2745785297276923e-13
125, 668, 3.9950047451202754e-13
466, 583, 3.9020462028988353e-13
260, 406, 3.812098873349855e-13
145, 211, 3.6812666768259215e-13
340, 668, 3.192206265865417e-13
373, 467, 3.0818471850585323e-13
148, 479, 3.0325707402105183e-13
319, 614, 2.793607064360479e-13
406, 467, 2.762998266152575e-13
319, 583, 2.6418123251603986e-13
370, 406, 2.488078544162454e-13
397, 406, 2.4832574431445194e-13
215, 406, 2.4329791797676373e-13
270, 668, 2.4166427641784366e-13
209, 211, 1.659213479856971e-13
349, 583, 8.872497376861475e-14
185, 211, 8.670579854634158e-14
209, 583, 6.578960821733997e-14
316, 583, 4.845962407012111e-14
132, 583, 4.728171033785036e-14
182, 211, 2.6185696798268853e-14
379, 397, 2.110185899547136e-14
112, 583, 2.0893695614585303e-14
322, 583, 1.5765109831683855e-14
397, 583, 1.3172304565285855e-14
379, 406, 1.2034319385631532e-14
295, 583, 1.0554662245427513e-14
347, 583, 9.659300493121803e-15
145, 583, 6.918880694528837e-15
414, 583, 6.055488291860033e-15
185, 583, 5.919391257885414e-15
370, 583, 3.7815862528316185e-15
