Gene = Adhr
index = 13
Annotated 5SS: [  92  886 1356 2092 2923]
Annotated 3SS: [ 750  950 1425 2517 2973]
SMsplice 5SS: [  92  886 1356 2923]
SMsplice 3SS: [ 226  950 2517 2973]
length: 3351
Partition function (logZ) = 1.6352894105425615
#Exons = 1173
3SS, 5SS, prob
2973, -1, 0.9833519328172896
0, 92, 0.7497740335324257
950, 1356, 0.6803647830894946
2517, 2923, 0.5232382403831738
750, 886, 0.29770055892287717
1425, 2092, 0.24099811995118842
226, 886, 0.21139247385609589
1425, 1696, 0.15943392853760505
1425, 2923, 0.15256864001227718
0, 886, 0.13466051365848652
2440, 2923, 0.11398126618033065
576, 886, 0.08925807618843536
226, 428, 0.07429029853395386
1425, 2096, 0.06954765973069722
1100, 1356, 0.06230423328418451
1019, 1356, 0.056457585254179654
226, 1356, 0.053472989505925106
2497, 2923, 0.04959865515473147
1905, 2092, 0.04052950770164828
2400, 2923, 0.03956024968358189
2535, 2923, 0.03679819207332393
750, 1356, 0.03387185606996573
0, 1356, 0.030855803864351602
1425, 2187, 0.02627070505083091
0, 428, 0.024213100435182017
226, 633, 0.021499147532470134
499, 886, 0.019821484720648902
1298, 1356, 0.019031991514186587
576, 1356, 0.01887331429449955
2226, 2923, 0.01848141420556419
226, 325, 0.01825062362906352
1154, 1356, 0.01683441241542368
0, 633, 0.014840145344488886
346, 886, 0.013779424543262177
0, 182, 0.013367377109929994
1905, 2096, 0.01143677986843277
1905, 2923, 0.011097149825768465
0, 172, 0.010735563053100595
950, 1020, 0.008906226485624027
0, 325, 0.00834583964400474
1425, 2068, 0.00818856774663459
238, 886, 0.008001403349670737
1425, 2462, 0.0077454367173273985
810, 886, 0.0073941033108797715
2795, 2923, 0.0072337487020029696
3004, -1, 0.006564136522473798
2776, 2923, 0.00603737466160174
1425, 2112, 0.0059334569692318226
0, 153, 0.0057831610503040415
2553, 2923, 0.005497488280947853
2383, 2923, 0.005395103358792067
226, 672, 0.005386075275023575
576, 633, 0.00508096020355781
499, 1356, 0.0049615459009883225
906, 1356, 0.004393164750914385
1425, -1, 0.004295000337144531
499, 633, 0.004290308468447442
0, 672, 0.003915974284565985
346, 1356, 0.0034845327890687225
1563, 1696, 0.0034020689327154655
1563, 2092, 0.003148952740382166
1425, 1512, 0.0030756132588899785
238, 428, 0.0030202977811753396
576, 672, 0.0029728118077336553
2517, -1, 0.0029677312716897913
346, 428, 0.002639516154408515
2879, 2923, 0.0025905415958712603
1425, 2417, 0.0024717194428073223
1076, 1356, 0.0024683855270194663
1905, 2187, 0.0024339695165327
2565, 2923, 0.00212100811386393
1959, 2092, 0.0020442180843341824
238, 1356, 0.0020232936360329275
2517, 2696, 0.0020036260360517667
750, 926, 0.001999980078660803
1106, 1356, 0.0019901442435654405
1563, 2923, 0.0019842294488816594
2276, 2923, 0.0019302684138631995
2191, 2923, 0.0018656936384422343
2517, 2706, 0.001829096428310208
346, 633, 0.0018288243410176325
810, 1356, 0.0018192083971205206
2571, 2923, 0.0016051306198651657
636, 886, 0.0016021370431307308
2517, 2656, 0.0016004829836117574
1905, 2068, 0.0014260357591308712
251, 886, 0.0014165037690156504
1922, 2092, 0.0013349180484793699
505, 886, 0.001333995045330924
226, 926, 0.001325747467126098
950, 1246, 0.001264942032482554
499, 672, 0.0012457351603702253
2226, 2462, 0.0012429579524751333
153, 886, 0.0012272372508131536
2400, 2462, 0.0012043197322358524
486, 886, 0.0011670765905250741
2517, 2813, 0.0011344874218598925
580, 886, 0.0009926013806387862
1739, 2092, 0.0009458492949050791
2302, 2923, 0.0009199831300384239
1563, 2096, 0.0009083959151925027
950, 1249, 0.0008839390722984758
1905, 2112, 0.0008688457133645916
238, 633, 0.0008391946146145738
0, 926, 0.0008362199813285892
226, 1020, 0.0007783777435536228
2440, -1, 0.0007247529780624938
1425, 2170, 0.0007133310907311266
1757, 2092, 0.0006937030045748976
2449, 2923, 0.0006772842914289942
750, 1020, 0.0006597749878432749
2479, 2923, 0.0006565036036751288
2226, 2417, 0.0006517794526899808
226, 627, 0.000641650562689311
1959, 2096, 0.0006044497450663983
2517, 2915, 0.0005956701627594302
226, 514, 0.0005918124679803961
1425, 1531, 0.0005891693413083639
395, 886, 0.0005863051155663081
1959, 2923, 0.0005767514295925349
238, 325, 0.0005714241747900233
251, 428, 0.0005624700527323852
3035, -1, 0.0005621452816147123
2517, 2896, 0.0005598310161114531
2440, 2462, 0.0005487540416914559
1739, 2923, 0.0005283934823411861
576, 926, 0.0005181039339782942
663, 886, 0.000510823163863709
0, 1020, 0.00048730838167884325
346, 672, 0.0004441815434912118
0, 627, 0.0004342236324644
781, 886, 0.00039287429892688176
1085, 1356, 0.00039126906604728686
1757, 2923, 0.0003830122775721864
1922, 2096, 0.00037634000262101817
647, 886, 0.00037165504978454913
950, 1135, 0.00036064709844683496
251, 1356, 0.0003579579895021476
1425, 1998, 0.000354385749018394
770, 886, 0.0003396968292383802
1922, 2923, 0.00033216336095562483
1563, 2187, 0.0003315024715287389
505, 1356, 0.00032772974664185416
0, 514, 0.0003194453869837774
0, 25, 0.0003171447879916861
153, 1356, 0.00031037574293190886
1754, 2092, 0.00030720095679864296
486, 1356, 0.00030194015403418384
2497, -1, 0.0002961737811068076
2440, 2656, 0.0002943298073131573
1973, 2092, 0.0002858881893984459
226, 391, 0.00028249471181000297
1425, 1741, 0.0002815530480795258
486, 633, 0.0002786890285624718
505, 633, 0.0002745233153864322
636, 1356, 0.0002716324044622416
153, 428, 0.000268201924136654
1739, 2096, 0.00026630312133395294
2440, 2696, 0.000262872834111683
1425, 2696, 0.0002602654230337858
2400, -1, 0.0002570814246612907
1425, 2813, 0.00025547814694840793
576, 1020, 0.0002516288157207658
2440, 2706, 0.0002398953316534803
1425, 2706, 0.00021875785994016647
603, 886, 0.00021257895391766954
2440, 2813, 0.00021230488062464728
580, 1356, 0.0002067372101063693
238, 672, 0.0002049321406947547
1425, 2656, 0.00020300603734795322
1425, 1732, 0.00019697951234430298
329, 886, 0.00019301404131454513
1757, 2096, 0.0001926842692766116
950, 2092, 0.00019086198033025953
172, 886, 0.00018763703920290063
2535, -1, 0.0001863734445758699
2497, 2696, 0.00018233142190110806
2497, 2656, 0.0001703153734759307
153, 325, 0.000168087317519116
857, 886, 0.00016695948699222226
1959, 2187, 0.000166153579906889
0, 193, 0.0001643079876197442
1754, 2923, 0.00016174632918752857
2497, 2706, 0.00015919624490207273
226, 415, 0.00015522184236638447
2226, -1, 0.00015490206832694195
251, 633, 0.0001535198763034059
1425, 2896, 0.00015266123230371894
1905, -1, 0.0001516907189327859
395, 1356, 0.000151081509231429
857, 1356, 0.00014898464346846347
1100, 1246, 0.00014840148372013295
0, 96, 0.00014622235869608932
1425, 2915, 0.00014574568505342866
2915, 2923, 0.00014184110873366503
2973, 3127, 0.00013961914006085433
2535, 2696, 0.00013795134191280415
1905, 2417, 0.00013614405608316566
2535, 2706, 0.00013058417815634888
906, 1020, 0.00012825808761041544
1019, 1246, 0.0001276288779202215
576, 627, 0.0001256283480657949
153, 633, 0.0001240251460990721
950, 2923, 0.00012089074006187283
499, 627, 0.00011697199567260867
226, 654, 0.0001150297132291291
0, 56, 0.0001135073565514677
0, 248, 0.0001133592654980269
499, 926, 0.00011285789947829838
3264, -1, 0.00011177493271932089
407, 886, 0.00010935722083047416
2497, 2813, 0.00010744137130573636
2440, 2896, 0.00010715144371869321
1100, 1249, 0.00010563517867871317
616, 886, 0.00010339204111724787
1563, 2068, 0.0001027135426678353
2440, 2915, 9.924171875325135e-05
1530, 1696, 9.894655665348718e-05
395, 633, 9.764817982909352e-05
2535, 2656, 9.434339879204514e-05
950, 1696, 9.430019507764166e-05
226, 609, 9.196727337802704e-05
2236, 2923, 9.114100270822332e-05
1131, 1356, 8.857695652169693e-05
1019, 1249, 8.792726573835847e-05
346, 926, 8.639761347519723e-05
1425, 1662, 8.509468721119724e-05
810, 926, 8.491509342954367e-05
505, 672, 8.399243727802736e-05
1754, 2096, 8.378447904760669e-05
0, 654, 8.279787885813353e-05
182, 886, 8.104294312182712e-05
226, 1246, 8.077729812782317e-05
1973, 2096, 8.053955974263506e-05
1530, 2092, 8.0178143854022e-05
2535, 2813, 7.943650426644523e-05
1973, 2923, 7.930582010514487e-05
251, 325, 7.899176179345018e-05
950, 1240, 7.880455502962565e-05
1739, 2187, 7.777303588686495e-05
1425, 2383, 7.706199078798636e-05
2400, 2696, 7.68305982251134e-05
1922, 2187, 7.58174910876393e-05
0, 391, 7.547917452059204e-05
2400, 2656, 7.491310616407924e-05
1004, 1356, 7.482205145594281e-05
1563, 2112, 7.436974190451712e-05
346, 514, 7.426804267784833e-05
0, 130, 7.319652692280962e-05
1778, 2092, 7.267795240166918e-05
486, 672, 7.245959618666218e-05
950, 957, 7.21756397728927e-05
499, 1020, 7.116334192705915e-05
663, 1356, 6.984679817172635e-05
750, 957, 6.925380286216383e-05
2016, 2092, 6.663322601930007e-05
1425, 1519, 6.654172409104465e-05
3330, -1, 6.594072307045797e-05
226, 329, 6.58459924385225e-05
248, 886, 6.560665323485376e-05
2400, 2813, 6.401949838786075e-05
1905, 2170, 6.133349320035918e-05
2333, 2923, 6.063118771875252e-05
0, 609, 5.994516511226467e-05
2400, 2706, 5.9693325035475354e-05
647, 1356, 5.736892646071933e-05
781, 1356, 5.708981617474941e-05
226, 1249, 5.686970567815727e-05
346, 627, 5.474244085798887e-05
290, 886, 5.463350234418509e-05
3195, -1, 5.437983075843085e-05
226, 957, 5.4311388117470666e-05
2400, 2417, 5.3306542486494136e-05
1425, 2307, 5.3180941732167185e-05
810, 1020, 5.298936181018458e-05
1757, 2187, 5.2721320403054584e-05
1959, 2068, 5.1904367233824496e-05
1959, 2112, 5.1377706325859596e-05
1970, 2092, 5.115974211382115e-05
2973, 3207, 5.098766828977851e-05
346, 1020, 5.071216538567519e-05
750, 1246, 5.054798908290329e-05
580, 633, 5.0382878359658926e-05
238, 926, 5.016132166562929e-05
0, 1246, 4.911496129148938e-05
329, 428, 4.8977626659039576e-05
950, 2096, 4.892371985722906e-05
329, 1356, 4.8568866717406104e-05
172, 1356, 4.7493409983882964e-05
2497, 2896, 4.725705839532703e-05
576, 654, 4.588727055116103e-05
1563, -1, 4.498168933435202e-05
172, 428, 4.4747444078114766e-05
1530, 2923, 4.468799573712894e-05
0, 415, 4.4661044308420314e-05
770, 1356, 4.35543034290566e-05
1425, 1492, 4.344988454509119e-05
3327, -1, 4.239598458025313e-05
603, 1356, 4.1173222558337625e-05
1922, 2068, 4.0628166970366195e-05
1425, 1962, 3.865953290773602e-05
226, 814, 3.836058137831362e-05
1229, 1356, 3.803758450203684e-05
251, 672, 3.700846254860993e-05
950, 1047, 3.6714322031567605e-05
750, 1249, 3.568496483956876e-05
1778, 2923, 3.5376986367202124e-05
0, 1249, 3.456008011086732e-05
153, 672, 3.396593145296652e-05
1905, 1998, 3.394328346997205e-05
1732, 2092, 3.302285097749797e-05
0, 957, 3.2813805879358124e-05
2383, -1, 3.260345030453251e-05
2973, 3246, 3.1791462690316346e-05
446, 886, 3.160138204254564e-05
580, 672, 3.084246736167982e-05
2400, 2896, 3.076165235656226e-05
2535, 2896, 3.06449621345259e-05
226, 541, 3.055491562503403e-05
238, 1020, 2.9451884745580756e-05
0, 329, 2.8520666563473164e-05
576, 1246, 2.8369648455067744e-05
226, 248, 2.8151500265257424e-05
2248, 2923, 2.8106165746103537e-05
395, 428, 2.8025629542429536e-05
1739, 2068, 2.7523794327895916e-05
1542, 1696, 2.7399227616161054e-05
407, 1356, 2.724761038133793e-05
499, 654, 2.6258163953291676e-05
248, 428, 2.5886005754445452e-05
172, 325, 2.5582690564442394e-05
2226, 2813, 2.535780845813344e-05
998, 1356, 2.5295989019145922e-05
238, 627, 2.504731423239826e-05
2016, 2923, 2.4915204240023766e-05
329, 633, 2.4592040504433244e-05
2226, 2696, 2.4543211217736273e-05
1922, 2112, 2.4115310382265254e-05
758, 886, 2.3859807581181906e-05
2553, -1, 2.3289514986596502e-05
238, 514, 2.3266101411835537e-05
0, 814, 2.294187223685043e-05
906, 926, 2.2928832120578695e-05
2226, 2706, 2.2216709404560986e-05
2226, 2656, 2.213480988021809e-05
395, 672, 2.1017744451931225e-05
2123, 2923, 2.0933576368086353e-05
1019, 1135, 2.08571156942405e-05
407, 633, 2.071548879233074e-05
290, 428, 2.0535903388477766e-05
182, 428, 2.0526010246722822e-05
1757, 2068, 2.0470918473810593e-05
153, 182, 2.0459936704259532e-05
576, 814, 2.044581925977922e-05
182, 1356, 2.0436122551418228e-05
576, 1249, 1.9973026031852926e-05
576, 957, 1.969714388844555e-05
2517, 2879, 1.8481009966154334e-05
172, 633, 1.8300377589860018e-05
616, 1356, 1.7785898291604655e-05
420, 886, 1.7497991536857308e-05
0, 541, 1.7451838050742344e-05
0, 35, 1.739066965211831e-05
750, 814, 1.729733910323648e-05
2553, 2696, 1.7251703908948417e-05
1754, 2187, 1.698236446400434e-05
2973, 3173, 1.695323723362133e-05
1973, 2187, 1.6737984542971762e-05
226, 370, 1.6458443613400294e-05
1542, 2092, 1.636572684552939e-05
248, 1356, 1.627633107011168e-05
1154, 1246, 1.5986418567432155e-05
1530, 2096, 1.5530367190263325e-05
2973, 3225, 1.5051491209715485e-05
2226, 2896, 1.4658578878841019e-05
1905, 2656, 1.449529821496812e-05
226, 2092, 1.4453746119284327e-05
1905, 2696, 1.4439931992941059e-05
2191, -1, 1.4364299872215197e-05
950, 2187, 1.4009926621919094e-05
2517, 2894, 1.392930454221299e-05
499, 609, 1.3763100718655889e-05
2879, -1, 1.3645452930946366e-05
290, 1356, 1.3424973298252089e-05
1905, 2813, 1.3407501057001854e-05
1778, 2096, 1.3354884216092092e-05
950, 1191, 1.298182113569661e-05
1732, 2923, 1.2591909777388586e-05
2276, -1, 1.255783076060819e-05
226, 1135, 1.2211031008354952e-05
1154, 1249, 1.1796304725489893e-05
153, 172, 1.1719464173921968e-05
226, 295, 1.1531761216101024e-05
1739, 2112, 1.1505145019623965e-05
2016, 2096, 1.1418740797160742e-05
885, 1356, 1.0711845163583862e-05
182, 325, 1.0660235794782252e-05
238, 391, 1.0546613436459375e-05
2553, 2656, 1.0477801790039986e-05
636, 672, 1.0431699383917886e-05
750, 937, 1.0053919850299876e-05
576, 609, 9.821165819988072e-06
0, 295, 9.788214936502012e-06
346, 654, 9.710178896365875e-06
226, 2923, 9.309237002689852e-06
1757, 2112, 9.19795497655716e-06
1739, -1, 9.170841619717962e-06
1542, 2923, 9.102032023545508e-06
251, 926, 8.88098131730184e-06
1100, 1240, 8.808070301211976e-06
2383, 2656, 8.756014481920761e-06
2383, 2696, 8.577764895647003e-06
636, 926, 8.495079820287162e-06
446, 633, 8.260016068253023e-06
906, 1246, 8.086025529459426e-06
346, 609, 8.03916935883677e-06
3177, -1, 8.010436462142664e-06
750, 1135, 7.932103991911886e-06
182, 633, 7.814191081143092e-06
486, 627, 7.70209873853997e-06
153, 926, 7.696747350189755e-06
2517, 2643, 7.671251785372211e-06
505, 926, 7.576792522406557e-06
0, 1135, 7.504371040354614e-06
505, 627, 7.469930613822796e-06
226, 937, 7.4697517538451405e-06
499, 1246, 7.384984050793845e-06
1019, 1240, 7.2951622736574076e-06
248, 633, 7.074653916670702e-06
226, 1696, 7.063714614648246e-06
3138, -1, 6.957537215015428e-06
1959, -1, 6.881418393297693e-06
950, -1, 6.839374279306922e-06
486, 926, 6.776821557381701e-06
2973, 3134, 6.609721272352978e-06
1596, 1696, 6.558342271925851e-06
2553, 2706, 6.49527611498224e-06
446, 1356, 6.4653129598309426e-06
290, 633, 6.4484293214998595e-06
1076, 1246, 6.357939525680972e-06
1757, -1, 6.250679102990435e-06
238, 415, 6.151991529852468e-06
329, 672, 6.035666321988095e-06
499, 514, 5.990305644817993e-06
580, 926, 5.7567911532310326e-06
778, 886, 5.743161179563025e-06
226, 845, 5.7219112126569e-06
2565, -1, 5.676160945257518e-06
906, 1249, 5.658106189106074e-06
1563, 1741, 5.447324138319495e-06
857, 1020, 5.392850415547448e-06
346, 1246, 5.26245898395255e-06
251, 1020, 5.213588252143806e-06
499, 1249, 5.198839128241511e-06
172, 672, 5.192389876096469e-06
2553, 2813, 5.180680857900308e-06
750, 845, 5.100831100149078e-06
226, 1240, 4.964123956035033e-06
1067, 1356, 4.8937064519282635e-06
603, 633, 4.89301254119386e-06
950, 1360, 4.809093083387182e-06
505, 1020, 4.719779162431139e-06
950, 1053, 4.6266836374473096e-06
251, 627, 4.576193229814705e-06
153, 1020, 4.518281677274805e-06
499, 957, 4.490599867857707e-06
1076, 1249, 4.454051398098379e-06
238, 654, 4.4538856653319275e-06
861, 886, 4.372973669596433e-06
251, 514, 4.344323515772372e-06
486, 1020, 4.331623958676585e-06
440, 886, 4.329747970461583e-06
576, 1135, 4.294397137884577e-06
810, 957, 4.27555778296288e-06
0, 370, 4.265882078291983e-06
407, 672, 4.255727126130835e-06
636, 1020, 4.082062468296788e-06
603, 672, 4.011045837396745e-06
2517, 2839, 3.968719434938659e-06
1425, 1500, 3.964247286857791e-06
346, 415, 3.915529992248384e-06
1922, -1, 3.903696752233808e-06
248, 325, 3.8994839997497e-06
1106, 1246, 3.840295228727203e-06
420, 633, 3.789247954993837e-06
1563, 1732, 3.7566801231759376e-06
2302, -1, 3.7543933329818386e-06
2517, 2824, 3.7281302248009983e-06
346, 541, 3.7178538443527315e-06
395, 926, 3.7171573934141225e-06
346, 1249, 3.704933199018117e-06
0, 845, 3.6682126869155494e-06
0, 937, 3.6238886115086374e-06
407, 428, 3.6195819335713636e-06
153, 627, 3.599291634184054e-06
238, 609, 3.5794789303626036e-06
346, 391, 3.5602329113048873e-06
346, 957, 3.5384466209998017e-06
2571, -1, 3.464114968477762e-06
781, 926, 3.4635784256832877e-06
499, 814, 3.3873197384603666e-06
857, 926, 3.3410344974033088e-06
420, 1356, 3.3259975049364066e-06
1100, 1135, 3.246129025791206e-06
411, 886, 3.237245386161574e-06
2795, -1, 3.2014733892080327e-06
1106, 1249, 3.1860261365039922e-06
977, 1356, 3.148431764279019e-06
238, 1246, 3.0562625446357088e-06
153, 514, 2.9503607733518804e-06
395, 627, 2.940553839698638e-06
2973, 3197, 2.9051511461381208e-06
1425, 1591, 2.866236619859468e-06
1019, 2092, 2.7905265048325574e-06
1425, 2879, 2.786722704251559e-06
226, 830, 2.7621895142658755e-06
580, 1020, 2.751499261213473e-06
576, 937, 2.72344004502885e-06
576, 845, 2.7161223014956185e-06
770, 926, 2.7098222561494036e-06
906, 957, 2.685758573387936e-06
2016, 2187, 2.6645557265773427e-06
1596, 2092, 2.6618146741930737e-06
1970, 2096, 2.6419920043049688e-06
861, 1356, 2.57850998563008e-06
0, 251, 2.5613868986695027e-06
2973, 3211, 2.516705093189856e-06
1563, 2170, 2.500394256992813e-06
663, 926, 2.4502113004904416e-06
1754, -1, 2.4376554123574416e-06
395, 514, 2.369859150471166e-06
346, 814, 2.3617938179424448e-06
917, 1356, 2.3150922106176983e-06
750, 1240, 2.240175129492033e-06
0, 17, 2.221858288224625e-06
182, 672, 2.206051797792107e-06
1019, 1696, 2.202573260702638e-06
395, 1020, 2.1859001882137123e-06
238, 1249, 2.151769362256347e-06
838, 886, 2.114098144212711e-06
238, 329, 2.0850285339150162e-06
238, 957, 2.0550083252708716e-06
1864, 2092, 2.033441532915053e-06
1425, 2155, 2.003603178910809e-06
1322, 1356, 1.989529377770502e-06
226, 1047, 1.962255907146e-06
1754, 2068, 1.932926753872405e-06
647, 926, 1.8939661457302194e-06
92, 886, 1.8684734902436528e-06
906, 1135, 1.865900949545968e-06
2517, 2662, 1.863867604111616e-06
750, 2092, 1.8285554820877423e-06
810, 1246, 1.817401130694125e-06
1732, 2096, 1.7888534589275848e-06
251, 391, 1.7743439083623486e-06
1100, 2092, 1.771745627274989e-06
0, 830, 1.7714015838531723e-06
810, 1249, 1.7574697382629227e-06
505, 654, 1.7286084462332074e-06
2440, 2643, 1.7227227513013378e-06
248, 672, 1.698557788211919e-06
1100, 1696, 1.6950002519874456e-06
446, 672, 1.666674489966084e-06
486, 654, 1.6040212846213323e-06
290, 672, 1.5661952146928053e-06
758, 1356, 1.5143132434599032e-06
647, 672, 1.5031243508351741e-06
226, -1, 1.4823835798013887e-06
1019, 1191, 1.456234672723786e-06
238, 814, 1.4514745083839834e-06
750, 1696, 1.44619593539919e-06
172, 182, 1.4291587923578911e-06
750, 830, 1.4253326960356088e-06
750, 935, 1.3876756481157797e-06
781, 1020, 1.3628403371210626e-06
616, 633, 1.354172638609267e-06
616, 672, 1.352889188823917e-06
950, 2068, 1.317630529483223e-06
226, 935, 1.2989596078526395e-06
580, 627, 1.2304636461058983e-06
603, 926, 1.211822189540616e-06
329, 926, 1.211672392909116e-06
2449, -1, 1.1992964522081547e-06
238, 541, 1.1865029903428199e-06
172, 926, 1.1781695654568417e-06
576, 830, 1.1365558353027186e-06
499, 1135, 1.1208913388012418e-06
153, 248, 1.1166671666013038e-06
226, 383, 1.1162248407734092e-06
750, 1047, 1.1112604924983852e-06
663, 1020, 1.1091118412204087e-06
251, 415, 1.1090539116874641e-06
440, 633, 1.0963732437862533e-06
153, 391, 1.0837657226962376e-06
1530, -1, 1.0765715419177695e-06
730, 886, 1.0573627937468595e-06
290, 325, 1.0571466780799986e-06
2479, -1, 1.0054032206453578e-06
329, 514, 9.97771180331778e-07
486, 609, 9.563395951849283e-07
770, 1020, 9.470076898058549e-07
663, 672, 9.209303110733894e-07
499, 541, 8.794692853345527e-07
0, 29, 8.728170559691588e-07
2497, 2643, 8.547819799195295e-07
505, 609, 8.541606496370129e-07
3004, 3127, 8.510004223814051e-07
251, 654, 8.139806132190208e-07
346, 1135, 7.955482588985435e-07
1298, 1696, 7.785823606120637e-07
950, 1512, 7.746813765217208e-07
1425, 2643, 7.705653690272019e-07
647, 1020, 7.585223891215056e-07
226, 1191, 7.512000222381162e-07
420, 672, 7.49476394387923e-07
440, 1356, 7.431991935427477e-07
1584, 1696, 7.30394841956261e-07
226, 251, 7.294159957159139e-07
329, 627, 7.288738433861931e-07
153, 654, 7.157173176432862e-07
950, 1299, 7.109345719992307e-07
329, 1020, 7.108227849720614e-07
407, 926, 6.973732816813286e-07
172, 1020, 6.917094693732295e-07
1614, 1696, 6.857119495989695e-07
0, 22, 6.790757646053966e-07
1100, 1191, 6.603395028851835e-07
251, 609, 6.515989087598771e-07
238, 248, 6.35688852699624e-07
411, 633, 6.308211904858298e-07
407, 627, 6.233410292930273e-07
486, 514, 6.081457127018924e-07
499, 845, 5.84031077127841e-07
238, 370, 5.807041233420264e-07
2565, 2656, 5.737753424470936e-07
153, 329, 5.688120902933766e-07
616, 926, 5.562314062265359e-07
153, 415, 5.485586695883067e-07
499, 937, 5.385955591217552e-07
576, 1696, 5.306307314312199e-07
1425, 2140, 5.291622521876101e-07
172, 627, 5.24142261427692e-07
182, 926, 5.084557167760202e-07
810, 937, 4.936651943717777e-07
1425, 1569, 4.882936545071734e-07
346, 937, 4.86662535598097e-07
411, 1356, 4.851604849924618e-07
395, 654, 4.783383608956443e-07
810, 1135, 4.78242057823501e-07
153, 609, 4.773887269599826e-07
1530, 2187, 4.7641644789795027e-07
395, 609, 4.721785766040949e-07
172, 514, 4.690380997838802e-07
580, 654, 4.67156302266281e-07
3004, 3207, 4.6314243091425436e-07
238, 1135, 4.619526915024723e-07
1542, 2096, 4.5359733661570847e-07
950, 1381, 4.52301021230198e-07
603, 1020, 4.469991430916874e-07
636, 814, 4.454858943951333e-07
1100, 1360, 4.2835525895880637e-07
750, 1191, 4.280855047165476e-07
576, 2092, 4.1796190012349584e-07
407, 514, 4.1251549409262576e-07
248, 926, 4.1168576488205124e-07
1019, 1360, 3.996988142385776e-07
576, 935, 3.980961270446166e-07
226, 1360, 3.8361862098772354e-07
885, 1020, 3.8106433566541786e-07
226, 2096, 3.7475470638457515e-07
346, 845, 3.7210564744122036e-07
950, 1332, 3.671731442522077e-07
92, 428, 3.5278379394262915e-07
251, 957, 3.4818047949467685e-07
290, 926, 3.427921621839215e-07
2440, 2662, 3.381397580425981e-07
420, 428, 3.3391501528148216e-07
226, 588, 3.2640739935707416e-07
238, 295, 3.263174948326654e-07
92, 1356, 3.245087165392902e-07
407, 1020, 3.226417826672851e-07
153, 193, 3.219174024681348e-07
0, 383, 3.1834577416520336e-07
1563, 1662, 3.1679964126590916e-07
505, 514, 3.1028391471767435e-07
153, 957, 3.017456317611347e-07
1990, 2092, 2.981138726397272e-07
1973, 2112, 2.9737229546802994e-07
251, 329, 2.9229951452017307e-07
238, 937, 2.82636893917293e-07
750, -1, 2.7780623139859206e-07
1076, 1135, 2.753414509474741e-07
3004, 3246, 2.7247427271037074e-07
226, 543, 2.7240833734149504e-07
182, 1020, 2.6382514662140796e-07
251, 814, 2.5695552549561757e-07
446, 627, 2.411936447595123e-07
750, 1360, 2.392145360447834e-07
1019, -1, 2.3691694431982094e-07
576, -1, 2.357791022442443e-07
1298, 2092, 2.355260782902279e-07
580, 814, 2.3324086349402058e-07
505, 814, 2.2764372056848435e-07
1973, 2068, 2.271941036621374e-07
153, 814, 2.2268940509061474e-07
182, 627, 2.2249085104736216e-07
600, 886, 2.1927080028133047e-07
440, 672, 2.182118809206814e-07
290, 514, 2.176269165847261e-07
251, 541, 2.170458321893658e-07
238, 845, 2.165034466120299e-07
576, 1191, 2.103945177462665e-07
1154, 1696, 2.0984102194102907e-07
248, 1020, 2.0975799499779284e-07
182, 514, 2.06356164182572e-07
248, 627, 2.048751127787143e-07
0, 1360, 2.045241507894253e-07
0, 588, 2.026276166235098e-07
248, 514, 1.9900756170451825e-07
120, 886, 1.9123311961281847e-07
92, 633, 1.9101405277299774e-07
486, 814, 1.906294364321387e-07
616, 1020, 1.894615556873222e-07
172, 391, 1.8906537422255763e-07
290, 627, 1.8607675764334738e-07
346, 830, 1.7580042772263717e-07
153, 295, 1.7468734010687186e-07
290, 1020, 1.741205561756929e-07
92, 325, 1.712620808835717e-07
446, 926, 1.6923359049763658e-07
950, 2112, 1.684797161705456e-07
906, 937, 1.6020972003371966e-07
1754, 2112, 1.5918155233729944e-07
0, 543, 1.560648296916785e-07
395, 541, 1.551739568463968e-07
153, 541, 1.5260994981233423e-07
92, 182, 1.5187666004249608e-07
1298, 1360, 1.4612170352947608e-07
99, 886, 1.4012503246002998e-07
3004, 3173, 1.3968777972055472e-07
3004, 3225, 1.3687578649058314e-07
1614, 2092, 1.3409127882846573e-07
499, 1696, 1.3386235659947296e-07
758, 926, 1.3209517090674006e-07
329, 654, 1.316826136305647e-07
411, 672, 1.2924641080315873e-07
172, 248, 1.2218880340838988e-07
499, 830, 1.167511224988185e-07
420, 627, 1.1226289186302407e-07
636, 654, 1.1109974856017013e-07
603, 627, 1.1031363537774908e-07
885, 926, 1.082509203953017e-07
92, 172, 1.0768735013526187e-07
576, 1360, 1.074334177347444e-07
172, 654, 1.0672825425829514e-07
810, 814, 1.057795627609482e-07
329, 609, 1.055171520832501e-07
346, 370, 1.0482060360090132e-07
663, 814, 1.0454261891505283e-07
238, 830, 1.0451465040410648e-07
906, 1696, 1.0303360410343715e-07
1154, 1360, 1.02276382705956e-07
1770, 2092, 9.996516221020399e-08
407, 609, 9.985065172524424e-08
407, 654, 9.904017822329133e-08
1019, 2096, 9.657758396338603e-08
1916, 2092, 9.586316844954007e-08
580, 609, 9.385329233751591e-08
172, 415, 9.207686214711002e-08
251, 370, 9.199865617587731e-08
346, 1696, 9.197564709580629e-08
411, 428, 8.92587718080184e-08
172, 329, 8.801161236893324e-08
182, 391, 8.691554588674594e-08
647, 814, 8.48089230278691e-08
346, 935, 8.462864593480837e-08
346, -1, 8.370585813010742e-08
1100, 1299, 8.352961449393436e-08
420, 926, 8.310624217626366e-08
251, 1135, 8.133175168886167e-08
248, 391, 8.104953033072203e-08
2517, 3127, 7.894780159934016e-08
153, 370, 7.769616316825176e-08
329, 391, 7.71852697555354e-08
486, 541, 7.694655506652245e-08
329, 415, 7.559183595704972e-08
172, 609, 7.280545151885816e-08
395, 814, 7.128163871687871e-08
153, 1135, 7.05004112847702e-08
906, 1191, 6.925404162829903e-08
810, 935, 6.550795829861227e-08
446, 514, 6.414901838690935e-08
1019, 1299, 5.8926154365882966e-08
226, 1512, 5.7149024689733065e-08
420, 514, 5.67117201129384e-08
3035, 3127, 5.4441384751086376e-08
603, 654, 5.3732532235245116e-08
238, 1696, 5.343853767980651e-08
636, 1135, 5.1984659160402833e-08
92, 672, 5.123256911628915e-08
636, 845, 4.969434321138165e-08
248, 415, 4.9647703840216175e-08
505, 541, 4.927579840108113e-08
238, 935, 4.914941232130059e-08
226, 1299, 4.893545061513235e-08
810, 845, 4.781848221854879e-08
486, 1135, 4.659082435518959e-08
329, 541, 4.645698013651889e-08
182, 654, 4.5122076806968676e-08
290, 391, 4.503956995202763e-08
1425, 1462, 4.460424106899919e-08
861, 926, 4.2577054426031985e-08
182, 248, 4.2460930434440925e-08
3004, 3134, 4.22362678094515e-08
182, 415, 4.208989375363449e-08
1106, 1135, 4.206924673255712e-08
499, 935, 4.1684372968322736e-08
238, 383, 4.0783505377892587e-08
120, 428, 4.0146231807163244e-08
251, 295, 3.991949966936537e-08
3035, 3207, 3.910383556132533e-08
2123, 2187, 3.878861814673868e-08
251, 937, 3.83514451921945e-08
251, 845, 3.8287157329904395e-08
1019, 1512, 3.824385665205494e-08
580, 1135, 3.803051951284039e-08
226, 1381, 3.786178928478869e-08
1019, 1381, 3.777280724966959e-08
248, 654, 3.7492086546205196e-08
505, 1135, 3.747275078948995e-08
1298, 1512, 3.7236734562697055e-08
1100, 1381, 3.712469400136982e-08
182, 329, 3.700004589059108e-08
603, 814, 3.685173575230589e-08
446, 654, 3.6272856495108344e-08
2517, 3207, 3.540625816028753e-08
446, 609, 3.503117915483828e-08
290, 415, 3.492538282227885e-08
1100, 1332, 3.4725638602752774e-08
290, 654, 3.4594575841263455e-08
950, 1741, 3.3670965029399736e-08
153, 845, 3.318140083565788e-08
346, 543, 3.2871125597547096e-08
810, 1696, 3.2829264330276953e-08
3035, 3246, 3.259676039253564e-08
440, 627, 3.2088533045319145e-08
92, 153, 3.19374808139759e-08
182, 609, 3.181453487042472e-08
2517, 3246, 3.179449215983559e-08
99, 428, 3.103173287244249e-08
750, 1299, 3.089551222817417e-08
346, 588, 3.073718737554928e-08
248, 609, 3.005421097084754e-08
1019, 1332, 2.98097540881872e-08
950, 1531, 2.9683729294656497e-08
616, 627, 2.9321971338094534e-08
407, 541, 2.9235271112333467e-08
1425, 1447, 2.7272720824994598e-08
290, 609, 2.712451510516601e-08
950, 1329, 2.7054318610020755e-08
153, 251, 2.688926839556674e-08
636, 830, 2.6531807191954137e-08
1530, 1741, 2.6407200224297068e-08
3004, 3197, 2.6332295069597705e-08
226, 1332, 2.52293741680552e-08
172, 193, 2.4741464661037626e-08
172, 541, 2.4449457176451236e-08
750, 1381, 2.4383027716379683e-08
329, 814, 2.3996806315880686e-08
172, 814, 2.3832748527448394e-08
172, 295, 2.341688974145878e-08
3004, 3211, 2.319507946696527e-08
120, 325, 2.3110885401850066e-08
750, 1512, 2.1626543469289537e-08
950, 1732, 2.1336452986140227e-08
120, 633, 2.101103339345266e-08
1298, 1381, 2.088461122875205e-08
950, 1492, 2.084004021937595e-08
395, 415, 2.0697085081582584e-08
778, 926, 1.9634218408138874e-08
1100, 1512, 1.9134534829743237e-08
1425, 3127, 1.8618743633648854e-08
251, 830, 1.8492133477436408e-08
2440, 3127, 1.7487140224070047e-08
576, 1299, 1.7457697720741366e-08
99, 633, 1.7048582439768947e-08
1154, 1299, 1.691436211544375e-08
238, 251, 1.676651589810979e-08
750, 1332, 1.6742600708738253e-08
411, 627, 1.6120310559903228e-08
226, 781, 1.6040806110090876e-08
153, 830, 1.602612823757631e-08
3035, 3225, 1.599067053390685e-08
99, 325, 1.5852362878282975e-08
420, 609, 1.5599743420321603e-08
420, 654, 1.545357021622249e-08
1563, 1998, 1.4936161298698877e-08
248, 329, 1.4375726053416559e-08
499, 588, 1.367683542449348e-08
172, 370, 1.3643133652858085e-08
2517, 3225, 1.3616096269509903e-08
1905, 1962, 1.3589296213921261e-08
576, 1381, 1.3549057219547728e-08
576, 1512, 1.3253997774326193e-08
616, 654, 1.3212028733283348e-08
810, 830, 1.3070802012930146e-08
580, 830, 1.2860437065797716e-08
238, 588, 1.2650581253026422e-08
647, 654, 1.2259234438578949e-08
99, 182, 1.218556937949662e-08
0, 1696, 1.1954043913436614e-08
616, 814, 1.1665518759468375e-08
576, 588, 1.1615692086693252e-08
3035, 3173, 1.1305114280945456e-08
411, 514, 1.1012283600890148e-08
346, 383, 1.0952354824668112e-08
182, 541, 1.0787621039135512e-08
238, 543, 1.0573110958884397e-08
950, 1026, 1.0017035586689523e-08
248, 541, 9.993347985439115e-09
290, 541, 9.859619442773246e-09
505, 830, 9.850168719290225e-09
120, 182, 9.598990175370044e-09
440, 514, 9.475183400355806e-09
2517, 3173, 9.392243777805517e-09
576, 1332, 9.358295655901675e-09
576, 781, 9.354883512241389e-09
1154, 1381, 9.208534835528018e-09
182, 295, 9.137151493264703e-09
0, 1299, 9.038018062141287e-09
1154, 1332, 8.90798281329991e-09
99, 172, 8.228831940346192e-09
1905, 2140, 8.226278670652939e-09
1596, 2096, 8.18534020461518e-09
0, 1381, 7.398790664396385e-09
663, 830, 7.361991017628859e-09
1584, 2092, 7.252400094549777e-09
182, 193, 6.951323114427692e-09
251, 383, 6.703882510591481e-09
2497, 3127, 6.6802382849973714e-09
600, 633, 6.329794238213306e-09
1530, 2068, 6.2557814248055415e-09
182, 370, 6.228623807340274e-09
2440, 3246, 6.198431644722251e-09
120, 172, 6.07649421314582e-09
1425, 3246, 5.8825906666790555e-09
0, 1332, 5.791817656514529e-09
603, 609, 5.783148319872165e-09
428, 633, 5.739962858867052e-09
92, 627, 5.418673039422824e-09
446, 541, 5.2383001722271405e-09
2400, 3127, 5.086264608258128e-09
499, 1299, 4.59814608392381e-09
2535, 3127, 4.57642313643765e-09
153, 383, 4.573140908282245e-09
1563, 1962, 4.36618248525401e-09
407, 814, 4.346561121455277e-09
248, 370, 4.323117503420556e-09
440, 609, 4.258977278861232e-09
290, 329, 4.041373038624214e-09
182, 814, 3.94059554040538e-09
420, 541, 3.821835984436987e-09
499, 543, 3.6660389093286476e-09
92, 514, 3.6451640796069637e-09
906, 1299, 3.5597430535553353e-09
407, 415, 3.1994196197791846e-09
248, 814, 3.190529308664153e-09
346, 1299, 3.1880429576574357e-09
770, 814, 3.1658111740419476e-09
172, 251, 2.9858342357254686e-09
92, 248, 2.839497346612665e-09
781, 814, 2.7994279643869484e-09
290, 814, 2.6578582831167602e-09
2440, 3225, 2.653770908046142e-09
329, 370, 2.6438044520810157e-09
1100, 1329, 2.6377205665744095e-09
906, 1381, 2.6100475925329303e-09
1425, 3225, 2.5185480569861465e-09
346, 1381, 2.4663611423288727e-09
1076, 1696, 2.4261742777533263e-09
99, 153, 2.4131433284278696e-09
1298, 1332, 2.4085743822719683e-09
950, 1519, 2.361847321655085e-09
499, 1381, 2.348865303186869e-09
226, 1329, 2.316305143278875e-09
2517, 3134, 2.3082460080905474e-09
251, 588, 2.294888004651424e-09
1019, 1329, 2.2560524846729742e-09
750, 781, 2.1816523405061616e-09
248, 295, 2.008130275650018e-09
290, 370, 1.999457323154198e-09
1425, 3173, 1.9684064094240525e-09
251, 543, 1.9324837444495638e-09
92, 193, 1.9308561257749463e-09
238, 1299, 1.7522709853073815e-09
0, 11, 1.6365468777376305e-09
120, 153, 1.5497768721701757e-09
3035, 3134, 1.4327361098954981e-09
1106, 1299, 1.4086580633889034e-09
750, 1329, 1.0586131768276164e-09
182, 251, 1.0469305687054781e-09
2226, 3127, 1.015299662221191e-09
346, 781, 9.662035427069288e-10
499, 781, 7.200113350711648e-10
105, 428, 6.498057806892976e-10
238, 781, 6.069470262768164e-10
1106, 1696, 5.603144610968241e-10
120, 514, 4.3553823739594397e-10
92, 391, 3.697213473689607e-10
486, 830, 3.5132725350799436e-10
105, 182, 3.4071658532800924e-10
96, 428, 3.375977572811966e-10
99, 514, 3.3515552210721356e-10
1425, 2226, 3.2353612443853747e-10
0, 935, 3.102439160029607e-10
0, 781, 2.8944333816462744e-10
105, 172, 2.8764565881066093e-10
92, 415, 2.6747249549152257e-10
290, 295, 2.424979962018331e-10
96, 182, 2.135299322325421e-10
105, 325, 2.0889402237881305e-10
172, 383, 2.0422682483853708e-10
92, 329, 1.8853374715602042e-10
96, 172, 1.849300531075852e-10
92, 295, 1.775285432306942e-10
636, 781, 1.5709966639316541e-10
96, 325, 1.025684159552339e-10
182, 383, 9.472499068494527e-11
0, 241, 9.0036585542421e-11
120, 248, 8.733247693532746e-11
105, 153, 8.126564277538627e-11
99, 248, 7.985946885652606e-11
248, 383, 7.983522200002161e-11
428, 514, 7.981981654841471e-11
411, 609, 7.429165656794538e-11
329, 383, 6.46678277239874e-11
96, 153, 5.5212497197382946e-11
226, 364, 5.2109746647016045e-11
99, 193, 5.210188425189156e-11
92, 130, 5.052150818815451e-11
120, 391, 4.4342253163779765e-11
120, 193, 4.378413762230806e-11
290, 383, 4.1792580743028144e-11
226, 545, 4.0118567168228205e-11
446, 814, 3.5312314984261885e-11
99, 391, 3.361300178772431e-11
411, 415, 3.2510968101386755e-11
120, 415, 3.14845526950744e-11
248, 251, 2.644214047111378e-11
120, 329, 2.5907476119454388e-11
440, 541, 2.54400009707226e-11
99, 415, 2.4355460144363855e-11
92, 370, 2.428897936414599e-11
411, 541, 2.344581440402118e-11
120, 295, 2.270109796009852e-11
226, 1053, 2.1860971022056155e-11
92, 251, 2.0578467336710578e-11
92, 96, 2.0431306968855095e-11
0, 545, 2.005858327640851e-11
99, 329, 1.784487361268472e-11
99, 295, 1.6833058068261302e-11
105, 514, 1.3448007506368657e-11
750, 1053, 1.2203662006781684e-11
96, 514, 6.9715389749085854e-12
226, 241, 5.6710815078468814e-12
92, 541, 4.940268931447463e-12
346, 545, 4.799917898579066e-12
99, 130, 3.5952965022152755e-12
105, 248, 3.1094545089521024e-12
120, 370, 3.092741521106874e-12
99, 370, 2.2586703603523515e-12
120, 251, 2.041200636996801e-12
105, 193, 1.885128003758464e-12
120, 130, 1.878745340351603e-12
99, 251, 1.840629948741985e-12
238, 364, 1.8097482451562063e-12
96, 248, 1.701854794502314e-12
238, 545, 1.5563847126169687e-12
153, 543, 1.3851565724464415e-12
105, 391, 1.3599667984033908e-12
92, 383, 1.2961898851181357e-12
96, 193, 1.1517033568603126e-12
105, 415, 9.824911321088613e-13
395, 543, 9.067497235265648e-13
105, 329, 7.461978741901206e-13
96, 391, 7.02468592894244e-13
105, 295, 6.941894094314171e-13
499, 545, 5.362584387994656e-13
0, 364, 5.232539645247341e-13
153, 588, 5.144025648704746e-13
96, 415, 5.075128163391136e-13
120, 541, 4.924564809267169e-13
329, 543, 4.1744228375926556e-13
99, 541, 3.894820330905464e-13
96, 329, 3.6565087979102694e-13
395, 588, 3.505559298189026e-13
505, 588, 3.374388505969436e-13
96, 295, 2.8843671566950145e-13
251, 364, 2.819429811290649e-13
486, 543, 2.6976626066473495e-13
153, 241, 2.6909314820642304e-13
346, 364, 2.68389058562997e-13
153, 364, 2.6573163437440597e-13
505, 543, 2.647991356124717e-13
251, 545, 2.645958673585755e-13
486, 588, 2.43169100000046e-13
407, 543, 2.280403778844972e-13
172, 543, 2.2202238756719549e-13
153, 545, 1.861358375817619e-13
120, 383, 1.5989122557716405e-13
425, 428, 1.3265446551500782e-13
395, 545, 1.2329933488487348e-13
238, 241, 1.2257555330220555e-13
99, 383, 1.1978177329869232e-13
105, 130, 1.1464517019795506e-13
182, 543, 9.799507479851935e-14
248, 543, 9.068340713969835e-14
290, 543, 8.887837843724992e-14
96, 130, 8.443968759743635e-14
329, 588, 6.539223758558799e-14
329, 545, 5.5515126389745906e-14
407, 588, 5.2001896456209866e-14
446, 543, 5.0299431742459387e-14
172, 364, 4.6161286119127284e-14
486, 545, 3.836824385890451e-14
505, 545, 3.818548482387565e-14
420, 543, 3.421776979379738e-14
105, 251, 3.337888726458275e-14
407, 545, 3.119542336201913e-14
172, 545, 2.987104353098561e-14
172, 241, 2.8407339588992495e-14
182, 364, 2.087251739794343e-14
96, 251, 1.8158888503477927e-14
248, 364, 1.3529089496568037e-14
182, 545, 1.1503149435151941e-14
248, 545, 1.0635761822448093e-14
290, 545, 1.0358260925796618e-14
182, 241, 9.662810517777391e-15
105, 370, 9.025752563313534e-15
329, 364, 7.199034549485477e-15
446, 545, 6.104777548096705e-15
96, 370, 4.605614783316024e-15
92, 241, 7.65991318884088e-16
105, 383, 1.8855614663587068e-16
96, 383, 9.704812516387069e-17
120, 241, 7.140821126690809e-17
99, 241, 6.744120020355249e-17
290, 364, 2.7671506918392084e-17
105, 241, 2.601571040576416e-18
56, 92, 1.7113042618294684e-18
96, 241, 1.4441905632836733e-18
92, 364, 1.290300180554471e-18
56, 172, 8.384970810490633e-19
56, 182, 8.179941282077154e-19
56, 153, 3.085492139626863e-19
120, 364, 1.6709868758289231e-19
99, 364, 1.2042476725348925e-19
56, 428, 2.4530447176703318e-20
56, 325, 1.541557370811962e-20
105, 364, 4.904114523493642e-21
96, 364, 2.4894927145119936e-21
56, 193, 1.980490607666061e-21
56, 248, 1.6317639035543288e-21
56, 130, 6.31004049003712e-22
56, 295, 5.239499012480763e-22
56, 96, 4.174823481989494e-22
56, 329, 6.515886633029486e-23
56, 251, 4.045835136986324e-23
56, 391, 1.562642754223996e-23
56, 370, 7.896202224596588e-26
56, 241, 3.586866217770636e-27
56, 383, 2.4468074896414225e-27
56, 364, 3.6392821366497994e-30
