Gene = Taf12L
index = 1543
Annotated 5SS: [209]
Annotated 3SS: [268]
SMsplice 5SS: [209]
SMsplice 3SS: [268]
length: 651
Partition function (logZ) = -5.601636231496858
#Exons = 568
3SS, 5SS, prob
0, 209, 0.9936214932201208
268, -1, 0.9682384653853869
304, -1, 0.021775292435913838
398, -1, 0.005817473316083558
268, 339, 0.005426881445494667
0, 213, 0.0029085725433590807
0, 170, 0.0028333420963227466
629, -1, 0.001995328347987602
268, 550, 0.0009635217402865186
268, 518, 0.0007732686169686338
280, -1, 0.0007381990099894442
578, -1, 0.0005887803422385274
232, -1, 0.0005314408282098482
0, 184, 0.00030786711679288745
0, 339, 0.00024134596875223795
403, -1, 0.00014766517805915472
268, 398, 6.978093562496208e-05
582, -1, 5.1481544947491846e-05
304, 339, 4.96028813074457e-05
338, -1, 4.378679022662238e-05
0, 550, 2.9968635368880916e-05
304, 550, 2.826951203448154e-05
268, 428, 2.8155634202336566e-05
304, 518, 2.5018542542705084e-05
460, -1, 2.2174458472069335e-05
268, 448, 2.2091440305356183e-05
268, 564, 2.199401994542481e-05
0, 518, 2.0918650279029526e-05
268, 574, 2.0885875998286226e-05
506, -1, 1.826788846825657e-05
0, 24, 1.797984227338113e-05
398, 550, 1.6872947224461282e-05
268, 466, 1.6361386272673655e-05
268, 412, 1.2632358908325677e-05
268, 496, 1.1133610570451896e-05
357, -1, 1.0324902035591449e-05
521, -1, 9.754476663830697e-06
398, 518, 9.603369488262778e-06
0, 250, 9.414631894658169e-06
66, 209, 7.979079755528978e-06
268, 478, 7.023707844724619e-06
105, 209, 5.074527611722282e-06
232, 339, 5.037541788138191e-06
362, -1, 4.309486557340565e-06
268, 534, 4.010730780981214e-06
280, 339, 3.214835821369095e-06
412, -1, 2.9632310791281875e-06
88, 209, 2.5483738801314296e-06
268, 434, 2.4134154938673438e-06
268, 403, 2.217912965363309e-06
0, 123, 1.5772520284685904e-06
268, 374, 1.3586869786238518e-06
0, 398, 1.3298679468914937e-06
0, 149, 1.255900981091777e-06
432, -1, 1.1762721766096455e-06
304, 398, 1.1432184364961035e-06
421, -1, 9.316376108719646e-07
0, 40, 8.388207329569961e-07
448, -1, 8.063702786087e-07
590, -1, 7.968124550007472e-07
280, 550, 7.905260468288149e-07
0, 564, 7.102190559644425e-07
0, 574, 6.897038878752997e-07
280, 518, 6.590309127520204e-07
304, 564, 6.188692218368607e-07
304, 428, 5.844177117678323e-07
304, 574, 5.752027818038894e-07
304, 448, 5.377551094330546e-07
0, 428, 4.704454869363124e-07
304, 466, 4.54570517764317e-07
232, 550, 4.4564231091661313e-07
0, 188, 4.3850704978679087e-07
403, 550, 4.317016365196382e-07
398, 564, 4.0690695710752136e-07
398, 574, 3.8978252655615907e-07
0, 448, 3.7761698184868024e-07
304, 496, 3.572554626301473e-07
232, 518, 3.3425510075539207e-07
0, 466, 3.04640927726272e-07
0, 496, 2.5822318413745005e-07
66, -1, 2.5417221897248944e-07
0, 76, 2.3797574456107466e-07
403, 518, 2.3723667967452222e-07
304, 412, 2.3105297907393454e-07
0, 412, 2.2079758024367023e-07
105, -1, 2.1788479213674826e-07
304, 478, 2.0986833927940485e-07
123, 209, 1.4411366032032748e-07
0, 478, 1.4188350939252618e-07
304, 534, 1.2447158787565362e-07
0, 534, 1.1776756092605206e-07
268, 299, 9.666087519601871e-08
88, -1, 9.229972207680672e-08
398, 496, 9.052601069450288e-08
338, 550, 8.181781686355253e-08
338, 518, 6.849932206259657e-08
398, 534, 6.158336250605547e-08
398, 466, 6.120082590935655e-08
304, 434, 5.255881292867127e-08
460, 550, 5.094441079594711e-08
280, 398, 4.931435116053387e-08
398, 448, 4.7786892501696935e-08
0, 403, 4.0769040159589695e-08
0, 434, 4.022898494107257e-08
232, 398, 4.010472173425102e-08
304, 403, 3.780249531137156e-08
398, 478, 3.6667483487022456e-08
0, 374, 3.314214700765319e-08
398, 428, 3.10594411038501e-08
66, 213, 2.382491525984343e-08
357, 550, 2.347262004891393e-08
132, 209, 2.2693148721310353e-08
280, 428, 2.15466561321007e-08
506, 550, 2.079972002932956e-08
304, 374, 1.8151892656129384e-08
460, 518, 1.8111221915908042e-08
280, 564, 1.7871463106066032e-08
280, 448, 1.7812911659390053e-08
357, 518, 1.7753502189618925e-08
232, 250, 1.7483768533284795e-08
280, 574, 1.6897835838852155e-08
66, 170, 1.676288770981821e-08
105, 213, 1.567651890275272e-08
280, 466, 1.3719891943435333e-08
0, 299, 1.3532002556200448e-08
232, 428, 1.2857445672067775e-08
403, 564, 1.057556839474539e-08
232, 564, 1.0301917646989242e-08
362, 550, 1.0248203955061808e-08
403, 574, 1.02393773862798e-08
232, 574, 9.834333280684698e-09
280, 496, 9.620267835230758e-09
280, 412, 9.259958933448059e-09
137, 209, 9.166346481010878e-09
232, 448, 8.984567233723343e-09
412, 550, 8.680566657365562e-09
123, -1, 7.951253005327817e-09
88, 213, 7.757458485867628e-09
521, 550, 7.70051733760331e-09
398, 412, 7.656027403227816e-09
362, 518, 7.507412943486484e-09
105, 170, 7.470721603570141e-09
232, 412, 6.495196520603121e-09
232, 466, 6.310733187134284e-09
466, -1, 6.245632009953116e-09
280, 478, 5.999484449901879e-09
412, 518, 4.480778714548998e-09
232, 496, 4.460664853967796e-09
88, 170, 4.421720137040609e-09
506, 518, 4.350831755134922e-09
280, 534, 3.349148646670476e-09
398, 434, 3.2836283922329003e-09
432, 550, 3.2780184446898294e-09
232, 478, 2.703469655812431e-09
421, 550, 2.692947425145328e-09
403, 496, 2.1819866971578356e-09
66, 184, 2.0706534415951964e-09
448, 550, 2.049322287420476e-09
280, 434, 1.8769388152003387e-09
232, 534, 1.8086688406517074e-09
338, 564, 1.7406858176520804e-09
460, 574, 1.6341279526582857e-09
105, 339, 1.6264500676856463e-09
280, 403, 1.5878129923292174e-09
338, 574, 1.567210998084295e-09
403, 534, 1.547806258439504e-09
460, 564, 1.48884054462371e-09
432, 518, 1.4683392194529703e-09
66, 339, 1.441741869643848e-09
132, -1, 1.4386520235786835e-09
403, 466, 1.415753791661319e-09
421, 518, 1.3054842353411436e-09
338, 398, 1.291825721527245e-09
184, 209, 1.2824388104339078e-09
232, 403, 1.224644590136633e-09
403, 448, 1.0722657919651958e-09
232, 434, 1.0592914823689848e-09
105, 184, 1.0581088759994567e-09
232, 374, 9.444224583686912e-10
157, 209, 9.131392421734779e-10
338, 448, 9.105166228062527e-10
506, 574, 9.079086316409221e-10
280, 374, 9.013819746919559e-10
398, 403, 8.973596197776308e-10
338, 466, 8.806571233116043e-10
403, 478, 8.634626024497638e-10
338, 496, 8.628719957356921e-10
338, 428, 8.524327282614675e-10
448, 518, 8.098488706260123e-10
506, 564, 7.329650720539528e-10
403, 428, 6.694129764678696e-10
137, -1, 6.420670976825141e-10
88, 339, 5.993156061911396e-10
88, 184, 5.867935471640529e-10
114, 209, 5.388160395746172e-10
357, 564, 5.082499702533493e-10
144, 209, 4.891453482255947e-10
357, 574, 4.5814536898598035e-10
123, 213, 4.5286164562763804e-10
338, 478, 4.4521521033438104e-10
521, 574, 3.830919863471196e-10
338, 534, 3.5829210258134724e-10
184, -1, 3.1191242149982175e-10
338, 412, 2.9634419546274014e-10
521, 564, 2.938268198876187e-10
423, -1, 2.5910181717434597e-10
362, 564, 2.2394335022264374e-10
412, 564, 2.187696180740073e-10
412, 574, 2.1607776294550865e-10
357, 496, 2.0394649448990993e-10
362, 574, 2.026047353081799e-10
357, 398, 1.8991816919039953e-10
357, 466, 1.8368817523741583e-10
357, 448, 1.7607929631998547e-10
123, 170, 1.7339392981679613e-10
403, 412, 1.5874085656914342e-10
357, 428, 1.4987165424730966e-10
460, 534, 1.4827557723643764e-10
232, 299, 1.393475134830795e-10
66, 550, 1.348511935804191e-10
460, 496, 1.1585624150021129e-10
105, 550, 1.1467829358722208e-10
357, 534, 9.832891800469925e-11
357, 478, 9.755064126680432e-11
432, 574, 9.075232639639902e-11
66, 518, 8.859736897991163e-11
432, 564, 8.785453920076631e-11
362, 496, 8.404284062017286e-11
66, 250, 8.383243578508115e-11
105, 518, 8.322582605232115e-11
338, 434, 8.022109512212497e-11
157, -1, 7.98093296909167e-11
105, 250, 7.577000673283374e-11
362, 466, 7.327646407114944e-11
132, 213, 7.196334397426995e-11
403, 434, 7.169137419039617e-11
421, 574, 7.034944766486564e-11
123, 339, 7.007512863138603e-11
421, 564, 6.979634116271175e-11
362, 448, 6.878023724288457e-11
362, 398, 6.853551251624934e-11
448, 574, 6.165407018938993e-11
160, 209, 5.886771240070434e-11
448, 564, 5.764902815390132e-11
362, 428, 5.691652096340274e-11
88, 550, 4.8217587326817695e-11
280, 299, 4.775372263123959e-11
357, 412, 4.758222404640909e-11
506, 534, 4.7321836252798504e-11
338, 403, 4.477386989217942e-11
362, 534, 4.2304724505486245e-11
460, 466, 4.0119349259919986e-11
362, 478, 3.941915331875835e-11
412, 496, 3.935234813192173e-11
88, 518, 3.3343128361797705e-11
88, 250, 3.2651732338946507e-11
460, 478, 3.2139864831134675e-11
412, 534, 3.015551262109656e-11
137, 213, 2.923309024436885e-11
123, 184, 2.6622005638600986e-11
132, 170, 2.4369306512310857e-11
412, 466, 2.3598184729148443e-11
362, 412, 1.762530035271368e-11
412, 448, 1.6859988578243205e-11
338, 374, 1.585488015489338e-11
521, 534, 1.575457758444651e-11
412, 478, 1.4891731151780127e-11
357, 434, 1.452232040225876e-11
132, 339, 1.398142221963037e-11
466, 550, 1.3559473727777615e-11
432, 496, 1.1485957425295907e-11
421, 496, 1.0911231937882681e-11
432, 534, 1.0626457355849138e-11
412, 428, 9.738162592551438e-12
137, 170, 9.203355736553945e-12
421, 534, 9.068776450467813e-12
201, 209, 7.754180317268271e-12
66, 398, 6.918417983382921e-12
357, 403, 6.797387916520954e-12
105, 398, 6.786061685721814e-12
137, 339, 6.486261843590865e-12
448, 534, 6.2646802700649816e-12
421, 466, 6.007495144132096e-12
448, 496, 5.681641684444663e-12
432, 466, 5.642355102605989e-12
362, 434, 5.571206954004476e-12
466, 518, 4.552001591241704e-12
184, 213, 4.376582957261917e-12
123, 550, 4.355101970326284e-12
184, 339, 4.1306030921309924e-12
421, 448, 4.028683672053218e-12
421, 478, 3.933462743152283e-12
132, 184, 3.905967179438111e-12
432, 478, 3.8809236535120656e-12
432, 448, 3.4737241202948422e-12
66, 564, 3.2686299080757158e-12
123, 518, 3.2595271507434507e-12
66, 574, 3.18679588435283e-12
157, 213, 2.9870268401604207e-12
88, 398, 2.6991601684789565e-12
123, 250, 2.528659954975852e-12
362, 403, 2.476618664037674e-12
66, 428, 2.3196210351443164e-12
448, 466, 2.3129976652469006e-12
105, 428, 2.2551556628128e-12
421, 428, 2.1365067480664838e-12
357, 374, 1.9391619287695888e-12
66, 448, 1.7839295418517724e-12
105, 448, 1.7486130243066464e-12
448, 478, 1.7262819020861678e-12
154, 209, 1.6858849874654508e-12
114, 213, 1.6775390305297624e-12
144, 213, 1.573101185830291e-12
137, 184, 1.5152745522696373e-12
66, 466, 1.3780686507360001e-12
105, 466, 1.3651572232211596e-12
157, 339, 1.1423503703007186e-12
66, 412, 1.1213805874137621e-12
66, 496, 1.0983561019746642e-12
105, 412, 1.0914697839220802e-12
105, 496, 1.0831381429498606e-12
412, 434, 1.0693512331389685e-12
178, 209, 1.016642390160235e-12
88, 428, 9.04655357570243e-13
132, 550, 8.258616855969082e-13
114, 170, 7.180664672926184e-13
88, 448, 7.004461135365923e-13
157, 170, 6.757411412876345e-13
362, 374, 6.629564105761749e-13
66, 478, 6.237253600009948e-13
132, 518, 6.216986730985287e-13
105, 478, 6.203520858406042e-13
88, 466, 5.442504306189125e-13
66, 534, 5.115718633953073e-13
105, 534, 4.549557488079805e-13
144, 170, 4.434432814704905e-13
88, 412, 4.365118380893347e-13
132, 250, 4.339290680246508e-13
88, 496, 4.2934001314974393e-13
144, 339, 4.116082905150585e-13
123, 398, 2.683866448829959e-13
423, 518, 2.526293862541052e-13
88, 478, 2.464668616648785e-13
421, 434, 2.411616548626005e-13
66, 403, 2.1034730593035007e-13
105, 403, 2.056050410405807e-13
114, 339, 2.046136900372151e-13
66, 434, 1.9602391271121792e-13
160, 213, 1.9344246090662587e-13
105, 434, 1.9086909542714505e-13
137, 518, 1.906537653272502e-13
137, 250, 1.842626240604592e-13
105, 374, 1.8240040626699357e-13
66, 374, 1.802868534028069e-13
157, 184, 1.2599386954676455e-13
432, 434, 1.230473844696886e-13
184, 518, 1.172137986984986e-13
114, 184, 1.0575972366510203e-13
90, 209, 1.034886605009542e-13
105, 299, 9.803341222285306e-14
66, 299, 8.159386636743093e-14
160, 339, 8.082985980489133e-14
164, 209, 7.703776814442751e-14
144, 184, 7.618169547987338e-14
88, 374, 7.119361602063724e-14
201, 339, 4.690061796434694e-14
184, 250, 4.657009700321894e-14
160, 170, 4.142604056578784e-14
66, 149, 4.0979007480064164e-14
88, 299, 3.61982571033099e-14
168, 209, 3.280217823049897e-14
66, 123, 3.173000793839815e-14
157, 518, 2.98693743383685e-14
123, 448, 2.740799432378196e-14
201, 213, 2.7367200670423547e-14
88, 403, 2.5705249934666652e-14
157, 250, 2.2916602089271212e-14
66, 188, 2.2313246679062673e-14
88, 434, 2.0829901309797495e-14
88, 534, 1.9707301712626784e-14
132, 398, 1.7426494943169853e-14
123, 428, 1.704545012482471e-14
105, 149, 1.4385153366040448e-14
123, 466, 1.3761398393432402e-14
105, 188, 1.18269424219385e-14
144, 250, 1.0581415694964283e-14
123, 496, 9.784074360385586e-15
88, 149, 9.545698377228406e-15
114, 250, 8.706163393680126e-15
137, 398, 7.99065499822597e-15
160, 184, 7.88426707034484e-15
105, 123, 7.729769864921777e-15
123, 412, 7.038463732757891e-15
88, 188, 6.447448873118499e-15
184, 398, 6.184364585252162e-15
88, 123, 6.11197140642983e-15
154, 213, 5.4943751380718504e-15
466, 496, 5.211990520019145e-15
132, 448, 5.0987707199647116e-15
123, 299, 3.834411443168132e-15
123, 478, 3.820846106880247e-15
178, 213, 3.434950644473352e-15
132, 428, 3.2420296006272194e-15
466, 534, 3.223597109163975e-15
178, 339, 2.5587616026873974e-15
132, 466, 2.49455500209946e-15
123, 403, 2.4762693414678205e-15
123, 434, 1.9479132420734976e-15
154, 339, 1.9153400246827912e-15
137, 448, 1.8109320094147765e-15
132, 496, 1.7346514214531098e-15
123, 374, 1.5628411826869123e-15
160, 250, 1.533243465232835e-15
157, 398, 1.4332690388612131e-15
137, 428, 1.4013035359479541e-15
123, 534, 1.364504860859448e-15
154, 170, 1.3109392580451306e-15
132, 412, 1.2895632898357586e-15
184, 448, 1.1654720553070012e-15
66, 76, 9.639939172669103e-16
184, 428, 9.634577792523445e-16
466, 478, 8.853161529831633e-16
132, 299, 7.251734981647525e-16
137, 466, 6.189361113562991e-16
184, 466, 3.8531917629891334e-16
144, 398, 3.8435361680309544e-16
201, 250, 3.745811352809831e-16
132, 403, 3.5735865824207687e-16
423, 448, 3.431101966462766e-16
137, 299, 3.250286040218163e-16
90, 213, 3.1554644378552247e-16
157, 448, 3.0921693536844245e-16
123, 188, 3.039640343498416e-16
137, 412, 3.0204326209958646e-16
123, 149, 2.8982556803910106e-16
164, 213, 2.5462833896108676e-16
154, 184, 2.3961390162811617e-16
132, 434, 2.3624842912611905e-16
423, 466, 2.2738041649278233e-16
184, 412, 2.2232689577385443e-16
114, 398, 2.0949591922536681e-16
90, 170, 1.7590021671312547e-16
137, 403, 1.6346265860682802e-16
132, 374, 1.5688593341324927e-16
184, 299, 1.3890120410839736e-16
184, 403, 1.2461375744915043e-16
164, 339, 1.2039976594261787e-16
157, 428, 1.1883937216816106e-16
144, 448, 1.1486091597462413e-16
178, 184, 1.113632470963252e-16
168, 213, 1.0907074541637792e-16
137, 434, 1.0711545804785522e-16
157, 466, 1.0485405736376224e-16
160, 398, 7.810810868932375e-17
137, 374, 7.284017896313558e-17
184, 434, 7.196457101131178e-17
114, 448, 6.688881643396865e-17
201, 398, 6.480148414444936e-17
168, 339, 5.850003410270891e-17
184, 374, 5.698349758649987e-17
157, 412, 5.384943511018402e-17
423, 428, 5.1686547214710913e-17
164, 170, 5.0551450920856773e-17
157, 299, 5.002187382341457e-17
132, 188, 4.5240883914181606e-17
144, 428, 4.35848422335136e-17
154, 250, 4.0837214307292547e-17
144, 466, 3.917363816665139e-17
132, 149, 3.758452209060714e-17
132, 478, 3.67099934318367e-17
178, 250, 3.375154037735733e-17
157, 403, 2.969063090135433e-17
114, 428, 2.503241288638277e-17
90, 339, 2.4348553152408863e-17
90, 184, 2.3519044681670673e-17
114, 466, 2.2901531885315295e-17
160, 448, 2.1897069490280912e-17
144, 299, 2.0076989640490547e-17
168, 170, 2.0011475726398452e-17
144, 412, 1.9388686996182244e-17
157, 434, 1.8487698818920895e-17
137, 188, 1.7675124159942374e-17
137, 478, 1.6599043965377082e-17
157, 374, 1.3853203740222905e-17
137, 149, 1.3528892171670844e-17
201, 448, 1.3151809855834692e-17
114, 299, 1.1964330676704738e-17
114, 412, 1.0900170150088663e-17
144, 403, 1.0555954006479512e-17
184, 478, 1.0209999833916131e-17
164, 184, 9.89835463236315e-18
423, 434, 9.709290653266075e-18
423, 478, 8.826781195921243e-18
160, 428, 8.448689551633983e-18
160, 466, 7.412381959604834e-18
144, 434, 6.8137329998120696e-18
201, 428, 6.67814936955454e-18
180, 209, 5.920676382540754e-18
114, 403, 5.53991391385784e-18
144, 374, 4.797305016086353e-18
168, 184, 4.036265278787422e-18
160, 412, 3.8474604092688615e-18
114, 434, 3.500620950594525e-18
160, 299, 3.4410641360328905e-18
201, 412, 3.1795282702900568e-18
157, 478, 2.805351653346214e-18
178, 398, 2.6578581669781166e-18
114, 374, 2.2262234065283207e-18
164, 250, 2.1107183057387247e-18
160, 403, 2.0229989414004553e-18
154, 398, 1.7361869821330002e-18
201, 403, 1.6836354787960758e-18
184, 188, 1.6553581783925155e-18
157, 188, 1.5170959510162772e-18
201, 299, 1.3917660425345442e-18
90, 250, 1.3482353341935165e-18
114, 149, 1.2955039737701017e-18
114, 188, 1.197060023368182e-18
160, 434, 1.1677808596768726e-18
144, 478, 1.0502043624838302e-18
168, 250, 9.471137380260028e-19
160, 374, 9.09941837806045e-19
201, 434, 9.022411803401591e-19
144, 188, 8.97954092896821e-19
201, 374, 6.927276744128816e-19
114, 123, 6.264128995355337e-19
114, 478, 6.128267280012554e-19
144, 149, 6.084692015730487e-19
178, 428, 2.3615930920619966e-19
164, 398, 1.047145662693911e-19
160, 188, 9.544208458417248e-20
178, 299, 9.289495413659985e-20
154, 299, 8.58730533621764e-20
178, 412, 7.515247863004867e-20
178, 403, 6.508671705894187e-20
168, 398, 5.2082617438001624e-20
154, 412, 5.0347986277502374e-20
154, 403, 4.281818483907137e-20
178, 374, 2.5455664089750136e-20
90, 398, 2.4725281469047746e-20
180, 213, 2.007247812275325e-20
154, 374, 1.677278789345398e-20
180, 339, 1.5990008052222668e-20
164, 299, 4.949919247534326e-21
164, 412, 3.245420466874716e-21
154, 188, 2.8703264496552017e-21
164, 403, 2.7861893721179076e-21
168, 299, 2.322382217832706e-21
168, 412, 1.6069989454089793e-21
90, 299, 1.46404089596308e-21
178, 188, 1.3972179446804558e-21
168, 403, 1.3840506653313363e-21
164, 374, 1.102291408598809e-21
90, 412, 8.213767482611944e-22
90, 403, 6.754014957211112e-22
180, 184, 6.327002446540134e-22
168, 374, 5.474836062680993e-22
90, 149, 3.7600753882990204e-22
90, 188, 2.5951575379276015e-22
90, 123, 2.3617600778089664e-22
90, 374, 2.295712462754069e-22
180, 250, 2.0244087460500886e-22
164, 188, 1.2071015233825845e-22
168, 188, 4.960226939187704e-23
180, 299, 5.6887227359249e-25
180, 398, 3.8658932101770288e-25
180, 374, 9.703043703706046e-26
180, 188, 7.973261138870033e-27
