Gene = CG5048
index = 860
Annotated 5SS: [264 555]
Annotated 3SS: [315 613]
SMsplice 5SS: [264 555]
SMsplice 3SS: [315 613]
length: 1075
Partition function (logZ) = -3.834216686146087
#Exons = 790
3SS, 5SS, prob
613, -1, 0.9705119122587238
0, 264, 0.8464926989878778
315, 555, 0.7678490187362729
0, 555, 0.10389213087547143
160, 264, 0.022160113515890242
315, 364, 0.018257365395784254
315, -1, 0.017263922962286925
0, 81, 0.01339490125910253
0, 275, 0.010034269402570396
0, 364, 0.0075710561593965
0, 97, 0.007425961705553841
613, 738, 0.005685394429416988
368, 555, 0.003923469215009372
315, 528, 0.003917552660409585
377, 555, 0.0038273312254149087
0, 248, 0.003238495354353196
1048, -1, 0.0027997286965628166
0, 268, 0.002420450105642693
0, 79, 0.002354077464579068
961, -1, 0.0021365207872566785
813, -1, 0.002073537786598107
160, 555, 0.0019274127249631551
315, 503, 0.0017838412745012572
371, 555, 0.0015063431474555912
579, -1, 0.001369101588095946
996, -1, 0.0013400381972045216
554, -1, 0.0010875919691151349
0, 110, 0.0010456681422022639
425, 555, 0.0010174697295740607
613, 813, 0.0009377987436413184
613, 744, 0.000840778754622898
0, 91, 0.000822742506566666
925, -1, 0.00047463529326500706
0, 528, 0.0004318831690721532
431, 555, 0.0003989589980531664
414, 555, 0.0003620498589216355
347, 555, 0.0003173631154303832
160, 275, 0.0003108592201565768
613, 866, 0.0002889095628280132
160, 364, 0.0002857192854284114
613, 1006, 0.0002751749313169671
642, -1, 0.000263615359137604
0, 251, 0.00023979557821712918
584, -1, 0.0002056869990034024
458, 555, 0.00017444877688128143
196, 264, 0.00017017701737295722
0, 503, 0.00016791358360211783
494, 555, 0.00016402158686004207
0, 71, 0.00013629127588020583
0, 241, 0.00011767119822154408
441, 555, 0.00011101798644307269
315, 563, 0.00010390066459413071
461, 555, 0.00010047935181755306
613, 748, 9.918238737530227e-05
315, 543, 8.918395844754232e-05
160, -1, 8.644989045193094e-05
380, 555, 8.221058269134609e-05
128, 264, 6.983082484590536e-05
160, 268, 6.751261663857626e-05
850, -1, 6.556170044982339e-05
947, -1, 6.316373299646309e-05
613, 935, 6.297194801660378e-05
160, 248, 6.295148725063466e-05
368, -1, 5.630522897715196e-05
377, -1, 5.2462488686852846e-05
0, 128, 4.69831965209226e-05
0, 35, 3.749485277998976e-05
175, 264, 3.292563159483218e-05
315, 738, 3.0503518792143392e-05
196, 555, 3.0429208857390492e-05
935, -1, 2.9102409835387297e-05
528, 555, 2.6879719237161864e-05
450, 555, 2.5352356386592977e-05
0, 281, 2.4599267973870324e-05
362, 555, 2.4588722264787464e-05
0, 6, 2.3693522751946702e-05
371, -1, 2.121461865585176e-05
664, -1, 1.737036450404062e-05
368, 528, 1.7143163498476752e-05
0, 24, 1.684444451017509e-05
377, 528, 1.5889429520349243e-05
718, -1, 1.5063126341235969e-05
0, 222, 1.4860068639242915e-05
0, 563, 1.4808712788417067e-05
425, -1, 1.4574536988635918e-05
613, 961, 1.3841621442281513e-05
455, 555, 1.3721308739284927e-05
0, 543, 1.104151087799143e-05
613, 665, 9.259977306730966e-06
579, 738, 8.954268700437057e-06
160, 528, 8.52494709733347e-06
315, 433, 7.807513009062532e-06
0, 136, 7.7277259440071e-06
1003, -1, 7.471643298696399e-06
0, 738, 6.805867964393153e-06
613, 987, 6.7237814382343746e-06
554, 738, 6.585008576187512e-06
371, 528, 6.472896522966214e-06
315, 405, 6.3254887895752156e-06
494, -1, 6.200936461204112e-06
368, 503, 6.05704045723947e-06
431, -1, 5.954310815682677e-06
287, 555, 5.629412005000282e-06
525, 555, 5.35994561713826e-06
377, 503, 5.339646032787279e-06
347, -1, 5.286933421054245e-06
315, 813, 5.11394829156993e-06
160, 251, 4.951016405446737e-06
414, -1, 4.8781040464828134e-06
196, 364, 4.831005268370619e-06
563, -1, 4.3457181006195205e-06
315, 744, 4.256535342448088e-06
128, 555, 4.130787256745526e-06
79, 264, 4.068481242134008e-06
175, 555, 3.721614437522869e-06
613, 785, 3.647792971020528e-06
160, 503, 3.4739132973682253e-06
458, -1, 3.375691892241067e-06
315, 1006, 3.2059605610286965e-06
425, 528, 3.1722586719685947e-06
91, 264, 2.943970481333266e-06
0, 292, 2.8320580758820654e-06
528, -1, 2.7493635488943484e-06
613, 645, 2.6700939696197538e-06
196, 275, 2.6355606482415075e-06
613, 792, 2.5762589029288097e-06
464, 555, 2.4677786641299336e-06
315, 866, 2.32242734678128e-06
813, 1006, 2.316547652725563e-06
371, 503, 2.2489655971702295e-06
823, -1, 2.1384859599528574e-06
711, -1, 2.0560753323572603e-06
461, -1, 2.0259506115445366e-06
160, 241, 1.9314275794611845e-06
347, 364, 1.9038387063992684e-06
441, -1, 1.772854448174763e-06
613, 965, 1.7604631252350083e-06
347, 528, 1.5318479495150895e-06
961, 1006, 1.461421424224133e-06
584, 738, 1.3455699883379431e-06
579, 744, 1.2654863659016553e-06
613, 703, 1.2105623415556873e-06
414, 528, 1.2039950761226747e-06
431, 528, 1.2006147281118874e-06
642, 738, 1.1597047040640586e-06
196, -1, 1.1591151763100584e-06
380, -1, 1.0766151668866681e-06
0, 813, 1.050490014725557e-06
613, 978, 1.0368788219967898e-06
416, 555, 1.0356110572037452e-06
0, 405, 1.0235061764934399e-06
0, 101, 1.0054235009521663e-06
579, 813, 9.66317539154421e-07
0, 744, 9.220763385706634e-07
201, 264, 9.135176819687042e-07
128, 275, 9.074229685766395e-07
554, 744, 9.029653075274753e-07
0, 433, 8.60377632388976e-07
160, 281, 8.065647102909852e-07
425, 503, 8.011099528599245e-07
554, 563, 7.114960911583113e-07
120, 264, 6.688531569378854e-07
0, 1006, 6.523254722803271e-07
315, 935, 6.305762125515774e-07
554, 813, 6.289775422734952e-07
347, 503, 6.077423694807747e-07
175, 364, 5.815544409577332e-07
925, 1006, 5.514359469543459e-07
196, 268, 5.380067618131102e-07
368, 563, 5.372264148870521e-07
377, 563, 5.30600761937173e-07
128, 364, 5.160398280074124e-07
110, 264, 4.937858008540668e-07
315, 748, 4.851730865835845e-07
175, 275, 4.796418175781589e-07
0, 866, 4.6490754306102256e-07
458, 528, 4.407752351643526e-07
813, 866, 4.350900787139512e-07
368, 543, 4.3415775039788024e-07
450, -1, 4.1571415747339205e-07
377, 543, 4.145212557350266e-07
196, 248, 4.112245343341282e-07
198, 264, 4.05386049533097e-07
813, 935, 3.9393921815640047e-07
525, -1, 3.9365999941783335e-07
996, 1006, 3.6555324296785933e-07
362, -1, 3.543085857867972e-07
579, 1006, 3.387377498715862e-07
380, 528, 3.3517617685130846e-07
579, 866, 3.339483472638556e-07
414, 503, 3.252236043174144e-07
441, 528, 3.141895762256517e-07
287, 364, 3.0975494770519906e-07
315, 392, 3.0557543578243776e-07
494, 528, 3.0528254282253437e-07
642, 813, 3.045010190383332e-07
431, 503, 2.914373650306374e-07
160, 563, 2.6959233226106943e-07
554, 1006, 2.560500386895733e-07
461, 528, 2.4831662831913876e-07
554, 866, 2.401922750923007e-07
79, 555, 2.3740593866291722e-07
128, 248, 2.2215556179943268e-07
160, 543, 2.1082691696105854e-07
315, 665, 2.0850813523273984e-07
371, 563, 2.070637000078589e-07
128, 268, 2.0684434239776582e-07
455, -1, 2.0103955608353173e-07
128, -1, 1.9207649673399296e-07
584, 744, 1.9144202063413476e-07
649, -1, 1.9029983354782817e-07
201, 555, 1.854451518693205e-07
642, 744, 1.7816954644304228e-07
371, 543, 1.6553815164401477e-07
91, 555, 1.6154774856051944e-07
203, 264, 1.5661121699196448e-07
584, 813, 1.5216581058621476e-07
425, 563, 1.5074388172979118e-07
315, 961, 1.4580050990944209e-07
579, 748, 1.4447251247820325e-07
196, 528, 1.326228957341959e-07
160, 738, 1.290226332323431e-07
368, 738, 1.2184594664015617e-07
160, 222, 1.205010327317768e-07
0, 935, 1.182552083533293e-07
613, 779, 1.1727734164362433e-07
377, 738, 1.1713296111202622e-07
175, -1, 1.1131336253666277e-07
362, 528, 1.1078925861394298e-07
380, 503, 1.106258288889319e-07
613, 963, 1.0948426602608459e-07
813, 961, 1.0785870008942092e-07
315, 645, 1.0666347625027588e-07
160, 292, 1.0653117952524185e-07
175, 268, 1.016928181884055e-07
642, 866, 1.0132536097973909e-07
554, 748, 1.0098198185420558e-07
850, 1006, 9.571244737377074e-08
425, 543, 9.548570830615348e-08
0, 334, 9.070528998416719e-08
287, -1, 8.979458945431622e-08
97, 264, 8.846332547230356e-08
458, 503, 8.812831200787657e-08
175, 248, 8.799239967451997e-08
642, 1006, 8.464526872878903e-08
579, 935, 7.798222956739338e-08
274, 555, 7.787831903463364e-08
198, 555, 7.610100186149231e-08
315, 334, 7.44776778577687e-08
315, 987, 7.283984446571809e-08
441, 503, 7.140755713291973e-08
450, 528, 6.709348132357203e-08
362, 364, 6.655212266200865e-08
0, 392, 6.468710840765672e-08
431, 563, 5.974518095627169e-08
947, 1006, 5.5461881895457664e-08
554, 935, 5.5211106676278124e-08
664, 738, 5.4358234128252076e-08
196, 503, 5.3921785757617673e-08
414, 563, 5.2743124616526454e-08
584, 1006, 5.1206244143897054e-08
584, 866, 5.087233041391501e-08
461, 503, 4.842255198451422e-08
79, 275, 4.7146558727357975e-08
371, 738, 4.612378053407708e-08
813, 987, 4.562087765733077e-08
494, 503, 4.268609691149405e-08
347, 563, 4.1476381043739954e-08
362, 503, 4.0429121500856584e-08
425, 738, 3.779968092951689e-08
120, 555, 3.7512937730110176e-08
431, 543, 3.687845769554641e-08
347, 543, 3.549745023548867e-08
455, 528, 3.511858971078785e-08
414, 543, 3.505796401744353e-08
91, 275, 3.492601811914799e-08
196, 251, 3.339771353376373e-08
203, 555, 3.3298151080923427e-08
0, 961, 2.983924939130376e-08
935, 1006, 2.9667531586518883e-08
201, 364, 2.9116466971140546e-08
160, 405, 2.9079872325150427e-08
554, 665, 2.8915692542865613e-08
494, 563, 2.8087692066973745e-08
563, 738, 2.8071920471318953e-08
458, 563, 2.7609977868033617e-08
287, 528, 2.6840837766250257e-08
110, 555, 2.6660607109713382e-08
579, 665, 2.6271912109077545e-08
494, 738, 2.3150510626009797e-08
79, 364, 2.2389890401597318e-08
584, 748, 2.1877636900662738e-08
642, 748, 2.140424871463699e-08
160, 433, 2.139572536055036e-08
664, 813, 2.059140314554351e-08
160, 813, 2.0400526456672615e-08
0, 748, 1.937495437535529e-08
219, 264, 1.837935686149461e-08
315, 965, 1.8204612789155436e-08
160, 744, 1.818610117115671e-08
128, 528, 1.816925403874311e-08
642, 935, 1.7342443212534188e-08
128, 251, 1.709649981898216e-08
579, 961, 1.6983340775424745e-08
441, 563, 1.6971785753278373e-08
368, 744, 1.670295625009906e-08
175, 528, 1.633328341577917e-08
91, 364, 1.62482065906617e-08
368, 813, 1.6191053800921426e-08
377, 744, 1.6073556812589884e-08
461, 563, 1.599654965765704e-08
315, 785, 1.5980826611436937e-08
431, 738, 1.5712488870995157e-08
79, 248, 1.5364753085045787e-08
377, 813, 1.532096502730383e-08
458, 543, 1.5101790135216228e-08
450, 503, 1.4429581031949715e-08
201, 275, 1.4314912563075529e-08
528, 738, 1.4062022182336154e-08
160, 1006, 1.2754680298324673e-08
287, 503, 1.2596566825538309e-08
494, 543, 1.2525851357441044e-08
718, 813, 1.2484646550664702e-08
414, 738, 1.2233733599137567e-08
554, 961, 1.2215338155929699e-08
198, 364, 1.2007652553341457e-08
222, 264, 1.1693342053819844e-08
196, 241, 1.1665794767147978e-08
315, 792, 1.1609061028637171e-08
79, 268, 1.155933407793805e-08
368, 433, 1.1491082200164195e-08
813, 965, 1.1341087071713646e-08
554, 645, 1.1170706455102696e-08
380, 563, 1.114705381706232e-08
368, 1006, 1.0963973994745e-08
91, 248, 1.0681061720481268e-08
718, 738, 1.0660469308456524e-08
347, 738, 1.0454611187848058e-08
377, 1006, 1.0339939499547105e-08
225, 264, 1.0319960825909328e-08
458, 738, 1.0198147455260314e-08
441, 543, 1.0031712519123571e-08
315, 703, 9.853638530601066e-09
160, 866, 9.239954468709694e-09
579, 645, 9.028891551373057e-09
377, 433, 8.650648677162878e-09
380, 543, 8.603305361100621e-09
664, 744, 8.578110726818072e-09
120, 275, 8.481858514535425e-09
91, 268, 8.440284400202798e-09
925, 935, 8.180258768169014e-09
368, 866, 7.92535257341777e-09
718, 866, 7.867720891154205e-09
128, 503, 7.48476048245041e-09
377, 866, 7.386632531868551e-09
455, 503, 7.256858100340452e-09
196, 281, 7.193842110424528e-09
664, 866, 7.185593474595679e-09
128, 241, 7.181437247084739e-09
175, 251, 7.004886925007877e-09
525, 528, 6.925178441729452e-09
718, 1006, 6.820727450366739e-09
175, 503, 6.623913939148401e-09
371, 744, 6.36743225704741e-09
198, 275, 6.2896150918723914e-09
461, 738, 6.1946900509760945e-09
371, 813, 6.121987354929265e-09
368, 405, 6.113181666007606e-09
110, 275, 6.108835132863545e-09
664, 1006, 6.075294897104912e-09
219, 555, 6.034187791294069e-09
85, 264, 5.992972017419397e-09
464, 528, 5.922821767079411e-09
461, 543, 5.903304558614286e-09
925, 961, 5.8196363164003355e-09
274, 364, 5.702324617959045e-09
203, 364, 5.229146466401233e-09
425, 813, 5.072425962800153e-09
441, 738, 4.932997053455886e-09
425, 744, 4.819262749008309e-09
120, 364, 4.451642858622402e-09
196, 563, 4.272259954472311e-09
371, 1006, 4.153211687519405e-09
377, 405, 4.087578257053278e-09
371, 433, 3.951969909352856e-09
160, 334, 3.937593957528629e-09
528, 563, 3.902644793798882e-09
579, 785, 3.6514884956559503e-09
584, 665, 3.6316772225409487e-09
563, 744, 3.566141068079693e-09
850, 866, 3.5042465425697826e-09
416, 528, 3.353461402092322e-09
196, 543, 3.3058002395858035e-09
362, 563, 3.254230767059067e-09
425, 1006, 3.0941680812634456e-09
110, 364, 2.9853618161262747e-09
259, 264, 2.971869241569052e-09
201, 268, 2.9048342938065872e-09
494, 744, 2.8570453401689104e-09
79, 97, 2.671041798927204e-09
175, 241, 2.6208672292628523e-09
79, 81, 2.5929305731991325e-09
371, 866, 2.5899612430281326e-09
494, 813, 2.533145259990452e-09
450, 563, 2.5065423802378477e-09
203, 275, 2.4705833102730664e-09
579, 792, 2.4700148605383775e-09
380, 738, 2.4441443100301898e-09
563, 813, 2.3966915016134977e-09
128, 281, 2.257299301098831e-09
554, 785, 2.194472236078839e-09
525, 738, 2.190515723544056e-09
120, 248, 2.1884520976177824e-09
823, 1006, 2.1878126609329877e-09
201, 248, 2.148984492806304e-09
371, 405, 2.0392483956668924e-09
579, 703, 2.0375347296101066e-09
160, 392, 2.005591567048377e-09
120, 268, 1.9673980580365765e-09
196, 738, 1.872145407956659e-09
554, 703, 1.865140945170937e-09
160, 748, 1.7187297157012492e-09
431, 744, 1.6267159123080117e-09
110, 248, 1.603495615856231e-09
347, 433, 1.5825459845501507e-09
368, 748, 1.5436456180924052e-09
347, 813, 1.5172292833591034e-09
377, 748, 1.4865294547763955e-09
110, 268, 1.4394037461616592e-09
431, 813, 1.4360208092706391e-09
528, 744, 1.3553483574339898e-09
711, 738, 1.3261925404177714e-09
198, 268, 1.2844696321341134e-09
175, 281, 1.2692604624122806e-09
718, 744, 1.2182611969129027e-09
711, 813, 1.1799540074180059e-09
1003, 1006, 1.1540765037578037e-09
414, 744, 1.1513270319375788e-09
347, 744, 1.1361456909016394e-09
464, 503, 1.1336459963395309e-09
554, 792, 1.1244792426642224e-09
79, 251, 1.1058401901799033e-09
91, 97, 1.0841674595727032e-09
494, 1006, 1.0623691936044408e-09
97, 275, 1.0610113823653029e-09
196, 292, 1.038481200926365e-09
347, 405, 1.019030979352781e-09
347, 1006, 1.0052393142248094e-09
414, 813, 9.433434619809862e-10
79, 528, 9.422721721328365e-10
198, 248, 9.284827193711529e-10
219, 364, 9.169038812084426e-10
416, 503, 9.067914247160268e-10
584, 645, 8.660918016758324e-10
458, 744, 8.598063478323084e-10
450, 738, 8.490291501284511e-10
201, 528, 8.066835170900957e-10
49, 264, 7.795028348208869e-10
91, 251, 7.748173833274708e-10
528, 813, 7.622997898151139e-10
425, 866, 6.682367421902742e-10
458, 813, 6.615302509929789e-10
91, 528, 6.57409704323185e-10
222, 364, 6.313417417455575e-10
649, 738, 6.148082956534477e-10
642, 665, 6.066213456738261e-10
225, 364, 6.039696455728196e-10
368, 665, 5.875279045035943e-10
664, 748, 5.849681077562066e-10
79, 110, 5.772084328446796e-10
196, 222, 5.730067745444701e-10
377, 665, 5.673900791139462e-10
196, 405, 5.542410028900776e-10
160, 665, 5.449038141875191e-10
362, 738, 5.353140089759215e-10
128, 222, 5.242227891804274e-10
203, 268, 4.994371438885396e-10
259, 364, 4.991293716317572e-10
642, 785, 4.973743056275255e-10
97, 364, 4.962660046869398e-10
79, 241, 4.838606964641246e-10
425, 433, 4.402175220749147e-10
461, 744, 4.000577192194679e-10
494, 866, 3.9982587880472257e-10
371, 748, 3.973700309394489e-10
196, 433, 3.7947974704475725e-10
455, 738, 3.712862226318033e-10
79, 503, 3.7115625509799154e-10
203, 248, 3.490968994116497e-10
91, 241, 3.301254809677044e-10
201, 503, 3.2865653233401043e-10
441, 744, 3.2306218990544576e-10
425, 748, 3.131511514234872e-10
219, 275, 3.074423147137954e-10
97, 248, 3.010719461884041e-10
461, 813, 2.7849641277748173e-10
128, 292, 2.7572290615658257e-10
91, 110, 2.5286695909594017e-10
79, 91, 2.374065208265321e-10
368, 392, 2.333121178310956e-10
563, 748, 2.3084116891966484e-10
97, 268, 2.1758203015672008e-10
368, 645, 2.1502457270492906e-10
377, 645, 2.098614973359654e-10
222, 275, 1.9794756928553356e-10
160, 645, 1.8318740404379111e-10
225, 275, 1.7685170295978643e-10
175, 292, 1.7371044014722658e-10
201, 251, 1.6950460620996555e-10
642, 792, 1.674327866851585e-10
380, 433, 1.6583860880587566e-10
120, 251, 1.6186088759856598e-10
380, 744, 1.603101803808001e-10
377, 392, 1.517436812462208e-10
175, 222, 1.4902657574297163e-10
711, 744, 1.3639531305210472e-10
494, 748, 1.335261968322366e-10
584, 785, 1.3057200453708862e-10
110, 251, 1.2301298171700337e-10
196, 744, 1.172329412647307e-10
371, 665, 1.1112362664873906e-10
79, 281, 1.1103114861136585e-10
525, 744, 1.099179527010316e-10
425, 665, 9.972036353824847e-11
128, 738, 9.787565863448638e-11
584, 792, 8.719301919359148e-11
347, 748, 8.546003061422132e-11
528, 748, 8.443675373018141e-11
287, 738, 8.337884055473393e-11
431, 748, 8.116433032381442e-11
198, 251, 7.621827109978696e-11
175, 738, 7.011357283263454e-11
494, 665, 6.971811466713635e-11
120, 241, 6.466851831635311e-11
642, 645, 5.912254603668004e-11
201, 241, 5.4351215701707965e-11
441, 813, 5.3600799392197144e-11
425, 645, 5.1422931166032113e-11
219, 268, 5.1015187957908885e-11
110, 241, 5.022884253161835e-11
450, 744, 4.95272575277814e-11
79, 222, 4.787792912723895e-11
431, 665, 4.129995144137301e-11
79, 128, 3.7778976477682956e-11
371, 645, 3.761457794411692e-11
219, 248, 3.7214835565333565e-11
235, 264, 3.5626559099946154e-11
563, 665, 3.2951900395878946e-11
222, 268, 3.2539514473733e-11
91, 503, 3.206133776264738e-11
464, 738, 3.184624979442357e-11
91, 222, 3.103927069070784e-11
528, 665, 3.045969016483875e-11
225, 268, 2.8850053668032757e-11
203, 251, 2.881279263431267e-11
458, 665, 2.854929729015494e-11
414, 665, 2.7632098085037103e-11
494, 645, 2.630516149700403e-11
380, 813, 2.613576566453895e-11
0, 665, 2.5823106788537233e-11
198, 241, 2.4711578925511088e-11
347, 665, 2.3663104323159598e-11
128, 136, 2.3295695215956294e-11
222, 248, 2.3215158639437e-11
97, 251, 2.2895578425606846e-11
196, 813, 2.2094273370145048e-11
85, 248, 2.126489827544977e-11
431, 645, 2.047053655878373e-11
225, 248, 2.0076996124775395e-11
274, 503, 1.9561158606803236e-11
584, 703, 1.8707347050026348e-11
91, 128, 1.8110479906389946e-11
91, 281, 1.764023443067818e-11
461, 665, 1.7574723256578924e-11
274, 528, 1.598250458157307e-11
198, 528, 1.4566205056222143e-11
85, 268, 1.4538326254191813e-11
414, 433, 1.4291178587148914e-11
414, 645, 1.4109086362706161e-11
458, 645, 1.3541985349835569e-11
85, 275, 1.3066079520604216e-11
441, 665, 1.280623173801152e-11
259, 275, 1.1229443690929701e-11
563, 645, 1.0183766712731796e-11
97, 241, 9.623987639382393e-12
198, 503, 9.361347914211053e-12
203, 241, 9.169174452795501e-12
259, 268, 8.848682526877934e-12
0, 645, 8.551233425254632e-12
347, 645, 8.487270521897753e-12
201, 281, 8.393975724457736e-12
528, 645, 7.623676011966306e-12
79, 136, 7.527773560792811e-12
642, 703, 7.260204741595408e-12
431, 433, 7.158183888197675e-12
441, 645, 6.5592703464664645e-12
362, 433, 6.198572335225215e-12
287, 433, 5.961272401546892e-12
461, 645, 5.8923340620004e-12
97, 110, 5.82759753876157e-12
120, 222, 5.39359543761318e-12
380, 405, 5.273023402890419e-12
287, 405, 5.240017844936048e-12
380, 665, 5.0203597040390664e-12
371, 392, 4.888364280741505e-12
120, 503, 4.629468211700353e-12
120, 281, 4.447813877162711e-12
238, 264, 4.426295816954694e-12
110, 222, 4.365064633655616e-12
79, 292, 4.154010173036649e-12
203, 503, 4.09133945423846e-12
91, 136, 3.738433850074279e-12
198, 281, 3.670300097429038e-12
287, 292, 3.4911738052049194e-12
175, 405, 3.4419186261202743e-12
128, 405, 3.265921767495312e-12
49, 248, 3.233379985913656e-12
110, 503, 3.222393636902314e-12
110, 281, 3.161365078863222e-12
91, 292, 3.1567151377856697e-12
219, 251, 3.1307409777873226e-12
85, 97, 2.96549183761113e-12
201, 222, 2.8333379338449576e-12
128, 433, 2.765535944348812e-12
347, 392, 2.759917633765526e-12
362, 405, 2.7222224815044838e-12
85, 364, 2.675150404241804e-12
175, 433, 2.612616500052947e-12
196, 392, 2.364024093736463e-12
49, 81, 2.3083543529459884e-12
196, 334, 2.218832775486245e-12
49, 268, 1.9830792965802302e-12
222, 251, 1.960704005757066e-12
201, 292, 1.9480558768038314e-12
49, 97, 1.9076269186429953e-12
225, 251, 1.7025606753086328e-12
49, 275, 1.6314839326254419e-12
85, 251, 1.6041147629293225e-12
110, 128, 1.4900791671590435e-12
203, 281, 1.4537727600592757e-12
120, 128, 1.337212664990254e-12
198, 222, 1.3198196383194283e-12
219, 241, 9.325750528193688e-13
97, 222, 8.823798420021931e-13
120, 292, 8.447083779276733e-13
198, 292, 8.445932622909621e-13
85, 241, 6.926377985421209e-13
85, 110, 6.649571425153949e-13
110, 292, 5.867670514568561e-13
222, 241, 5.761500658184563e-13
97, 281, 5.403999692442646e-13
225, 241, 4.933139321508512e-13
203, 222, 4.701337930942046e-13
97, 128, 4.384893626003335e-13
79, 101, 4.1732553258271125e-13
49, 79, 3.842539455509231e-13
49, 364, 3.713225821325095e-13
49, 110, 3.5312759840591316e-13
203, 292, 3.394668796910041e-13
110, 136, 3.282387078310581e-13
128, 334, 3.204764350907154e-13
229, 264, 3.18109328873675e-13
120, 136, 3.0650577264300717e-13
175, 334, 3.0490222578104663e-13
274, 281, 2.961635312008948e-13
287, 392, 2.619681920050064e-13
175, 392, 2.606877053921353e-13
85, 91, 2.5865668379628824e-13
268, 364, 2.527776962594403e-13
49, 251, 2.392455606946548e-13
128, 392, 2.352349129291531e-13
235, 364, 2.1191383521696318e-13
219, 281, 1.8610094947563982e-13
49, 91, 1.8338138033690826e-13
380, 392, 1.7479431626056423e-13
91, 101, 1.7361185514993795e-13
201, 405, 1.6234652409164333e-13
79, 405, 1.3253927463864114e-13
222, 281, 1.1954002514060324e-13
362, 392, 1.1672160885907639e-13
235, 275, 1.1299736275779159e-13
49, 241, 1.1054677558639226e-13
201, 433, 1.0884099553754489e-13
235, 268, 1.0814920496614226e-13
225, 281, 1.0746402385211074e-13
79, 433, 1.0472791140178258e-13
97, 292, 9.775553024456123e-14
91, 405, 9.459322704057057e-14
274, 292, 9.277229426270026e-14
97, 136, 9.226893427154422e-14
91, 433, 7.469101476156771e-14
287, 334, 7.220343214903734e-14
235, 248, 6.891669891861547e-14
85, 222, 6.68133132181458e-14
198, 405, 6.556464822362234e-14
274, 405, 6.02568722910991e-14
274, 433, 5.652898941133888e-14
268, 275, 5.219635799154371e-14
219, 292, 4.5763261168145006e-14
85, 128, 4.5466039192597046e-14
219, 222, 4.133372840076521e-14
259, 281, 3.9788383825389767e-14
85, 281, 3.4907003020291405e-14
264, 364, 3.2703397448150034e-14
222, 292, 2.9949618975414544e-14
238, 364, 2.7773042912911806e-14
203, 405, 2.7293650929839347e-14
225, 292, 2.7209536810105538e-14
120, 405, 2.2067755042599443e-14
49, 128, 1.9190943382447907e-14
49, 71, 1.77979941642927e-14
241, 264, 1.580038335298649e-14
110, 405, 1.5123943942276362e-14
238, 275, 1.4031145561162128e-14
238, 268, 1.35071141441787e-14
201, 334, 1.2924927556297211e-14
79, 334, 1.2545140187046525e-14
49, 222, 1.2337265354410625e-14
259, 292, 1.160835580655941e-14
201, 392, 1.0458130753880491e-14
91, 334, 9.423474248964462e-15
85, 136, 9.216545461277954e-15
238, 248, 8.366156998190283e-15
79, 392, 8.101166577486534e-15
264, 275, 7.906662591356673e-15
264, 268, 7.0329205131801545e-15
85, 292, 6.260444928807916e-15
235, 251, 5.9308470872780215e-15
91, 392, 5.7990718069381715e-15
198, 334, 5.448805158212033e-15
49, 281, 4.540505492868727e-15
97, 101, 3.8889574253912344e-15
49, 136, 3.552660933961447e-15
219, 405, 2.9912063704606753e-15
120, 334, 2.769382993635853e-15
203, 334, 2.2943514944257353e-15
110, 334, 1.827473646975543e-15
235, 241, 1.6343005831604186e-15
274, 334, 1.5187551791509407e-15
229, 364, 1.4285044591105347e-15
198, 392, 1.099377185373883e-15
229, 275, 9.565268509762524e-16
229, 268, 9.558547303196826e-16
274, 392, 8.281455879088243e-16
49, 292, 8.172046329785835e-16
238, 251, 7.233983710375114e-16
229, 248, 6.433504099474958e-16
85, 101, 4.688844465642161e-16
642, 961, 4.676981692937848e-16
235, 281, 4.1789227769813835e-16
203, 392, 3.6432165368670074e-16
219, 334, 3.6190061642712926e-16
97, 334, 2.9325458327409707e-16
120, 392, 2.851455462157051e-16
49, 101, 2.835964695964632e-16
222, 334, 2.443817217406458e-16
225, 334, 2.292661249834034e-16
268, 281, 2.1242326749473762e-16
238, 241, 1.961510297322956e-16
525, 665, 1.5325940413045515e-16
259, 334, 1.5019339088744982e-16
259, 405, 1.3444385180851778e-16
222, 405, 1.2180338601186055e-16
225, 405, 1.196668179360265e-16
235, 292, 1.1126708461748812e-16
110, 392, 8.417284962805971e-17
241, 364, 7.336212546501623e-17
268, 292, 6.597759075433953e-17
229, 251, 5.4882531834954337e-17
238, 281, 5.248128115528456e-17
241, 275, 4.9571813118836886e-17
241, 268, 4.845498866740152e-17
264, 281, 3.1981708724751e-17
241, 248, 2.916055332386636e-17
97, 405, 2.427976883588359e-17
85, 334, 1.8721379824388694e-17
229, 241, 1.5595842447808614e-17
238, 292, 1.428439219521436e-17
264, 292, 9.792896143582287e-18
229, 281, 3.525292967890903e-18
49, 334, 2.7395443165109336e-18
241, 251, 2.5293995153718577e-18
235, 334, 1.0487807886213017e-18
268, 334, 9.783004059926502e-19
229, 292, 9.334674140585095e-19
241, 281, 1.8891384478399406e-19
238, 334, 1.3956340266994481e-19
264, 334, 1.3642714261020898e-19
241, 292, 4.044315531898755e-20
229, 334, 8.209629585655303e-21
