Gene = CG11050
index = 114
Annotated 5SS: [ 258 1630 2268 5142]
Annotated 3SS: [1473 1769 4847 5202]
SMsplice 5SS: [ 258 1630 2268 5142]
SMsplice 3SS: [1473 1769 4847 5202]
length: 6107
Partition function (logZ) = 4.305661542871187
#Exons = 1669
3SS, 5SS, prob
4847, 5142, 0.9865286147067772
5202, -1, 0.9205130734748891
1769, 2268, 0.8991644347543029
1473, 1630, 0.6658697388336634
0, 258, 0.22012120461783125
0, 657, 0.1634134078423089
0, 1630, 0.1292194360726954
0, 728, 0.11797231540325918
4512, 4736, 0.11217831028521419
0, 601, 0.08850720423989852
4512, 4637, 0.08201998254208676
1380, 1630, 0.05704050323598841
1769, 1873, 0.05548703212268528
1932, 2268, 0.04256800509767261
0, 40, 0.0382987802785477
793, 1630, 0.034835843589165395
1504, 1630, 0.03301811729813906
5202, 5585, 0.0319342415832571
4195, 4354, 0.031058052125372316
0, 217, 0.03076496551449443
0, 262, 0.028626973345282747
0, 236, 0.024466972552628266
0, 58, 0.024218959048393395
0, 1183, 0.023668105573026153
0, 688, 0.021464590257244842
5861, -1, 0.020104129071530422
1330, 1630, 0.01930422894336649
5202, 5446, 0.017920928480826742
0, 56, 0.01694944540903695
4329, 4736, 0.016237247664165632
6063, -1, 0.016105802918498044
0, 451, 0.014569601512573062
880, 1630, 0.013791513049570067
5982, -1, 0.013100084768488333
4195, 4736, 0.01300648577352474
4329, 4637, 0.012824210641871744
1728, 2268, 0.012670455148324293
4139, 4354, 0.011316562281600795
0, 480, 0.010282978771166318
2650, 2750, 0.009725518516175856
4512, 4795, 0.009384073126932204
1769, 2371, 0.009139544703190953
1473, 1650, 0.008286674375175588
0, 765, 0.00791817378792749
4195, 4637, 0.007643380052739473
4483, 4637, 0.007501680951121785
3602, 4736, 0.007286056848975764
293, 657, 0.00721684866831364
3602, 4354, 0.0071351338495424955
4483, 4736, 0.007046168495519972
3314, 3462, 0.0069366244968162485
293, 1630, 0.006793997203382249
5202, 5283, 0.006607881062810749
5635, -1, 0.0066036147259817355
4847, 5016, 0.006334668649640501
1742, 2268, 0.0062060638231430845
4139, 4736, 0.005975597378709921
5202, 5994, 0.005972506646713927
5755, -1, 0.0059581685102981655
1257, 1630, 0.005878619283300954
5202, 5838, 0.005709513281628617
793, 1183, 0.005377058149010703
2949, 3462, 0.005230251008560766
3602, 3642, 0.004887160911328186
2650, 3462, 0.004835965590426092
3602, 4637, 0.004642667488670771
293, 728, 0.004395924928191415
293, 601, 0.004328889324247991
0, 665, 0.00400792291350695
0, 869, 0.00391081679071912
3314, 3449, 0.0038730811724891068
4329, 4354, 0.003832324907160631
4139, 4637, 0.0037962086957158423
5900, -1, 0.0033310530150672643
5202, 5498, 0.003260463568116147
0, 1335, 0.003186545553295412
0, 172, 0.0031486495410863605
3602, 3755, 0.0031405220175529506
2949, 3449, 0.003116849712811434
3314, 3498, 0.0030043721185610255
2524, 2750, 0.002998484413186492
2650, 3449, 0.002880033560543344
3602, 3891, 0.002754766618488755
0, 170, 0.0027422975008104455
3602, 3695, 0.002735224922702222
880, 1183, 0.0025553698286393416
0, 1407, 0.0024987354808952127
0, 754, 0.0024893526758350487
0, 1122, 0.002474844836002672
2949, 3217, 0.0024684537377558397
3289, 3462, 0.002300001469611195
2949, 3498, 0.0022957089655275555
5527, -1, 0.002239109017962421
2096, 2268, 0.0022345233549027855
2650, 3498, 0.002127453935396791
1769, 2750, 0.002085288804099148
0, 1417, 0.002017178708618172
5367, -1, 0.001993266209727625
2949, 3642, 0.001965378058473662
4847, 4992, 0.0018538950330850212
0, 321, 0.001838040428507009
2650, 3642, 0.0018139663340908077
4847, -1, 0.0017555465696891335
5913, -1, 0.0017084030517843577
2650, 3217, 0.0017062177087937703
2650, 2867, 0.0016795226491611395
5052, 5142, 0.0016649149741993368
4195, 4397, 0.0016644246761111001
3809, 4736, 0.0016335421395263588
1098, 1630, 0.0016285920907561343
0, 1650, 0.0016237073441284931
1769, 3462, 0.001599552047874984
3602, 3842, 0.0015577214262110998
3809, 4354, 0.0015574387967302464
5202, 5924, 0.0015314875204426829
1769, 1840, 0.0015187118943139023
293, 451, 0.0014095410983745232
3289, 3449, 0.0013823122063735562
4512, 5142, 0.0013322775102518809
1473, 1643, 0.0013244094903353163
2524, 3462, 0.0013088659097682154
3314, 3642, 0.0012688590710397782
1728, 1873, 0.0011119545634702985
3795, 4354, 0.0010921127476264318
3809, 4637, 0.0010405454032996165
293, 1183, 0.0010351573609098483
5861, 5994, 0.0010274515415861813
3602, 3834, 0.0010098155155428051
5639, -1, 0.0010035089634166923
3410, 3642, 0.0009988635253762716
3732, 4354, 0.0009940752624436585
293, 480, 0.0009488123440782016
5673, -1, 0.0009301714558693984
5202, 5778, 0.0009246487804777878
1575, 1630, 0.000922461537868581
1244, 1630, 0.000920684788598298
3410, 3462, 0.0009147243835022218
1769, 3449, 0.0009123654142379555
3410, 3498, 0.0008937944877210285
2727, 3462, 0.0008933608190823542
293, 688, 0.0008813627628482135
1776, 2268, 0.0008704894348842818
793, 869, 0.0008607304764401587
3795, 4736, 0.0008588119074223273
5370, -1, 0.0008557740579578451
2949, 4736, 0.000850798354877386
0, 311, 0.0008455671849192047
3289, 3498, 0.000837322607668286
2650, 4736, 0.0008370607921935529
2949, 4354, 0.000822565422944533
5340, -1, 0.0008162742626623831
2650, 4354, 0.000809234922685189
2524, 3449, 0.0007795111845572792
3732, 3891, 0.000770793117428125
0, 1447, 0.0007420576451315367
2650, 2800, 0.0007351810406559503
1769, 2378, 0.0007341260672202647
793, 1335, 0.0007259177801734529
0, 1284, 0.000725867454763321
3732, 4736, 0.0007076193879637163
1769, 3498, 0.0006806663494105118
1936, 2268, 0.0006684920060443787
1380, 1650, 0.0006486889780663056
4329, 4397, 0.000646348643254588
2650, 3386, 0.0006348573485972868
793, 1122, 0.0006308729896858036
2949, 3386, 0.000625391838298478
5202, 5505, 0.0006112656487285716
2076, 2268, 0.0005782421367082987
3809, 3891, 0.0005678714563623813
5202, 5701, 0.0005638035553832821
1769, 3642, 0.0005608946964179189
1769, 3217, 0.000560335404588352
715, 1630, 0.0005546896803447534
5942, -1, 0.0005542229391403006
2524, 3498, 0.0005540450027697896
793, 1407, 0.0005529520338039061
3795, 4637, 0.0005470627373485988
2949, 4637, 0.0005419581085547553
2650, 4637, 0.0005332072882862389
4329, 4526, 0.000531952967449092
3795, 3891, 0.0005138478862352542
5202, 5883, 0.0005119457590752054
1952, 2268, 0.0005118074341455852
2727, 3449, 0.0005088687889354343
1287, 1630, 0.0005074952991948734
1742, 1873, 0.0005020908008004994
0, 1166, 0.000494977583558374
0, 317, 0.0004844535315421999
0, 1129, 0.00047487968384854343
1504, 1650, 0.0004699803127970369
0, 1098, 0.0004657287169769797
3314, 4354, 0.00046442843019238076
2073, 2268, 0.00046246066548124437
2524, 3642, 0.0004611087775581503
4847, 4951, 0.00045597379225394526
3732, 4637, 0.00045080820663964444
793, 1417, 0.00044644657635085276
5684, -1, 0.00044470378212144407
2524, 3217, 0.0004429718718806069
5776, -1, 0.0004398313816349614
793, 1650, 0.00043861048200808674
0, 681, 0.00041779075431093026
0, 315, 0.00039864320224888426
5007, 5142, 0.0003977391350170062
5202, 5358, 0.0003865440819042915
4489, 4637, 0.00038612781855404665
2650, 2884, 0.0003795515909735667
2727, 2867, 0.00037448178255951406
4139, 4397, 0.000374056714511542
2727, 3498, 0.00037197817086454785
3289, 3642, 0.00036735952090549977
3314, 3386, 0.0003597235998288211
4329, 5142, 0.0003592734191747076
1473, 1608, 0.0003556373499715965
1769, 2281, 0.0003481409233160891
0, 798, 0.0003473682504429777
0, 162, 0.00034576198203445927
4139, 4232, 0.0003451720115398124
1782, 2268, 0.00034374989400346356
2584, 2750, 0.00034092784515529507
3410, 3449, 0.00034077487798758635
880, 1122, 0.0003394951518508499
3067, 3462, 0.000333263294872502
0, 313, 0.0003323284076019768
1769, 2502, 0.00032430487496626576
5202, 5783, 0.0003131084553862144
293, 765, 0.00031005394553953124
0, 632, 0.0003096431341714985
3314, 4637, 0.0003059615252607506
1098, 1183, 0.00030533986358364195
4208, 4354, 0.00029761433120275237
1769, 2867, 0.0002958490652164226
824, 1630, 0.00029326706683807213
3602, 4397, 0.00028944173342994724
2727, 3642, 0.00028664729304142
1769, 4354, 0.00028592860863295465
3252, 3462, 0.00028582987446199455
4195, 5142, 0.0002806967105918897
1932, 2371, 0.0002767419648392407
2727, 3217, 0.00027567287587262315
5078, 5142, 0.00027144837315535854
3602, 4232, 0.00027144688000776284
0, 78, 0.00027073360330624367
2949, 3891, 0.00027050848287834856
2650, 3891, 0.0002676718868106888
1330, 1407, 0.00026071652352301387
880, 1335, 0.00026017836936375726
2524, 2867, 0.0002593728570700933
3410, 4354, 0.00025849692159212774
3732, 3842, 0.0002583623629538577
0, 1643, 0.0002564258818011892
2949, 3695, 0.0002550047210158651
2727, 2750, 0.0002542503140534525
1330, 1417, 0.0002535717757036173
3067, 3217, 0.00024217848016111864
2650, 3695, 0.000239606104201346
2628, 2750, 0.0002365453111769828
1330, 1650, 0.00023249794100631938
4195, 4526, 0.00022656239938525626
3178, 3462, 0.00022265207280295377
418, 657, 0.0002224960928256989
1473, 1603, 0.0002196681761142131
5771, -1, 0.0002188123864223857
0, 335, 0.00021683607709049245
1473, 2268, 0.0002134780168086612
5274, -1, 0.00021113797832036837
1769, 1883, 0.00021015317995582051
0, 325, 0.0002091288551484766
4195, 4232, 0.00020714581352645372
1988, 2268, 0.0001929994164557794
5614, -1, 0.00019270486371518312
2949, 3755, 0.0001875930754685702
349, 657, 0.00018463131544722307
2650, 3755, 0.00018414191366937347
5870, -1, 0.00018221433651166807
0, 425, 0.000179029486189201
418, 601, 0.0001756298500148098
880, 1650, 0.00017364778691943906
5514, -1, 0.0001734031635557495
0, 967, 0.0001730129830794852
293, 665, 0.00017216291362654964
3602, 3690, 0.00017195663080466693
5202, 5609, 0.00016965933438996947
3289, 3386, 0.0001681475346575439
4918, 5142, 0.0001662002061083398
793, 1447, 0.00016557826738287904
3067, 3449, 0.00016535162343980843
293, 869, 0.00016439306530683325
3252, 3449, 0.0001622888039595239
3602, 5142, 0.00016128479646649306
5367, 5585, 0.00016017324013677087
5635, 5838, 0.00015789653163206948
1769, 2054, 0.00015696856380359843
793, 1284, 0.0001564044524055369
600, 728, 0.00015604515720534664
349, 1630, 0.00015474336820848098
3602, 4006, 0.00015386146575039638
1380, 1447, 0.00015339913889626252
2524, 3386, 0.00015068528138769454
3314, 3891, 0.0001498234136137311
5755, 5994, 0.00014866036554254846
6091, -1, 0.00014546224609035885
3314, 3695, 0.0001435423775859911
293, 1335, 0.00014251838351445536
1330, 1447, 0.00014196034145991585
418, 1630, 0.000140334788824021
1284, 1630, 0.0001393331788417645
5900, 5994, 0.00013635600043844056
0, 535, 0.0001356842571620968
0, 1236, 0.00013078576485024584
3178, 3449, 0.000127063825103147
4139, 5142, 0.00012652928854705778
1728, 2371, 0.00012523471403761156
2949, 3842, 0.00012475711550400856
1769, 3386, 0.000124646995819182
2650, 3842, 0.0001226815415744152
1257, 1335, 0.00012255985735742746
349, 601, 0.00012115990101446043
1769, 1861, 0.00012020796105659143
418, 728, 0.00011891189544686856
5202, 5771, 0.00011748142505878397
793, 1129, 0.00011622488619189114
5202, 5235, 0.00011619830402774071
793, 1098, 0.00011577248344134115
349, 728, 0.00011416679901387643
1578, 1630, 0.00011321407532268107
0, 838, 0.00011132489729829532
3732, 3834, 0.0001107965284400935
3067, 3498, 0.00010940893864782222
793, 1166, 0.00010913394657106345
293, 1122, 0.00010744528222063607
1380, 1643, 0.00010553941058762973
5755, 5838, 0.00010452266715058039
0, 903, 0.00010422245321273689
600, 1630, 0.00010355730683822505
4483, 5142, 0.000102964972823603
5202, 5346, 0.00010282257983233941
2727, 3386, 0.00010279722162851357
1949, 2268, 0.00010241204935862441
2650, 3398, 0.00010188797920408844
5982, 5994, 0.00010028177856635735
1769, 2884, 9.782059542421344e-05
3410, 3695, 9.757354188398814e-05
1122, 1630, 9.707653568623294e-05
2727, 2884, 9.627409508425821e-05
2949, 3398, 9.574056344540579e-05
3067, 3642, 9.48249383334296e-05
2524, 4354, 9.477726289382177e-05
0, 290, 9.464287905016308e-05
5202, 5277, 9.363098441884776e-05
2524, 2800, 9.354708206236053e-05
5589, -1, 9.33268185700622e-05
398, 657, 9.326540813535504e-05
3314, 3755, 9.187323075888439e-05
5861, 5924, 9.161940778363966e-05
2650, 3020, 9.1089019102847e-05
0, 882, 8.938462851266964e-05
5394, -1, 8.888657158372737e-05
2584, 3462, 8.823648863793091e-05
293, 754, 8.802324414217418e-05
2119, 2268, 8.708197719697831e-05
5635, 5994, 8.569840825974828e-05
293, 1650, 8.553938659437637e-05
3181, 3462, 8.497389490633677e-05
793, 967, 8.339491291637064e-05
2949, 3834, 8.317742571916614e-05
3252, 3498, 8.281149783204648e-05
3178, 3498, 8.27240353950421e-05
0, 1263, 8.202909486245197e-05
2650, 3834, 8.179360968866611e-05
1769, 1988, 8.079774594334672e-05
2949, 3020, 8.043882933629838e-05
5527, 5585, 7.97596559384952e-05
2628, 3462, 7.766598961719603e-05
3809, 4006, 7.763156897300843e-05
698, 1630, 7.753776831943443e-05
1932, 2750, 7.71854426392436e-05
715, 1183, 7.69304011304688e-05
0, 857, 7.690519125460125e-05
0, 1608, 7.567198337617662e-05
5704, -1, 7.557855392170344e-05
398, 601, 7.468801170200292e-05
0, 428, 7.328924150138779e-05
5370, 5585, 7.191363238310576e-05
1504, 1643, 7.176698875715906e-05
880, 1098, 7.160330142031414e-05
2458, 2750, 7.160279431873155e-05
0, 1246, 7.105203857893853e-05
3314, 3398, 7.077028290950453e-05
1257, 1650, 7.033168360933066e-05
1769, 2800, 7.014332140642142e-05
1769, 3891, 6.977762119565198e-05
3376, 3462, 6.964668536570685e-05
793, 1643, 6.921345910331202e-05
3087, 3462, 6.8493849996531e-05
600, 657, 6.846104568773502e-05
398, 1630, 6.670212186073393e-05
880, 1447, 6.550964955356038e-05
0, 1061, 6.471866057743113e-05
2524, 3695, 6.443690971110236e-05
4847, 5135, 6.394807933170873e-05
2524, 2884, 6.325314977097249e-05
880, 1284, 6.18973915486028e-05
5913, 5994, 6.0954568191733944e-05
880, 1129, 6.076562178878419e-05
0, 692, 6.051366201802368e-05
0, 2268, 5.886757828160334e-05
1769, 2015, 5.879357978602292e-05
1932, 3462, 5.878561034193975e-05
5755, 5924, 5.7747709630562084e-05
2524, 2628, 5.7634649336982625e-05
3314, 3432, 5.7460714998016186e-05
3216, 3462, 5.528218843228907e-05
1257, 1447, 5.5062083229379323e-05
715, 728, 5.4325266358149186e-05
398, 728, 5.426449069761521e-05
4768, 5142, 5.42189135939031e-05
1742, 2371, 5.4137819475795754e-05
1098, 1335, 5.404490063709095e-05
1769, 3695, 5.3480148921544526e-05
116, 258, 5.322285290546515e-05
3204, 3462, 5.311263593454806e-05
0, 1132, 5.2898136802958414e-05
880, 1166, 5.226172959942328e-05
0, 398, 5.159704493716437e-05
5340, 5585, 5.156798095847754e-05
2650, 3432, 5.1557340381129066e-05
2949, 3432, 5.10923531297865e-05
3181, 3449, 5.10281371119755e-05
3087, 3217, 5.089233496817066e-05
2584, 3449, 5.0413955832671936e-05
0, 130, 5.0006068654134646e-05
5827, -1, 4.87808035756817e-05
0, 1603, 4.845616930760512e-05
0, 1244, 4.7696795094598984e-05
824, 1183, 4.766541817923137e-05
2727, 2800, 4.695085899556203e-05
5202, 5266, 4.6868911363101325e-05
5060, 5142, 4.682122172654077e-05
0, 1345, 4.64926475211453e-05
727, 1630, 4.6324398010478923e-05
1769, 2628, 4.5505768074701414e-05
3178, 3386, 4.5425942951949e-05
5202, 5858, 4.514418242739849e-05
1769, 2172, 4.5087398862170435e-05
4847, 5020, 4.430013830797459e-05
1703, 2268, 4.385217188420936e-05
0, 1134, 4.292744178456297e-05
0, 690, 4.283435484345755e-05
3067, 3386, 4.243547476278402e-05
2458, 3462, 4.2268693891978865e-05
198, 1630, 4.1831135653925836e-05
2502, 2750, 4.151855119023815e-05
0, 1233, 4.126458630048091e-05
1776, 1873, 4.108983864926102e-05
3410, 3755, 4.0766509564845284e-05
3809, 5142, 4.066860611934555e-05
1380, 1608, 3.8948264270121e-05
793, 903, 3.8375836191381936e-05
198, 657, 3.8272117123619616e-05
1728, 1840, 3.804481936104057e-05
3252, 3386, 3.7221765311425765e-05
1330, 1643, 3.5554195330635786e-05
5367, 5446, 3.469283792537417e-05
1799, 2268, 3.452494805658072e-05
0, 142, 3.437987773725232e-05
293, 1447, 3.341147158485772e-05
2090, 2268, 3.3404194824071495e-05
4847, 5585, 3.33560560100186e-05
293, 1284, 3.1847672615244516e-05
715, 869, 3.11588319655235e-05
1330, 1335, 3.107528782884519e-05
198, 258, 3.106775721720267e-05
6074, -1, 3.0419253483772263e-05
3410, 3891, 3.016321002639612e-05
3314, 3842, 2.9925613982515402e-05
198, 728, 2.934306782052975e-05
1380, 2268, 2.9297223722956753e-05
1769, 3398, 2.8978614971111672e-05
1769, 3020, 2.8603503414291725e-05
5673, 5838, 2.845268997175332e-05
5635, 5778, 2.777309827935367e-05
793, 2268, 2.710039059770967e-05
3795, 5142, 2.6889305291608958e-05
1156, 1630, 2.6825236151622652e-05
880, 1643, 2.6462742637123067e-05
5346, -1, 2.643665160140856e-05
2524, 3891, 2.6260768012167564e-05
5527, 5838, 2.6046898181387244e-05
1380, 1603, 2.5920578714785704e-05
1728, 2750, 2.5843750400952463e-05
793, 1236, 2.5774542916904827e-05
2949, 5142, 2.5246413756525432e-05
3376, 3498, 2.5122356528838317e-05
5639, 5838, 2.507749568940457e-05
418, 688, 2.457360044610466e-05
5099, 5142, 2.4091659216724363e-05
1698, 2268, 2.400116037599343e-05
3178, 3642, 2.373476962049921e-05
349, 1183, 2.3606123506105168e-05
2524, 3020, 2.2977678706838032e-05
0, 1380, 2.286990454242844e-05
349, 688, 2.2857061530622355e-05
5202, 5998, 2.24820050991947e-05
116, 1630, 2.2188602013510496e-05
5319, -1, 2.214738328166808e-05
3732, 5142, 2.1882809303425238e-05
116, 657, 2.1813108319639373e-05
198, 601, 2.1791184541848994e-05
418, 1183, 2.1399437385401877e-05
2650, 5142, 2.12131421216049e-05
349, 451, 2.119406042178118e-05
0, 1063, 2.1149947220939285e-05
5635, 5924, 2.112663238503909e-05
5340, 5446, 2.1096763300170963e-05
793, 882, 2.1040954317725363e-05
1769, 1895, 2.0848536425407523e-05
2949, 3062, 2.0738360191536316e-05
293, 1166, 2.0622238124166622e-05
1244, 1335, 2.0549093112418298e-05
293, 1129, 2.0457670284006495e-05
349, 480, 2.0351167775515447e-05
2628, 3449, 2.0227985260362792e-05
0, 793, 2.015140241952916e-05
1769, 3755, 2.0028530774661417e-05
1098, 1650, 1.9912796450654785e-05
2524, 3755, 1.9783361738045222e-05
793, 1608, 1.9536455752622393e-05
0, 296, 1.916584664577531e-05
293, 1098, 1.9097513133619902e-05
1992, 2268, 1.885311912333555e-05
3199, 3462, 1.883014810456958e-05
4847, 4913, 1.839461385432716e-05
3087, 3449, 1.8369752650715013e-05
1932, 2378, 1.8341072672528615e-05
1575, 1650, 1.787140050318476e-05
5527, 5994, 1.7757054444182943e-05
604, 728, 1.7538318220666347e-05
600, 688, 1.7470191555149493e-05
1098, 1284, 1.7378573251131357e-05
880, 967, 1.720712279607682e-05
2524, 2689, 1.6941569181070757e-05
793, 1061, 1.6642026836029612e-05
5755, 5883, 1.6433299194009462e-05
293, 321, 1.630486176089126e-05
600, 1183, 1.5897554213820497e-05
116, 728, 1.556147486749622e-05
698, 728, 1.553848631217703e-05
5367, 5498, 1.5265780712216714e-05
0, 293, 1.5257864641264533e-05
1782, 1873, 1.5029098007490052e-05
793, 1263, 1.4994918687851393e-05
5367, 5838, 1.4942211163220888e-05
1338, 1630, 1.4877179757011847e-05
293, 681, 1.4544990211817165e-05
1504, 1608, 1.4350875483011795e-05
5370, 5446, 1.4330405152660717e-05
715, 765, 1.39824160720149e-05
0, 4, 1.391955263003172e-05
5684, 5838, 1.3894561197614995e-05
0, 880, 1.385913588533664e-05
2949, 3068, 1.3653301689178162e-05
0, 284, 1.3569478656923291e-05
5367, 5994, 1.3512309130772132e-05
293, 1643, 1.3499052332759868e-05
3795, 4006, 1.3270592685897714e-05
293, 425, 1.3265746198897076e-05
0, 319, 1.3261157085176268e-05
1769, 2240, 1.3114996044324123e-05
2628, 2867, 1.3110862459910555e-05
293, 798, 1.2825392772289427e-05
1932, 2281, 1.2707494914785515e-05
793, 1603, 1.2499283195345536e-05
0, 327, 1.2466181084381833e-05
1769, 2417, 1.245825207027829e-05
0, 304, 1.2340122293801239e-05
0, 888, 1.2337327207992193e-05
600, 765, 1.2311860653429837e-05
880, 1236, 1.2276578374955645e-05
4847, 5446, 1.214210490678309e-05
2584, 3217, 1.2031238238684091e-05
3795, 3842, 1.1976103381484222e-05
2584, 2867, 1.1918775939720337e-05
2584, 3498, 1.1908812036071508e-05
5776, 5994, 1.1880455381802567e-05
293, 632, 1.1837087317445785e-05
4847, 5146, 1.1819572816301221e-05
5673, 5994, 1.1811341967770635e-05
604, 1630, 1.1636312949636625e-05
880, 1061, 1.157363337188572e-05
1769, 2314, 1.151610637619334e-05
116, 601, 1.1481838016214758e-05
1122, 1183, 1.1480424039725718e-05
1330, 1608, 1.14460957022802e-05
793, 857, 1.1443090853554005e-05
698, 1183, 1.1369191060331702e-05
793, 1132, 1.1357169978239762e-05
1769, 1867, 1.1208086100904894e-05
5639, 5994, 1.1035056154112476e-05
5220, -1, 1.0954267487110028e-05
398, 688, 1.0915393834233502e-05
2650, 3062, 1.0724008051177876e-05
793, 1246, 1.0722412075899338e-05
5942, 5994, 1.0535233942451704e-05
3252, 3642, 1.0395935020595566e-05
3314, 5142, 1.0300914960165661e-05
3732, 3755, 1.0265057235545402e-05
5394, 5585, 1.0180719673891242e-05
2727, 3755, 1.0149915815357076e-05
398, 1183, 1.0143259425012621e-05
3694, 3891, 1.0074032163506266e-05
4967, 5142, 1.0046458125649434e-05
1257, 1643, 9.996170847225289e-06
5635, 5883, 9.902037491281616e-06
2949, 3260, 9.695867987857256e-06
5274, 5585, 9.674511388346126e-06
2628, 3217, 9.571261968404958e-06
0, 287, 9.501750410414784e-06
0, 575, 9.357641528714675e-06
793, 1134, 9.17369676632498e-06
3289, 3755, 9.043717142022403e-06
1244, 1650, 8.89735261053356e-06
5635, 5783, 8.896285657232722e-06
2628, 3498, 8.852759583395832e-06
3216, 3449, 8.822223398512528e-06
3181, 3498, 8.578242762538421e-06
793, 838, 8.571984606462702e-06
1504, 1603, 8.569977898960578e-06
1932, 3449, 8.54277548691824e-06
1345, 1630, 8.464082109916479e-06
2727, 3695, 8.388366851477586e-06
3204, 3449, 8.347516775363597e-06
5514, 5585, 8.328259309911397e-06
715, 1122, 8.132702769938714e-06
3289, 3398, 8.059196657682735e-06
5861, 5883, 8.05114611898793e-06
4847, 5159, 7.975312884949534e-06
2650, 3260, 7.9464103824326e-06
390, 657, 7.940307564339755e-06
3376, 3449, 7.862517038615683e-06
880, 1608, 7.779890420201594e-06
3289, 3695, 7.757953465217968e-06
5202, 5362, 7.639711524539206e-06
1330, 1603, 7.457920719787664e-06
418, 765, 7.446924404374225e-06
1473, 1873, 7.398679332876846e-06
5274, 5446, 7.359776188024268e-06
2650, 2898, 7.177900273237977e-06
1742, 1840, 7.048251769939168e-06
604, 657, 7.014225973911692e-06
349, 765, 6.998149863532528e-06
293, 967, 6.922732781512192e-06
2524, 3398, 6.880524443952533e-06
5202, 5755, 6.8531106922590175e-06
5340, 5498, 6.791588485218354e-06
715, 1650, 6.669307838318044e-06
2727, 3891, 6.664500753799116e-06
5370, 5498, 6.544398472633329e-06
2650, 3068, 6.5340715998432135e-06
3314, 3834, 6.483109432313189e-06
418, 480, 6.314775317141834e-06
4784, 5142, 6.301208518225735e-06
390, 601, 6.287283826222012e-06
116, 262, 6.23797808807778e-06
5370, 5838, 6.2348353913676845e-06
793, 798, 6.206691377867103e-06
727, 1183, 6.183702405976323e-06
198, 1183, 6.14630098412981e-06
1769, 5142, 6.1383161903753235e-06
3087, 3498, 6.1268969198512665e-06
3809, 3842, 6.026885693679001e-06
793, 1063, 5.896854459477233e-06
880, 1132, 5.8629149431990145e-06
1287, 1650, 5.853576930043278e-06
5340, 5838, 5.8193021221507416e-06
4847, 5838, 5.702184667092221e-06
386, 657, 5.69358525636372e-06
3410, 5142, 5.628085084469222e-06
2024, 2268, 5.558220068564254e-06
4847, 5283, 5.5354278215683875e-06
3178, 3217, 5.471108752208203e-06
4489, 5142, 5.4653424440353766e-06
1098, 1122, 5.460959588224606e-06
2584, 3642, 5.458227097044813e-06
4308, 5142, 5.4245845703831785e-06
5635, 5701, 5.4126154593987746e-06
824, 1122, 5.280779001508697e-06
198, 688, 5.2805418286234385e-06
198, 451, 5.16273217679856e-06
1932, 3498, 5.154522701708016e-06
390, 1630, 5.1501416623446465e-06
1932, 3217, 5.147402156438582e-06
5776, 5838, 5.125868759665011e-06
418, 665, 5.027577075114068e-06
880, 1246, 4.983162448657562e-06
880, 1603, 4.977517663499568e-06
5783, -1, 4.906218184309672e-06
2524, 5142, 4.856511066571199e-06
5870, 5994, 4.828341053768698e-06
2502, 3462, 4.776316139087392e-06
4369, 5142, 4.77156952356532e-06
0, 1276, 4.771528645653837e-06
390, 728, 4.76489916826666e-06
5527, 5778, 4.700765518275391e-06
880, 1134, 4.698460921329784e-06
398, 480, 4.604844326592153e-06
5527, 5701, 4.595753998870538e-06
698, 869, 4.484036382369673e-06
386, 601, 4.445574273586767e-06
4512, 5016, 4.342727151653103e-06
293, 903, 4.340297707766078e-06
349, 665, 4.33317345546251e-06
1728, 3462, 4.303585263567703e-06
4847, 5011, 4.2961020034134495e-06
96, 258, 4.181267434908619e-06
2458, 3449, 4.169429710737266e-06
880, 1063, 4.1044692065383984e-06
3216, 3498, 4.0972072916983564e-06
3204, 3498, 4.0833992889356e-06
293, 1608, 3.968411701967192e-06
198, 262, 3.940156067672836e-06
1703, 1873, 3.873409377052366e-06
5202, 5521, 3.854968368563431e-06
3020, 3217, 3.849135130462565e-06
418, 451, 3.7937677390198963e-06
2458, 3217, 3.7578504244072846e-06
386, 1630, 3.7192864320548505e-06
293, 838, 3.6778825377071574e-06
2458, 3498, 3.6758935346084317e-06
349, 869, 3.6153596283913926e-06
824, 1650, 3.564272225215381e-06
3265, 3462, 3.5400315770080545e-06
3181, 3386, 3.522386412567797e-06
5639, 5778, 3.4492661583008674e-06
600, 754, 3.445312783086754e-06
5614, 5838, 3.420105020740574e-06
3020, 3462, 3.406238523184538e-06
398, 765, 3.394555810610501e-06
398, 451, 3.3632939075859254e-06
386, 728, 3.3471984468933953e-06
5947, -1, 3.322308528997352e-06
2727, 5142, 3.3002163696024265e-06
600, 869, 3.298940048952923e-06
5313, -1, 3.289825058577037e-06
293, 882, 3.217563273054144e-06
198, 480, 3.2103156725616033e-06
1257, 1608, 3.176194440103175e-06
1098, 1643, 3.141760245600535e-06
824, 869, 3.1333097502605657e-06
1473, 1578, 3.131354229835862e-06
698, 765, 3.0703548373297345e-06
0, 1873, 3.0628761958209453e-06
3289, 5142, 3.062233076974969e-06
1742, 2750, 3.046979714276069e-06
418, 869, 3.0238890450803584e-06
4704, 5142, 2.9417997702875878e-06
2628, 2884, 2.9108534909422483e-06
293, 857, 2.8884955083019263e-06
1932, 2867, 2.8815254690481295e-06
4525, 5142, 2.8726791525628553e-06
1834, 2268, 2.8588749606019944e-06
4512, -1, 2.8546465697849937e-06
3199, 3449, 2.85242271483528e-06
5367, 5505, 2.8428467281371162e-06
116, 688, 2.83619374054392e-06
715, 754, 2.8246504869279123e-06
2584, 2884, 2.8167430001455408e-06
5635, 5771, 2.8071364769119245e-06
1728, 1883, 2.7875958815016747e-06
880, 1263, 2.74046679032146e-06
3289, 3432, 2.671488633474071e-06
2628, 3642, 2.640537075582805e-06
262, 657, 2.617619072016112e-06
1330, 2268, 2.615739003012779e-06
4847, 5498, 2.612697080096762e-06
3289, 3891, 2.6119314001782076e-06
1504, 2268, 2.6074304364496657e-06
1769, 2008, 2.579689496350694e-06
5771, 5838, 2.576608067194428e-06
262, 1630, 2.5666319511605806e-06
293, 1603, 2.5389611261476103e-06
5755, 5778, 2.535302971816555e-06
1932, 2054, 2.528689082778398e-06
5673, 5778, 2.5228985198177386e-06
3240, 3462, 2.494438631783991e-06
1575, 1643, 2.4434498433475027e-06
1807, 2268, 2.433805658465573e-06
2628, 2800, 2.372857675406025e-06
2727, 3398, 2.372631384607084e-06
3199, 3498, 2.342225997722568e-06
2813, 3462, 2.2523848384133263e-06
2834, 3462, 2.2471785226917876e-06
880, 2268, 2.236798145796276e-06
418, 754, 2.189261456241989e-06
1728, 1861, 2.1458028152063266e-06
116, 451, 2.140534614812635e-06
1698, 1873, 2.1048551309601004e-06
2727, 3020, 2.0833900338271882e-06
349, 754, 2.070110664897187e-06
2584, 2800, 2.068451709098096e-06
2458, 2867, 2.0556978586627107e-06
1257, 1603, 2.0515181662905194e-06
715, 1335, 2.0354392212680727e-06
398, 665, 2.030670229047357e-06
5346, 5585, 2.026651850188338e-06
5704, 5838, 1.9679890845560588e-06
2800, 3462, 1.947036482651165e-06
1769, 2898, 1.9251963248694137e-06
225, 1630, 1.909182198337777e-06
198, 765, 1.901549015977124e-06
600, 665, 1.8883049572837402e-06
1728, 3217, 1.8313338322911922e-06
1742, 3462, 1.8046553009739726e-06
5202, 5982, 1.7927045967438543e-06
5367, 5778, 1.7896438990496923e-06
604, 688, 1.789413198416496e-06
5319, 5585, 1.788333249391519e-06
2524, 3432, 1.7768482523554478e-06
225, 657, 1.7241660166128158e-06
2979, 3462, 1.6926421520258202e-06
3382, 3462, 1.6798710673015829e-06
2727, 2898, 1.676484354730624e-06
5527, 5883, 1.64045353912026e-06
1932, 2015, 1.6364549389603735e-06
3204, 3386, 1.6189211627455779e-06
5673, 5883, 1.6001143387445234e-06
1769, -1, 1.5974906778455234e-06
3216, 3386, 1.5939873670436522e-06
2584, 3386, 1.5916504612748723e-06
1728, 3449, 1.5860953999743055e-06
3181, 3217, 1.5762978832964114e-06
96, 657, 1.5559911253541645e-06
3260, 3462, 1.5496807095748685e-06
262, 601, 1.5451901121833818e-06
5514, 5838, 1.5392872339872652e-06
1769, 2519, 1.5386104903825122e-06
0, 1492, 1.5306615678398974e-06
2524, 3062, 1.5196234403385855e-06
2502, 3449, 1.5033860010389313e-06
1932, 2884, 1.4977966493894898e-06
1728, 2378, 1.4740888859649785e-06
2502, 3217, 1.4571868045425705e-06
3265, 3449, 1.4543421105964877e-06
3087, 3386, 1.3836621135225442e-06
116, 480, 1.3602831838955137e-06
2628, 3386, 1.3457370794738574e-06
3020, 3449, 1.3237637916987416e-06
2650, -1, 1.3232772524158887e-06
1742, 1883, 1.2978318570568191e-06
1799, 1873, 1.2797366069635733e-06
5589, 5838, 1.2696777866745931e-06
0, 244, 1.2641448179724414e-06
1769, 3432, 1.2457791802195682e-06
5367, 5701, 1.242552184988368e-06
5639, 5883, 1.233052577393961e-06
3376, 3642, 1.2210769034757575e-06
3602, -1, 1.214876761176739e-06
1769, 2525, 1.2126739737485946e-06
2727, 3432, 1.2122622691111246e-06
1776, 2371, 1.2053048188959504e-06
5202, 5322, 1.2051205494804867e-06
2727, 3062, 1.1877748077904898e-06
1932, 2502, 1.1691059390003939e-06
5370, 5505, 1.16861137757746e-06
2979, 3217, 1.1666072561249012e-06
5340, 5505, 1.1602208075891956e-06
4329, 5016, 1.1540300633680631e-06
4195, -1, 1.1449021405549876e-06
293, 1236, 1.1400943654027416e-06
2096, 2371, 1.13419802500107e-06
4329, -1, 1.1254328276382347e-06
5274, 5498, 1.1157606229558911e-06
2524, 2898, 1.0687301712744566e-06
1728, 2867, 1.0526584384005652e-06
6080, -1, 1.019519237962902e-06
1932, 3386, 1.0187337328059574e-06
3497, 3642, 1.012379420730623e-06
3087, 3642, 9.920425035478362e-07
3067, 3398, 9.88036462041073e-07
5319, 5446, 9.866464442217125e-07
1380, 1873, 9.77565108102998e-07
3178, 3398, 9.614891104914016e-07
5274, 5838, 9.56709118450299e-07
3252, 3398, 9.458006357827846e-07
3181, 3642, 9.438934459282782e-07
1932, 3642, 9.376479061933857e-07
1742, 1861, 9.339885330897095e-07
2834, 3217, 9.108900637896297e-07
793, 1873, 9.051672308140436e-07
4195, 5016, 9.038669643813477e-07
640, 728, 9.011157912698974e-07
1728, 2054, 8.879032462501929e-07
1728, 2502, 8.875971922263124e-07
5394, 5446, 8.481398074844127e-07
5527, 5783, 8.079969578701693e-07
4512, 4992, 8.063897012441701e-07
2502, 2867, 7.567178505632752e-07
5418, 5585, 7.227485410238154e-07
1742, 2378, 7.154009929774976e-07
2387, 2750, 7.114351632231891e-07
5639, 5783, 6.977085114196288e-07
262, 728, 6.829666526140402e-07
1098, 1166, 6.756248884641672e-07
1728, 2281, 6.699136564794917e-07
5346, 5446, 6.501119710951627e-07
2949, -1, 6.495934037217054e-07
3543, 3642, 6.109766555524136e-07
293, 2268, 5.90579936239774e-07
5755, 5858, 5.873120164670759e-07
2650, 2879, 5.867321458759466e-07
1932, 2800, 5.793093688699327e-07
5367, 5883, 5.768128015051028e-07
1957, 2268, 5.666584628235042e-07
5684, 5778, 5.646684537777885e-07
1728, 2015, 5.594952184755722e-07
5635, 5858, 5.556221920510568e-07
2949, 3199, 5.496702628155565e-07
1257, 1284, 5.317405839587416e-07
2524, 3068, 5.093245640110922e-07
5527, 5609, 4.997935981110944e-07
1776, 1840, 4.933611794486623e-07
5367, 5609, 4.905486612044997e-07
1728, 1988, 4.837621971375306e-07
225, 728, 4.790619545349437e-07
1936, 2371, 4.772336131050119e-07
1742, 2867, 4.6603664212763246e-07
5776, 5883, 4.5941535653914304e-07
3602, 5016, 4.57452671332332e-07
5684, 5883, 4.573954749849983e-07
5370, 5778, 4.5210007154400026e-07
5394, 5498, 4.4899009197933426e-07
1742, 2054, 4.458813992800785e-07
4847, 5778, 4.3950868317439734e-07
2030, 2268, 4.349139709176188e-07
1257, 2268, 4.3384576367652e-07
1504, 1873, 4.3056795749987954e-07
1831, 2268, 4.2728186608686036e-07
4847, 5505, 4.0383044557394376e-07
4918, 5016, 4.0255661084901406e-07
1330, 1873, 4.018702892133833e-07
96, 728, 4.009712434806955e-07
2727, 3068, 3.937253832027587e-07
5340, 5778, 3.9053312125069595e-07
116, 1183, 3.820406002915752e-07
5614, 5778, 3.806850151858301e-07
2458, 2502, 3.801881347875965e-07
1932, 1988, 3.7146964749191996e-07
2650, 2689, 3.7052124296183685e-07
4139, 5016, 3.681143669053723e-07
1769, 1817, 3.6577526707696763e-07
2650, 3199, 3.624417607355669e-07
0, 302, 3.6211855835548895e-07
880, 1873, 3.596987188633533e-07
1742, 2502, 3.5501912306781526e-07
1769, 2423, 3.529530523023719e-07
1782, 2371, 3.503326664973979e-07
5639, 5701, 3.424521748811599e-07
2524, -1, 3.353870703983731e-07
5313, 5585, 3.289361445384428e-07
5220, 5585, 3.221583573864805e-07
648, 728, 3.1948204338575765e-07
0, 371, 3.1375806710925296e-07
5370, 5701, 3.004589383702413e-07
2458, 2800, 2.9367919685082423e-07
4483, 5016, 2.921288697250019e-07
1742, 2015, 2.8651349584886367e-07
2800, 2867, 2.8606844520788443e-07
5527, 5771, 2.7833162172457155e-07
1807, 1873, 2.7583484368150825e-07
2594, 2750, 2.7559863732332294e-07
2458, 2628, 2.6356095248964314e-07
1742, 2281, 2.611022971640982e-07
604, 765, 2.5979165664492257e-07
5340, 5701, 2.5838621716284067e-07
1952, 2371, 2.583227780632463e-07
727, 869, 2.573379500298572e-07
1742, 1988, 2.564389499652934e-07
0, 366, 2.468180193835129e-07
4847, 5701, 2.460517272236081e-07
3314, 3460, 2.377689963664821e-07
5412, 5585, 2.348491407946658e-07
398, 754, 2.2063713266175833e-07
1769, 2489, 2.19731125512854e-07
1098, 1236, 2.1059378235412652e-07
2813, 2867, 2.0680687042665207e-07
1473, 2371, 2.0650653889597266e-07
4847, 5235, 2.0588197303952515e-07
1769, 3062, 2.0553278148054746e-07
2003, 2268, 1.97519906271869e-07
1728, 1867, 1.9400387666920886e-07
1970, 2268, 1.9342243595839243e-07
1769, 2272, 1.9331184226534793e-07
2076, 2371, 1.9148245071042118e-07
2949, 3690, 1.8945853916252378e-07
2650, 3690, 1.8633829208869916e-07
293, 1873, 1.8382411458352545e-07
2033, 2268, 1.8197788165497753e-07
880, 903, 1.8132674086668179e-07
2949, 3460, 1.776499029439388e-07
5313, 5446, 1.7672884606096124e-07
1473, 1840, 1.7468441665796525e-07
2727, -1, 1.681284734578241e-07
1782, 1840, 1.645076020204204e-07
1728, 1895, 1.6207570130122909e-07
225, 601, 1.6172787792133815e-07
2657, 2750, 1.6092535764784697e-07
425, 728, 1.5623814556771533e-07
2073, 2371, 1.552087143483996e-07
4768, 5016, 1.538006282149505e-07
1834, 1873, 1.5361258003958203e-07
715, 798, 1.533521982437771e-07
2502, 2800, 1.5037449142597835e-07
604, 1183, 1.4953141270652366e-07
2387, 2502, 1.4581732729690642e-07
5220, 5446, 1.4262566758910517e-07
2468, 2750, 1.4167107246964692e-07
5370, 5609, 1.3476157689601638e-07
1257, 1873, 1.2461139690760426e-07
1769, 2689, 1.2396928287112585e-07
5274, 5283, 1.2374518374938207e-07
1769, 2468, 1.229869444178007e-07
1728, 2800, 1.1694307223223554e-07
116, 236, 1.1509850703656284e-07
1932, 2628, 1.1344824217830524e-07
1156, 1183, 1.1339983465353223e-07
1769, 2651, 1.1271321965779084e-07
1776, 1883, 1.1066504516861874e-07
349, 1122, 1.090951390094278e-07
116, 765, 1.0826455699529053e-07
2524, 2651, 1.0560706586360344e-07
1776, 2750, 1.0439654975235394e-07
5319, 5498, 1.0309299654528322e-07
5346, 5498, 1.0136336731488638e-07
418, 1122, 9.890342231882077e-08
2524, 3199, 9.816011793044439e-08
1769, 2291, 9.244592356990272e-08
293, 535, 8.865425281894244e-08
2502, 2628, 8.601614530840408e-08
1742, 1867, 8.584592887123641e-08
1578, 1650, 8.514953931978593e-08
727, 765, 8.419383739174069e-08
5274, 5505, 8.277280528378517e-08
425, 657, 8.236078013745734e-08
390, 688, 8.044050251753486e-08
198, 665, 7.817341281125168e-08
2584, 2628, 7.79041380849341e-08
0, 12, 7.746045834515182e-08
1742, 1895, 7.744118159145807e-08
1988, 2371, 7.72231996528875e-08
1817, 2268, 7.61852522724178e-08
698, 754, 7.572043489030215e-08
2371, 2750, 7.338128191663988e-08
1703, 1840, 7.167847425634976e-08
528, 728, 7.01402652311557e-08
3809, 5016, 6.919198539443897e-08
116, 217, 6.86748469080222e-08
1098, 2268, 6.854809318082046e-08
1776, 1861, 6.781726170673291e-08
1812, 2268, 6.702839361487618e-08
4847, 5113, 6.664145533874664e-08
198, 754, 6.38396724656545e-08
96, 601, 6.273400933138918e-08
1769, 2352, 6.240385140099773e-08
349, 1650, 6.145104102451946e-08
225, 258, 6.051269185262792e-08
1728, 2628, 5.993739742120165e-08
0, 459, 5.9706233654343e-08
1932, 2172, 5.858317457155545e-08
2171, 2268, 5.845253810317068e-08
1776, 2378, 5.8286800258710425e-08
386, 688, 5.809302514452205e-08
4847, 5358, 5.6860899514395935e-08
2096, 2750, 5.658520232088115e-08
600, 798, 5.595133627043987e-08
5532, 5585, 5.571899115447306e-08
5340, 5609, 5.5717729524765914e-08
418, 1650, 5.5622822100196385e-08
1776, 2054, 5.4423119281372465e-08
425, 601, 5.212862517693878e-08
665, 728, 4.862118714926147e-08
1575, 2268, 4.6546568694787974e-08
2601, 2750, 4.56582559872936e-08
1932, -1, 4.4938974534125134e-08
2524, 2645, 4.491904856109951e-08
2531, 2750, 4.297002194777402e-08
2096, 2378, 4.241749712181329e-08
198, 236, 4.171426475180026e-08
1769, 2645, 4.1622241457545024e-08
2371, 2502, 4.059176887888081e-08
681, 728, 4.0242315499819506e-08
4847, 5072, 4.005859915073805e-08
1776, 1988, 3.867102880718922e-08
1936, 2750, 3.830600518813887e-08
1698, 1840, 3.667805650287513e-08
5220, 5283, 3.657947408141629e-08
2404, 2750, 3.6400055086838337e-08
398, 869, 3.638211457760126e-08
418, 798, 3.602396885004803e-08
96, 1630, 3.52694834792733e-08
349, 798, 3.5066207287415214e-08
1782, 1883, 3.457234718586586e-08
4847, 4906, 3.380101681579695e-08
604, 754, 3.308611794349903e-08
1949, 2371, 3.307317332243462e-08
2584, 2689, 3.2952915617028906e-08
4847, 5277, 3.282846223136161e-08
293, 428, 3.223099109688488e-08
116, 665, 3.022174641521963e-08
293, 311, 2.97502598976174e-08
1895, 2268, 2.9643518104034697e-08
698, 798, 2.9160189231302597e-08
1728, 2172, 2.8677820520795186e-08
1776, 2502, 2.7525802791487006e-08
1952, 2750, 2.748142901592234e-08
1703, 2371, 2.721882806301494e-08
1936, 2054, 2.6332879490574728e-08
2096, 2281, 2.6241496861427325e-08
715, 1166, 2.5674978193055137e-08
116, 754, 2.5164002173133584e-08
640, 657, 2.5126566413099353e-08
2054, 2268, 2.446660964093378e-08
4847, 5187, 2.381309718698768e-08
293, 692, 2.3567391282802683e-08
1782, 2054, 2.2793736800436676e-08
1799, 2371, 2.2707111103837675e-08
4847, 5609, 2.1221212359638576e-08
390, 765, 2.0925181625924372e-08
640, 1630, 2.0158825232771502e-08
4847, 5266, 2.0058661848644225e-08
1380, 1840, 1.998511251933842e-08
793, 1840, 1.974134042386766e-08
2584, 3020, 1.949206202646377e-08
1776, 2281, 1.9146472180661897e-08
262, 688, 1.9061308995806062e-08
1244, 2268, 1.9007555034403558e-08
2628, 3020, 1.886057700795777e-08
5202, 5374, 1.844370615090413e-08
293, 317, 1.8237545637106493e-08
715, 1129, 1.7713380601479734e-08
640, 765, 1.7558145385109082e-08
0, 279, 1.7438023137491656e-08
293, 690, 1.7418857964826407e-08
600, 1122, 1.7357204411040145e-08
715, 2268, 1.7252679896760616e-08
293, 335, 1.6897387890215554e-08
2458, 2689, 1.679844425749041e-08
2096, 2502, 1.6730591090605226e-08
1098, 1129, 1.647102372747544e-08
2119, 2371, 1.627227845078287e-08
398, 798, 1.6254932551604714e-08
528, 657, 1.61215413446701e-08
1782, 2378, 1.600959048117163e-08
1952, 2054, 1.6007675827072506e-08
1380, 2371, 1.574616066913911e-08
198, 217, 1.5364741754083786e-08
2404, 2502, 1.5114870871908344e-08
386, 765, 1.5113245071797642e-08
5202, 5255, 1.4818842632345774e-08
1936, 2378, 1.4705122357768047e-08
793, 2371, 1.4649674403612443e-08
390, 480, 1.4326887763117058e-08
225, 688, 1.428017974910798e-08
262, 451, 1.4031093082159552e-08
1932, 2519, 1.400718864088749e-08
1742, 2628, 1.3537767455386944e-08
727, 754, 1.3230632479101179e-08
1728, 1817, 1.3122898143719142e-08
293, 793, 1.3080210166689236e-08
96, 688, 1.2765640355895737e-08
293, 398, 1.269332449593578e-08
1932, 3020, 1.2626669509405732e-08
604, 665, 1.2195480842197906e-08
824, 1129, 1.2044712922115915e-08
698, 1122, 1.192182465897394e-08
1742, 2172, 1.1808265332657839e-08
386, 480, 1.1138259064595912e-08
1867, 2268, 1.111376941415578e-08
398, 1122, 1.108649347496726e-08
293, 315, 1.1062301504894754e-08
390, 665, 1.0848257869686431e-08
5394, 5505, 1.0840562010368162e-08
1952, 2378, 1.0739619207390506e-08
1997, 2268, 1.0662255805699205e-08
5202, 5717, 1.04991301297421e-08
1728, 2417, 1.042990197610168e-08
1961, 2268, 1.0401271190859234e-08
727, 798, 1.0343532159189175e-08
198, 798, 1.0238434857769847e-08
96, 236, 1.0219678840698165e-08
640, 688, 1.0114617814131425e-08
390, 451, 1.0037854777412131e-08
210, 728, 8.91566827363929e-09
262, 765, 8.875990164698059e-09
1910, 2268, 8.326183469311264e-09
293, 313, 8.30444916585712e-09
198, 869, 8.127594172663596e-09
262, 480, 7.942282292155112e-09
648, 765, 7.861791287840876e-09
386, 665, 7.800582492550338e-09
2458, 2519, 7.69123097699413e-09
5313, 5498, 7.662720447287777e-09
648, 657, 7.588334890563005e-09
293, 325, 7.467321360708726e-09
390, 754, 7.3898165489619055e-09
1769, 2615, 7.177584647397824e-09
225, 451, 7.079674947569856e-09
386, 451, 7.036682589622062e-09
1936, 2281, 6.998446230438209e-09
604, 798, 6.6589994227901346e-09
96, 217, 6.620283097333098e-09
225, 765, 6.606318047651208e-09
425, 688, 6.118124357675824e-09
1799, 1840, 5.9100899676938766e-09
1504, 1840, 5.817907124360546e-09
5052, 5283, 5.54988133192461e-09
96, 765, 5.529907430055115e-09
116, 798, 5.429739877491737e-09
640, 754, 5.3917259854191806e-09
386, 754, 5.3040993894839645e-09
1728, 2240, 5.300295046864994e-09
1728, 2314, 5.2307707473198905e-09
1742, 1817, 4.944411059772205e-09
1330, 1840, 4.842512177628592e-09
225, 480, 4.561719718722576e-09
232, 728, 4.306449885922174e-09
880, 1840, 4.27338674300711e-09
715, 838, 3.907341386190785e-09
1698, 2371, 3.860875689892203e-09
418, 681, 3.803113780501534e-09
96, 451, 3.688025004621335e-09
648, 688, 3.629289843762437e-09
262, 665, 3.593822597077889e-09
4847, 5346, 3.5886217683972422e-09
198, 321, 3.5110466081531863e-09
349, 681, 3.4755266948694897e-09
2949, 5016, 3.291540359386496e-09
2650, 5016, 3.242376133602402e-09
3795, 5016, 3.2402451894855397e-09
4512, 5283, 3.135454679557827e-09
1473, 2378, 3.1352415779341396e-09
262, 754, 3.008022625842275e-09
418, 632, 2.912836550135643e-09
528, 601, 2.8905906422197917e-09
96, 480, 2.7258021546944713e-09
349, 535, 2.717050800512155e-09
3732, 5016, 2.698570404598997e-09
5418, 5446, 2.6681833572549026e-09
528, 688, 2.609396238218439e-09
225, 665, 2.5160875357331534e-09
5292, 5446, 2.3880897573124967e-09
648, 754, 2.3696971862029464e-09
600, 681, 2.312838718592418e-09
96, 665, 2.2858333584332705e-09
225, 754, 2.273631157261182e-09
425, 765, 2.1614583827262573e-09
349, 632, 2.1245808988521736e-09
418, 535, 2.0251553614759475e-09
210, 657, 1.9655222342198655e-09
2076, 2378, 1.9188997951222024e-09
116, 321, 1.9113257202452543e-09
96, 754, 1.9030121338449293e-09
96, 262, 1.7170902913745475e-09
1287, 2268, 1.7032067740322853e-09
824, 2268, 1.683231784376107e-09
398, 681, 1.67224568633917e-09
198, 311, 1.5595000429709747e-09
116, 869, 1.5547595744723322e-09
2073, 2378, 1.5356913131843672e-09
5274, 5358, 1.518799113476067e-09
1782, 2281, 1.4582272859511895e-09
5220, 5498, 1.446268466022807e-09
2090, 2371, 1.4322142712761233e-09
2524, 2615, 1.4021111497049567e-09
398, 632, 1.1824289694739156e-09
604, 869, 1.175138937407088e-09
398, 535, 1.133041621381289e-09
715, 793, 1.10068357894376e-09
116, 311, 1.0027471591024797e-09
5346, 5505, 9.98310846357584e-10
198, 317, 9.607115803498745e-10
5319, 5505, 9.104993173691392e-10
210, 601, 9.05978728271966e-10
5274, 5346, 8.870188083359471e-10
1932, 2240, 8.451590656304419e-10
198, 681, 7.915544580036342e-10
715, 967, 7.377372082362057e-10
225, 236, 7.005787554351991e-10
2240, 2268, 6.958877244097278e-10
2076, 2281, 6.602625292561315e-10
418, 692, 6.537344702904995e-10
1952, 2281, 6.453885912411434e-10
698, 838, 6.382577582205378e-10
349, 425, 6.340119197675738e-10
824, 967, 6.252479470587083e-10
198, 315, 6.180772340637009e-10
600, 838, 6.149123417477012e-10
349, 692, 6.129891958887589e-10
5340, 5358, 5.933302957315307e-10
715, 882, 5.665545277026106e-10
116, 317, 5.583608642235352e-10
349, 838, 5.561960358415266e-10
198, 335, 5.452547655425495e-10
1936, 2502, 5.381670723639239e-10
1728, 2272, 5.351404372093852e-10
2073, 2281, 5.23585704038235e-10
116, 172, 5.144049580016521e-10
600, 692, 5.042675463411241e-10
880, 882, 4.973055815356275e-10
198, 313, 4.926326033965577e-10
425, 665, 4.912180467842146e-10
210, 258, 4.85191528603487e-10
418, 690, 4.84337275718263e-10
418, 838, 4.839779208034689e-10
715, 903, 4.5400174700320935e-10
349, 690, 4.524033636105473e-10
71, 258, 4.4893170076708666e-10
232, 657, 4.395646317007041e-10
116, 681, 4.3056682665801655e-10
116, 170, 4.2265941933155795e-10
198, 632, 4.1074322744753165e-10
116, 315, 3.7139961388189994e-10
600, 690, 3.589072233886794e-10
198, 535, 3.5849113652853006e-10
600, 632, 3.42891486211643e-10
293, 366, 3.3473892891043663e-10
640, 665, 3.2533066145443353e-10
198, 325, 3.137779399264347e-10
225, 262, 3.073979579137236e-10
116, 313, 3.0616429639978224e-10
0, 354, 3.0575843201977263e-10
727, 838, 2.9577581901853436e-10
398, 692, 2.9177702793550206e-10
198, 425, 2.9087116423664575e-10
349, 428, 2.902010964546613e-10
604, 681, 2.4880456077034333e-10
116, 335, 2.4015657662427017e-10
116, 632, 2.353825983868558e-10
293, 459, 2.333506352879735e-10
293, 575, 2.3156376138086652e-10
665, 765, 2.2562440935391874e-10
681, 765, 2.2375874622268413e-10
398, 838, 2.2367602559868675e-10
715, 1098, 2.1669987367300028e-10
398, 690, 2.1567331066176295e-10
665, 688, 2.029431255696741e-10
71, 657, 1.966197531444435e-10
1244, 1643, 1.856805238433297e-10
425, 480, 1.856587179075172e-10
293, 371, 1.8448160214097807e-10
1782, 2750, 1.7862510303311078e-10
528, 665, 1.7799057042141854e-10
116, 325, 1.6029395231880622e-10
232, 601, 1.5719367183869252e-10
824, 1098, 1.4881734042676796e-10
4512, 5446, 1.3825757474973955e-10
96, 321, 1.251365966180095e-10
225, 321, 1.2269184707878048e-10
198, 428, 1.2253665479012917e-10
824, 903, 1.1554618494509814e-10
116, 425, 1.0571939289633258e-10
116, 535, 1.0277141397557553e-10
198, 398, 1.0145587187059749e-10
349, 398, 9.33183578870257e-11
425, 451, 8.539259204854609e-11
824, 882, 8.472826239387532e-11
293, 296, 8.3198004980389e-11
262, 321, 7.82254585356971e-11
1834, 2371, 7.736465287145923e-11
390, 535, 6.92277486634936e-11
398, 425, 6.791655843297433e-11
96, 311, 6.65680195662617e-11
390, 681, 6.647419519511882e-11
293, 327, 6.633253685321187e-11
198, 692, 6.475649662853925e-11
96, 172, 6.25487157950383e-11
118, 258, 5.9350104847562e-11
71, 236, 5.914912306965927e-11
96, 170, 5.2043596786913826e-11
386, 535, 5.12532851429692e-11
198, 290, 4.917546196522497e-11
386, 681, 4.7961549033783127e-11
198, 690, 4.651775813493199e-11
232, 258, 4.595729614287034e-11
116, 290, 4.5837114249977136e-11
390, 632, 3.930169074826861e-11
116, 162, 3.781990791763589e-11
71, 217, 3.740887821218152e-11
116, 692, 3.45822656873718e-11
210, 236, 2.8889559555161147e-11
386, 632, 2.7893305102088368e-11
418, 425, 2.648790518885766e-11
225, 311, 1.8486350004605714e-11
116, 428, 1.8202813488213608e-11
118, 236, 1.5306029230768946e-11
262, 535, 1.3813390059749605e-11
398, 428, 1.3154901196198685e-11
418, 428, 1.2181412327372443e-11
96, 317, 1.2110257645954309e-11
262, 425, 1.1340011391020008e-11
225, 317, 1.0810163697695995e-11
262, 311, 1.0568122781239861e-11
118, 657, 9.445346819327695e-12
225, 535, 9.330744212121412e-12
418, 575, 9.07247981586072e-12
198, 296, 8.603389759601787e-12
210, 217, 8.396023216137271e-12
118, 217, 7.95306694158297e-12
349, 575, 7.286455123382464e-12
116, 296, 7.196729090809712e-12
262, 317, 6.605679259006276e-12
96, 535, 5.984240005391311e-12
225, 335, 5.9164503502165946e-12
232, 236, 5.390998268854132e-12
198, 366, 5.2079419753761726e-12
96, 162, 4.908306823920834e-12
96, 335, 4.491942054168374e-12
262, 335, 4.3278022638306536e-12
398, 575, 4.252252236333486e-12
96, 315, 4.236250184707401e-12
425, 535, 3.954021656838486e-12
349, 459, 3.872350211429709e-12
225, 315, 3.6029648934614016e-12
96, 313, 3.5100445166367145e-12
116, 398, 3.443437440230572e-12
96, 290, 3.228032275102055e-12
349, 2268, 3.189270211902195e-12
71, 601, 3.1019914489508266e-12
225, 313, 2.841783573402847e-12
198, 327, 2.6399026999461654e-12
198, 371, 2.5736644064631227e-12
225, 325, 1.9606285651148927e-12
1769, 2350, 1.9017022926953134e-12
96, 325, 1.8279354484851857e-12
1992, 2371, 1.723722811086688e-12
116, 366, 1.6861025023560857e-12
262, 315, 1.4197148544627171e-12
225, 290, 1.3990106993914674e-12
349, 366, 1.3621693890898972e-12
116, 327, 1.3074804765791212e-12
262, 325, 1.3023490118875501e-12
604, 632, 1.284672641061777e-12
262, 632, 1.1423102640915603e-12
262, 313, 1.0580237518126531e-12
210, 262, 1.0303759911009622e-12
210, 451, 9.352449330828337e-13
210, 480, 8.945410144468778e-13
71, 262, 8.337395935861736e-13
349, 371, 8.33220353559529e-13
1284, 1650, 8.207887361933002e-13
116, 371, 8.148856913049501e-13
225, 632, 7.802215732724969e-13
118, 601, 7.315632616991083e-13
225, 425, 7.175632633809183e-13
96, 632, 6.69689844319027e-13
262, 290, 6.145623396776692e-13
232, 451, 5.389731529505076e-13
71, 172, 5.221505835065443e-13
96, 296, 4.966247791811526e-13
232, 480, 4.878833378031279e-13
418, 459, 4.850212197200227e-13
198, 459, 4.835265368006752e-13
262, 428, 4.746656226509956e-13
425, 632, 4.739370460046509e-13
71, 170, 4.400729350614013e-13
398, 459, 4.053630698104413e-13
210, 321, 3.8316196483367727e-13
390, 425, 3.400882910111333e-13
96, 425, 3.2295025630015535e-13
225, 428, 3.0664901216615204e-13
198, 575, 3.064587528760617e-13
386, 425, 2.835691816464146e-13
118, 262, 2.8137960938800435e-13
262, 398, 2.8007131589241924e-13
225, 296, 2.5576026203225225e-13
232, 262, 2.480300435770739e-13
225, 366, 2.377155903089887e-13
225, 398, 2.269315923873857e-13
262, 366, 2.2599400664803099e-13
648, 665, 2.091433723835109e-13
116, 459, 2.0618663944776382e-13
210, 535, 1.9973030217070375e-13
162, 236, 1.7152360687028102e-13
390, 428, 1.6243166266765096e-13
210, 335, 1.519925456133484e-13
116, 575, 1.437866501986732e-13
96, 428, 1.3862570784000715e-13
232, 321, 1.3509290883951329e-13
386, 428, 1.3479227596835435e-13
71, 480, 1.285487300276939e-13
56, 236, 1.245770769576211e-13
210, 311, 1.2308554536470226e-13
71, 451, 1.2190448681579153e-13
262, 296, 1.2175692311552252e-13
225, 371, 1.210525454475485e-13
262, 371, 1.1981524390279185e-13
96, 366, 1.1631768643460223e-13
232, 535, 1.0179386819723563e-13
390, 575, 9.814304271170046e-14
225, 327, 9.558528747880662e-14
96, 398, 9.130291644191338e-14
96, 327, 8.533811294984387e-14
210, 317, 8.529784508380802e-14
56, 217, 8.382970654591927e-14
162, 217, 7.159508961430881e-14
386, 575, 7.025838146683697e-14
118, 172, 6.656954296047762e-14
71, 321, 6.524641002396119e-14
262, 327, 6.47722558019467e-14
210, 315, 6.455827988228472e-14
528, 535, 6.273040230071065e-14
232, 335, 5.806179152987828e-14
96, 371, 5.6788740012679024e-14
118, 170, 5.4621113280250334e-14
210, 325, 5.2249229389613773e-14
210, 313, 5.025259534364047e-14
262, 459, 4.88413199808378e-14
118, 480, 4.7193819597393666e-14
390, 459, 4.410518990219248e-14
118, 451, 4.3966571829167576e-14
71, 162, 4.3796397261778233e-14
210, 290, 4.2579389905976466e-14
232, 311, 4.162231350312926e-14
386, 459, 3.507857651097891e-14
71, 535, 3.074575368656752e-14
390, 398, 3.051216586271233e-14
118, 321, 3.025491266016732e-14
232, 317, 2.979198030268928e-14
162, 258, 2.7877620846593807e-14
225, 459, 2.7744643930377283e-14
386, 398, 2.675223113394268e-14
71, 311, 2.5740800391002313e-14
262, 575, 2.2489146462992108e-14
232, 315, 2.2310482681277068e-14
71, 335, 2.106366286997996e-14
232, 325, 1.901094338510683e-14
232, 313, 1.7180515014859433e-14
71, 317, 1.5815265732433066e-14
225, 575, 1.5692202133430863e-14
96, 459, 1.5127696461313705e-14
71, 290, 1.4780500584438475e-14
210, 425, 1.3518094229639828e-14
232, 290, 1.2671954775587295e-14
71, 315, 1.2444001362309065e-14
156, 236, 1.2338521249419866e-14
56, 258, 1.2198335116595222e-14
118, 311, 1.1888058100327118e-14
96, 575, 1.140282688199038e-14
118, 535, 1.0225724285575687e-14
71, 313, 1.0083095093182788e-14
425, 575, 9.735067550902767e-15
118, 335, 9.48872717480515e-15
71, 325, 8.401972725268923e-15
232, 425, 7.653457641845472e-15
210, 296, 7.586220227773067e-15
118, 317, 7.341818759042805e-15
118, 290, 6.283091640690097e-15
118, 315, 5.772236298562392e-15
210, 428, 5.755287373954099e-15
210, 366, 5.537324311786706e-15
156, 217, 5.3137387105067024e-15
118, 162, 4.8593764535976825e-15
118, 313, 4.669101880548439e-15
210, 398, 4.542822849004982e-15
162, 262, 4.030551110122091e-15
118, 325, 3.8783012510330635e-15
425, 428, 3.5861061427493105e-15
232, 428, 3.27838808850294e-15
210, 371, 2.772571702974115e-15
210, 327, 2.5304741859942636e-15
232, 366, 2.455093485309201e-15
232, 296, 2.3475454426446886e-15
232, 398, 2.346841667199883e-15
71, 296, 2.2496634552732663e-15
156, 258, 1.8725280661835825e-15
71, 425, 1.5984909722077624e-15
425, 459, 1.590449812627504e-15
56, 262, 1.569870376781505e-15
56, 172, 1.3573053539844984e-15
232, 371, 1.2599773902124202e-15
56, 170, 1.1515768816280328e-15
162, 480, 1.0068700690215298e-15
118, 296, 9.888653429142104e-16
162, 451, 9.40690134626509e-16
232, 327, 9.29885018068691e-16
71, 428, 6.188831001623585e-16
162, 321, 5.927946619170739e-16
71, 366, 5.867788945830271e-16
210, 459, 5.526643136141731e-16
118, 425, 5.127885944367319e-16
71, 398, 4.735883711887007e-16
71, 327, 3.939678339266587e-16
162, 172, 2.996090050055193e-16
71, 371, 2.884216655290385e-16
162, 335, 2.4762007091394294e-16
154, 236, 2.3834543780019224e-16
162, 170, 2.3662149304110338e-16
118, 366, 2.3312353671282887e-16
156, 262, 2.001214420601809e-16
241, 258, 1.9112209301219435e-16
162, 311, 1.8500443364562699e-16
118, 327, 1.8122123619807628e-16
162, 317, 1.3190834825815046e-16
162, 290, 1.197774259387796e-16
56, 162, 1.177825400888481e-16
118, 371, 1.1254414317283341e-16
154, 217, 1.038107789113316e-16
56, 321, 1.0096352577086186e-16
162, 315, 9.834750598426051e-17
162, 325, 8.588522693432082e-17
162, 313, 7.579462672711252e-17
56, 335, 4.018023548098114e-17
156, 321, 3.798348513322506e-17
56, 311, 3.3885764700588526e-17
241, 262, 3.1891722794162685e-17
56, 290, 2.844242286636139e-17
154, 258, 2.5662031506072806e-17
156, 172, 2.5008943014929114e-17
56, 317, 2.3037276894416654e-17
241, 321, 2.2906302356158504e-17
162, 296, 1.9979875360716104e-17
156, 170, 1.9875714049578406e-17
56, 315, 1.7427398505194296e-17
156, 335, 1.5585431680647486e-17
56, 325, 1.4339222060028904e-17
56, 313, 1.3645793454614211e-17
241, 335, 1.2264708732417903e-17
156, 311, 1.2014809124351359e-17
156, 317, 8.497411317304123e-18
156, 290, 7.999958794074864e-18
162, 366, 7.083975006577889e-18
156, 315, 6.352551967214593e-18
241, 311, 5.9517357172405776e-18
156, 325, 5.474193135771651e-18
156, 313, 4.909048039914811e-18
162, 327, 4.798797924039985e-18
241, 317, 4.7402995143582526e-18
56, 296, 4.343600311210681e-18
154, 262, 3.817173410928675e-18
241, 325, 3.5656096118564655e-18
241, 315, 3.4071208803554967e-18
162, 371, 3.400929860061048e-18
241, 290, 2.5491319742737097e-18
241, 313, 2.5307057340790877e-18
156, 162, 1.5461003789760046e-18
156, 296, 1.3239782724181801e-18
56, 366, 1.2260804750857836e-18
56, 327, 7.947502954340265e-19
154, 321, 7.059367027202655e-19
56, 371, 6.038178296932699e-19
241, 366, 5.8959383376331705e-19
154, 172, 5.064607772328896e-19
241, 296, 4.809483347939075e-19
156, 366, 4.334870329171741e-19
154, 170, 4.0331535814380185e-19
241, 371, 3.0556844695421584e-19
156, 327, 3.050756083419337e-19
154, 335, 2.8799431449246496e-19
154, 311, 2.2429344262461186e-19
156, 371, 2.0765534412906314e-19
241, 327, 2.0644940137249037e-19
154, 317, 1.5820527996132595e-19
154, 290, 1.5075508200782752e-19
154, 315, 1.183774326285966e-19
154, 325, 1.0156506930136885e-19
154, 313, 9.156017711652876e-20
154, 162, 3.1639951224668864e-20
154, 296, 2.4883536440626845e-20
154, 327, 5.65543840109536e-21
