Gene = SrpRbeta
index = 1522
Annotated 5SS: [188 580]
Annotated 3SS: [272 636]
SMsplice 5SS: [188 580]
SMsplice 3SS: [272 636]
length: 1277
Partition function (logZ) = 1.1362768302195632
#Exons = 905
3SS, 5SS, prob
0, 188, 0.981830439620962
636, -1, 0.9428628229604474
272, 580, 0.9104718689834146
272, 451, 0.06450296528244974
659, -1, 0.03494063492707661
520, 580, 0.030332284290742497
0, 184, 0.008263051476236124
477, 580, 0.00748775124710952
1180, -1, 0.006341308168302807
0, 580, 0.005058726968051523
880, -1, 0.004555504487510399
272, 416, 0.00381664603199682
0, 33, 0.003549506294404729
367, 580, 0.0032842537444802986
272, -1, 0.0031796658692754046
689, -1, 0.0021355498208921074
76, 188, 0.0018556587467950057
294, 580, 0.0018048514191531877
409, 580, 0.0016656812315457852
636, 1123, 0.0015927439188881914
706, -1, 0.0014597323263405336
663, -1, 0.001458048723468941
111, 188, 0.001431024089915266
1058, -1, 0.0011268648493797358
336, 580, 0.0009945181577588438
559, 580, 0.0008675451943372357
1209, -1, 0.0006598210661916189
0, 201, 0.0005499134995433528
607, -1, 0.0004624797958967684
412, 580, 0.00039717255094586564
636, 734, 0.00038794236433951836
636, 1106, 0.00035597670498414456
0, 206, 0.000290453279571446
770, -1, 0.00020652097689372842
636, 949, 0.0001865794540675945
351, 580, 0.000185996004904173
0, 451, 0.00018405997036455228
636, 803, 0.00017660737177374356
636, 852, 0.0001664734833308024
272, 351, 0.00015115367575657885
1226, -1, 0.00014058675859814036
272, 479, 0.0001395045728480842
0, 192, 0.00012842230906825468
520, -1, 0.000123352841394199
294, 451, 0.00012324719831758926
636, 770, 0.00011417696933477319
1262, -1, 8.852113882167479e-05
272, 597, 8.195515742139714e-05
636, 955, 7.491741388239593e-05
367, 451, 7.201960054712158e-05
272, 336, 7.121435816176889e-05
313, 580, 6.138807428448005e-05
659, 1123, 5.800170470424804e-05
703, -1, 5.403088133479563e-05
0, 8, 5.358378186634811e-05
636, 1181, 4.560321828938717e-05
578, 580, 4.450062968845824e-05
336, 451, 4.302543866063096e-05
184, 188, 4.019731896096472e-05
754, -1, 3.9780044505929644e-05
889, -1, 3.919500120348964e-05
157, 188, 3.338714599991239e-05
786, -1, 2.8911664901371728e-05
0, 16, 2.7838475071932016e-05
636, 1072, 2.6375173558754178e-05
636, 1116, 2.455684473045315e-05
0, 6, 2.442053710457609e-05
272, 545, 2.069880131631708e-05
450, 580, 1.9207761591550307e-05
880, 1123, 1.799207873863068e-05
76, 184, 1.4984875884291495e-05
477, -1, 1.4255513709032364e-05
659, 1106, 1.3177004064148423e-05
783, -1, 1.312838415603826e-05
559, -1, 1.1777904861499974e-05
111, 184, 1.1162213576198262e-05
0, 416, 1.1146709865989869e-05
409, 451, 1.0562474336592919e-05
0, 227, 1.0315090891670565e-05
659, 734, 9.901596527065781e-06
111, 580, 8.828152987424328e-06
744, -1, 7.767249612794229e-06
733, -1, 7.634506875266288e-06
659, 949, 7.516196960803938e-06
659, 852, 7.4412980423082214e-06
636, 998, 7.264231839587283e-06
76, 580, 7.021731066391694e-06
490, 580, 6.653164484523117e-06
659, 803, 6.447951516679879e-06
294, 416, 6.148627105870655e-06
636, 726, 6.128478687662794e-06
367, -1, 6.1011392267779435e-06
351, 451, 5.978954777592735e-06
294, -1, 5.7464421857243646e-06
0, 65, 5.7304120956016015e-06
272, 613, 5.529913936206412e-06
724, -1, 4.825154376654062e-06
880, 1106, 4.727196053923909e-06
120, 188, 4.614638496133103e-06
1058, 1123, 4.451271851237061e-06
844, -1, 4.302592113000104e-06
636, 889, 4.136200358355884e-06
520, 597, 4.086324813356431e-06
1034, -1, 4.020924265352285e-06
1088, -1, 3.838643355287317e-06
313, 451, 3.652472607066193e-06
689, 1123, 3.611761836872034e-06
117, 188, 3.578835391798915e-06
659, 770, 3.525325249353299e-06
499, 580, 3.3708021383074373e-06
272, 1123, 3.229062397037408e-06
172, 188, 3.012653226344207e-06
659, 955, 3.007008535463662e-06
272, 584, 2.932014848247414e-06
184, 580, 2.918335620351158e-06
0, 60, 2.9148127049400282e-06
706, 1123, 2.597213132230771e-06
0, 157, 2.4842321716579614e-06
272, 490, 2.4564374625454037e-06
336, -1, 2.4483819427738375e-06
636, 1069, 2.413577891021907e-06
663, 1123, 2.403892395383334e-06
409, -1, 2.3221587416321455e-06
636, 754, 2.3075721692111e-06
636, 1053, 2.285486081390102e-06
412, 451, 2.2788917565947176e-06
0, 72, 2.013534155080824e-06
367, 416, 1.9296211216647468e-06
272, 572, 1.8114473305738823e-06
659, 1181, 1.739605492345316e-06
336, 416, 1.548444247751756e-06
636, 643, 1.4612916504725934e-06
0, 39, 1.4410784701797947e-06
578, -1, 1.3807940730935797e-06
636, 1169, 1.3068118872174958e-06
272, 536, 1.2906669633937432e-06
455, 580, 1.2552896450672596e-06
980, -1, 1.1881363651468406e-06
910, -1, 1.1820689786791245e-06
76, 201, 1.1684444468963855e-06
659, 1072, 1.046725381382994e-06
111, 201, 1.0019914467921914e-06
880, 949, 9.820957980972382e-07
0, 351, 9.521227844863317e-07
659, 1116, 8.92473588047733e-07
689, 1106, 8.599991687144466e-07
477, 597, 8.432527002289291e-07
272, 455, 8.196914226248434e-07
607, 1123, 7.595426023856262e-07
848, -1, 7.470205658907883e-07
272, 1106, 7.458974233561049e-07
438, 580, 7.393262605244241e-07
972, -1, 7.3766807008867e-07
157, 580, 7.235125016126513e-07
272, 281, 7.177892955343443e-07
1058, 1106, 6.539322885523839e-07
76, 206, 6.430274371852607e-07
706, 1106, 6.264828802111838e-07
0, 336, 6.202331637259028e-07
272, 442, 5.999118956653447e-07
1006, -1, 5.947909141680873e-07
636, 683, 5.816914933632123e-07
111, 206, 5.733300016962342e-07
663, 1106, 5.494351810023735e-07
0, 239, 5.487024498945764e-07
272, 533, 5.411310217016424e-07
412, -1, 5.370909997380001e-07
689, 949, 5.334268623576738e-07
689, 852, 5.144848621607475e-07
272, 734, 4.723815907369994e-07
272, 306, 4.5850762256333996e-07
880, 1072, 4.5668186425706256e-07
770, 1123, 4.5471915124530167e-07
880, 955, 4.5390946514887375e-07
0, 597, 4.3049746548000315e-07
899, -1, 4.249460350005864e-07
706, 949, 4.1238652844102423e-07
636, 1187, 4.035993098608839e-07
0, 479, 3.991407147878422e-07
351, -1, 3.9733326179850447e-07
880, 1181, 3.962031517034348e-07
814, -1, 3.854110881582057e-07
663, 734, 3.816000184281739e-07
111, 451, 3.788809212752239e-07
706, 852, 3.467047464340409e-07
520, 613, 3.3704689601769667e-07
689, 803, 3.2389264770176043e-07
663, 949, 3.188043568403442e-07
663, 852, 3.187118427556156e-07
1058, 1181, 3.128587032400525e-07
272, 949, 3.1029667099569883e-07
294, 479, 2.9798413224335254e-07
689, 734, 2.9447448832768326e-07
880, 1116, 2.9270251435027833e-07
659, 998, 2.884089748946094e-07
367, 479, 2.7330738023858634e-07
367, 597, 2.6774752103154664e-07
76, 451, 2.656681816677596e-07
663, 803, 2.6498753684483977e-07
0, 37, 2.6107987456257485e-07
607, 734, 2.549244976183504e-07
76, 192, 2.5159335237372245e-07
157, 184, 2.439475117349389e-07
689, 955, 2.1064544135304164e-07
111, 192, 2.0065398869682275e-07
351, 416, 1.8839969559696815e-07
659, 889, 1.851076617048707e-07
706, 803, 1.8168330527025245e-07
520, 1123, 1.8049230024028676e-07
520, 545, 1.7728704466901975e-07
1239, -1, 1.7651759317533958e-07
313, -1, 1.759085558957905e-07
607, 1106, 1.7545094450453873e-07
272, 852, 1.7215504949284632e-07
294, 351, 1.7213234605934978e-07
409, 416, 1.620428227057569e-07
706, 955, 1.6107900183146137e-07
294, 597, 1.6089328713165488e-07
313, 416, 1.5753692063752148e-07
889, 1123, 1.508032450938405e-07
659, 726, 1.4899705930238946e-07
559, 597, 1.4882094930423992e-07
822, -1, 1.4807752839469453e-07
409, 597, 1.4669938880225771e-07
184, 451, 1.422350221580861e-07
689, 770, 1.4189171166008327e-07
1106, -1, 1.4097420695295601e-07
663, 770, 1.4065882709842112e-07
272, 803, 1.4028826524025976e-07
336, 479, 1.3471348044742701e-07
663, 955, 1.2699364688687499e-07
272, 955, 1.2245604562831628e-07
172, 580, 1.2188594455021962e-07
706, 734, 1.1566394836711138e-07
1231, -1, 1.1498393273274863e-07
689, 1181, 1.0937385976845072e-07
770, 1106, 1.0864338532799938e-07
272, 527, 1.0769266980491707e-07
607, 613, 1.0610958055048323e-07
272, 770, 1.0074493032821995e-07
520, 584, 9.93005963569236e-08
0, 67, 9.901150853714454e-08
770, 949, 9.736225558232478e-08
659, 1069, 9.623574755150638e-08
636, 663, 9.335558179485975e-08
659, 1053, 9.234795998708099e-08
703, 1123, 9.219929067267984e-08
880, 998, 9.088791776809915e-08
272, 1181, 9.047394712720342e-08
0, 259, 8.400953196190956e-08
336, 597, 8.38784749037873e-08
636, 689, 8.331795937701462e-08
607, 949, 8.288939112427072e-08
754, 1123, 8.280723429614924e-08
367, 545, 8.2632041258164e-08
477, 545, 7.661981141399607e-08
607, 803, 7.512889342885991e-08
0, 545, 7.44090491693018e-08
706, 1181, 7.35690083846282e-08
294, 336, 7.277314688229272e-08
663, 1181, 7.257389907652256e-08
689, 1072, 7.096251688568558e-08
706, 770, 6.896115017847063e-08
786, 1123, 6.707233925666395e-08
659, 754, 6.577393758376812e-08
477, 613, 6.295857328058904e-08
607, 852, 6.279255633385454e-08
126, 188, 6.213217051863703e-08
607, 770, 5.953147528952906e-08
272, 513, 5.830495405961023e-08
520, 734, 5.5936111643015775e-08
272, 1072, 5.535705446664066e-08
409, 479, 5.529997214167772e-08
689, 1116, 5.516731658158601e-08
223, 580, 5.4975698399157055e-08
1011, -1, 5.1786550143948135e-08
706, 1072, 5.1577352101063537e-08
272, 1116, 4.974069955262352e-08
111, -1, 4.961900115080806e-08
659, 1169, 4.814289411987879e-08
1058, 1116, 4.806585952802787e-08
272, 628, 4.793973337600251e-08
520, 572, 4.7765685265497846e-08
663, 1072, 4.388308453577927e-08
0, 281, 4.387409869274429e-08
294, 545, 4.3192788206293e-08
880, 1069, 4.186828637520699e-08
520, 1106, 4.1768275848113476e-08
880, 1053, 4.0786929063785155e-08
184, 201, 4.031617718309789e-08
889, 1106, 3.986288101457426e-08
706, 1116, 3.9412792933106414e-08
770, 955, 3.852978068307691e-08
76, -1, 3.744055711358745e-08
120, 184, 3.560941105430887e-08
663, 1116, 3.5478614695222527e-08
412, 597, 3.5260221659289425e-08
157, 451, 3.438649575336245e-08
120, 580, 3.3818839347590596e-08
412, 416, 3.328166342087173e-08
607, 955, 3.326056667871865e-08
477, 479, 3.317055223799181e-08
409, 545, 3.1168052324953074e-08
157, 201, 2.846141183520438e-08
450, -1, 2.8133866813478216e-08
117, 184, 2.771858833635127e-08
111, 227, 2.747280986564444e-08
336, 545, 2.6732385519218065e-08
76, 227, 2.6245131124106467e-08
184, 206, 2.6186289205906705e-08
770, 852, 2.6098202962202427e-08
636, 1219, 2.4898768984161198e-08
117, 580, 2.4628718081821283e-08
111, 416, 2.4521430017922486e-08
477, 584, 2.448212465371571e-08
703, 1106, 2.2081172066375573e-08
172, 184, 2.1395668118106342e-08
607, 1181, 2.137055947548229e-08
351, 479, 2.050623527052502e-08
754, 1106, 1.9730634373209065e-08
689, 998, 1.879884870278626e-08
336, 351, 1.8540804484767687e-08
157, 206, 1.746246409781738e-08
76, 416, 1.7239273589716005e-08
754, 949, 1.6705018835335732e-08
367, 613, 1.6572932606045275e-08
520, 949, 1.6192657976764564e-08
351, 597, 1.5182186800449927e-08
559, 613, 1.4931295461337518e-08
659, 1187, 1.4845025133365738e-08
703, 949, 1.4516569848034954e-08
689, 889, 1.4339021223856352e-08
1058, 1072, 1.4160205386308535e-08
786, 949, 1.4101703249275884e-08
706, 998, 1.3641400628685644e-08
477, 572, 1.3016446752086517e-08
607, 1072, 1.257303686386354e-08
703, 852, 1.2561169085810807e-08
412, 479, 1.2274700956460428e-08
663, 998, 1.1738862041813896e-08
272, 998, 1.1734261631764768e-08
770, 1181, 1.1155223620289848e-08
520, 852, 1.1136080565172084e-08
706, 889, 1.0956802055363602e-08
0, 251, 1.0941875071726503e-08
294, 613, 1.0808014057845985e-08
184, 416, 1.0644804691898506e-08
520, 803, 1.035152502015212e-08
367, 584, 1.0341477506930748e-08
880, 1169, 1.0314866385783603e-08
659, 683, 1.0131193372791191e-08
313, 479, 9.898931161536058e-09
0, 306, 9.539662704699972e-09
409, 613, 9.138379617699312e-09
786, 1106, 9.075569321067102e-09
578, 597, 8.863176729143242e-09
770, 1072, 8.855550219879773e-09
520, 770, 8.574006514192714e-09
663, 889, 7.770482852015843e-09
412, 545, 7.1436426048238886e-09
559, 734, 6.974241452186889e-09
367, 572, 6.806224705825738e-09
703, 803, 6.6468569686169485e-09
1058, 1169, 6.564428043942606e-09
520, 955, 6.5350580121326135e-09
754, 955, 6.484725426731129e-09
889, 949, 6.483923830707924e-09
689, 1069, 6.419291976223224e-09
783, 949, 6.3783208480570154e-09
184, 192, 6.3258504243627894e-09
754, 852, 6.259841623039498e-09
689, 1053, 6.131750220765307e-09
367, 490, 5.8572654246096326e-09
294, 584, 5.795953547364907e-09
770, 803, 5.7539254102980305e-09
786, 955, 5.692233831846026e-09
172, 451, 5.684052314019268e-09
663, 726, 5.648020005390375e-09
703, 955, 5.628622065958804e-09
336, 613, 5.408368764725119e-09
294, 490, 5.3902965609430395e-09
409, 584, 5.324914762458568e-09
313, 597, 5.3209743194281195e-09
520, 1181, 5.078347712210764e-09
157, 192, 4.985967085110073e-09
367, 536, 4.961001551015755e-09
351, 545, 4.860390441372807e-09
703, 734, 4.688694930122154e-09
706, 1069, 4.623167823957444e-09
477, 734, 4.44560139031877e-09
706, 1053, 4.388894660775681e-09
607, 726, 4.271276865764098e-09
689, 726, 4.060110628722126e-09
663, 1069, 3.927359062894601e-09
272, 889, 3.921350521878649e-09
663, 1053, 3.763112471670722e-09
889, 1072, 3.657016626481105e-09
294, 572, 3.603709183452828e-09
120, 201, 3.3376458348224553e-09
409, 572, 3.2698106733689993e-09
889, 1181, 3.194815931371762e-09
336, 584, 3.1465115809038405e-09
313, 351, 3.1217090050528614e-09
76, 157, 3.1098827210565004e-09
422, 580, 3.096948312769909e-09
520, 1072, 3.0942487179587687e-09
223, 451, 3.0434724537183013e-09
880, 1187, 3.0422921295979017e-09
559, 584, 3.0159785704640117e-09
744, 949, 3.0119445752151394e-09
889, 955, 2.915154030630871e-09
689, 1169, 2.8555240877921725e-09
607, 998, 2.8044506483597595e-09
172, 201, 2.79500962691777e-09
520, 643, 2.774091425084099e-09
111, 351, 2.722565139382696e-09
294, 536, 2.700034665419923e-09
733, 949, 2.6546203156171482e-09
703, 1181, 2.6469766026106164e-09
336, 490, 2.6125938431672333e-09
703, 770, 2.6109287047771465e-09
770, 998, 2.603308578729922e-09
786, 852, 2.599422670919494e-09
117, 201, 2.5598825932484613e-09
663, 754, 2.4833527478590057e-09
1058, 1187, 2.4117720549158464e-09
157, 416, 2.3591444595441174e-09
1180, 1187, 2.345285936333392e-09
689, 754, 2.254711537038617e-09
880, 889, 2.1035042654384284e-09
412, 613, 2.0953242533729918e-09
367, 533, 2.0930500339159854e-09
336, 572, 2.048712553799851e-09
607, 643, 2.0398486140867623e-09
754, 1181, 2.0330905606477768e-09
783, 955, 2.0161257874817754e-09
184, 227, 2.0153501531838224e-09
111, 336, 1.987100805672902e-09
0, 490, 1.977482007376321e-09
450, 597, 1.9503852754600395e-09
120, 206, 1.93180554510026e-09
477, 536, 1.9214016882549768e-09
111, 157, 1.7715952990031856e-09
172, 206, 1.7666384897880814e-09
559, 949, 1.7364203049038919e-09
607, 889, 1.7068699246062532e-09
76, 351, 1.7016875030570444e-09
786, 1181, 1.6930579876578851e-09
336, 536, 1.6779842046110163e-09
111, 239, 1.6662101908237282e-09
754, 803, 1.640843958266945e-09
477, 949, 1.607541019125762e-09
294, 455, 1.5954225894119478e-09
438, 451, 1.5898837726965293e-09
409, 536, 1.5816093247910032e-09
703, 1072, 1.5757304981838295e-09
659, 689, 1.533351485306253e-09
313, 545, 1.532783519895491e-09
724, 949, 1.5138901479231262e-09
733, 852, 1.5014879908125981e-09
117, 206, 1.4758318918801596e-09
0, 455, 1.463633870223963e-09
76, 239, 1.4505844548220479e-09
120, 451, 1.4500659774047328e-09
706, 726, 1.382207865024304e-09
754, 1072, 1.3803641243676937e-09
744, 852, 1.3744529271851531e-09
770, 889, 1.3707186639502999e-09
659, 663, 1.3182381582356275e-09
184, 351, 1.303228783773574e-09
607, 754, 1.2799013583293309e-09
412, 584, 1.272797763393563e-09
409, 490, 1.2145044075382829e-09
559, 572, 1.1958915354472731e-09
76, 336, 1.1817974411040936e-09
313, 336, 1.1797125708947446e-09
559, 852, 1.1776073139208634e-09
844, 949, 1.1681719076025755e-09
294, 533, 1.1609565864073472e-09
367, 734, 1.1224087228524032e-09
559, 770, 1.0978084450843947e-09
294, 442, 1.097801086862328e-09
559, 803, 1.0953593892215986e-09
157, 227, 1.0874605576167182e-09
117, 451, 1.0463940961730913e-09
744, 955, 1.0357258623793553e-09
520, 726, 1.0012344059161527e-09
367, 455, 9.95571641810231e-10
724, 852, 9.901579462735697e-10
706, 754, 9.732479983137833e-10
783, 852, 9.674492385899676e-10
578, 613, 9.53779625298583e-10
659, 1219, 9.529761649135149e-10
689, 1187, 9.446167354911881e-10
477, 852, 9.426566440510402e-10
733, 955, 9.188857001988254e-10
351, 613, 9.029165113601368e-10
477, 803, 8.945974557895146e-10
111, 479, 8.601787830810605e-10
184, 336, 8.360006976322351e-10
111, 597, 8.31500063632946e-10
294, 734, 8.124473008727204e-10
578, 734, 7.96381540815007e-10
1034, 1181, 7.855531580379853e-10
412, 572, 7.755999330803791e-10
490, 597, 7.720278429825386e-10
1088, 1181, 7.599908438717337e-10
477, 533, 7.476378772538359e-10
0, 442, 7.284566453259016e-10
336, 533, 7.198682111455666e-10
477, 490, 6.794348302910652e-10
120, 192, 6.538179678730906e-10
409, 533, 6.488749937602397e-10
706, 1187, 6.423929287909834e-10
76, 597, 6.386169589208109e-10
663, 1187, 6.238119459766905e-10
76, 479, 5.944789519157843e-10
351, 584, 5.837455131271859e-10
336, 455, 5.778369818129999e-10
367, 442, 5.518288997586798e-10
126, 580, 5.128547717222534e-10
733, 803, 5.116036573725347e-10
117, 192, 5.052599096699426e-10
477, 770, 4.930058375164193e-10
126, 184, 4.7578421938626e-10
172, 192, 4.6233755117969415e-10
172, 416, 4.2005558728267136e-10
351, 490, 4.1256673874577763e-10
744, 803, 4.0620539636191974e-10
367, 527, 4.0309543768167283e-10
499, 597, 4.016993864164887e-10
351, 572, 3.8557568567515235e-10
724, 803, 3.830846021270388e-10
412, 536, 3.658691402167923e-10
294, 306, 3.591080533448091e-10
336, 442, 3.526208527240364e-10
607, 683, 3.470452824567106e-10
313, 613, 3.3207848385098526e-10
409, 734, 3.307884522541912e-10
1180, 1219, 3.2481710609778277e-10
157, 351, 3.14881651709482e-10
477, 628, 3.135640311771698e-10
351, 536, 3.0494617081903817e-10
227, 580, 3.0085610683607187e-10
184, 479, 2.988437137548782e-10
336, 734, 2.908084427119626e-10
783, 1181, 2.874305396278715e-10
559, 1181, 2.7432525677556276e-10
412, 490, 2.624571891577355e-10
754, 770, 2.5509588920424364e-10
450, 545, 2.548243676112005e-10
111, 259, 2.544397230883378e-10
184, 597, 2.5410816977172217e-10
223, 416, 2.438006201574664e-10
477, 955, 2.3951158604015776e-10
294, 527, 2.34076813153584e-10
559, 955, 2.3113065440086895e-10
157, 336, 2.1930536316747324e-10
367, 949, 2.1534729457260545e-10
663, 683, 2.152049126459469e-10
450, 479, 2.036436966593439e-10
520, 683, 1.956958574733679e-10
313, 584, 1.9550457367350454e-10
724, 955, 1.9518117246475478e-10
367, 513, 1.929589001855751e-10
76, 259, 1.8985649890139638e-10
844, 955, 1.8640019918653886e-10
880, 1219, 1.8345831647274834e-10
294, 949, 1.8204827178570182e-10
111, 281, 1.7977158770525735e-10
1058, 1219, 1.7740274843897422e-10
313, 490, 1.752706495428957e-10
477, 643, 1.7327830393756844e-10
111, 545, 1.707436967295281e-10
578, 584, 1.6008842612287967e-10
184, 239, 1.5476990969520456e-10
559, 643, 1.5183030799572415e-10
272, 643, 1.500831218164798e-10
412, 533, 1.4980993910201595e-10
409, 455, 1.484217403552205e-10
336, 527, 1.4365153633105241e-10
520, 754, 1.4219763260715402e-10
367, 770, 1.3905258225361645e-10
367, 628, 1.3565315385099584e-10
76, 545, 1.3157326774944492e-10
351, 533, 1.299052216785883e-10
294, 513, 1.2943576332269043e-10
455, 597, 1.2635287808839087e-10
313, 572, 1.241081653317972e-10
477, 527, 1.2325693395920588e-10
172, 227, 1.2294683886220002e-10
450, 613, 1.2156397694220536e-10
409, 527, 1.1828557485454566e-10
76, 281, 1.1562925269441855e-10
294, 770, 1.1464015907830044e-10
724, 734, 1.101046461318726e-10
733, 770, 1.0647494178475908e-10
578, 770, 1.0001310298806196e-10
313, 536, 9.911061135945374e-11
120, 416, 9.775993359284948e-11
120, 227, 9.669481858487835e-11
294, 628, 9.37377488929416e-11
367, 852, 8.786039592066222e-11
724, 770, 8.761443616836153e-11
559, 726, 8.277984359058543e-11
351, 455, 8.136608587809456e-11
294, 852, 7.588245960422811e-11
336, 513, 7.532204898974909e-11
157, 239, 7.524216295380046e-11
703, 889, 7.481539788881432e-11
157, 479, 7.427914378670757e-11
744, 770, 7.361540791136699e-11
117, 227, 7.278400177302946e-11
607, 663, 7.24049420808002e-11
117, 416, 7.041316428948732e-11
412, 734, 6.952295228268552e-11
438, 597, 6.921432372701954e-11
409, 442, 6.751604350631605e-11
409, 628, 6.706234036363655e-11
0, 613, 6.578470864982442e-11
157, 597, 6.403242312613394e-11
520, 889, 6.373205399397405e-11
450, 584, 6.324092835401395e-11
184, 545, 6.273846289327865e-11
520, 663, 6.192625723429302e-11
490, 545, 6.030172789937855e-11
754, 889, 5.681441960607774e-11
490, 613, 5.6339809749855816e-11
172, 351, 5.481040548422524e-11
520, 536, 5.294050354076678e-11
111, 613, 5.264516179008371e-11
0, 584, 5.1334177741131734e-11
409, 513, 5.005913304955599e-11
313, 455, 4.809013033024446e-11
351, 442, 4.7523296457903545e-11
336, 628, 4.649127497303145e-11
126, 201, 4.59908338987405e-11
351, 734, 4.482445828865272e-11
607, 689, 4.347502034909364e-11
313, 533, 4.272248624730248e-11
477, 513, 4.175098002602328e-11
76, 613, 3.964866204277278e-11
111, 306, 3.80856380830205e-11
172, 336, 3.648956715108997e-11
450, 572, 3.454045268472045e-11
184, 281, 3.4240991732870946e-11
184, 259, 3.373171370598701e-11
0, 572, 3.2422098221011065e-11
412, 455, 3.215899883445141e-11
313, 442, 3.130945421801753e-11
663, 689, 3.042893505581181e-11
499, 613, 2.937405222915406e-11
272, 726, 2.759183345036379e-11
412, 527, 2.720888651385071e-11
126, 206, 2.6838180935768105e-11
111, 584, 2.6494297230789694e-11
520, 628, 2.5826102794044592e-11
351, 527, 2.5529715150013422e-11
499, 545, 2.5410209687596996e-11
76, 306, 2.2176628269940053e-11
126, 451, 2.1985561554864715e-11
76, 584, 2.0899599588048796e-11
223, 351, 1.9443472824879736e-11
607, 628, 1.79991975756565e-11
227, 451, 1.761108025748824e-11
520, 533, 1.757031139753328e-11
0, 513, 1.670827805397772e-11
412, 628, 1.6297703561395378e-11
111, 490, 1.5868277171384197e-11
455, 545, 1.5558043717193706e-11
157, 545, 1.531578316465389e-11
184, 613, 1.529770919169732e-11
490, 584, 1.5145946216942607e-11
412, 442, 1.4399865551257625e-11
157, 259, 1.410384964031361e-11
450, 536, 1.3355839466782243e-11
351, 513, 1.283988419142991e-11
157, 281, 1.2451098545167682e-11
578, 643, 1.2441177929095963e-11
172, 479, 1.2339874960149199e-11
422, 451, 1.1686595242368974e-11
412, 513, 1.1409847624629999e-11
120, 351, 1.1355807395695404e-11
455, 479, 1.1171783711037162e-11
76, 490, 1.0946036334198528e-11
223, 336, 1.0939367157680523e-11
184, 306, 1.0751461653024869e-11
438, 479, 1.0682520161400875e-11
111, 536, 1.064903119182373e-11
438, 545, 1.0418360742575201e-11
172, 597, 1.0017193701992964e-11
172, 239, 8.986705853771571e-12
126, 192, 8.868590087042648e-12
313, 527, 8.635571593749847e-12
120, 336, 8.305240831942241e-12
351, 628, 8.148375153512664e-12
272, 754, 8.14403414562034e-12
117, 351, 8.053326839871466e-12
133, 188, 8.036551731277005e-12
76, 536, 7.974236146757225e-12
455, 613, 7.871991337866262e-12
703, 726, 7.780567383233492e-12
223, 227, 7.397985609136897e-12
0, 536, 6.959501449723013e-12
0, 533, 6.671300448400038e-12
520, 527, 6.254871832481546e-12
120, 239, 6.002477707005886e-12
117, 336, 5.88637045684845e-12
450, 490, 5.809116374081699e-12
223, 479, 5.764924370726154e-12
184, 490, 5.7383290134447635e-12
477, 726, 5.5474139553561434e-12
450, 533, 5.3276056718455016e-12
0, 527, 5.303586108238508e-12
120, 157, 5.1987878386387004e-12
111, 455, 4.852398939739613e-12
313, 513, 4.731257397430621e-12
111, 533, 4.507625089958284e-12
117, 239, 4.483158483875522e-12
117, 157, 4.164114990625274e-12
184, 536, 3.934080166222452e-12
111, 442, 3.5176788105731714e-12
157, 306, 3.3754384594176826e-12
76, 455, 3.2158920436964697e-12
120, 479, 3.157017611261049e-12
438, 613, 3.121967024156447e-12
76, 533, 2.9488868088900062e-12
157, 613, 2.9351203464859416e-12
76, 442, 2.4754616020421326e-12
172, 545, 2.354665381700152e-12
117, 479, 2.276645415139672e-12
490, 536, 1.892827395587196e-12
172, 259, 1.8233254085443753e-12
559, 683, 1.8055149494713602e-12
172, 281, 1.733833541811561e-12
184, 455, 1.7096049297563815e-12
126, 416, 1.5402409733134083e-12
184, 533, 1.469323736652052e-12
227, 416, 1.4565522414933166e-12
126, 227, 1.385276522192147e-12
157, 490, 1.3138912482395857e-12
184, 442, 1.2344893360267697e-12
477, 683, 1.019949621216589e-12
111, 251, 1.0017670684947582e-12
120, 259, 9.534626810536022e-13
578, 852, 9.134623264912697e-13
76, 251, 7.944158719585666e-13
120, 281, 7.041449181914182e-13
117, 259, 7.028886793380986e-13
223, 239, 6.979736039563657e-13
559, 628, 6.830437758283515e-13
117, 281, 5.114587225374535e-13
172, 306, 5.100231609768797e-13
0, 734, 4.0772659784050494e-13
272, 683, 3.1645111209193386e-13
157, 455, 2.7079435516731816e-13
223, 281, 2.707414688450849e-13
450, 455, 2.5302470706057067e-13
223, 259, 2.0410340983442646e-13
367, 643, 1.849136267459387e-13
126, 351, 1.8457623590945273e-13
223, 545, 1.8024751620474478e-13
120, 306, 1.5582154837561556e-13
157, 442, 1.3950932642384228e-13
126, 336, 1.3484450267540914e-13
294, 643, 1.3232732507304041e-13
184, 251, 1.1569627565374718e-13
117, 306, 1.1149331468463791e-13
227, 351, 1.0997024171938652e-13
223, 306, 1.0894611338746492e-13
120, 545, 1.044357881276393e-13
157, 536, 9.829126580398521e-14
126, 239, 8.736031226738519e-14
409, 643, 8.657264892468599e-14
455, 490, 8.421107549403423e-14
455, 536, 8.32888860435541e-14
438, 490, 7.46954751859223e-14
206, 451, 7.227767110213018e-14
126, 157, 6.544695077509582e-14
336, 643, 6.508354610446208e-14
490, 533, 6.392122424502426e-14
227, 336, 6.107572541251931e-14
133, 184, 6.09647508324834e-14
438, 536, 5.788363372732161e-14
172, 490, 5.702510488400755e-14
0, 628, 5.224141939717455e-14
578, 628, 5.124992544669907e-14
157, 251, 5.121517727197379e-14
172, 455, 4.5939572644845915e-14
157, 533, 3.2288941910980627e-14
111, 513, 2.994495490337757e-14
223, 490, 2.635074273232605e-14
223, 455, 2.41524232239476e-14
172, 442, 2.39490945394515e-14
450, 513, 2.210961934784351e-14
76, 513, 2.1075436073669664e-14
272, 663, 2.0745248463052176e-14
438, 455, 1.5051946473300358e-14
120, 490, 1.4966526362703488e-14
126, 259, 1.424137525109552e-14
223, 442, 1.329433480096888e-14
206, 416, 1.1775343584899522e-14
120, 455, 1.1629296002585973e-14
184, 513, 1.0953805738395352e-14
126, 281, 1.0831819231106498e-14
117, 490, 1.0703013588764071e-14
450, 527, 9.076270838962654e-15
111, 527, 8.724123674512679e-15
117, 455, 8.392069310675217e-15
0, 643, 6.537842010057484e-15
172, 251, 6.425581940004098e-15
76, 527, 6.351649249591696e-15
133, 201, 6.121854775631832e-15
120, 442, 5.7661131455658235e-15
422, 479, 4.946656745416648e-15
520, 689, 4.414150571050167e-15
559, 663, 4.303580034055574e-15
117, 442, 4.160089283508176e-15
438, 442, 4.042892919088352e-15
126, 479, 3.7446748784146216e-15
120, 251, 3.6944106401854745e-15
133, 206, 3.6088874833589135e-15
477, 663, 3.5431371661129265e-15
227, 239, 3.4150576266050578e-15
184, 527, 3.219511295707214e-15
117, 251, 2.737948860869889e-15
227, 479, 2.5294305374642426e-15
126, 306, 2.473511305801642e-15
272, 1069, 2.0959380556123756e-15
192, 451, 2.0327639183169664e-15
157, 513, 1.9777894091776396e-15
272, 1053, 1.935546874357384e-15
490, 513, 1.838583919743207e-15
133, 451, 1.7366897099965115e-15
227, 281, 1.424259248991584e-15
490, 527, 1.27450592445661e-15
206, 351, 1.1669510325680901e-15
133, 192, 1.1577524604532344e-15
412, 643, 1.0420997390443159e-15
227, 259, 1.036232299141922e-15
206, 227, 8.573039290193209e-16
192, 201, 8.285838427169988e-16
157, 527, 7.985691577615239e-16
499, 533, 7.799936467252146e-16
499, 527, 7.605565768123172e-16
206, 336, 6.938000006014035e-16
499, 536, 6.680353473543733e-16
223, 251, 6.264745944065472e-16
367, 726, 5.976884944706108e-16
227, 306, 5.9088481701435215e-16
455, 527, 5.528964502494817e-16
192, 206, 5.491560090486432e-16
455, 533, 5.018359011011058e-16
438, 533, 3.5334015807143606e-16
192, 416, 3.3221601423069893e-16
133, 416, 2.4323845400983694e-16
313, 734, 2.1699643815226109e-16
133, 227, 1.9347295440587957e-16
409, 770, 1.3368054245526132e-16
336, 770, 1.174586801441109e-16
135, 188, 7.867473610003396e-17
172, 536, 7.390946065451539e-17
206, 239, 7.319720978073623e-17
126, 251, 5.460703347595373e-17
192, 227, 4.551464747046119e-17
126, 442, 4.313180127164661e-17
192, 351, 3.8117929388035674e-17
227, 442, 3.650006058959079e-17
133, 351, 3.019491110187175e-17
192, 336, 2.3749693968306184e-17
133, 336, 2.1941728144309832e-17
206, 281, 2.1681082446100707e-17
206, 259, 1.8583963103665586e-17
422, 442, 1.6406947899632182e-17
133, 239, 1.2435073122444779e-17
133, 157, 7.789581523128213e-18
206, 306, 7.755300690357678e-18
192, 239, 3.623361225544752e-18
227, 251, 3.1368390391391774e-18
133, 259, 2.089290429889402e-18
133, 281, 1.6441579773742295e-18
192, 281, 8.853215747726987e-19
192, 259, 8.3195464284686295e-19
135, 184, 5.923881661662687e-19
133, 306, 3.900560786688477e-19
206, 442, 2.8591062970460054e-19
192, 306, 2.8192966832751625e-19
135, 201, 6.039614110663022e-20
206, 251, 6.015827186489494e-20
135, 206, 3.57231587060734e-20
135, 192, 1.1336490025993591e-20
133, 251, 7.915114144401015e-21
192, 251, 2.7976662616905664e-21
135, 227, 1.9298648073528285e-21
135, 351, 2.8944058368083037e-22
135, 336, 1.8857342350289294e-22
135, 239, 1.1546215096913727e-22
135, 157, 7.438787479402211e-23
135, 259, 1.596118047823269e-23
135, 281, 1.546656162527475e-23
135, 306, 3.921189011244482e-24
135, 251, 8.012863478081029e-26
126, 455, 3.0618575112853863e-26
227, 455, 2.39132726667878e-26
422, 455, 1.8596064243100503e-26
