Gene = Rchy1
index = 1416
Annotated 5SS: [ 141 2408 5115 5347 5954]
Annotated 3SS: [1529 4952 5187 5674 6021]
SMsplice 5SS: [ 119 2408 5115 5347 5954]
SMsplice 3SS: [2071 4952 5187 5674 6021]
length: 6655
Partition function (logZ) = 11.563463585156406
#Exons = 1359
3SS, 5SS, prob
6021, -1, 0.994747261102666
5674, 5954, 0.9076903451224575
4952, 5115, 0.8850176180174062
5187, 5347, 0.7715872474859785
0, 119, 0.28031026078222593
2071, 2408, 0.23054078707655276
5187, 5399, 0.21064525967982942
816, 2408, 0.18910336810497005
0, 755, 0.15450190823306537
0, 521, 0.13398427102741328
0, 767, 0.12193340563461459
816, 1122, 0.12087134946993716
638, 755, 0.09910669296009984
638, 767, 0.08717958080878291
4952, 5110, 0.08129228592573082
5511, 5954, 0.07012976345176472
1878, 2408, 0.06257592526289237
816, 905, 0.055939320667512324
0, 2408, 0.051006977581265156
0, 343, 0.05004669851231727
2219, 2408, 0.04814723600833243
1806, 2408, 0.04243318951430427
0, 141, 0.042418358256751366
1186, 2408, 0.04018353665586159
816, 1088, 0.03762063481958915
0, 1122, 0.03270657690253036
1157, 2408, 0.02965274899560174
0, 505, 0.027782542773741932
638, 2408, 0.02243816313487804
2014, 2408, 0.022242664389229564
816, 1057, 0.01902934548825207
1121, 2408, 0.017990442242853254
1529, 2408, 0.016344229268943914
4799, 5115, 0.01603083241220368
816, 1588, 0.01524397654082377
0, 533, 0.01523789309002158
0, 905, 0.014409740120511907
857, 2408, 0.012037615470179298
638, 1122, 0.011695313431298902
0, 121, 0.011049713242843887
0, 529, 0.010821921395910495
0, 525, 0.009479983229919086
0, 517, 0.009411465761676506
5547, 5954, 0.008934015063499603
0, 1088, 0.008837535799151365
857, 1122, 0.008807843327995238
1278, 2408, 0.00789750588588595
5187, 5954, 0.007161449080130249
638, 905, 0.007079515248720863
1961, 2408, 0.006624355259804383
794, 2408, 0.00645013350812084
0, 34, 0.006332121860569479
5187, 5299, 0.00615018927065015
1241, 2408, 0.005803813430736442
1821, 2408, 0.0054719035523223564
794, 1122, 0.0040261154671088735
0, 1588, 0.0036777268228784256
0, 1057, 0.0034705913359840256
0, 287, 0.003469006749083591
638, 1088, 0.0031316988211867788
857, 1088, 0.0030858607318578818
205, 755, 0.003049132671206464
193, 755, 0.00302279632591225
1014, 2408, 0.0029908210869876175
1186, 1588, 0.0029179985251214474
816, 1091, 0.0028781432311259583
816, 1389, 0.0027069179684060594
794, 905, 0.0026922426171470107
1014, 1122, 0.002673179809525684
5601, 5954, 0.0026729527180328646
5187, 5355, 0.0025598594069906667
205, 767, 0.0024149441200846016
193, 767, 0.002394085466470291
4529, 5115, 0.002351808383930037
205, 521, 0.002272949393012467
193, 521, 0.002201573044133486
1157, 1588, 0.0020423534130278036
6482, -1, 0.0019458519857201248
4509, 5115, 0.0018355414160507791
6021, 6418, 0.00182960251682981
638, 1588, 0.0018109643153287934
857, 1057, 0.0016654556198491286
193, 343, 0.0016284455862207415
442, 755, 0.001615017109047451
205, 343, 0.001556482522658986
4799, 5110, 0.0015066529053587808
5833, 5954, 0.0014545520784372567
857, 905, 0.0014222675704595208
3966, 5115, 0.001419421928958119
816, 1684, 0.001410529475708462
638, 1057, 0.0013723974436818363
6021, 6138, 0.001315697377534863
205, 2408, 0.0012996529391039967
193, 2408, 0.0012899318392213875
1121, 1588, 0.001269521953409341
0, 157, 0.0012643773106882502
442, 767, 0.0012456794855564997
794, 1088, 0.0012314939596813805
1812, 2408, 0.0011986219748398713
2559, 3490, 0.0011435217803093375
1186, 1389, 0.0011313719572213523
816, 1264, 0.0011222063241671117
3133, 3490, 0.0011076352504151036
6057, -1, 0.0010320600693903455
2559, 2752, 0.0010061038172231014
0, 537, 0.0009915080928360322
857, 1588, 0.0009668266017389979
4952, 5100, 0.000944763709313514
442, 521, 0.0009176294790355484
1529, 1588, 0.0008872694837415096
4179, 5115, 0.0008724671397963564
0, 798, 0.000820251579720771
6290, -1, 0.0007450205267898667
2559, 5115, 0.0007426633559466374
0, 160, 0.0007356254521307541
1278, 1588, 0.0007250772388276416
0, 1389, 0.0007107502701765917
816, 1209, 0.0007010719412210803
205, 1122, 0.000694804586246645
193, 1122, 0.0006888166967831382
5674, 5908, 0.0006815790798941268
1157, 1389, 0.0006740041640453796
638, 798, 0.0006723681428777142
412, 755, 0.0006680404540756242
3133, 5115, 0.0006633145765970955
0, 629, 0.000645118342279747
412, 521, 0.0006433722472375275
4345, 5115, 0.0006307498268504347
336, 521, 0.0005977011215453341
794, 1057, 0.0005783150180295906
442, 2408, 0.0005596852118481005
6194, -1, 0.0005421619974451341
4481, 5115, 0.0005373194241026255
6021, 6245, 0.000534187857059266
681, 767, 0.0005325910940138012
681, 755, 0.0005273926175854076
412, 767, 0.0005224934426994944
5187, 5403, 0.0005132658432650175
794, 1588, 0.00050992994684588
0, 1091, 0.000497605518943982
1241, 1588, 0.0004843755358880402
816, 1111, 0.0004737601036974469
816, 1470, 0.0004710845094307198
4907, 5115, 0.00046498740640588837
4720, 5115, 0.0004471347926248289
453, 755, 0.0004357502277095236
5187, 5351, 0.00042356181024765644
6200, -1, 0.000418943455452495
0, 234, 0.0004152161025022185
1014, 1088, 0.00041160232671785514
0, 625, 0.0004092304105768599
5794, 5954, 0.000391769600923048
816, 1904, 0.00038213979577828656
1776, 2408, 0.00038191189187456386
336, 755, 0.00038054410571420006
3697, 5115, 0.0003778334438835429
2559, 2988, 0.00037167597624679697
2589, 3490, 0.00036370490878276764
0, 576, 0.00035368151412558965
2589, 2752, 0.000348510292900756
205, 505, 0.0003470735688161513
5881, 5954, 0.0003456744312544525
3014, 3490, 0.0003412844185006472
453, 767, 0.00034114672021501834
193, 505, 0.00033496743383797285
1121, 1389, 0.0003314177766631853
3133, 3323, 0.0003313388881437308
638, 1389, 0.0003181560365894452
5187, 5273, 0.00030450390812857665
442, 1122, 0.0003044616940939209
205, 905, 0.00030099908486700213
193, 905, 0.0002983996968222255
3195, 3490, 0.0002890190317929299
0, 771, 0.00028647234653700684
336, 767, 0.00028522272107443206
963, 1122, 0.0002848037950241753
863, 2408, 0.0002845266882656204
1333, 2408, 0.0002829864846924598
3836, 5115, 0.00025344623311063686
816, 1779, 0.00025294385568303045
638, 1091, 0.00025099412152501985
0, 65, 0.0002485108480015402
1529, 1684, 0.00024695045255681094
1744, 2408, 0.0002453003198464533
1157, 1264, 0.00024473058675193103
863, 1122, 0.0002438641405586229
4694, 5115, 0.00024124307259690012
963, 2408, 0.0002411279525013546
4810, 5115, 0.00024069145935211398
412, 2408, 0.00024025516231044493
2559, 3636, 0.00023729617394307643
857, 1091, 0.00023591179160668398
2589, 5115, 0.00023567844224096717
3014, 5115, 0.00023219288632569086
3666, 5115, 0.00023198567028564948
2071, 2401, 0.0002301208170013139
0, 369, 0.00022747218024133162
2559, 3522, 0.000225093007881204
3441, 5115, 0.00021676077559880063
4529, 5110, 0.00021672914933126944
1014, 1588, 0.00021393178253238004
1186, 1684, 0.0002119924710184142
1446, 2408, 0.00021017695634699464
1121, 1264, 0.0002087746916567944
3133, 3636, 0.000208161959322178
638, 771, 0.0002073447651725968
681, 2408, 0.00020562307257693632
1186, 1264, 0.00020301307515579108
3133, 3522, 0.00020155839045361474
816, 2401, 0.0001999452160385353
205, 1088, 0.00019834629951136012
4952, 5073, 0.0001972081813852963
193, 1088, 0.0001966360711352698
453, 521, 0.0001954549713065954
1278, 1389, 0.00019442135671254005
816, 954, 0.00019395313872369878
205, 533, 0.00019321003674216782
1241, 1389, 0.00019206737968855168
193, 533, 0.0001873432574643271
6021, 6306, 0.00018643083881247316
1328, 2408, 0.0001795105601523137
0, 416, 0.00017727617231181082
4731, 5115, 0.00017442032453640665
3441, 3490, 0.00017289022242495547
857, 1389, 0.00017193541450788547
336, 2408, 0.0001704507404215253
4509, 5110, 0.0001691529515675174
638, 1684, 0.0001681451862177764
1927, 2408, 0.00016734093492162228
2559, 3323, 0.0001652546782386252
0, 507, 0.0001632440911357442
4770, 5115, 0.00016311807418342364
1157, 1684, 0.00016176384288191215
2757, 3490, 0.00016125350591023998
0, 1209, 0.0001589311896427353
3195, 5115, 0.000153115536297423
0, 1470, 0.0001523410417339636
0, 564, 0.00014621532445905882
453, 2408, 0.000143908915709941
3441, 3636, 0.0001422880534493092
638, 1264, 0.00014175094750552974
3669, 5115, 0.00013698557760390086
2653, 3490, 0.0001356040699498055
205, 529, 0.00013483464111871244
412, 1122, 0.00013357992388066738
1567, 2408, 0.00013295325645444923
3966, 5110, 0.00013080726246542243
193, 529, 0.00013071619605949146
2589, 2988, 0.00012619312667815153
442, 905, 0.00012290129093215884
0, 125, 0.00012170022918191695
205, 517, 0.00011985318179012358
6090, -1, 0.00011804251917671226
205, 525, 0.00011609972465657409
193, 517, 0.00011601012090139868
5511, 5571, 0.00011443226020456616
193, 525, 0.00011251311928519995
1806, 1904, 0.00011018714315337897
3438, 5115, 0.00010574848558873824
4349, 5115, 0.00010407078754094088
0, 375, 9.944587020076357e-05
442, 533, 9.91800226075385e-05
794, 1091, 9.799227676352806e-05
638, 1209, 9.762097193767221e-05
5162, 5347, 9.722785478214912e-05
2757, 5115, 9.682401422213045e-05
2757, 2988, 9.640644079894766e-05
442, 505, 9.576994727477183e-05
205, 1588, 9.51815543934471e-05
193, 1588, 9.432754053705863e-05
681, 905, 9.409190845718455e-05
681, 1122, 9.391404223713875e-05
1186, 1470, 9.289718286302962e-05
336, 505, 9.207243973764428e-05
525, 755, 9.184305142785642e-05
794, 1389, 8.975466165214316e-05
0, 123, 8.775159876745461e-05
1121, 1684, 8.265026835934992e-05
2653, 5115, 8.232483960454139e-05
2653, 2752, 8.170562796635813e-05
6403, -1, 8.06402680156569e-05
4179, 5110, 8.039002032139852e-05
4952, 5132, 7.819452292037737e-05
336, 1122, 7.766225813082584e-05
5187, 5252, 7.746676610798344e-05
442, 1088, 7.672462669892395e-05
412, 505, 7.636149853671337e-05
857, 1264, 7.634413529378128e-05
3438, 3636, 7.62174850763825e-05
205, 1057, 7.567652669625813e-05
6437, -1, 7.551347391043701e-05
193, 1057, 7.502254660017486e-05
6021, 6057, 7.492057480615056e-05
857, 1684, 7.343462453824072e-05
2589, 3636, 7.289764405004474e-05
6613, -1, 7.284704650810932e-05
863, 1088, 7.273479060030287e-05
1014, 1057, 7.239320464929647e-05
2589, 3522, 7.156416826193736e-05
5325, 5399, 7.125187920812124e-05
3195, 3323, 7.082415553634754e-05
0, 743, 7.003371726462974e-05
1121, 1209, 6.956150298985202e-05
3014, 3522, 6.908923852433155e-05
3441, 3522, 6.878073655344298e-05
453, 1122, 6.785755462563749e-05
5511, 5547, 6.709463762398659e-05
525, 767, 6.516812375132521e-05
4148, 5115, 6.46622981539633e-05
442, 529, 6.422970622580482e-05
412, 533, 6.417103190563726e-05
0, 155, 6.389102036635292e-05
2559, 5110, 6.385631373421576e-05
5511, 5564, 6.255422793996791e-05
3014, 3323, 6.162305978476233e-05
3438, 3490, 6.112776868690606e-05
3542, 5115, 6.0812865930057436e-05
638, 1111, 5.7012396052703236e-05
5674, 5860, 5.695783217602842e-05
6164, -1, 5.690698655983987e-05
3133, 5110, 5.604044035590147e-05
638, 1470, 5.50744053124558e-05
2653, 2988, 5.45312837945595e-05
4345, 5110, 5.4452713237982374e-05
857, 1209, 5.143145778929782e-05
442, 525, 5.1073212554673654e-05
963, 1088, 5.1009655124869533e-05
1878, 2401, 4.977133571021959e-05
1157, 1209, 4.971281494458164e-05
4481, 5110, 4.949820387008804e-05
794, 1684, 4.927034162778063e-05
336, 533, 4.88687372958659e-05
6553, -1, 4.720824685954123e-05
3694, 5115, 4.707618224450138e-05
5325, 5347, 4.512154276004642e-05
2219, 2401, 4.472249795583657e-05
5511, 5908, 4.467450597382423e-05
442, 517, 4.4411679881577895e-05
4907, 5110, 4.440252893193778e-05
0, 357, 4.434853398673565e-05
638, 1904, 4.41068652652656e-05
1157, 1470, 4.408344857361505e-05
412, 529, 4.270608411970673e-05
412, 905, 4.270309453131002e-05
4720, 5110, 4.172232467821574e-05
442, 1588, 4.1181859745704226e-05
0, 1111, 4.095154252498637e-05
5579, 5954, 4.0820013712052e-05
1199, 2408, 3.953003907499324e-05
863, 1057, 3.9490766883293125e-05
1014, 1389, 3.9257676950421134e-05
794, 1264, 3.919683407634353e-05
857, 1111, 3.86713823124759e-05
5674, 5782, 3.769548438239204e-05
638, 2401, 3.747625252847689e-05
4810, 5110, 3.7336578421264536e-05
1806, 2401, 3.696137494448622e-05
193, 287, 3.6673496333998186e-05
3554, 5115, 3.6320224215970244e-05
2777, 5115, 3.53602009845348e-05
412, 525, 3.489544948838473e-05
731, 2408, 3.483178877638955e-05
336, 529, 3.464763255303864e-05
412, 1088, 3.389796638626628e-05
442, 1057, 3.287122737900664e-05
638, 743, 3.2712635708995015e-05
412, 517, 3.217693471953333e-05
0, 954, 3.1879620670947076e-05
336, 517, 3.176232766606391e-05
1208, 2408, 3.162493083916282e-05
336, 525, 3.0227920057598698e-05
205, 287, 3.014893402812989e-05
336, 905, 3.011470379806823e-05
5187, 5310, 3.0014944060689626e-05
6021, 6431, 2.9923825259482876e-05
681, 1088, 2.927470412739098e-05
638, 1779, 2.9197357760696744e-05
731, 767, 2.9086992184077823e-05
1186, 1779, 2.8710445102271444e-05
5389, 5399, 2.805887341305083e-05
5674, -1, 2.75383880209169e-05
3697, 5110, 2.7108193091555053e-05
731, 755, 2.7105397982103594e-05
4731, 5110, 2.707107588349755e-05
905, 1122, 2.7012407842151098e-05
794, 1209, 2.669861338233259e-05
457, 755, 2.6086103224909086e-05
1014, 1091, 2.5937369151078614e-05
2641, 5115, 2.5519810057800556e-05
5432, 5954, 2.5180784529300576e-05
6021, 6369, 2.504848279896174e-05
4952, 5347, 2.4520106072865107e-05
453, 905, 2.4367258798281205e-05
5674, 5864, 2.4046362229094657e-05
1121, 1470, 2.362008777059409e-05
731, 1122, 2.3264060626055265e-05
0, 424, 2.3113214369935666e-05
5162, 5399, 2.28517450558232e-05
4694, 5110, 2.2461302428731445e-05
453, 533, 2.1899578203147076e-05
731, 905, 2.185146292653481e-05
1186, 1209, 2.155138876894979e-05
6418, -1, 2.061603883999962e-05
6344, -1, 2.0577015824643783e-05
794, 1111, 2.0452572952246252e-05
863, 905, 2.0391379678698456e-05
1157, 1779, 2.0211662833791563e-05
0, 593, 1.9563535753475508e-05
5187, 5547, 1.9437178191234287e-05
453, 505, 1.9298693599144516e-05
1014, 1264, 1.9142680619657782e-05
205, 1389, 1.856775228469054e-05
193, 1389, 1.8406093591529183e-05
3836, 5110, 1.8331460006037813e-05
2589, 5110, 1.7732998568345137e-05
457, 767, 1.748903351251041e-05
3014, 5110, 1.736994997540478e-05
4031, 5115, 1.723454653840635e-05
1014, 1209, 1.7192228744836438e-05
3666, 5110, 1.6796632080913312e-05
4799, 5100, 1.642928137946544e-05
336, 1088, 1.6205890242404874e-05
205, 798, 1.617382492325106e-05
193, 798, 1.6034126365058024e-05
3441, 5110, 1.5866351642063487e-05
6384, -1, 1.563885331916079e-05
0, 515, 1.5510766662170593e-05
0, 193, 1.547223379046882e-05
5187, 5571, 1.5429655003626063e-05
4770, 5110, 1.5166945535690555e-05
5389, 5954, 1.4899167636854416e-05
205, 537, 1.4753753401334679e-05
193, 537, 1.4305908577452648e-05
0, 110, 1.414327528635909e-05
453, 529, 1.4017612529690328e-05
453, 1088, 1.3300062997590153e-05
638, 954, 1.315532628357619e-05
6249, -1, 1.2822857687775677e-05
2559, 3781, 1.2709739427696498e-05
0, 509, 1.2237716709976132e-05
963, 1057, 1.2159882831653571e-05
5232, 5347, 1.1994299358630389e-05
6021, 6094, 1.1981173060629376e-05
1446, 1588, 1.1486350638262228e-05
205, 1091, 1.1257490108064675e-05
3133, 3781, 1.1185115402704381e-05
193, 1091, 1.1160423114257362e-05
3175, 5115, 1.101677856396957e-05
453, 525, 1.1012955077077977e-05
234, 755, 1.0843494368498193e-05
5187, 5564, 1.0315293876838466e-05
6021, 6553, 1.0170122021296756e-05
0, 128, 9.474284783567646e-06
5908, 5954, 9.415243341467547e-06
453, 517, 9.333964262640159e-06
442, 629, 9.264708793173375e-06
412, 1057, 9.222404156215375e-06
5403, 5954, 8.967675840840381e-06
0, 42, 8.958553756152205e-06
3133, 3378, 8.928298250540537e-06
0, 62, 8.894445002695085e-06
681, 1057, 8.894111924491198e-06
5779, 5954, 8.649200620122338e-06
205, 629, 8.612993357671203e-06
5683, 5954, 8.514517824470559e-06
193, 629, 8.400638872423866e-06
857, 954, 8.347585172948234e-06
442, 537, 8.123974304250824e-06
457, 521, 7.976189590090246e-06
5511, 5552, 7.964578887776582e-06
442, 798, 7.901584628676463e-06
794, 954, 7.863007106321327e-06
160, 755, 7.84325727267048e-06
794, 798, 7.584013116620343e-06
4952, 5399, 7.551700936151195e-06
234, 767, 7.470875243035137e-06
3697, 3781, 7.355227301245032e-06
3666, 3781, 7.326729721331622e-06
0, 461, 7.084913403009305e-06
1278, 1684, 7.0018012073929465e-06
3195, 5110, 6.818341521765275e-06
5614, 5954, 6.740200519387307e-06
234, 521, 6.65054846776298e-06
2559, 3378, 6.5821983724861155e-06
905, 1088, 6.352632424850459e-06
336, 1057, 6.349474751908778e-06
816, 907, 6.2107571293963925e-06
3669, 5110, 5.92977214646757e-06
6484, -1, 5.871319259683863e-06
5547, 5908, 5.851535576717303e-06
4545, 5110, 5.844990986667287e-06
4349, 5110, 5.760128663747247e-06
205, 771, 5.651567178637661e-06
205, 369, 5.622285117074654e-06
193, 771, 5.602752764599349e-06
453, 1057, 5.556983688600068e-06
681, 798, 5.508019400615661e-06
193, 369, 5.48851218914775e-06
336, 343, 5.484980712172707e-06
6021, 6422, 5.46527044134879e-06
5552, 5954, 5.447889370494229e-06
160, 767, 5.396160943568271e-06
5232, 5399, 5.279801297207766e-06
412, 537, 5.114611672863776e-06
5442, 5954, 4.916837111985333e-06
863, 1091, 4.809574780101247e-06
5325, 5954, 4.719247643960049e-06
442, 1091, 4.716569057610711e-06
6290, 6418, 4.582309717309288e-06
199, 755, 4.520860301607747e-06
5229, 5347, 4.449709073590328e-06
5547, 5571, 4.366225961670927e-06
205, 576, 4.3530378374824475e-06
3133, 3375, 4.266582252904051e-06
442, 625, 4.235794416984764e-06
193, 576, 4.195112114904269e-06
5187, 5908, 4.1895898525859805e-06
2559, 2958, 4.164663772806736e-06
160, 521, 4.118910649936681e-06
442, 576, 3.980549559840443e-06
731, 1088, 3.920455987528155e-06
205, 416, 3.918998477270342e-06
3014, 3636, 3.909464880478896e-06
205, 625, 3.896364356598012e-06
5674, 5897, 3.816778404085397e-06
4799, 5073, 3.802144582864575e-06
1014, 1111, 3.794401670161602e-06
5511, -1, 3.789807446531137e-06
193, 625, 3.7863791850997145e-06
525, 1122, 3.7781593932392674e-06
336, 537, 3.6644732567988806e-06
193, 416, 3.5382325337330016e-06
205, 1209, 3.380249344686645e-06
0, 658, 3.3595738061927547e-06
193, 1209, 3.3513889766734615e-06
412, 629, 3.3183453013736143e-06
412, 798, 3.2933304168761994e-06
816, 895, 3.26187305736236e-06
5511, 5782, 3.1983221922297073e-06
199, 767, 3.0986389078999285e-06
2559, 3375, 3.091426579368997e-06
5511, 5674, 3.0015095982582238e-06
5511, 5860, 2.980544953588518e-06
442, 771, 2.8678667743089778e-06
5235, 5347, 2.8588170279360397e-06
816, 997, 2.8569508188888213e-06
205, 1264, 2.7834611527832757e-06
193, 1264, 2.7596961268848175e-06
905, 1057, 2.6697602331838446e-06
5187, 5301, 2.6596763413998713e-06
453, 629, 2.5884071204181967e-06
199, 521, 2.5593940034133283e-06
234, 343, 2.4592395740260068e-06
205, 375, 2.4344538136563995e-06
6302, -1, 2.4040933121097592e-06
160, 343, 2.396783592342456e-06
141, 755, 2.3783297291032617e-06
816, 1401, 2.3442288040342754e-06
193, 375, 2.3415159496729457e-06
6194, 6418, 2.294245135658365e-06
505, 755, 2.2823496555380277e-06
816, 2493, 2.2575539910845795e-06
205, 507, 2.1890473252196375e-06
963, 1091, 2.1873129286737686e-06
6057, 6418, 2.1635271950248547e-06
5547, 5564, 2.1571534091090624e-06
731, 1057, 2.1349934343073366e-06
453, 798, 2.1229502105783506e-06
2071, 2493, 2.114947720595794e-06
193, 507, 2.113904339860979e-06
816, 2502, 2.0733611332646824e-06
336, 798, 2.0166803338225696e-06
412, 1091, 2.0021224813975896e-06
6021, 6523, 1.9751998522990565e-06
412, 576, 1.9466658866192154e-06
5187, 5552, 1.936206988047341e-06
2071, 2502, 1.9140207119046855e-06
6021, 6507, 1.8840757337279503e-06
6200, 6418, 1.879330628695502e-06
0, 1264, 1.8478697087541093e-06
5229, 5399, 1.8451265070756399e-06
242, 755, 1.8401603779693304e-06
6255, -1, 1.8208307961981391e-06
453, 537, 1.814274290708858e-06
205, 564, 1.8092914693668295e-06
681, 1091, 1.7711183123431271e-06
6422, -1, 1.7502321531846547e-06
193, 564, 1.7480847885001807e-06
5601, 5908, 1.7123640164085136e-06
141, 767, 1.625008393666024e-06
6021, 6115, 1.6158845066948313e-06
525, 1088, 1.551852235367972e-06
412, 625, 1.5412994371128328e-06
336, 629, 1.5329581465924294e-06
0, 907, 1.5297819433094364e-06
6637, -1, 1.5123328424535502e-06
0, 205, 1.5106321811700405e-06
442, 564, 1.4647038531053119e-06
505, 767, 1.4576505842395948e-06
0, 19, 1.4432003568664089e-06
234, 505, 1.4240639692940713e-06
2589, 2958, 1.4236884316575598e-06
257, 755, 1.4119252790018689e-06
336, 1091, 1.3853912918253817e-06
199, 343, 1.3729539642492192e-06
681, 771, 1.317922368328996e-06
457, 1122, 1.3175136056188694e-06
205, 1111, 1.3126325676069053e-06
193, 1111, 1.3013144766214335e-06
193, 234, 1.2898934113606957e-06
5511, 5864, 1.2727720998465637e-06
442, 1389, 1.2654792929682195e-06
242, 767, 1.2573109651271982e-06
6170, -1, 1.2475303143971898e-06
5235, 5399, 1.247326739785357e-06
457, 533, 1.24312134220465e-06
239, 755, 1.2215142726023973e-06
453, 1091, 1.2114663093612348e-06
141, 521, 1.19276148325114e-06
412, 771, 1.189091948971257e-06
205, 743, 1.1821735471919912e-06
453, 625, 1.1732003619088242e-06
193, 743, 1.171962731824548e-06
0, 895, 1.1658165356187206e-06
193, 357, 1.162509935314323e-06
205, 357, 1.1539242479603438e-06
242, 521, 1.1532767482422342e-06
457, 505, 1.0570570205890646e-06
5162, 5299, 1.0037688796042334e-06
5674, 5924, 9.802643278281518e-07
453, 576, 9.784030155539552e-07
257, 767, 9.672887429226125e-07
257, 521, 9.414551656676346e-07
5162, 5954, 9.210733185848408e-07
525, 905, 9.15588830802443e-07
638, 907, 9.031424918266924e-07
4799, 5347, 8.801676472612008e-07
336, 576, 8.70410886130085e-07
160, 505, 8.622417998301548e-07
205, 234, 8.613674421650415e-07
6057, 6138, 8.490468266009063e-07
5331, 5399, 8.475409388142235e-07
816, 956, 8.474913296984572e-07
0, 499, 8.413686579582363e-07
816, 1432, 8.325979685476067e-07
239, 767, 8.307602038939634e-07
816, 897, 8.296906975651634e-07
457, 529, 7.9213127222593e-07
453, 771, 7.846726287827668e-07
412, 564, 7.760487080715113e-07
525, 1057, 7.738611816858765e-07
234, 533, 7.714399720822099e-07
239, 521, 7.528344076607002e-07
988, 1122, 7.47774366720572e-07
6057, 6245, 7.427414499719507e-07
816, 881, 7.199360130877421e-07
336, 771, 6.970150258488629e-07
336, 625, 6.958014080574358e-07
1073, 1122, 6.827747893858916e-07
141, 343, 6.566233390864127e-07
205, 954, 6.473499116690114e-07
193, 954, 6.417541092858767e-07
442, 507, 6.376442679286417e-07
442, 743, 6.302781033849855e-07
457, 525, 6.193996645045168e-07
638, 895, 5.967448661348768e-07
234, 1122, 5.962666171886979e-07
336, 507, 5.821473837600174e-07
5187, -1, 5.67552461535404e-07
0, 1684, 5.664662774074016e-07
1186, 1401, 5.660829058854958e-07
442, 1111, 5.588271217940665e-07
731, 798, 5.467172377463585e-07
234, 529, 5.396765039646743e-07
199, 505, 5.367875682051908e-07
5187, 5235, 5.350570047682367e-07
5920, 5954, 5.319306157506522e-07
564, 755, 5.282416896394378e-07
457, 517, 5.195905731417135e-07
412, 507, 5.010601589208691e-07
0, 199, 4.91388973673098e-07
6233, -1, 4.880075243852404e-07
4952, 5954, 4.8560605154115e-07
234, 517, 4.843499199964661e-07
6021, 6374, 4.824179242580086e-07
160, 533, 4.803990356921388e-07
5331, 5347, 4.764558698229341e-07
5547, 5782, 4.735026073740038e-07
234, 525, 4.6598999548385237e-07
205, 424, 4.4521100083382736e-07
2777, 3490, 4.383867496477892e-07
5833, 5908, 4.329551514278913e-07
5992, -1, 4.281835929721036e-07
5547, -1, 4.077490047201162e-07
193, 424, 4.016124909343973e-07
525, 798, 3.917627619813361e-07
336, 564, 3.8592575784033146e-07
5547, 5860, 3.8380789836017037e-07
2777, 2988, 3.7877514499393813e-07
242, 343, 3.763733304371068e-07
1157, 1401, 3.565744972380507e-07
794, 907, 3.5640361397337444e-07
525, 533, 3.5078900264044607e-07
453, 564, 3.499348285462248e-07
525, 2408, 3.454271323938368e-07
160, 529, 3.357596307623932e-07
638, 1401, 3.3010558829198313e-07
564, 767, 3.295604468264226e-07
1241, 1264, 3.162890753354072e-07
6021, 6108, 3.114451713652682e-07
6021, 6403, 3.1044486145491283e-07
5547, 5674, 3.0973786909369536e-07
5162, 5355, 3.085684762438296e-07
1186, 2401, 2.9975877270186746e-07
199, 533, 2.9974175553057686e-07
160, 517, 2.9884448654627136e-07
4799, 5399, 2.9666899187213214e-07
442, 1264, 2.954104460408096e-07
336, 416, 2.931174872173859e-07
4952, 5299, 2.894098820105055e-07
160, 525, 2.884109032289769e-07
442, 954, 2.809539966939591e-07
525, 629, 2.7505302812747945e-07
6090, 6418, 2.747837732604989e-07
239, 343, 2.599360415499135e-07
412, 743, 2.5737825409253296e-07
141, 505, 2.5231205619712136e-07
638, 881, 2.508469259971231e-07
242, 505, 2.507065642965275e-07
5187, 5860, 2.468943813803846e-07
457, 905, 2.3751695374057608e-07
6057, 6306, 2.3729391241144486e-07
5511, 5897, 2.3618057501637938e-07
1157, 2401, 2.3376758619438312e-07
442, 593, 2.322864578026287e-07
863, 1111, 2.3154205405208292e-07
711, 755, 2.292927284313221e-07
257, 343, 2.2869505045220034e-07
2014, 2401, 2.250307399087966e-07
205, 593, 2.244445363740624e-07
3133, 3462, 2.234778134292783e-07
711, 767, 2.219569828228642e-07
816, 991, 2.210921980972487e-07
5131, 5347, 2.2093558557630702e-07
2559, 3462, 2.1903011811417102e-07
193, 593, 2.1575488455326667e-07
6021, 6581, 2.1433026653493336e-07
257, 505, 2.0888761964209063e-07
199, 529, 2.0847624190378457e-07
221, 755, 2.0725609275747113e-07
638, 997, 2.0032694571225272e-07
525, 529, 1.9964473889859943e-07
205, 515, 1.9856450867052496e-07
280, 755, 1.9630630362475178e-07
1121, 1401, 1.938849901360449e-07
193, 515, 1.9212116982578598e-07
794, 895, 1.911912478606674e-07
857, 997, 1.9087931547245926e-07
963, 1111, 1.8980424266097298e-07
5187, 5782, 1.87416404159306e-07
638, 897, 1.8716752821155628e-07
199, 517, 1.8509376651028873e-07
6164, 6418, 1.8496049084084716e-07
5325, 5355, 1.8305337374885126e-07
6194, 6306, 1.8294622280682206e-07
199, 525, 1.7944002706486381e-07
5601, 5782, 1.7899042179393625e-07
5325, 5403, 1.7524243734277838e-07
5794, 5908, 1.7487994181103927e-07
453, 743, 1.7416276000108036e-07
857, 907, 1.7107769928984195e-07
5547, 5864, 1.6382480853028465e-07
239, 505, 1.6359139533492408e-07
1529, 2401, 1.6161888063635142e-07
457, 629, 1.6019930503220158e-07
525, 771, 1.5675217777828538e-07
638, 1432, 1.5670932258253982e-07
280, 521, 1.5668616463371918e-07
205, 509, 1.5645526327260528e-07
681, 743, 1.5413437113366203e-07
336, 743, 1.537938142675146e-07
193, 509, 1.5116591684377407e-07
160, 287, 1.4850255077736007e-07
1278, 1401, 1.431129411056261e-07
221, 767, 1.4297579704831145e-07
141, 533, 1.3898222314073437e-07
280, 767, 1.3875339837843922e-07
1121, 2401, 1.3698638416708728e-07
242, 533, 1.3357081606010336e-07
6200, 6306, 1.3288611511639163e-07
857, 1401, 1.305852675483053e-07
457, 798, 1.2969257353657045e-07
453, 507, 1.2940332248942338e-07
2641, 2752, 1.270537713529543e-07
857, 2401, 1.2681793299404857e-07
4529, 5347, 1.2544845866780283e-07
1241, 1401, 1.252888738449268e-07
221, 521, 1.2296338367511183e-07
505, 521, 1.2032530629743322e-07
5601, 5860, 1.20002058400718e-07
234, 905, 1.1826761215052745e-07
525, 625, 1.1697880260182587e-07
6194, 6245, 1.160142674971512e-07
794, 997, 1.117439157653537e-07
257, 533, 1.0767065590988244e-07
457, 537, 1.0344435681909693e-07
5547, 5552, 1.0177458373507304e-07
412, 593, 1.0164623517769559e-07
205, 461, 1.0087000793065572e-07
336, 369, 9.792057461879112e-08
141, 529, 9.722226382005576e-08
5187, 5674, 9.717235478006677e-08
794, 1401, 9.678719332154876e-08
4509, 5347, 9.663003895437742e-08
193, 461, 9.437520669254407e-08
794, 2401, 9.39768439407404e-08
242, 529, 9.353031997074479e-08
6090, 6245, 9.33417635376644e-08
731, 771, 9.082136116146193e-08
5351, 5399, 9.074335963050365e-08
5187, 5864, 8.979221475414551e-08
239, 533, 8.796250072865844e-08
638, 658, 8.728140890052158e-08
141, 517, 8.686382125475623e-08
1186, 1432, 8.675660026665622e-08
5298, 5347, 8.6062154591804e-08
242, 517, 8.435960014114072e-08
141, 525, 8.38915031993631e-08
6290, 6431, 8.323079869574227e-08
0, 881, 8.230384103092034e-08
6249, 6418, 8.156331785331572e-08
242, 525, 8.086388160006913e-08
3966, 5347, 7.643221157370092e-08
6200, 6245, 7.601235887322122e-08
857, 895, 7.587021237943539e-08
257, 529, 7.566873342414003e-08
767, 905, 7.307583836217719e-08
457, 625, 7.242878368354664e-08
3133, 3467, 7.105359029824007e-08
2559, 3467, 7.064971181867299e-08
442, 515, 7.061812701554793e-08
6482, 6553, 7.056372793029941e-08
6344, 6418, 6.939033814565312e-08
257, 517, 6.923474511250293e-08
5511, 5924, 6.892801605929197e-08
0, 897, 6.692161112711965e-08
160, 905, 6.607704732752811e-08
257, 525, 6.56965639911778e-08
794, 897, 6.257119241792625e-08
239, 529, 6.15603863132946e-08
5601, -1, 6.152910295434111e-08
0, 662, 6.054860381082414e-08
794, 881, 5.960813157575937e-08
453, 593, 5.948992197284398e-08
234, 537, 5.879241004818974e-08
234, 287, 5.8295581740564086e-08
457, 576, 5.7777685774256305e-08
5232, 5954, 5.545137233423944e-08
239, 517, 5.540823316706045e-08
6403, 6418, 5.5082087673886947e-08
221, 343, 5.4636407734250604e-08
5881, 5908, 5.349428674181737e-08
239, 525, 5.319198513276533e-08
336, 515, 5.2797674923375824e-08
199, 287, 5.258313354467471e-08
412, 515, 5.226495667795128e-08
336, 375, 5.21799985286277e-08
0, 997, 5.215449349736412e-08
95, 767, 5.0880963665416665e-08
141, 287, 5.068247295708835e-08
5601, 5864, 5.039941235151434e-08
442, 509, 4.81175169681843e-08
457, 771, 4.795599551584949e-08
6090, 6138, 4.618349373854606e-08
336, 593, 4.202698716567892e-08
525, 576, 4.1951194553066886e-08
336, 509, 4.168245782159605e-08
5389, 5403, 4.112453324225884e-08
336, 424, 4.0886669852110054e-08
205, 907, 3.953109652207562e-08
193, 907, 3.9189711232675966e-08
5601, 5674, 3.765983991848392e-08
412, 509, 3.734522803164433e-08
4952, 5355, 3.725054471713748e-08
160, 537, 3.66183436960385e-08
6194, 6369, 3.651926263830335e-08
280, 505, 3.642138993668384e-08
6090, 6306, 3.617378955966378e-08
95, 521, 3.59123394394647e-08
412, 416, 3.567791621998646e-08
6057, 6431, 3.5334916217871186e-08
6194, 6431, 3.468861261607783e-08
234, 629, 3.4596884331186214e-08
5131, 5399, 3.190641861787996e-08
525, 537, 3.189452292576592e-08
5547, 5897, 3.074504682425338e-08
5674, 6418, 3.0703474313705216e-08
4179, 5347, 2.9185699595938756e-08
6057, 6369, 2.901947610819076e-08
6200, 6369, 2.8825575499759368e-08
6200, 6431, 2.8356356935585673e-08
6290, 6306, 2.8243033792713073e-08
6290, 6369, 2.805378575080358e-08
5232, 5299, 2.7051981211381155e-08
5579, 5908, 2.6225543764876107e-08
2559, 5347, 2.6119404112688605e-08
221, 505, 2.541373552341963e-08
193, 658, 2.530390806928342e-08
205, 658, 2.5101221214879562e-08
205, 895, 2.4574662464581053e-08
5162, 5351, 2.4467494601721742e-08
193, 895, 2.4362438949539294e-08
199, 905, 2.387894344441611e-08
160, 629, 2.3561178137955828e-08
6164, 6306, 2.3441039537995584e-08
6164, 6245, 2.339878706333939e-08
505, 533, 2.3268362941738424e-08
3133, 5347, 2.264263002980309e-08
442, 658, 2.26339467570563e-08
199, 537, 2.248759799799986e-08
857, 897, 2.1681172294341007e-08
816, 1129, 2.1297039655823738e-08
280, 343, 2.079332423848465e-08
6384, 6418, 2.0697895141809506e-08
457, 564, 2.039674037548263e-08
336, 461, 1.9287105655037663e-08
234, 369, 1.9226929994420344e-08
638, 991, 1.839064978364575e-08
5162, 5273, 1.8124347491941127e-08
5187, 5897, 1.8040783273719084e-08
234, 416, 1.7480112708196023e-08
280, 533, 1.733117387541403e-08
234, 576, 1.7322972391797853e-08
234, 771, 1.622053544987686e-08
95, 343, 1.5762079999704834e-08
234, 625, 1.5717407541092315e-08
442, 907, 1.5674138980194758e-08
6290, 6553, 1.4984118331049432e-08
857, 881, 1.4921455815088156e-08
857, 991, 1.4902346386624703e-08
453, 515, 1.473174012916529e-08
5432, 5908, 1.4138194219605067e-08
6302, 6418, 1.4043613704416315e-08
199, 629, 1.3354651082578909e-08
336, 357, 1.2974941594063834e-08
6290, 6422, 1.2785316157282338e-08
160, 369, 1.2629940825520594e-08
6255, 6418, 1.2627757524069847e-08
141, 905, 1.2600731626643044e-08
221, 533, 1.2210666018310202e-08
525, 564, 1.176074559668155e-08
505, 529, 1.173334641609342e-08
205, 499, 1.1718361374358124e-08
193, 499, 1.1287486003327589e-08
681, 907, 1.1280971352394504e-08
205, 997, 1.0935736407924309e-08
193, 997, 1.0841072714070686e-08
5674, 6138, 1.0803045111066572e-08
794, 991, 1.070193226995097e-08
160, 576, 1.0575343445860373e-08
160, 625, 1.0513373264527709e-08
280, 529, 1.0420892794429594e-08
505, 629, 9.983942313865223e-09
280, 517, 9.88644179205776e-09
6057, 6553, 9.857311357237914e-09
453, 509, 9.83067278619877e-09
205, 881, 9.716321908385559e-09
442, 895, 9.693611089286217e-09
193, 881, 9.632413045277194e-09
141, 537, 9.592858272992624e-09
242, 537, 9.217334248736595e-09
280, 525, 9.114624111769152e-09
5547, 5924, 9.071917769423757e-09
5601, 5897, 9.03358055870145e-09
5389, 5908, 8.704421271992346e-09
199, 369, 8.649842978868577e-09
234, 375, 8.632224993246113e-09
505, 525, 8.521479717800142e-09
221, 529, 8.468353160065282e-09
160, 234, 8.376270784164873e-09
681, 895, 8.125618998322554e-09
205, 897, 7.981324492359293e-09
234, 507, 7.958062961370724e-09
193, 897, 7.91239883607007e-09
412, 658, 7.840966438039998e-09
221, 517, 7.612867028416547e-09
242, 287, 7.604902090262979e-09
160, 416, 7.583866067966098e-09
257, 537, 7.406921276608614e-09
221, 525, 7.283054412171927e-09
234, 564, 7.1546937147275465e-09
525, 743, 7.095556483333638e-09
412, 461, 7.042471695227558e-09
412, 907, 6.912417554813822e-09
141, 629, 6.830700220247178e-09
199, 576, 6.726716453587875e-09
5683, 5908, 6.61646974671006e-09
453, 658, 6.603115391099365e-09
5833, 5860, 6.530387264137784e-09
457, 507, 6.3263086219138746e-09
412, 424, 6.1956555418187295e-09
505, 517, 6.194868706471038e-09
6482, 6523, 6.1689943643133815e-09
95, 505, 6.166445269623698e-09
6194, 6422, 5.983639386306877e-09
239, 537, 5.9199505613900175e-09
199, 416, 5.781916570156523e-09
442, 461, 5.689174486711816e-09
6194, 6553, 5.65809919439504e-09
239, 287, 5.5213367650207075e-09
242, 629, 5.51377059394048e-09
199, 625, 5.423081210125297e-09
5187, 5924, 4.973658553768437e-09
6057, 6094, 4.9060699500096484e-09
5674, 6245, 4.889276228475423e-09
160, 507, 4.838456823714534e-09
160, 375, 4.7622105368448694e-09
6057, 6422, 4.73023769034057e-09
5403, 5908, 4.728833086550474e-09
5794, 5860, 4.663079430644599e-09
6200, 6553, 4.474043810793837e-09
257, 629, 4.398867389322679e-09
160, 564, 4.39857879517279e-09
336, 658, 4.253229277555649e-09
5779, 5908, 4.239176080035785e-09
6170, 6418, 4.173834771994542e-09
95, 119, 4.043290801183652e-09
4529, 5399, 4.032691450057117e-09
6090, 6431, 4.0049846514849135e-09
6200, 6422, 3.991454687251482e-09
5162, 5403, 3.972540660204778e-09
5614, 5908, 3.9072984287133174e-09
6290, 6507, 3.900401120043709e-09
442, 881, 3.891256387038186e-09
505, 625, 3.88914633097749e-09
6290, 6523, 3.889037400499189e-09
6090, 6369, 3.7022928964577104e-09
141, 234, 3.5853087781363346e-09
457, 593, 3.510689822688034e-09
234, 357, 3.4631432758455534e-09
95, 533, 3.4427395833054342e-09
199, 375, 3.4275894953111106e-09
525, 593, 3.413773949226002e-09
5674, 6057, 3.348941509639092e-09
5552, 5908, 3.1903072451879143e-09
4952, 5273, 3.128607005823224e-09
141, 576, 3.1129763175241404e-09
6482, 6507, 3.0990763875275847e-09
336, 499, 3.0642018906120357e-09
257, 287, 3.0227411894031987e-09
242, 576, 2.9904810420775e-09
141, 369, 2.9570967849208774e-09
199, 507, 2.9415409211630624e-09
5833, 5864, 2.925042488318312e-09
6164, 6369, 2.834310361199458e-09
199, 564, 2.791844598615676e-09
242, 369, 2.7545934249671187e-09
4345, 5347, 2.733552076132267e-09
160, 357, 2.7109147641229666e-09
442, 499, 2.7096790338806013e-09
3438, 5110, 2.5901529398168114e-09
242, 416, 2.5860954553190495e-09
6164, 6431, 2.489788728950826e-09
4481, 5347, 2.4847705190257625e-09
5232, 5355, 2.376745550524536e-09
257, 576, 2.3677372798457033e-09
95, 529, 2.367349462763323e-09
5674, 6306, 2.3511012647568275e-09
412, 499, 2.2446329866604165e-09
6482, 6581, 2.2270268160610253e-09
95, 517, 2.1504835660192423e-09
95, 525, 2.0710809050952755e-09
6403, 6553, 2.0639634754392865e-09
505, 576, 2.0140787876812766e-09
5442, 5908, 2.0137467678308784e-09
6057, 6523, 2.008648417752739e-09
5325, 5908, 1.9950840787210444e-09
239, 576, 1.9741496672012164e-09
5601, 5924, 1.9623576040222496e-09
234, 424, 1.9214735166462268e-09
5162, 5252, 1.9078003922622383e-09
257, 416, 1.8714134429506362e-09
4509, 5399, 1.8606198687821633e-09
505, 537, 1.8523158159389192e-09
6057, 6507, 1.8480980735853235e-09
6437, 6553, 1.8292753572963409e-09
239, 369, 1.7943245512167646e-09
257, 369, 1.7528071275015294e-09
6249, 6306, 1.743206292088647e-09
199, 357, 1.7065175206960631e-09
141, 416, 1.7028814268701167e-09
5794, 5864, 1.628967310775467e-09
239, 416, 1.5896583989985773e-09
6194, 6523, 1.583697542310082e-09
199, 234, 1.564896928115821e-09
5511, 6418, 1.4655704599611433e-09
242, 905, 1.4506707313182838e-09
6194, 6507, 1.4438369400588658e-09
141, 625, 1.4409272293797241e-09
4720, 5347, 1.432991845366597e-09
141, 507, 1.3828190818177427e-09
242, 507, 1.3672650977414583e-09
6233, 6418, 1.3593977759187315e-09
3697, 5347, 1.3415478722639369e-09
5579, 5860, 1.3379561119258095e-09
3966, 5399, 1.324409820373996e-09
95, 287, 1.2829972248550686e-09
141, 564, 1.2797472541057312e-09
242, 375, 1.2566976958221323e-09
242, 564, 1.2358598832437065e-09
141, 375, 1.230828123776757e-09
221, 287, 1.2266562487901448e-09
5511, 6138, 1.2145545537210812e-09
242, 625, 1.1834383874598264e-09
280, 537, 1.1734467769188486e-09
6200, 6507, 1.1425650081461998e-09
257, 507, 1.1394354191020671e-09
6200, 6523, 1.1305221163251598e-09
239, 629, 1.0284948933849303e-09
5325, 5351, 1.0144458549659487e-09
221, 537, 9.822084794523635e-10
257, 564, 9.802045799884502e-10
257, 625, 9.431954351081276e-10
453, 461, 9.391893418909701e-10
239, 507, 8.957917933365441e-10
234, 593, 8.862639108727754e-10
239, 375, 8.508726994281483e-10
257, 375, 8.507639295914587e-10
160, 424, 8.422546558873019e-10
6057, 6115, 8.411538818081524e-10
239, 564, 8.150678025552383e-10
457, 515, 7.847446205403512e-10
234, 515, 7.81496786303081e-10
239, 625, 7.797466615269606e-10
336, 907, 7.685611806186114e-10
5833, 5897, 7.643101969918434e-10
5992, 6138, 7.444509399219801e-10
141, 357, 7.069495317259067e-10
6403, 6431, 6.641530135234751e-10
6344, 6431, 6.29901348363841e-10
199, 424, 6.275860477546958e-10
234, 509, 6.180270556276916e-10
505, 564, 6.128273430717205e-10
6249, 6431, 5.584248054405073e-10
6403, 6523, 5.447991682602827e-10
160, 593, 5.42745522386521e-10
453, 499, 5.346368087433847e-10
242, 357, 5.344423857120354e-10
457, 509, 5.175620656187743e-10
5511, 6245, 4.875053805901144e-10
160, 515, 4.810723035611623e-10
5579, 5674, 4.746551250579147e-10
6290, 6403, 4.72657366359638e-10
234, 461, 4.6267096756348604e-10
6170, 6306, 4.6052278516372906e-10
6170, 6245, 4.5607487123037035e-10
296, 521, 4.0067029027265297e-10
5432, 5860, 4.004505282253651e-10
6437, 6523, 3.856690903114893e-10
6249, 6369, 3.78183481419626e-10
160, 509, 3.771133264700871e-10
6403, 6507, 3.745031131021849e-10
239, 357, 3.6609703920629126e-10
221, 369, 3.4268528715131306e-10
257, 357, 3.4125534085395634e-10
199, 593, 3.409452532386224e-10
242, 424, 3.3866472415199124e-10
6194, 6374, 3.2203202730113044e-10
5511, 6057, 3.195665282688624e-10
199, 515, 2.9896918105013616e-10
95, 537, 2.924408563363946e-10
6290, 6581, 2.87755390268586e-10
257, 424, 2.694334025790416e-10
221, 416, 2.5369714897492375e-10
280, 416, 2.534802784217496e-10
525, 658, 2.479959821006998e-10
141, 424, 2.382619302765529e-10
199, 509, 2.345502270789693e-10
160, 461, 2.3353275608310475e-10
239, 424, 2.221423243199465e-10
280, 507, 1.9807053838197868e-10
6194, 6403, 1.8753620419879095e-10
280, 369, 1.8707980341148977e-10
95, 234, 1.8132446982295229e-10
6057, 6581, 1.7097286310775618e-10
5511, 6306, 1.6605179703421708e-10
5992, 6245, 1.6461274515497434e-10
141, 593, 1.636267222305903e-10
280, 287, 1.6036579641891243e-10
221, 375, 1.58606741549006e-10
199, 461, 1.5343972899775152e-10
242, 593, 1.5248246661485567e-10
95, 141, 1.502492689092172e-10
505, 593, 1.4721826985617005e-10
221, 507, 1.4475634011911414e-10
638, 662, 1.4351087357175462e-10
141, 515, 1.4017439728855443e-10
242, 515, 1.365089734391806e-10
5674, 6094, 1.3280948872502796e-10
6255, 6306, 1.3067631496026721e-10
6090, 6094, 1.2561665276005703e-10
5187, 5469, 1.2329994613399792e-10
6057, 6108, 1.2251855165747854e-10
257, 593, 1.2069255511186553e-10
5432, 5674, 1.1922613623720973e-10
412, 895, 1.1853626668445206e-10
5547, 6138, 1.1398958833497813e-10
257, 515, 1.1235607746894363e-10
141, 509, 1.102580831560404e-10
242, 509, 1.0853287157302422e-10
5511, 5671, 1.007309043284156e-10
239, 593, 1.0062704725569814e-10
6437, 6507, 1.0056027574434106e-10
280, 629, 9.8546590267148e-11
280, 625, 9.483857134509864e-11
280, 375, 9.346227163404647e-11
257, 509, 9.015731461980337e-11
239, 515, 8.962415125893245e-11
296, 505, 8.914270108923321e-11
5674, 5946, 8.687955246514508e-11
221, 629, 8.674270442722395e-11
242, 461, 8.385632332238827e-11
221, 625, 8.368885031115657e-11
564, 629, 8.028614977913275e-11
5187, 6138, 7.402529523060108e-11
95, 369, 7.323263547012994e-11
221, 357, 7.307829084432448e-11
257, 461, 7.224149260570084e-11
239, 509, 7.114782411181978e-11
505, 507, 7.059364436720075e-11
564, 625, 6.961352744537262e-11
6194, 6581, 6.827115805240686e-11
141, 461, 6.815245236998703e-11
5992, 6057, 6.312867833749352e-11
239, 461, 5.4359542934919415e-11
6200, 6581, 5.41319661562549e-11
95, 416, 5.137346829237947e-11
234, 499, 4.858351745452313e-11
6437, 6581, 4.7987500465608423e-11
457, 461, 4.755979806799734e-11
296, 533, 4.520217126173691e-11
95, 507, 4.196476997730736e-11
280, 424, 3.7901023863164593e-11
5683, 5860, 3.748921136715715e-11
193, 662, 3.5717072597889084e-11
205, 662, 3.531039185817833e-11
5389, 5860, 3.4839386403026325e-11
221, 424, 3.452889138943911e-11
95, 629, 3.425329023432778e-11
280, 357, 3.3970900635292207e-11
95, 375, 3.264598821302089e-11
95, 625, 3.256916393532125e-11
442, 662, 3.072332092621805e-11
5547, 6057, 3.0118653795193525e-11
221, 234, 2.977815209531185e-11
457, 499, 2.9033855191197675e-11
160, 499, 2.9007025657391194e-11
296, 343, 2.860339443683866e-11
6233, 6306, 2.8182543153170605e-11
141, 157, 2.4579476535256282e-11
193, 205, 2.4418445478189524e-11
5674, 5708, 2.1293862936421766e-11
95, 357, 1.749248837734877e-11
5579, 5864, 1.712475816161239e-11
5992, 6306, 1.6161559175794215e-11
5511, 5708, 1.5418358374932087e-11
5674, 5820, 1.4876073336713568e-11
5674, 6369, 1.483630722201801e-11
141, 160, 1.4463271296958981e-11
6090, 6115, 1.3112225965932143e-11
5614, 5860, 1.2817835352536469e-11
5187, 6057, 1.251865167823196e-11
5403, 5860, 1.1741243938235645e-11
457, 658, 1.0569086683657231e-11
412, 662, 1.0480261278942201e-11
5547, 5671, 1.0148377605576683e-11
95, 121, 9.688333759925647e-12
453, 662, 8.794396148701967e-12
6302, 6306, 8.50023023760944e-12
5601, 6138, 7.3057006855914e-12
193, 199, 6.584455417738612e-12
5187, 5508, 6.573730515303695e-12
336, 662, 5.7865679003629615e-12
68, 119, 5.0843395000762e-12
5432, 5864, 4.210869161565419e-12
95, 157, 3.8341493071215474e-12
5187, 5671, 2.9864980109040414e-12
5674, 5710, 2.4734132235441087e-12
234, 658, 2.4298911817611814e-12
5511, 5659, 2.3550360181959146e-12
5601, 6057, 2.2507352912723603e-12
141, 155, 2.2261179246720114e-12
95, 160, 2.136220427003759e-12
5547, 5708, 1.7347237921502554e-12
5511, 5657, 1.6058085991526831e-12
160, 193, 1.4751603052904755e-12
5511, 5710, 1.439100031642734e-12
5229, 5299, 1.3936417931872144e-12
6021, 6061, 1.3573799054556858e-12
5511, 5678, 1.3030285901938132e-12
2559, 2700, 1.0200948597317845e-12
2559, 2681, 9.064943564952231e-13
141, 193, 8.145658850177716e-13
280, 461, 6.294778937049233e-13
68, 343, 6.118162162757062e-13
2589, 5347, 4.3085811962049326e-13
221, 461, 4.2681944308614023e-13
3014, 5347, 4.193516586841842e-13
3666, 5347, 4.0971443423558504e-13
95, 125, 3.635282142143575e-13
95, 155, 3.604482484552585e-13
160, 205, 2.293929111592426e-13
95, 123, 2.2435179134131581e-13
2589, 2681, 1.9737023711745674e-13
68, 141, 1.5209998427034867e-13
296, 369, 1.2932580246688812e-13
141, 205, 1.1658820289924178e-13
95, 461, 1.1089944776849003e-13
296, 375, 1.0513862178974912e-13
95, 193, 7.220434832565636e-14
160, 199, 6.770949903510656e-14
68, 287, 6.711826482530597e-14
95, 128, 3.991846374072886e-14
141, 199, 3.582989030005916e-14
199, 205, 2.921029571066833e-14
95, 424, 2.2425145042248464e-14
296, 357, 1.2639520356844103e-14
68, 121, 1.1922658297255502e-14
68, 369, 1.1190558127199793e-14
95, 110, 1.1136725911684278e-14
95, 205, 8.88228980821913e-15
68, 375, 7.946150363989707e-15
68, 234, 7.115266172770436e-15
68, 157, 3.397797999774754e-15
95, 199, 2.938651220377011e-15
296, 461, 1.877048016784497e-15
296, 416, 1.865990547060646e-15
68, 160, 1.8502580006524532e-15
68, 357, 1.4855204725238438e-15
68, 125, 4.289824069943555e-16
68, 155, 3.2445276162621267e-16
296, 424, 3.0566923805040525e-16
68, 123, 2.7030624126841515e-16
244, 343, 1.1537075669248335e-16
68, 416, 7.230799786783047e-17
68, 193, 5.031191317917605e-17
68, 128, 4.56928799605165e-17
68, 110, 1.5517283161288686e-17
68, 424, 1.0862667104124587e-17
68, 205, 5.76723615130954e-18
244, 369, 3.0846989226870117e-18
244, 287, 2.5986143429176686e-18
244, 375, 2.335730483909428e-18
68, 199, 1.976168239066936e-18
244, 357, 3.5139823796815356e-19
68, 461, 1.9431634011378618e-21
244, 416, 2.2977930990799963e-23
244, 424, 5.100425363753049e-24
244, 461, 6.021458526253371e-25
