Gene = lama
index = 1756
Annotated 5SS: [  230  8296 10087 10268]
Annotated 3SS: [ 8239  9422 10150 10327]
SMsplice 5SS: [  230 10087 10268]
SMsplice 3SS: [ 9422 10150 10327]
length: 12305
Partition function (logZ) = 1.7344225163482165
#Exons = 1500
3SS, 5SS, prob
10150, 10268, 0.9946909623100265
10327, -1, 0.8266668158545625
9422, 10087, 0.8067232946856302
0, 230, 0.44316228932195756
7870, 8296, 0.35034769873027705
2135, 2245, 0.34446109693150456
0, 1309, 0.2960393388093096
8239, 8296, 0.19331103681656955
0, 105, 0.16378970789241518
10327, 10743, 0.11620254747358896
9128, 9232, 0.09661777077688431
7890, 8296, 0.09097683780959413
9556, 10087, 0.07438031065041138
8430, 9232, 0.07043076076232958
2159, 2245, 0.051562302337602506
11962, -1, 0.047379197655053884
4275, 4605, 0.04552291812658187
10956, -1, 0.045139072907832985
8404, 9232, 0.038252541520132924
8901, 9232, 0.0381219310424828
0, 374, 0.03639818557065236
8514, 9232, 0.03496668138708287
2010, 2245, 0.0335677153846289
9422, 9497, 0.032840700723045416
2135, 2249, 0.03210318554356012
1180, 1309, 0.026782519012236147
8101, 8296, 0.026270374561594804
498, 1309, 0.025956980094958376
9804, 10087, 0.023509807269844453
12107, -1, 0.022316971092624954
4275, 4454, 0.02119708711774725
8067, 8296, 0.019892765376708078
8859, 9232, 0.01933580881501461
9282, 10087, 0.01917309675407176
10327, 11904, 0.0182114951354343
0, 189, 0.018170937635430928
9653, 10087, 0.016516585646674894
7449, 8296, 0.015699268428857896
9807, 10087, 0.014544469936810888
4275, 4508, 0.014145153309831926
8802, 9232, 0.013789585847878594
0, 303, 0.01315537991807106
8747, 9232, 0.012752483528820103
9422, 9986, 0.012714402460214987
8556, 9232, 0.012305136683314247
2327, 2577, 0.011992015573541322
4568, 4605, 0.011394372391796416
7336, 8296, 0.011222543641877861
9422, 9504, 0.01098575155640798
7925, 8296, 0.010940817497418785
10327, 11924, 0.010532292727761506
3834, 3981, 0.010503432607787685
3834, 4605, 0.009634636552011792
10327, 12039, 0.0093804357653821
1108, 1309, 0.009373429550727192
438, 1309, 0.009250326368317319
12083, -1, 0.008863623293380715
12167, -1, 0.008833330002951082
7832, 8296, 0.008329208226540263
7618, 8296, 0.007599291236987964
7870, 9232, 0.007292959007154377
11962, 12039, 0.0068938279832675255
493, 1309, 0.006773278208143264
12256, -1, 0.006488875885717108
10931, -1, 0.006271349825271274
8629, 9232, 0.00600485883873981
8239, 9232, 0.005915049419313534
0, 1394, 0.005811042230396153
531, 1309, 0.0056337063075336475
0, 1130, 0.005353121361140047
9296, 10087, 0.004949422209510968
2159, 2249, 0.004915145750956381
2345, 2577, 0.004840559712034154
2135, 2577, 0.004770853629466312
188, 1309, 0.004537040893424157
8668, 9232, 0.004422941380967235
11639, -1, 0.004240390145466347
254, 1309, 0.004189255760863934
11288, -1, 0.004046818568798997
8430, 10087, 0.004010087210730536
9527, 10087, 0.003977032404819572
10327, 10811, 0.0039615790815268025
10327, 11151, 0.003938865558510706
7506, 8296, 0.003638542948953383
9422, 10268, 0.0034808558310543904
2383, 2577, 0.0033696906005417893
9128, 10087, 0.00326241125763731
1152, 1309, 0.0031643212786261403
2010, 2249, 0.002883305869948105
426, 1309, 0.0028604341687502445
11181, -1, 0.00275540909142842
10956, 11904, 0.002507790490556277
1972, 2245, 0.0024116714818447895
11211, -1, 0.0023234943919552215
12192, -1, 0.002306279700910917
10808, -1, 0.0023055938568673174
3834, 4454, 0.0021848884470028972
1977, 2245, 0.0021454529069563208
10327, 11942, 0.002079784520002162
3834, 4508, 0.002072297868543795
1193, 1309, 0.00203153434697725
0, 1609, 0.0018319030634120304
858, 1309, 0.0018038477287255648
10327, 11037, 0.0017663440228376935
0, 331, 0.0017529031314025708
0, 2245, 0.0017264952854817166
0, 1357, 0.001725411738036458
2010, 2094, 0.0015294193923390308
289, 1309, 0.001519143864499264
7176, 8296, 0.0015176511949459843
12235, -1, 0.0015014397870256049
4243, 4605, 0.0014995345864572036
10956, 11924, 0.0014557921748115322
0, 235, 0.0013928010179959927
928, 1309, 0.001383050155752094
11613, -1, 0.0013734147365768044
991, 1309, 0.0013592927478672738
11063, -1, 0.0013247763136002466
10327, 11915, 0.001305942783708563
10956, 12039, 0.0013018460595365547
0, 389, 0.0012936285624855432
10956, 11151, 0.0011640801708480797
4578, 4605, 0.0011409714970995156
8404, 10087, 0.001127004145438923
9556, 9986, 0.0010878655544326243
10805, -1, 0.0010527721593597745
2159, 2577, 0.0010373555371992577
2010, 2069, 0.0010328403332818341
1228, 1309, 0.0010199734518645408
0, 164, 0.0009637500735971309
1895, 2245, 0.0009336144867458153
1360, 2245, 0.0009121057778841387
1454, 2245, 0.0008737866740448669
11639, 11904, 0.0008383534071225844
11962, 12189, 0.000826524472562457
498, 2245, 0.0008198203947407619
7119, 8296, 0.0008151668445027117
0, 97, 0.0008061564312750453
0, 2069, 0.0007844748124648905
2380, 2577, 0.0007444680118921586
351, 1309, 0.0007390307866944011
1755, 2245, 0.0007024382083905056
0, 2094, 0.0006807177150149384
9804, 9986, 0.0006800177727898584
10202, 10268, 0.0006752463443370482
10327, 12189, 0.0006707328869115041
3118, 3213, 0.0006675254675788257
4275, 4514, 0.000662291123552521
2080, 2245, 0.0006570823296438016
4243, 4454, 0.0006467430447962751
12033, -1, 0.0006459023386759929
3834, 4153, 0.0006367777968218757
10327, 10639, 0.000632673961472894
188, 230, 0.0006062274261972045
164, 1309, 0.0005961706954772326
10327, 10780, 0.0005754074505529553
2327, 2949, 0.00057344214016304
567, 1309, 0.000571317062834088
10484, -1, 0.0005656380880098014
893, 1309, 0.0005500357483337855
11095, -1, 0.0005489002333985713
2010, 2577, 0.0005477967773002459
11639, 11924, 0.0005219754830850244
0, 581, 0.000505438942198194
12107, 12189, 0.00048805940409799356
188, 374, 0.000483330669464348
10327, 11715, 0.00048259931292328023
3113, 3213, 0.00046153075755541763
10327, 11001, 0.00045551338728923676
498, 1394, 0.00045289297504780165
11413, -1, 0.0004303209645444779
1180, 1394, 0.00042669548038893023
9807, 9986, 0.00042132302997285653
1490, 2245, 0.0004172216270618313
2327, 2517, 0.00041602304216815044
4243, 4508, 0.000411879199671536
10798, -1, 0.00040346647017246244
11962, 12132, 0.00039534280704226935
1180, 2245, 0.00039039002296819766
667, 1309, 0.0003888968371437355
2031, 2245, 0.0003798466342524878
254, 374, 0.00037814825708144974
1545, 2245, 0.00036308724314802613
11639, 12039, 0.0003500965795170597
0, 1002, 0.0003412299550868831
0, 1675, 0.000337140541499678
11144, -1, 0.00033448979671194066
11288, 11904, 0.0003296715166562188
9556, 10268, 0.00032352766926306526
9653, 9986, 0.00032307463163361815
0, 1000, 0.0003219307642496372
2327, 3213, 0.0003213409773054154
1454, 1609, 0.00031738027325618095
2135, 2949, 0.0003131009901072251
0, 667, 0.00030419747311743913
0, 998, 0.0002981591864368327
1196, 1309, 0.00029229198213187965
438, 2245, 0.00029041476505282606
0, 751, 0.0002872003886378057
9282, 9986, 0.00027953636471175184
11644, -1, 0.0002781414576549972
0, 1004, 0.0002722763909091505
3834, 3935, 0.0002715613362632316
10956, 11942, 0.0002686838331665646
3834, 4124, 0.00025994918254935735
10327, 10864, 0.0002555989640118661
2179, 2245, 0.0002526900264570658
10956, 11037, 0.0002525691956483846
0, 1006, 0.00024952657365750076
10327, 10953, 0.0002484026064469564
2918, 3213, 0.0002440642030714612
0, 994, 0.00024301531169418307
12083, 12189, 0.00024243181228004155
1972, 2094, 0.00024166768473242448
11246, -1, 0.00023793389846488708
4275, 4493, 0.00022416746606378644
11288, 11924, 0.00022310913965243632
10931, 11904, 0.00021899270570100915
2135, 3213, 0.00021888958507545838
4568, 5302, 0.0002169582807853898
10167, 10268, 0.00021440260376205512
493, 2245, 0.0002137770576799562
10327, 12132, 0.00021107944883249645
4275, 5302, 0.00021042878509334675
2345, 2949, 0.0002032603408299542
1360, 1609, 0.00020000492821324324
10931, 11924, 0.0001973042398993527
1972, 2249, 0.00019565585260078146
784, 1309, 0.00019039667243482656
1977, 2094, 0.0001902712007241922
2448, 2577, 0.0001892963250424386
2135, 2193, 0.0001863950076020393
0, 1059, 0.00018582338014180378
10327, 10857, 0.000184415324036215
11324, -1, 0.00018359127884995922
11288, 12039, 0.00018172843719685595
10327, 11477, 0.00017874428972573626
531, 2245, 0.0001779275847992364
0, 1008, 0.0001768798375436809
10956, 11915, 0.0001703594071963147
1977, 2249, 0.00017021991944589333
12278, -1, 0.00016999020431635457
188, 303, 0.0001690591790618111
3278, 4605, 0.0001665596452901858
438, 1394, 0.0001616315674325641
2135, 2977, 0.00015859746100246332
498, 1130, 0.00015746977952335795
974, 1309, 0.0001570155720155022
2345, 2517, 0.0001569062641415919
10387, -1, 0.00015655020594344045
11613, 11924, 0.00015464753314738645
164, 230, 0.00015324412904023187
10484, 10743, 0.00015276872610555932
2135, 2707, 0.00015246897477919492
10931, 12039, 0.0001509956723909708
11962, 12087, 0.00015065302904244913
1909, 2245, 0.00014934527630580162
1180, 1357, 0.00014859290724947147
855, 1309, 0.00014769101689000007
0, 401, 0.0001450584296226057
498, 1609, 0.00014503076525301115
2327, 2707, 0.00014420752126540523
188, 2245, 0.00014343655314840798
2327, 2977, 0.0001395829846514192
1360, 1394, 0.00013599885533945217
1108, 2245, 0.0001349039674794854
11181, 11924, 0.00013332762473457902
10931, 11151, 0.00013274133375749394
254, 2245, 0.00013231337452122364
2288, 2577, 0.00013105526136990566
498, 1357, 0.00012779727441045266
1490, 1609, 0.00012420519430105827
0, 996, 0.00011895009300702024
10988, -1, 0.00011827896556351155
493, 1394, 0.00011813126583439682
0, 1010, 0.00011739618092429788
11072, -1, 0.00011628706404692437
0, 884, 0.00011444225725342885
1895, 2094, 0.00011421467409919643
2345, 3213, 0.0001112727990054568
0, 2249, 0.00010880768872807666
11211, 11924, 0.00010855355521583204
11613, 11904, 0.00010638701211065225
2383, 2949, 0.00010349214576635505
10327, 12087, 0.00010239139243364656
11117, -1, 9.955468782348723e-05
11181, 12039, 9.947420942422228e-05
2918, 2949, 9.855720321834283e-05
531, 1394, 9.801112545965754e-05
1108, 1394, 9.738230641521376e-05
2135, 2517, 9.540485457138192e-05
0, 599, 9.471236617562592e-05
11639, 11942, 9.101896824000925e-05
3834, 4514, 9.006667231546646e-05
11613, 12039, 8.955254026745893e-05
10327, 10751, 8.585360934689634e-05
11181, 11904, 8.568691797540322e-05
0, 1105, 8.518027913558221e-05
289, 374, 8.502611772433822e-05
0, 57, 8.403475288891774e-05
9282, 10268, 8.398201293640968e-05
11962, 12193, 8.211200942395512e-05
3066, 3213, 8.207324968391528e-05
11587, -1, 8.113877717230442e-05
11211, 12039, 8.066142626229539e-05
2135, 2934, 8.036554754152367e-05
10956, 12189, 7.98704332989679e-05
5213, 5302, 7.936274620579764e-05
188, 1394, 7.911697621162394e-05
12115, -1, 7.859116723078668e-05
9296, 9986, 7.801130503714535e-05
10150, 10259, 7.755908431354042e-05
10696, -1, 7.693618312430677e-05
9653, 10268, 7.683038556268056e-05
366, 1309, 7.326642504291745e-05
254, 1394, 7.305229469213337e-05
2383, 2517, 7.271184300546837e-05
10327, 11465, 7.234578618305046e-05
426, 2245, 7.092844519780817e-05
296, 1309, 6.939936737296079e-05
10327, 12193, 6.92995200418353e-05
9804, 10268, 6.831337228430021e-05
10956, 11715, 6.817006550019836e-05
2327, 2934, 6.783676632616295e-05
2918, 2977, 6.749330060547336e-05
2010, 2193, 6.675824265063999e-05
10327, 11469, 6.576391744106248e-05
11962, 12200, 6.551018656944907e-05
1180, 1609, 6.544734809256821e-05
3097, 3213, 6.336073895189353e-05
8430, 9986, 6.289045153350055e-05
10150, 10262, 6.196411819353294e-05
498, 2249, 6.18430867187288e-05
1895, 2249, 6.0608431027299274e-05
0, 1380, 6.01640056077627e-05
10808, 11924, 5.9685469048635214e-05
10959, -1, 5.9275191645907874e-05
498, 2094, 5.912182581063659e-05
3834, 5302, 5.895416529652956e-05
10327, 12200, 5.82751170065334e-05
2383, 3213, 5.7699585140251205e-05
389, 1309, 5.744024996515101e-05
11639, 11915, 5.730788786342358e-05
0, 548, 5.6970265182688395e-05
11398, -1, 5.601659290671763e-05
438, 1130, 5.574966771131458e-05
164, 374, 5.479490997465179e-05
2470, 2577, 5.465108796034552e-05
0, 125, 5.452277640563311e-05
416, 1309, 5.375217325995761e-05
0, 1492, 5.366008718125469e-05
2159, 2949, 5.3160213441348064e-05
11312, -1, 5.254093352137863e-05
4881, 5302, 5.254083105780799e-05
11063, 11924, 5.210267803498914e-05
0, 728, 5.2069061303804195e-05
438, 1609, 5.141318067181593e-05
10931, 11037, 5.1053511615334306e-05
2345, 2707, 5.0850727926328e-05
1755, 2094, 5.074065265431601e-05
0, 893, 5.041291599619042e-05
426, 1394, 4.991347806040783e-05
1360, 2094, 4.9368927046830203e-05
1454, 2094, 4.897535325698789e-05
2327, 2551, 4.8923431191687145e-05
0, 1073, 4.860843867802237e-05
12046, -1, 4.8200089968917135e-05
12167, 12189, 4.781143956115343e-05
1545, 1609, 4.677411972389567e-05
2345, 2977, 4.640832599843646e-05
3278, 3981, 4.621474682458948e-05
0, 1581, 4.570197336886963e-05
438, 1357, 4.557957453522718e-05
1454, 1675, 4.472966563704195e-05
10327, 10885, 4.468386827005972e-05
1211, 1309, 4.442867736722022e-05
254, 303, 4.44214073792347e-05
0, 2047, 4.3797613893450635e-05
10327, 10849, 4.3661073845208744e-05
900, 1309, 4.2476720947558344e-05
2135, 2972, 4.111563580272002e-05
493, 1130, 4.1083486232880266e-05
5185, 5302, 4.106857018818544e-05
340, 1309, 4.105356636282329e-05
10327, 10817, 4.083838343109433e-05
11288, 11942, 4.0630078089696414e-05
9807, 10268, 4.037875164263897e-05
498, 667, 4.010839584674083e-05
1193, 1394, 4.002593479671368e-05
11644, 11924, 3.998122736278769e-05
0, 632, 3.970408983734569e-05
9422, 9943, 3.939741449020709e-05
1398, 2245, 3.912794200402204e-05
0, 2577, 3.8859254556534795e-05
10327, 10793, 3.876517868048012e-05
12107, 12193, 3.860195500875827e-05
2135, 2316, 3.834234078259024e-05
0, 1871, 3.8142922853750614e-05
1228, 1394, 3.808866815401942e-05
493, 1609, 3.7719010091068364e-05
2159, 3213, 3.705501775115443e-05
9527, 9986, 3.6864931106164675e-05
10931, 11942, 3.638913701461641e-05
12107, 12200, 3.633332542581378e-05
3118, 4605, 3.63324854908005e-05
498, 581, 3.458985827481596e-05
531, 1130, 3.419369963368862e-05
1152, 1394, 3.370480393261931e-05
2159, 2977, 3.360228416324794e-05
493, 1357, 3.324437069107612e-05
858, 1394, 3.2612179020500964e-05
2159, 2707, 3.2356575080403396e-05
1108, 1357, 3.223088111822173e-05
2327, 2972, 3.1688533485608044e-05
531, 1609, 3.139269546189052e-05
9422, 9761, 3.135881765496347e-05
1398, 1609, 3.1095330314516156e-05
0, 1798, 2.9807202915489493e-05
4275, 4471, 2.9448371550716602e-05
1360, 1675, 2.9329620944228605e-05
741, 1309, 2.9268535541175122e-05
11413, 11924, 2.8846532309030104e-05
10172, 10268, 2.863299544735278e-05
2383, 2707, 2.7812053710225558e-05
2010, 2047, 2.7803870459927535e-05
10387, 10743, 2.7799928480619286e-05
172, 1309, 2.77671823671449e-05
3118, 3981, 2.773138741992193e-05
531, 1357, 2.7665890075191882e-05
1490, 1675, 2.763693846838829e-05
10956, 12132, 2.7625016976644524e-05
188, 1130, 2.759590208187543e-05
498, 1675, 2.7475736658375258e-05
164, 303, 2.7061146927877275e-05
10956, 11001, 2.7032811640344955e-05
11613, 11942, 2.6979743424845434e-05
10805, 11924, 2.6620521845903284e-05
188, 331, 2.6499666922994178e-05
3834, 4493, 2.6126055060654204e-05
0, 1651, 2.5995870689028188e-05
2010, 2949, 2.584138434105678e-05
10150, -1, 2.5665529749028927e-05
2327, 3981, 2.5564233519270636e-05
254, 1130, 2.5480127425587707e-05
188, 1609, 2.534330302590799e-05
0, 112, 2.5299470433223673e-05
289, 1394, 2.508442831661836e-05
9296, 10268, 2.4937165807744503e-05
11063, 11151, 2.479862448288274e-05
11230, -1, 2.463124429589648e-05
1108, 1609, 2.4314722772483985e-05
10808, 11151, 2.4245698267123267e-05
438, 581, 2.4167395410024182e-05
11181, 11942, 2.4032364723506015e-05
2383, 2977, 2.3865069869293784e-05
1545, 1675, 2.3684865505957108e-05
2345, 2934, 2.3675351026511348e-05
254, 1609, 2.3400621835805893e-05
0, 585, 2.2539176050522277e-05
188, 1357, 2.23309179940853e-05
0, 1781, 2.230785880829261e-05
9527, 10268, 2.1349946572917513e-05
201, 1309, 2.1258221807127155e-05
10956, 11477, 2.119953805430496e-05
11095, 11924, 2.1152170633434767e-05
8430, 10268, 2.0869975022624884e-05
12107, 12132, 2.0808702280434464e-05
254, 1357, 2.0619150025226915e-05
928, 1394, 2.061644972571836e-05
0, 208, 2.0610559315449605e-05
10327, 11120, 2.0179513108221284e-05
188, 389, 2.0099150034490015e-05
11639, 11715, 1.975332918164176e-05
2345, 2551, 1.9688649152362647e-05
254, 389, 1.931627221674112e-05
2159, 2193, 1.925632925108459e-05
10808, 12039, 1.9238399556700556e-05
3118, 3254, 1.9136899660532566e-05
991, 1394, 1.863407622496187e-05
11208, -1, 1.8333366824433512e-05
498, 751, 1.7728878637968013e-05
11211, 11942, 1.7728145297259427e-05
2135, 2324, 1.753458408632513e-05
2327, 2475, 1.7308678671563437e-05
426, 1130, 1.7264387381331917e-05
9128, 10268, 1.724551085699713e-05
928, 1130, 1.7166764421833946e-05
2010, 3213, 1.6428679062704504e-05
0, 495, 1.6072059990363037e-05
991, 1130, 1.5932906908091772e-05
858, 1130, 1.589224419479703e-05
426, 1609, 1.5852891072299426e-05
11063, 12039, 1.5845901714242623e-05
10808, 11037, 1.580323680045815e-05
498, 1002, 1.4855461911299158e-05
2159, 2934, 1.4851796136183982e-05
1360, 2249, 1.4801966201969333e-05
2159, 2517, 1.477151700613188e-05
498, 1000, 1.4566276166488289e-05
426, 1357, 1.3968566376008209e-05
0, 1624, 1.3947447596075359e-05
498, 998, 1.3869870733652392e-05
2010, 2977, 1.3796907458466468e-05
2010, 2707, 1.3720067975490809e-05
10327, 10378, 1.3494081718318717e-05
11144, 11924, 1.348382030121041e-05
1152, 1357, 1.3241647005599713e-05
1454, 2249, 1.3214007149464884e-05
1180, 1675, 1.3107098180272673e-05
3113, 3254, 1.2684489081718452e-05
1193, 1357, 1.268020005752815e-05
498, 994, 1.2535296477544932e-05
11324, 11924, 1.2272433641807183e-05
2821, 2949, 1.223280227156811e-05
351, 1394, 1.2199894551106044e-05
3278, 3403, 1.2167698492263651e-05
11246, 11924, 1.2136692256965364e-05
2383, 2551, 1.2063617439361532e-05
11810, 11924, 1.1921477276633918e-05
498, 1004, 1.1719322081283867e-05
2383, 2934, 1.1475070986213504e-05
8404, 10268, 1.1440950764094306e-05
1313, 1394, 1.132291701118858e-05
324, 1309, 1.123278716822966e-05
1755, 2249, 1.1183964467358094e-05
10696, 10743, 1.1169591962320465e-05
2345, 2972, 1.110240675031878e-05
254, 331, 1.105243880181536e-05
2080, 2249, 1.0996757445876702e-05
858, 1609, 1.0885720295517813e-05
1363, 1609, 1.0687363192952976e-05
10805, 11151, 1.0570141279295605e-05
8514, 10268, 1.0559590576738746e-05
493, 667, 1.0380623563890854e-05
498, 1006, 1.0363412934935707e-05
1549, 2245, 1.028445075790069e-05
11587, 11924, 1.0235920339774212e-05
2918, 2972, 1.0154147115082787e-05
1972, 2577, 1.0153849704892043e-05
438, 667, 1.0070684493534563e-05
10956, 12087, 9.939646705823818e-06
493, 581, 9.858762618062422e-06
164, 1394, 9.85329510893601e-06
10808, 11942, 9.766598036428285e-06
12083, 12132, 9.749566094159107e-06
3278, 3559, 9.743276883345224e-06
438, 1675, 9.72603033397671e-06
1549, 1609, 9.673076639126979e-06
660, 1309, 9.600691897415634e-06
858, 1357, 9.586087304162896e-06
893, 1394, 9.47000339861403e-06
567, 1394, 9.416389051517054e-06
1228, 1357, 9.376924294469009e-06
2135, 2551, 9.365246981237861e-06
8901, 10268, 9.34002744425208e-06
289, 1130, 9.231299978901754e-06
172, 230, 9.176746064123942e-06
1775, 2245, 8.96251077383323e-06
11613, 11715, 8.949823066082034e-06
11288, 11715, 8.847769862812919e-06
1977, 2577, 8.651771005108679e-06
11063, 11942, 8.558758194142898e-06
10798, 11924, 8.54838581610686e-06
289, 1609, 8.47599417620351e-06
2159, 2316, 8.408706827562788e-06
10931, 11715, 8.377455837835588e-06
858, 2245, 8.347770569501902e-06
2380, 2949, 8.33745135111437e-06
2135, 2204, 8.1661213457256e-06
531, 667, 7.998303971753877e-06
10956, 11465, 7.825940607769294e-06
2327, 3254, 7.81451314202129e-06
426, 581, 7.793339552273644e-06
9553, 10268, 7.77117602140766e-06
2159, 2972, 7.575609340375453e-06
3388, 3559, 7.470734172230844e-06
289, 1357, 7.46963683164798e-06
928, 1609, 7.400117275028781e-06
10484, 11924, 7.3709120169572866e-06
498, 1008, 7.354240036549915e-06
1360, 1492, 7.225134434740783e-06
493, 1675, 7.166312387963409e-06
10956, 11469, 7.102310373917857e-06
10931, 11001, 7.0274212376400305e-06
498, 599, 6.9763901470661446e-06
2010, 2934, 6.953254023485014e-06
1180, 2249, 6.9370062175165095e-06
2821, 2977, 6.699382849017505e-06
174, 1309, 6.689286754089971e-06
2380, 3213, 6.688552092548711e-06
11288, 11477, 6.641151671623365e-06
10805, 11037, 6.637249805043153e-06
303, 1309, 6.620266663401818e-06
2031, 2249, 6.6141893574668206e-06
351, 374, 6.6064004589729755e-06
289, 2245, 6.56106016424592e-06
498, 996, 6.543246036819186e-06
1152, 1609, 6.494870173168845e-06
667, 1394, 6.401365208345038e-06
1454, 1581, 6.335606288050415e-06
991, 1609, 6.33237978388321e-06
370, 1309, 6.2244553056082775e-06
1490, 2249, 6.143586441101624e-06
1363, 1394, 6.118946649057688e-06
2010, 2517, 6.1058155532019505e-06
991, 1357, 6.08833134186673e-06
928, 1357, 6.0719203581915885e-06
10598, 10743, 5.980457212094933e-06
531, 1675, 5.9643628461336585e-06
2380, 2707, 5.924328992022975e-06
498, 884, 5.82930241501744e-06
2383, 2972, 5.75943445909606e-06
11181, 11715, 5.712547336407838e-06
893, 1130, 5.702896551134199e-06
1545, 2249, 5.697735289213081e-06
1196, 1394, 5.685584195641664e-06
1108, 1130, 5.618798373233981e-06
1378, 1609, 5.613717322737102e-06
1360, 1581, 5.597782776722119e-06
3118, 3403, 5.586538650718656e-06
1193, 1609, 5.567923867696182e-06
928, 2245, 5.521056964282654e-06
254, 581, 5.512481540777796e-06
2345, 2475, 5.484731420491339e-06
3278, 3393, 5.438043439706451e-06
2380, 2517, 5.399710374309072e-06
1152, 2245, 5.332290586950198e-06
1549, 1675, 5.260050251424843e-06
438, 1002, 5.2593208485437325e-06
10808, 11001, 5.239287200610068e-06
10956, 11120, 5.229251098579849e-06
188, 581, 5.191158402367411e-06
2918, 2934, 5.187103921814172e-06
438, 2249, 5.1774879237955455e-06
1228, 1609, 5.168462340431895e-06
438, 1000, 5.1569396081712085e-06
2380, 2977, 5.130790187638856e-06
498, 1010, 5.123801543716318e-06
438, 751, 5.119288767183473e-06
8859, 10268, 5.077660300564568e-06
1363, 2245, 5.0375596673663944e-06
438, 998, 4.915884126458423e-06
11095, 11151, 4.907643265109643e-06
531, 751, 4.883322964455264e-06
289, 389, 4.883208348782105e-06
581, 1309, 4.8437949479600505e-06
188, 1675, 4.815026321952195e-06
991, 2245, 4.786957329700453e-06
1108, 1675, 4.6219360723467e-06
289, 303, 4.55953311679257e-06
296, 374, 4.53697632292728e-06
493, 751, 4.499596249055994e-06
351, 1130, 4.488660058846084e-06
3118, 3559, 4.466482198367363e-06
438, 994, 4.458458915360296e-06
2327, 3559, 4.4534803512842424e-06
1193, 2245, 4.4483905118049765e-06
254, 1675, 4.4459323228021895e-06
8802, 10268, 4.369778407716509e-06
1972, 2193, 4.355914017442417e-06
229, 1309, 4.354996443801842e-06
10327, 11208, 4.335122891896283e-06
3010, 3213, 4.304100359724929e-06
2135, 3067, 4.291282745820639e-06
599, 1309, 4.2802084155423466e-06
3118, 3359, 4.256077065743311e-06
2853, 2949, 4.240158908554052e-06
1313, 1609, 4.178889150587839e-06
438, 1004, 4.149024467964504e-06
3278, 3359, 4.129243755342981e-06
11644, 11942, 4.111678444496562e-06
1073, 1309, 4.028995915340385e-06
0, 639, 3.9917166947384035e-06
498, 1492, 3.961428615617514e-06
1977, 2193, 3.886894555923625e-06
493, 1002, 3.875789625080101e-06
438, 599, 3.831586406957785e-06
493, 1000, 3.800341071803772e-06
2159, 2324, 3.7954480813295762e-06
172, 374, 3.7571511360213016e-06
438, 1006, 3.6689881496931826e-06
351, 1609, 3.6677253406803263e-06
10484, 10811, 3.663316709565747e-06
164, 331, 3.6550766623342445e-06
498, 1581, 3.6324828060892875e-06
351, 1357, 3.6323348631548896e-06
164, 1130, 3.626062994308176e-06
493, 998, 3.6227300681961346e-06
8747, 10268, 3.617643331842612e-06
8556, 10268, 3.5190319429986e-06
531, 581, 3.491149724453065e-06
0, 1057, 3.4754739644741724e-06
567, 1130, 3.470704909996073e-06
2793, 2949, 3.406481454733089e-06
201, 374, 3.329166345793262e-06
493, 994, 3.2839757717451774e-06
11072, 11924, 3.239902709403772e-06
2179, 2249, 3.1886343346586237e-06
10988, 11151, 3.1406543627286822e-06
1398, 1675, 3.1374659328951907e-06
784, 1394, 3.136002960102713e-06
531, 1002, 3.066910130757469e-06
493, 1004, 3.05757082525074e-06
531, 1000, 2.9949639964265946e-06
164, 1609, 2.962253485786865e-06
164, 1357, 2.9336702207722767e-06
10798, 11151, 2.9255938882788016e-06
426, 667, 2.851654771330096e-06
531, 998, 2.8437568894534273e-06
10808, 10953, 2.8427850699678864e-06
855, 1394, 2.8045540336124643e-06
567, 1357, 2.803588022304223e-06
188, 667, 2.7845174489937975e-06
11288, 11465, 2.7709565106250208e-06
10150, 10743, 2.751797148145435e-06
493, 1006, 2.703814164344081e-06
426, 1675, 2.6566696048937673e-06
893, 1357, 2.652219184698678e-06
858, 1002, 2.6259858597540728e-06
438, 1008, 2.6036515676081696e-06
188, 1002, 2.6033683681715877e-06
531, 994, 2.560468521416535e-06
254, 667, 2.5551421856970356e-06
188, 1000, 2.552689565650193e-06
858, 1000, 2.550930865609265e-06
11117, 11924, 2.5360848884637603e-06
10931, 11477, 2.530566288925134e-06
11288, 11469, 2.489085675724809e-06
3118, 3393, 2.4754155213273743e-06
1701, 2245, 2.441700883095059e-06
188, 998, 2.4333668937430024e-06
7870, 10268, 2.4320711111341775e-06
531, 1004, 2.4295975236295e-06
493, 2249, 2.4216667733227993e-06
2918, 3067, 2.417054351707432e-06
10484, 11151, 2.416336261868626e-06
858, 998, 2.406713605575073e-06
254, 1002, 2.4037799253316554e-06
254, 1000, 2.3569864366997208e-06
438, 996, 2.322705501589602e-06
3113, 3359, 2.296650492396651e-06
201, 230, 2.2839204343462714e-06
1180, 1492, 2.276804821697519e-06
1648, 2245, 2.2715385652603e-06
254, 998, 2.246811692751024e-06
2327, 3403, 2.2385941033893996e-06
188, 994, 2.2069410186783827e-06
164, 389, 2.2047839902610905e-06
10463, 10743, 2.1986935021723205e-06
531, 1006, 2.157636037995619e-06
289, 581, 2.1561672662996695e-06
2327, 3359, 2.142302054810663e-06
858, 994, 2.13247059327731e-06
188, 751, 2.1205644853802063e-06
974, 1394, 2.091702723614321e-06
858, 1004, 2.0891574382932117e-06
2010, 2204, 2.0777460128769087e-06
1228, 2245, 2.07516912416141e-06
10805, 11001, 2.065575871430912e-06
188, 1004, 2.0537706996255155e-06
254, 994, 2.0377574516612127e-06
8629, 10268, 2.032400035151975e-06
498, 1059, 2.023024314088024e-06
2327, 3067, 1.995332764326081e-06
254, 751, 1.9509800574111413e-06
493, 599, 1.945639058364726e-06
11211, 11715, 1.923625430133389e-06
493, 1008, 1.918703513838853e-06
254, 1004, 1.8963174168323376e-06
172, 303, 1.872027979361506e-06
10798, 11037, 1.8627790332744004e-06
858, 1006, 1.861392951830228e-06
438, 884, 1.8464001213399697e-06
11413, 11942, 1.8258647178613986e-06
2383, 2475, 1.822015726666586e-06
188, 1006, 1.8161523069565982e-06
438, 1010, 1.8140003392748425e-06
8239, 10268, 1.7913911676264037e-06
10327, 11130, 1.7682607765094104e-06
11398, 11924, 1.7637989837413283e-06
667, 1357, 1.7513884082734542e-06
1196, 1357, 1.7404287446919926e-06
493, 996, 1.7117032956257556e-06
10805, 11942, 1.7049367091942124e-06
174, 230, 1.6850011310136558e-06
254, 1006, 1.6769161483947581e-06
11547, 11924, 1.674736892362363e-06
2010, 2316, 1.6625568946072664e-06
289, 331, 1.641543352165146e-06
11072, 11151, 1.6377209869874072e-06
426, 1002, 1.6288489138469659e-06
426, 1000, 1.5971407186290889e-06
426, 751, 1.548305728046425e-06
531, 1008, 1.5376797953990198e-06
426, 998, 1.5224841287628422e-06
493, 884, 1.5017827484318676e-06
351, 581, 1.4353346279639718e-06
531, 2249, 1.4154107605426018e-06
426, 994, 1.380816301353202e-06
11181, 11477, 1.3800677261561295e-06
0, 263, 1.3799525129085843e-06
531, 884, 1.3622884471046964e-06
531, 996, 1.3386175801421146e-06
493, 1010, 1.3367874827693918e-06
858, 1008, 1.329838332789906e-06
10808, 10811, 1.3264288659223049e-06
188, 1008, 1.2887989590735138e-06
426, 1004, 1.2849822615480419e-06
8668, 10268, 1.2805953877580663e-06
351, 2245, 1.2451136230156527e-06
1651, 2245, 1.2043396493152652e-06
254, 1008, 1.1900025784712822e-06
426, 599, 1.1775563839439966e-06
10421, 10743, 1.171104248928814e-06
11211, 11477, 1.1688209239487234e-06
1909, 2249, 1.1623465376076875e-06
10805, 10953, 1.1606826950904898e-06
2327, 2493, 1.1515800808616594e-06
188, 996, 1.1497412319103583e-06
498, 2577, 1.1492102719930153e-06
188, 2249, 1.1436055882392348e-06
426, 1006, 1.1362832576497676e-06
858, 996, 1.1244673526163286e-06
11230, 11924, 1.122601254734431e-06
2159, 2551, 1.0858467345423124e-06
531, 1010, 1.0758705846017912e-06
201, 303, 1.0719469917374823e-06
667, 1130, 1.0699459337448469e-06
1378, 2245, 1.067822090434377e-06
974, 1130, 1.060604583926588e-06
10988, 11924, 1.056630386718606e-06
254, 2249, 1.0370471571286883e-06
1108, 2249, 1.03658557689632e-06
11312, 11924, 1.01601874789319e-06
289, 667, 1.0107455440814608e-06
498, 1105, 1.0104981660872872e-06
164, 2245, 1.0051054868157684e-06
188, 884, 9.927892905770858e-07
2853, 2977, 9.926328802986984e-07
10959, 11151, 9.882782963147083e-07
1895, 2577, 9.587638927825167e-07
1313, 2245, 9.5266257468598e-07
893, 2245, 9.454591054104744e-07
567, 2245, 9.413673059619469e-07
1360, 2577, 9.371406194189492e-07
2159, 2204, 9.339001208852176e-07
174, 374, 9.320500706372585e-07
858, 1010, 9.319346029333249e-07
1454, 2577, 9.265657861889147e-07
3278, 4454, 9.264351054689581e-07
254, 884, 9.16682302644594e-07
10696, 10811, 8.990285526689057e-07
188, 1010, 8.979241992676063e-07
10484, 10639, 8.640562753821878e-07
531, 599, 8.350353227559944e-07
340, 374, 8.19585512176255e-07
254, 599, 8.053705625854414e-07
10808, 10864, 7.626977593836844e-07
10427, 10743, 7.625417448097726e-07
10484, 11037, 7.538070414477767e-07
188, 599, 7.490087005140469e-07
10931, 10953, 7.464836265713599e-07
10956, 11208, 7.37974948264096e-07
10798, 11001, 7.206384876621344e-07
438, 1059, 7.162195414491453e-07
2288, 2949, 7.005360518740494e-07
2723, 2949, 6.994393589189131e-07
10327, 10835, 6.95612052910626e-07
426, 2249, 6.928439744056043e-07
10360, 10743, 6.91379020424264e-07
2380, 2934, 6.668876331566662e-07
289, 751, 6.6310158126233e-07
229, 374, 6.57622075498835e-07
10931, 11120, 6.527306966235506e-07
10805, 10811, 6.420353576512954e-07
567, 751, 6.264907615235371e-07
667, 2245, 6.125730438176059e-07
1398, 2249, 6.10682971901346e-07
855, 1130, 6.101734045614383e-07
2448, 2949, 6.092298123220614e-07
2577, 2707, 5.881960419053205e-07
10484, 10780, 5.809154917351643e-07
0, 181, 5.795033908359473e-07
784, 1130, 5.745247255543156e-07
567, 667, 5.63345500310193e-07
1549, 2249, 5.582501721841101e-07
351, 667, 5.564863615549805e-07
493, 1059, 5.278021713638658e-07
11095, 11942, 5.188265036555805e-07
10387, 10811, 5.061807680036555e-07
3154, 3213, 4.998752053983203e-07
8482, 10268, 4.973709673430927e-07
1775, 2249, 4.938882157911818e-07
10808, 10857, 4.790638644824583e-07
10956, 11130, 4.775210975004858e-07
1710, 2245, 4.768905812520723e-07
858, 2249, 4.5917314338529794e-07
1385, 2245, 4.4711594216947175e-07
531, 1059, 4.3928864291903044e-07
0, 480, 4.2656198764228236e-07
567, 1609, 4.180929001240275e-07
893, 1609, 4.1573011018920837e-07
2345, 2493, 3.924197801751211e-07
1385, 1609, 3.8449663613952073e-07
0, 506, 3.781973908476755e-07
0, 9, 3.770378329881193e-07
10805, 10864, 3.745188278596349e-07
289, 2249, 3.6349790235684747e-07
438, 1105, 3.577507833742964e-07
188, 1059, 3.5452631641327226e-07
0, 498, 3.5324193553715355e-07
2345, 3067, 3.359377231322587e-07
10931, 11465, 3.357833566823993e-07
10327, 11028, 3.337514726256825e-07
10798, 10811, 3.323317108731656e-07
366, 1394, 3.307791217948281e-07
254, 1059, 3.27344824283436e-07
858, 1059, 3.268829215408865e-07
296, 1394, 3.1284789302328195e-07
10484, 11001, 3.031571467884965e-07
900, 1130, 3.002101371368116e-07
10931, 11469, 2.9350907810311925e-07
11181, 11465, 2.934241378827738e-07
366, 1130, 2.9253489609170605e-07
1378, 1394, 2.898457556417321e-07
784, 2245, 2.8618125731940193e-07
296, 1130, 2.768963478582389e-07
493, 1105, 2.636365378833841e-07
10327, 11019, 2.6143519851466525e-07
1895, 2193, 2.591760110858719e-07
7890, 10268, 2.5333381786963256e-07
10634, 10743, 2.5081077064010274e-07
498, 1073, 2.4765977484324873e-07
10387, 11151, 2.385503643323452e-07
498, 2193, 2.3783957732770153e-07
2010, 2972, 2.3716887799069365e-07
10805, 10857, 2.3695590373105708e-07
10484, 10864, 2.3271497901721847e-07
389, 1130, 2.2985584337671518e-07
11015, 11151, 2.2629351662119829e-07
928, 1059, 2.248367944078964e-07
10349, 10743, 2.2360023271465595e-07
11117, 11151, 2.2235257708062216e-07
426, 1059, 2.2181272889047454e-07
531, 1105, 2.1942413888028975e-07
416, 1130, 2.1487922168648408e-07
855, 2245, 2.1447943922985433e-07
254, 401, 2.1330265437890352e-07
1360, 2193, 2.0276520776227074e-07
928, 2249, 2.0232425235088816e-07
10696, 11151, 2.0020662054793925e-07
10367, 10743, 1.9751330752168667e-07
1152, 2249, 1.9540673340300373e-07
1454, 2193, 1.9168566724767775e-07
188, 401, 1.9134975173909554e-07
1196, 2245, 1.8898172487340375e-07
10327, 10866, 1.825585203563228e-07
188, 1105, 1.7708546064943893e-07
10484, 10857, 1.7193745134822515e-07
0, 1387, 1.6799716531885103e-07
1755, 2577, 1.6785078395730369e-07
254, 1105, 1.635083386359061e-07
188, 235, 1.612321346059198e-07
1755, 2193, 1.6092696955652398e-07
10798, 10864, 1.5966745158032556e-07
2135, 2475, 1.5824363084645366e-07
11181, 11469, 1.5569513809686228e-07
11211, 11465, 1.4803841947257083e-07
340, 1130, 1.3582712262131167e-07
2031, 2193, 1.3353362455425841e-07
10715, 10743, 1.324925910347043e-07
10808, 10885, 1.318101540135834e-07
2080, 2193, 1.313102721333761e-07
11211, 11469, 1.2994343234823236e-07
11144, 11151, 1.2900768006808754e-07
928, 1105, 1.2457135596175226e-07
289, 1059, 1.1859510037091555e-07
10988, 11037, 1.1856529134015465e-07
10387, 10639, 1.1687097573104783e-07
858, 1105, 1.1591726325480763e-07
1180, 2193, 1.1086666967983071e-07
426, 1105, 1.1079142726047075e-07
1211, 1394, 1.105911166507031e-07
10696, 10780, 1.1021239059595273e-07
893, 1059, 1.1011454950350968e-07
254, 1010, 1.0883502544992192e-07
10387, 10780, 1.0836601519504211e-07
10598, 10811, 1.0743308697804715e-07
366, 374, 1.066166096547123e-07
10959, 11037, 1.0657820963484133e-07
10484, 10751, 1.0629380919780479e-07
289, 1002, 1.0404924451671301e-07
2327, 3017, 1.0280094088437262e-07
426, 1008, 1.009883442242531e-07
10798, 10857, 1.0059755943022606e-07
389, 1394, 9.991835151192491e-08
254, 996, 9.859100633068162e-08
289, 1000, 9.59605816783197e-08
10696, 11037, 9.482895200831508e-08
10607, 10743, 9.198939513444514e-08
928, 1002, 9.013660937556482e-08
416, 1394, 8.845494815274102e-08
438, 1073, 8.767999926564993e-08
10696, 10864, 8.381311128440761e-08
10619, 10743, 8.38033820987168e-08
303, 374, 8.366513190513568e-08
324, 374, 8.326733132747772e-08
289, 1004, 8.298951766308578e-08
289, 998, 8.253663476704906e-08
10387, 11037, 8.095433040706432e-08
2918, 3017, 7.994463698219418e-08
10931, 11208, 7.918256831628909e-08
991, 1059, 7.793085520485512e-08
164, 581, 7.767984677351611e-08
928, 1000, 7.760889379598721e-08
10724, 10743, 7.611608028683458e-08
289, 1006, 7.604111801680666e-08
928, 1004, 7.490980511220675e-08
426, 1010, 7.374692967386279e-08
928, 1006, 7.142215540030924e-08
893, 1002, 6.727559277154664e-08
426, 996, 6.680680696185976e-08
928, 998, 6.56573728326136e-08
10696, 10857, 6.488092750065757e-08
10808, 10849, 6.485701726281489e-08
493, 1073, 6.461383880137834e-08
10768, 10811, 6.413507666723957e-08
900, 1394, 6.301360970780557e-08
10808, 11477, 6.298198806182567e-08
289, 994, 6.232693602101959e-08
340, 1394, 6.174928669394697e-08
10639, 10743, 6.062589649524143e-08
893, 1000, 6.05938882202891e-08
10150, 10811, 6.032833149416334e-08
10727, 10743, 5.962653486568862e-08
10490, 10743, 5.961668572158864e-08
289, 401, 5.908622539441003e-08
351, 389, 5.801589334412146e-08
351, 1059, 5.767388003921618e-08
2577, 2949, 5.761685944821813e-08
893, 1004, 5.645680615427762e-08
10931, 11130, 5.47714031150589e-08
10696, 11001, 5.427388353020564e-08
289, 1008, 5.399474989319331e-08
531, 1073, 5.37779628444888e-08
893, 1006, 5.288268150184353e-08
928, 1008, 5.272407403873291e-08
893, 998, 5.2197581982740474e-08
351, 1002, 4.92354717541616e-08
10798, 10953, 4.86335593911021e-08
164, 1059, 4.658426286049486e-08
4275, 4626, 4.592608185807151e-08
351, 1000, 4.5437259394286225e-08
928, 994, 4.5289370097948595e-08
1972, 2204, 4.4970184319120454e-08
741, 1394, 4.496888806697423e-08
10463, 10811, 4.3907909478609163e-08
11426, 11924, 4.3464282659003004e-08
188, 1073, 4.3401311139702324e-08
10484, 10793, 4.337371287374522e-08
172, 1394, 4.250499532837287e-08
10484, 10817, 4.081282045359032e-08
1490, 2193, 4.078535285339259e-08
10484, 10849, 4.048469777106842e-08
351, 1004, 4.036166224465684e-08
351, 998, 4.014368885077923e-08
254, 1073, 4.007373757872245e-08
928, 1010, 3.9983242126116594e-08
164, 1002, 3.9767649160986764e-08
289, 1010, 3.942976839276497e-08
164, 235, 3.91322198959223e-08
426, 884, 3.877400439883e-08
893, 1008, 3.8387557821155906e-08
11063, 11208, 3.7932084222603076e-08
893, 994, 3.736314679323476e-08
351, 1006, 3.697948991849518e-08
164, 1000, 3.6699820800965406e-08
858, 1073, 3.614247343984675e-08
2345, 3017, 3.601737709105867e-08
289, 996, 3.571824890579933e-08
567, 1002, 3.520439955892598e-08
2821, 2934, 3.446874359153975e-08
10956, 11028, 3.383479579199772e-08
164, 1004, 3.2600244630825325e-08
567, 1000, 3.2555191964804806e-08
164, 998, 3.242234152190678e-08
351, 751, 3.149982796704534e-08
858, 1675, 3.108325873108679e-08
10544, 10743, 3.056020008492355e-08
351, 994, 3.031706065828918e-08
567, 1059, 3.017994346502118e-08
296, 389, 3.015064299423081e-08
164, 1006, 2.986902004232853e-08
928, 1073, 2.985446626234729e-08
667, 1002, 2.9688771187054294e-08
1180, 2577, 2.906223410286126e-08
567, 998, 2.8830053129294783e-08
567, 1004, 2.881119784494454e-08
893, 1010, 2.8632738908824674e-08
10387, 11001, 2.8360829034924813e-08
4568, 4626, 2.816966842844664e-08
855, 1002, 2.7505102421667063e-08
667, 1000, 2.7499551183143443e-08
373, 1309, 2.72120087861485e-08
928, 996, 2.7172815671926126e-08
426, 1073, 2.7153517790273856e-08
10421, 10811, 2.670672162751805e-08
567, 1006, 2.636507029927187e-08
351, 1008, 2.6258139824899722e-08
10327, 10762, 2.5811374305251625e-08
10805, 10849, 2.5733638224991953e-08
164, 751, 2.562386543581447e-08
855, 1000, 2.517885570741792e-08
174, 303, 2.4676914086129006e-08
164, 994, 2.448349404347516e-08
667, 998, 2.4384312228740816e-08
784, 1002, 2.425124949292875e-08
667, 1004, 2.424854615597459e-08
172, 331, 2.394067001931111e-08
10598, 10780, 2.3851799777426353e-08
164, 667, 2.356934688309156e-08
10327, 10472, 2.2986859241520692e-08
784, 1000, 2.273354761400561e-08
855, 1004, 2.271037602599248e-08
235, 374, 2.233305576259058e-08
289, 884, 2.2310200011962964e-08
667, 1006, 2.2129120333547203e-08
10956, 11019, 2.2071310693805765e-08
223, 374, 2.2057456148584045e-08
855, 998, 2.204524973279346e-08
893, 996, 2.2005582005178294e-08
567, 994, 2.189978549938537e-08
2793, 2977, 2.15856448814496e-08
2448, 2707, 2.145342850184959e-08
164, 1008, 2.1209186671661656e-08
667, 1059, 2.1018385724395805e-08
855, 1006, 2.0940053086888995e-08
164, 401, 2.0868429338736092e-08
784, 998, 2.0411496516648043e-08
667, 751, 2.008825761436005e-08
784, 1004, 1.956955389198879e-08
10387, 10751, 1.9453162884182076e-08
351, 1010, 1.9175056348416504e-08
2248, 2577, 1.910117976177568e-08
1490, 2577, 1.8886872802227324e-08
10715, 10811, 1.883828242101013e-08
567, 1008, 1.870089659572536e-08
667, 994, 1.8555577667026943e-08
784, 1006, 1.764968238495767e-08
351, 996, 1.7373292269514538e-08
2179, 2577, 1.7319148936327755e-08
1545, 2577, 1.7271062228721183e-08
10768, 11037, 1.7186150035698945e-08
172, 389, 1.713876604300141e-08
438, 2577, 1.671847740388057e-08
201, 331, 1.637432064924579e-08
855, 994, 1.6318478950694154e-08
201, 389, 1.612388211476362e-08
784, 994, 1.588910311098711e-08
667, 1008, 1.5655395835452707e-08
0, 34, 1.5539804270263325e-08
164, 1010, 1.5488048743938382e-08
10463, 10639, 1.5255979622134425e-08
855, 1008, 1.4949159379777302e-08
289, 1073, 1.4518478918338546e-08
164, 996, 1.4030972644533318e-08
10808, 10817, 1.3890236545454693e-08
567, 1010, 1.3649885271110444e-08
567, 996, 1.2510678532625178e-08
296, 303, 1.2378725268640236e-08
10387, 10864, 1.2336636826885196e-08
10655, 10743, 1.2217053403212023e-08
3834, 4626, 1.2072281470062048e-08
1180, 1380, 1.196859770523996e-08
10387, 10857, 1.1645341189196656e-08
498, 1380, 1.156733932157347e-08
10798, 10849, 1.1503088045942748e-08
2288, 2517, 1.1448618405819285e-08
2380, 2551, 1.1078008269777958e-08
195, 374, 1.0959814815883834e-08
667, 884, 1.0874955670381541e-08
2288, 2707, 1.0857390638423957e-08
351, 884, 1.0851907283271189e-08
2327, 4605, 1.0616178136051735e-08
567, 884, 9.949819311311328e-09
366, 581, 9.677232527758937e-09
10427, 10811, 9.444409109433206e-09
4209, 4605, 9.163049166424036e-09
10724, 10811, 9.098004137934595e-09
10360, 10811, 9.078595386254437e-09
416, 581, 9.008195902372235e-09
389, 581, 8.882658057406814e-09
164, 884, 8.763798388141898e-09
351, 401, 8.703241052319729e-09
296, 331, 8.035247155141903e-09
1313, 1357, 8.00550260474503e-09
10327, 10719, 7.871322293428849e-09
10696, 10817, 7.526180382870599e-09
229, 303, 7.499418005507374e-09
10511, 10743, 7.470277700964272e-09
10484, 10953, 7.388886327338342e-09
10931, 11028, 7.24216872807434e-09
858, 884, 7.107008109256609e-09
10727, 10811, 7.103434773861128e-09
370, 374, 7.032081115771787e-09
10805, 10817, 6.998667285742927e-09
0, 1633, 6.933806071336774e-09
498, 728, 6.472203722654093e-09
10150, 10780, 6.147465102110922e-09
296, 581, 6.0618391832751185e-09
289, 599, 6.022542790495702e-09
667, 1609, 6.0132939668800895e-09
174, 331, 5.845235607195405e-09
340, 389, 5.7289827288264195e-09
195, 230, 5.724429926210726e-09
784, 1008, 5.676407727510091e-09
10696, 10793, 5.6137303670767375e-09
784, 1357, 5.492164685909534e-09
667, 1010, 5.48638569750559e-09
10150, 10639, 5.362468374030579e-09
366, 667, 5.328879093802129e-09
855, 1010, 5.28193985942139e-09
10931, 11019, 5.025562474247978e-09
10421, 10639, 4.9177187043311825e-09
855, 1357, 4.9116894400594e-09
2470, 2707, 4.739734910441874e-09
416, 667, 4.732997355309051e-09
10387, 10793, 4.590516175248838e-09
10696, 10751, 4.529946565620253e-09
389, 667, 4.463075414045713e-09
340, 581, 4.4502158390720014e-09
974, 1357, 4.433599920455407e-09
296, 667, 4.379636870535079e-09
667, 996, 4.370691972276388e-09
784, 1010, 4.271084208503559e-09
366, 389, 4.209135956351338e-09
991, 1002, 4.152434629439612e-09
991, 1006, 3.996737018281877e-09
567, 581, 3.931445313789427e-09
855, 996, 3.897211523217145e-09
991, 1004, 3.835461831204382e-09
223, 1309, 3.739720956594154e-09
296, 401, 3.7127949143157012e-09
784, 996, 3.700441835493177e-09
351, 599, 3.6790906216183406e-09
235, 1309, 3.654802207483243e-09
174, 389, 3.5809461880469334e-09
438, 1380, 3.4672693603573993e-09
991, 1000, 3.447237409022684e-09
438, 1492, 3.4290386732916698e-09
3113, 4605, 3.4065681962024126e-09
1454, 1492, 3.052019478139315e-09
229, 389, 2.965898660395476e-09
0, 671, 2.8923216442834895e-09
0, 641, 2.8525495870724445e-09
10808, 11028, 2.723421767462713e-09
493, 1380, 2.55524391535194e-09
324, 389, 2.5373853689711725e-09
0, 812, 2.5289374320789506e-09
493, 1492, 2.5266864399793105e-09
172, 235, 2.373141029965107e-09
10808, 11019, 2.3394088324782933e-09
303, 389, 2.3149128191393566e-09
223, 230, 2.2359660540167387e-09
1108, 1380, 2.2060121172695945e-09
531, 1380, 2.1263096928932076e-09
531, 1492, 2.102669500265304e-09
1545, 2193, 2.09632437247345e-09
366, 751, 2.070006081759233e-09
10696, 10849, 2.002349749195489e-09
498, 632, 1.9849761459412583e-09
164, 599, 1.81876894065882e-09
531, 728, 1.7961603338437302e-09
229, 331, 1.7855841516848793e-09
10327, 10733, 1.759508890022466e-09
296, 751, 1.7572241300695405e-09
188, 1380, 1.7164091586767993e-09
389, 751, 1.7131295114931217e-09
188, 1492, 1.6974837466011246e-09
416, 751, 1.689724186187897e-09
1108, 1492, 1.6864229889394748e-09
438, 728, 1.6833879354676918e-09
493, 728, 1.6253510523206638e-09
172, 401, 1.6158890213654563e-09
1360, 1380, 1.5957148406618066e-09
10679, 10743, 1.58669217575848e-09
254, 1380, 1.584838471790738e-09
254, 1492, 1.567363779931633e-09
201, 401, 1.5608921392112556e-09
10427, 10639, 1.5298068917436625e-09
10805, 11028, 1.205977969897405e-09
10150, 10197, 1.1678354175079172e-09
340, 667, 1.0828338570797277e-09
10463, 10780, 1.0633565704987373e-09
10805, 11019, 1.0364257345489943e-09
2080, 2577, 1.0170965483403532e-09
340, 401, 9.753336139033259e-10
9422, 10743, 9.171462662944538e-10
53, 230, 9.12862169999162e-10
223, 303, 8.885078549338576e-10
10360, 10639, 8.738022035014502e-10
10150, 10378, 8.675558014436109e-10
10327, 11068, 8.154519494788103e-10
366, 401, 8.085161350415417e-10
10634, 10811, 7.936862121614358e-10
201, 235, 7.888304398796868e-10
195, 303, 7.551433941495481e-10
235, 303, 7.352731556817163e-10
438, 632, 7.097029131503083e-10
10598, 10639, 6.932920912888526e-10
0, 29, 6.721515512549849e-10
416, 599, 6.279172515844986e-10
366, 599, 6.084122074016075e-10
784, 884, 6.074011151175912e-10
567, 599, 5.812084392477609e-10
389, 599, 5.714007282698408e-10
174, 235, 5.531671177574796e-10
493, 632, 5.340834599926851e-10
235, 389, 4.887733866294803e-10
2597, 2707, 4.704098150857079e-10
223, 389, 4.6481099780563483e-10
303, 331, 4.5596997706536475e-10
188, 728, 4.4928038538107315e-10
296, 599, 4.186944404890234e-10
340, 751, 4.119810494690116e-10
324, 401, 4.062311597547288e-10
174, 401, 4.018291055548603e-10
254, 728, 3.9690208165663727e-10
10798, 11028, 3.827450733364079e-10
10387, 10953, 3.766477703536154e-10
10696, 10953, 3.763703598444571e-10
10673, 10743, 3.711122993667823e-10
229, 401, 3.639317760423461e-10
303, 401, 3.4613500224415074e-10
426, 728, 3.44138332475074e-10
370, 389, 3.2764189375498464e-10
324, 331, 3.1570204892017e-10
10349, 10639, 3.120886553202006e-10
531, 632, 3.0703096225105066e-10
208, 374, 3.0238938043321326e-10
223, 331, 3.021195218864637e-10
10798, 11019, 3.007083526560788e-10
172, 751, 3.005025008603117e-10
10515, 10743, 2.913570263881948e-10
340, 599, 2.885989581247654e-10
0, 503, 2.747370192464079e-10
235, 331, 2.725053989324405e-10
11063, 11477, 2.660951462574586e-10
389, 401, 2.5604522269833514e-10
172, 581, 2.4720173706488513e-10
172, 667, 2.462091759120965e-10
201, 751, 2.3327599547251823e-10
195, 389, 2.330592863871005e-10
366, 884, 2.2234785333226765e-10
741, 884, 2.209766067913652e-10
195, 331, 2.1519326557253766e-10
10367, 10639, 2.1277389773188292e-10
296, 884, 2.1031898347168658e-10
201, 581, 2.065257532164808e-10
426, 632, 2.0336043178001917e-10
53, 374, 2.0068186136737757e-10
10768, 10953, 1.9085422725343856e-10
10327, 10696, 1.89139312003858e-10
201, 667, 1.809648743876521e-10
389, 884, 1.7355963869364254e-10
660, 751, 1.5769996624189703e-10
416, 884, 1.5446757875284788e-10
324, 581, 1.5097245328869372e-10
10956, 11068, 1.481206363356483e-10
289, 728, 1.385409727754086e-10
567, 728, 1.3827449712026514e-10
581, 751, 1.3795783854860894e-10
10436, 10743, 1.3549325727177185e-10
172, 599, 1.3388808407854863e-10
340, 884, 1.2484995843077884e-10
599, 751, 1.2069791762965806e-10
370, 581, 1.1752744849613255e-10
324, 667, 1.1557505895042342e-10
77, 230, 1.1311169100583145e-10
201, 599, 1.1104446897518541e-10
10805, 10885, 1.1067440397062408e-10
10484, 11019, 9.902256582894492e-11
0, 493, 9.136355131051511e-11
0, 820, 8.830456856316901e-11
10387, 10817, 8.551338976892114e-11
303, 581, 8.188542856512241e-11
324, 599, 7.842490068084245e-11
324, 751, 7.737574314616032e-11
351, 728, 7.688827393295782e-11
373, 389, 6.926560312764507e-11
370, 401, 6.43001066238713e-11
109, 230, 6.411774909415906e-11
235, 401, 6.093310200224301e-11
164, 728, 5.903773676956426e-11
370, 599, 5.7442386248964793e-11
223, 401, 5.6167403990035335e-11
208, 230, 5.326293820954381e-11
229, 235, 5.144181734508926e-11
174, 751, 4.9028406747388556e-11
370, 751, 4.829840256448423e-11
303, 751, 4.52858297878022e-11
303, 599, 4.371960920812615e-11
174, 581, 4.2449778241730015e-11
57, 230, 4.00708894003299e-11
174, 599, 3.288722178563932e-11
105, 230, 3.2331848993536056e-11
229, 581, 3.1646382320832444e-11
370, 667, 3.142710988787599e-11
303, 667, 2.9139670546660466e-11
77, 374, 2.840583193271968e-11
667, 728, 2.833319616884628e-11
438, 2193, 2.717427653318936e-11
174, 667, 2.6609740293570995e-11
195, 401, 2.6594332378632337e-11
0, 485, 2.6350114075148738e-11
581, 667, 2.572974340893078e-11
10931, 11068, 2.5162706842878835e-11
229, 599, 2.4573222156300922e-11
53, 303, 2.391119255118411e-11
87, 230, 2.1765660722373457e-11
109, 374, 2.1716965102155807e-11
195, 235, 1.712442780957813e-11
10798, 10817, 1.699008755346757e-11
208, 303, 1.676538604565904e-11
373, 599, 1.410972027074116e-11
373, 401, 1.3822232170377373e-11
366, 728, 1.1828693444015073e-11
223, 235, 1.065065533005957e-11
105, 374, 1.0379301283958709e-11
389, 728, 9.710797819470334e-12
57, 374, 9.583416925752169e-12
416, 728, 9.57583685620749e-12
296, 728, 9.541352112114245e-12
373, 581, 8.503085830362798e-12
10598, 10751, 7.2566897220295465e-12
208, 389, 7.084638698164401e-12
340, 728, 6.2538691624067126e-12
10808, 10835, 6.149954000937956e-12
87, 374, 5.821440630514415e-12
208, 331, 5.5720655621466755e-12
53, 331, 4.9646386221221415e-12
53, 389, 4.71109578003726e-12
10808, 11068, 4.703644300779178e-12
172, 728, 4.301678850824665e-12
53, 235, 3.954543096876164e-12
77, 303, 3.823668134193237e-12
201, 728, 3.3393346586345764e-12
109, 303, 3.3153226444886244e-12
235, 581, 2.249491278442639e-12
223, 581, 2.0675099084184985e-12
105, 303, 1.5739460992922003e-12
94, 230, 1.4675173571704243e-12
0, 1385, 1.3543108745958637e-12
57, 303, 1.1640785598266084e-12
10484, 10719, 8.737077306945586e-13
208, 401, 8.271402619918161e-13
87, 303, 8.255453572931147e-13
0, 488, 8.208606878127312e-13
77, 331, 7.435432390059583e-13
77, 389, 6.640301863145103e-13
109, 331, 6.421074122490189e-13
53, 401, 5.682230139031173e-13
77, 235, 5.484744009159331e-13
109, 389, 4.958640081047367e-13
10150, 10751, 4.2777586148220066e-13
94, 374, 4.022867996483307e-13
109, 235, 3.2222440555973735e-13
208, 235, 3.108836452741916e-13
105, 331, 3.0250659679210816e-13
0, 647, 2.856675747248536e-13
57, 331, 2.3901324746190763e-13
0, 649, 2.2815236203535415e-13
105, 389, 2.1933077762348965e-13
57, 389, 2.075114291715492e-13
57, 235, 1.9020672910798825e-13
263, 374, 1.642658015833308e-13
105, 235, 1.6178608149293934e-13
225, 374, 1.5813368319793795e-13
87, 331, 1.578962668710679e-13
87, 389, 1.247822973483145e-13
87, 235, 1.067748262007161e-13
77, 401, 7.182216000083355e-14
94, 303, 5.4528710242437247e-14
109, 401, 5.302296490343393e-14
105, 401, 2.5516655695452312e-14
57, 401, 2.4407645484840717e-14
87, 401, 1.4616860320305616e-14
225, 230, 1.2037976645769411e-14
94, 331, 1.0401727516775604e-14
94, 235, 7.306237899828831e-15
225, 303, 6.1964052180688986e-15
94, 389, 4.220761291657701e-15
263, 389, 2.0925067825043442e-15
225, 389, 1.776507405660673e-15
263, 303, 1.2781437433250756e-15
225, 331, 8.809990889027002e-16
263, 331, 6.288977134218088e-16
94, 401, 2.463744492721417e-16
263, 401, 1.369133501187061e-16
225, 401, 1.0505815111059744e-16
