Gene = CG5626
index = 883
Annotated 5SS: [  79  247  497 1380]
Annotated 3SS: [ 130  308  555 1615]
SMsplice 5SS: [ 79 247 497]
SMsplice 3SS: [130 308 555]
length: 1900
Partition function (logZ) = 3.4027328072985257
#Introns = 1246
5SS, 3SS, prob
79, 130, 0.9910667606704647
247, 308, 0.9591308259136476
497, 555, 0.7723599678682567
642, 1221, 0.30015517374903106
1380, 1615, 0.19990109889530927
1380, 1427, 0.13141195235971065
1294, 1615, 0.11324083974554051
1564, 1615, 0.09734510608161082
417, 555, 0.09075307619767387
836, 1221, 0.0502736042717652
642, 1615, 0.04605182842177636
417, 1221, 0.04571760381878489
836, 898, 0.0410543575891372
642, 714, 0.03932886333467392
772, 1221, 0.034081051909753655
1571, 1615, 0.027836053028995295
1386, 1615, 0.025429407524988595
441, 555, 0.024608576746090828
1294, 1427, 0.021786337265514596
1062, 1221, 0.02116567338041801
1163, 1221, 0.0201368387537764
1511, 1615, 0.01873184982221793
497, 1221, 0.015269439642230489
691, 1221, 0.01378448381041691
222, 308, 0.012405462495929128
836, 907, 0.012162286127996358
1380, 1442, 0.011388548693811474
1294, 1356, 0.00986463731324932
441, 1221, 0.009509055080601838
746, 1221, 0.009096847282433802
642, 898, 0.008053373770375963
247, 332, 0.006238728089528416
932, 1221, 0.0054074307777646395
772, 1615, 0.005233692568158597
417, 1615, 0.0050343490843333385
642, 907, 0.004915841078710012
494, 555, 0.004716104299519586
1380, 1530, 0.004696012381657385
836, 1615, 0.004517459686841872
1072, 1221, 0.004319207080953545
247, 344, 0.004219089627147669
247, 310, 0.0039015635320666557
642, 1427, 0.0038256843528822644
497, 1615, 0.002821229060623972
730, 1221, 0.0027658761375295893
968, 1221, 0.0026236405678330956
642, 873, 0.002397695878975952
79, 137, 0.0023486077976216523
1175, 1221, 0.00231289134480232
1294, 1530, 0.0020516706127218258
642, 694, 0.0019902055716876023
642, 691, 0.0018958191985673526
772, 898, 0.001804369765073794
1201, 1615, 0.001696507360553114
1062, 1615, 0.0016294729222827355
1380, 1646, 0.0015657787727811358
787, 1221, 0.0014460264002555622
691, 1615, 0.0014006002506914538
642, 1175, 0.0013610313457556335
257, 308, 0.001307865357734411
1386, 1442, 0.0012100732510827987
746, 1615, 0.0010747136070687398
466, 555, 0.0010625540251370696
892, 1221, 0.0010442126375710564
1571, 1646, 0.0010384417174907705
642, 1160, 0.0010370658656920476
772, 907, 0.0009916132029962577
1294, 1646, 0.0009766653242604094
417, 898, 0.0009556605837574931
441, 1615, 0.0009317439196302164
1380, 1558, 0.000870038628135771
417, 491, 0.0007732316949463948
1692, 1754, 0.0007529784137463533
1001, 1221, 0.0007447670444007168
1294, 1337, 0.0006896981056118726
417, 907, 0.0006649124632747953
1386, 1530, 0.0006303450986393943
642, 742, 0.0006150125948779314
772, 873, 0.0006089812284375639
417, 1427, 0.0006082803295359508
1326, 1615, 0.0005585146003900162
895, 1221, 0.0005485362328558508
79, 308, 0.000546190973453379
1380, 1618, 0.0005290350742888635
737, 1221, 0.0005281556482481088
642, 1646, 0.0005006021044741875
222, 344, 0.0004656420780010133
642, 1131, 0.00044955551134760697
642, 1530, 0.0004448344633144105
222, 332, 0.0004386089762550477
1564, 1618, 0.0004110769881140356
932, 1615, 0.0004102396320511724
1511, 1575, 0.0004066145488705359
1294, 1558, 0.00039980198955691176
1692, 1774, 0.00039160687711153685
1072, 1615, 0.000372289149472462
1536, 1615, 0.0003697575011669141
184, 308, 0.00036772208784044977
836, 1427, 0.0003570249210882944
1553, 1615, 0.00035389691171442095
1294, 1410, 0.0003397434358865884
247, 555, 0.00033790407966541753
1062, 1131, 0.00033178024102928155
772, 1427, 0.00032816794189237364
1006, 1221, 0.00032449861647770937
691, 898, 0.00032175408688137774
466, 1221, 0.0003183912736051616
497, 898, 0.0003176047207487047
417, 476, 0.00030991592043541063
247, 1221, 0.00030778537618662046
1294, 1401, 0.0002972066494217687
1380, 1575, 0.0002844793387729793
417, 714, 0.0002844144677908027
746, 898, 0.00028356440807892497
1294, 1618, 0.000278183436294757
1390, 1615, 0.00025648028596503476
1362, 1427, 0.0002500350485222786
642, 730, 0.00024200025545059888
1294, 1442, 0.00024074132900910207
1564, 1646, 0.00023235465535955793
642, 877, 0.00022276270874635858
691, 907, 0.00021094860713720003
1511, 1558, 0.00020137101800866034
497, 907, 0.00020104519222770615
772, 834, 0.00019788304779520233
1384, 1615, 0.00019421025740206705
501, 555, 0.00019234985735063677
417, 494, 0.00018874208669685227
1571, 1618, 0.00018608336681275373
1386, 1646, 0.0001848069388257869
1201, 1427, 0.00018144758649202877
497, 1427, 0.000177857031018222
746, 907, 0.00017640103222952525
730, 1615, 0.0001749740932880037
441, 491, 0.00017348922212913757
968, 1615, 0.00016638426328087963
417, 873, 0.0001648131000610911
1294, 1575, 0.00016319841744107642
1294, 1390, 0.00015757862127143592
787, 1615, 0.00015245115971364794
1337, 1615, 0.00014966910198008725
642, 1558, 0.00014813505963334246
1692, 1813, 0.0001435237843467462
694, 1221, 0.00014178315713473793
642, 727, 0.00014109295786249873
1062, 1427, 0.00014009771975335487
703, 1221, 0.00013919668955323828
441, 898, 0.00013895687463147003
691, 742, 0.0001345261676364309
441, 1427, 0.00013443179764431476
417, 1175, 0.0001293893329809395
836, 1175, 0.00012575702004196846
772, 1160, 0.0001243701655342011
417, 1160, 0.00012412073116453267
417, 1530, 0.00012243718086406736
836, 1160, 0.00012026000670508148
642, 765, 0.0001189672760706348
1511, 1646, 0.00011894129273926845
497, 714, 0.00011766479321941069
642, 1618, 0.00011703403697173437
1072, 1131, 0.00011692684436550767
772, 1175, 0.00011371695335162111
1326, 1427, 0.00011246881881995113
691, 1427, 0.00011048650484395626
1692, 1784, 0.00011044871059345449
746, 873, 0.00010969102972022998
642, 1311, 0.00010854715674716388
441, 494, 0.00010758926801266534
494, 1221, 0.00010376007238199647
627, 1221, 0.00010303428328763684
1062, 1160, 0.00010014168289588062
1386, 1558, 9.999648550849324e-05
642, 958, 9.773309963863025e-05
497, 873, 9.615121408326925e-05
642, 1337, 9.226280689816346e-05
1692, 1843, 9.152173308170628e-05
691, 873, 9.140276287032543e-05
441, 907, 9.116363347869572e-05
578, 1221, 9.056527722351042e-05
746, 1427, 8.847834663831892e-05
892, 1615, 8.845658916945446e-05
1410, 1615, 8.750491066955465e-05
1380, 1661, 8.137228410866855e-05
497, 573, 8.073755857990474e-05
1062, 1175, 7.852457760199164e-05
642, 1254, 7.249388430621145e-05
1222, 1615, 7.20751523283421e-05
1201, 1254, 7.144106926857305e-05
1362, 1615, 6.955372039837153e-05
772, 1530, 6.817918021229024e-05
658, 1221, 6.750005386523894e-05
417, 1646, 6.301429207426561e-05
1386, 1618, 6.252871153839845e-05
222, 1221, 6.0055394135023074e-05
787, 898, 5.813173138320796e-05
730, 898, 5.7411136910684026e-05
257, 332, 5.718373586708461e-05
642, 1410, 5.7136106178191134e-05
441, 714, 5.622378506303993e-05
836, 1131, 5.356750439448074e-05
466, 1615, 5.3271919729262495e-05
642, 1356, 5.317480171505828e-05
642, 1575, 5.285916955217822e-05
642, 834, 5.2054914091931915e-05
1001, 1615, 5.0146560079517545e-05
772, 877, 5.012625399106704e-05
836, 1530, 4.973119434104179e-05
1294, 1661, 4.948408706705688e-05
441, 873, 4.926969692427346e-05
737, 1615, 4.924448425815655e-05
642, 1442, 4.9107825579166665e-05
497, 1175, 4.79568567177189e-05
222, 310, 4.779448064969244e-05
497, 1160, 4.5923912194684027e-05
1724, 1784, 4.590919514900896e-05
1511, 1618, 4.555006748710489e-05
247, 348, 4.536513830956031e-05
772, 1131, 4.5308338772168264e-05
47, 130, 4.487613426092309e-05
642, 1401, 4.444936120273231e-05
932, 1427, 4.230900019389776e-05
222, 555, 3.842024143644725e-05
1337, 1427, 3.7854167492540664e-05
787, 907, 3.785362776270157e-05
730, 907, 3.731623787583278e-05
772, 1646, 3.713644531997931e-05
193, 308, 3.638322655584456e-05
642, 787, 3.6295562818666865e-05
1386, 1575, 3.612738925149806e-05
691, 1175, 3.576665520450429e-05
79, 332, 3.5752259575568694e-05
247, 1615, 3.5621209098653075e-05
642, 1048, 3.5286979203568254e-05
497, 586, 3.510664309285112e-05
417, 586, 3.4470674157092015e-05
79, 344, 3.4222647583751616e-05
895, 1615, 3.365320952294689e-05
401, 555, 3.360666356116322e-05
836, 1646, 3.351320302530518e-05
417, 573, 3.307996727923941e-05
1163, 1615, 3.2828578925496454e-05
586, 1221, 3.277395607093086e-05
497, 1530, 3.225215090870011e-05
417, 1131, 3.1762301691143874e-05
642, 1298, 3.1725771005543927e-05
417, 1558, 3.113081474575167e-05
642, 1001, 3.105071986418649e-05
481, 555, 3.089719779986128e-05
787, 873, 2.9989222271414582e-05
1724, 1774, 2.8802382694452597e-05
1384, 1427, 2.8316814509337077e-05
691, 1160, 2.816780287888758e-05
1175, 1615, 2.7554239804932755e-05
441, 1175, 2.754151318233275e-05
497, 1646, 2.738636622221476e-05
746, 1160, 2.6018283712972638e-05
691, 1530, 2.5543566434076634e-05
642, 1661, 2.520238333924048e-05
1380, 1774, 2.4937235082588868e-05
1692, 1828, 2.490030077207851e-05
417, 742, 2.4418059916260825e-05
642, 852, 2.4348476920923497e-05
1380, 1813, 2.377135371297298e-05
691, 765, 2.3545975163241033e-05
642, 1390, 2.2338444711140693e-05
730, 873, 2.1527258613370623e-05
836, 958, 2.1384958178539137e-05
1072, 1427, 2.1330218052224952e-05
1072, 1160, 2.11639424316847e-05
417, 691, 2.00100200967808e-05
589, 1221, 1.9388082732908653e-05
746, 1175, 1.892745041410518e-05
257, 344, 1.8840540714204455e-05
1201, 1530, 1.8718649868244453e-05
184, 344, 1.7847776138154028e-05
642, 1317, 1.7845832239409162e-05
1294, 1843, 1.7488297063519294e-05
184, 332, 1.7056959853619036e-05
730, 1427, 1.7032110199832033e-05
417, 466, 1.6732677777918623e-05
401, 1221, 1.6593914523113463e-05
694, 1615, 1.6385614777418487e-05
417, 877, 1.6362465850505924e-05
1294, 1774, 1.5983402384746663e-05
1380, 1843, 1.5887946541196374e-05
581, 1221, 1.5722979228223383e-05
836, 1337, 1.5712020370524923e-05
1006, 1615, 1.546232071505968e-05
703, 1615, 1.5458013428925334e-05
627, 1615, 1.5381828104965487e-05
417, 1618, 1.5139094840149855e-05
691, 1646, 1.4920796200168368e-05
441, 1530, 1.4757478787427344e-05
417, 1337, 1.4701038235654369e-05
772, 1558, 1.4633278288386296e-05
746, 1530, 1.4506900790332218e-05
441, 1160, 1.4364133476194481e-05
772, 1337, 1.4165646092655663e-05
737, 898, 1.415357708571297e-05
494, 1615, 1.4041346214013772e-05
79, 140, 1.3351152405620982e-05
642, 1111, 1.334784348286362e-05
573, 1221, 1.3161840351614389e-05
1072, 1175, 1.3136523185303326e-05
1294, 1813, 1.2759606234861144e-05
417, 958, 1.2746260084940761e-05
772, 1618, 1.2672511162815534e-05
578, 1615, 1.265183734861958e-05
772, 852, 1.2635733956406573e-05
441, 1646, 1.2627096362909154e-05
772, 958, 1.239417560024988e-05
545, 1221, 1.2356232681919744e-05
642, 1021, 1.2033373493190406e-05
1380, 1691, 1.1661458894835755e-05
1786, 1843, 1.1518744579288e-05
417, 658, 1.1453694449035195e-05
417, 694, 1.1394447768171214e-05
610, 1221, 1.1211704494730597e-05
836, 1558, 1.1137445613137504e-05
497, 742, 1.1073677579460258e-05
497, 1131, 1.0509904615971263e-05
932, 1175, 1.0322510978316605e-05
932, 1160, 9.935195165265834e-06
836, 1618, 9.806872540714577e-06
658, 1615, 9.111892283278761e-06
642, 793, 9.0818006826233e-06
658, 714, 8.818269050368498e-06
1380, 1784, 8.442857239413707e-06
47, 109, 8.316142898129027e-06
691, 1131, 8.30859736463699e-06
257, 310, 7.848705392495429e-06
247, 383, 7.587999074672171e-06
642, 737, 7.564683759332885e-06
392, 555, 7.344835338245801e-06
746, 1131, 6.980212197549807e-06
642, 1774, 6.964854544953033e-06
441, 586, 6.938609860581041e-06
417, 1254, 6.827342099091232e-06
968, 1427, 6.653638409467332e-06
772, 1311, 6.6034730598613e-06
441, 573, 6.578236151334796e-06
968, 1175, 6.3746594572632976e-06
968, 1160, 6.024828041174796e-06
642, 1843, 5.808357233962788e-06
746, 877, 5.709707714142088e-06
441, 1131, 5.5722288236508015e-06
392, 1221, 5.514321626364135e-06
772, 1254, 5.4731323104878536e-06
497, 691, 5.44422206318503e-06
1294, 1784, 5.335840531455247e-06
222, 348, 5.290513676326573e-06
892, 1427, 5.2678201627277485e-06
79, 1221, 5.203849672433737e-06
642, 1784, 5.187264185535382e-06
497, 877, 5.10409957265201e-06
836, 1254, 5.071543232836693e-06
691, 877, 4.974691838984049e-06
737, 907, 4.8860296851093396e-06
730, 1160, 4.878173098447216e-06
892, 958, 4.477660659645334e-06
836, 1311, 4.4240868924851415e-06
787, 1427, 4.400796253054492e-06
642, 1813, 4.390779328789276e-06
247, 441, 4.291932981679381e-06
441, 742, 4.118151264312379e-06
1201, 1337, 4.014758881852165e-06
1062, 1111, 3.985801647266471e-06
417, 531, 3.9241077495589734e-06
730, 1175, 3.919537817160117e-06
932, 1001, 3.7993208105235312e-06
466, 898, 3.6363377911219425e-06
79, 555, 3.5883822619909237e-06
417, 730, 3.4796515274464634e-06
836, 1356, 3.4559468545331625e-06
1724, 1813, 3.4546636553605304e-06
932, 1131, 3.4343825096002767e-06
417, 1311, 3.3896700402771023e-06
836, 1048, 3.3588550954994835e-06
1384, 1442, 3.355987044548424e-06
497, 658, 3.3218998203872716e-06
1380, 1828, 3.3051850003464385e-06
178, 308, 3.239111369242165e-06
787, 1160, 3.2169472966101734e-06
940, 1221, 3.19580711957187e-06
737, 873, 3.1681658093700695e-06
1222, 1427, 3.1568339433983363e-06
730, 787, 3.1397482865880257e-06
1201, 1311, 3.075824701113378e-06
497, 694, 3.0673566361149113e-06
441, 691, 3.005560730248651e-06
501, 1221, 2.8874050009330542e-06
772, 1442, 2.8796912542322674e-06
895, 958, 2.8700354028443647e-06
441, 877, 2.844272747869312e-06
836, 1442, 2.809015343930151e-06
772, 1048, 2.6820063253024487e-06
787, 1175, 2.66201788483104e-06
895, 1427, 2.5298063679356176e-06
772, 1356, 2.4845029769845867e-06
694, 898, 2.398203281883991e-06
703, 898, 2.3153925477324646e-06
836, 1001, 2.2991382407649325e-06
79, 310, 2.2540811303615434e-06
892, 1175, 2.234018881541759e-06
184, 555, 2.1868545387696665e-06
746, 834, 2.1481210481128637e-06
1062, 1530, 2.138725364171292e-06
892, 1160, 2.086569926318084e-06
1390, 1442, 2.0714408284120757e-06
772, 1298, 2.0633260066061595e-06
497, 1254, 1.9062556072308026e-06
466, 907, 1.899579993432541e-06
836, 1111, 1.8891333838258498e-06
497, 1311, 1.8674212726941844e-06
772, 1001, 1.86638875692191e-06
1201, 1298, 1.8582883039582063e-06
497, 1337, 1.8458577885830932e-06
247, 898, 1.8184863821374455e-06
193, 332, 1.8092308634986494e-06
746, 958, 1.7780800592187922e-06
441, 658, 1.773647619054222e-06
184, 1221, 1.7620774501591969e-06
691, 958, 1.7118646865611188e-06
772, 1111, 1.7080751078612146e-06
968, 1131, 1.7061300497209355e-06
193, 344, 1.6460936667295608e-06
441, 694, 1.6304704236635894e-06
691, 1254, 1.6282630861650216e-06
627, 714, 1.586906626830086e-06
836, 1298, 1.5743059379165855e-06
1062, 1337, 1.5549167250934258e-06
730, 1131, 1.5383665996048248e-06
694, 907, 1.5276535900503125e-06
417, 765, 1.524206547415677e-06
184, 310, 1.5224045461142542e-06
642, 968, 1.4968815362112714e-06
417, 727, 1.4665349401206767e-06
703, 907, 1.4463134695743657e-06
627, 898, 1.405366625080357e-06
787, 877, 1.3700034601915068e-06
417, 1356, 1.3396808656838563e-06
578, 898, 1.2703004956338237e-06
691, 834, 1.2467075185439758e-06
441, 531, 1.2373046432001283e-06
627, 691, 1.2334999151855658e-06
691, 787, 1.2087484964432347e-06
1326, 1530, 1.1992445200470989e-06
691, 1311, 1.1964792416931075e-06
441, 1311, 1.1907793634297221e-06
497, 958, 1.177350885492384e-06
497, 730, 1.1748280708084975e-06
787, 852, 1.1727182534786054e-06
746, 1311, 1.1484755730270713e-06
466, 714, 1.1365385693036716e-06
1337, 1401, 1.1223006908433556e-06
730, 877, 1.119632422434899e-06
494, 898, 1.1059020712050532e-06
1326, 1401, 1.1043958854515924e-06
691, 1337, 1.094934171340166e-06
836, 1401, 1.083423575629255e-06
247, 907, 1.0261173256970953e-06
1062, 1311, 1.0190449471701789e-06
772, 1317, 9.98718001782167e-07
836, 1410, 9.602115476154012e-07
1201, 1356, 9.328345723169171e-07
772, 1401, 9.262742205132541e-07
441, 958, 9.126941243059296e-07
772, 1410, 9.098769921104757e-07
627, 907, 8.993593003969968e-07
222, 383, 8.797273359398047e-07
417, 589, 8.592005505712297e-07
257, 555, 8.254323976991359e-07
392, 441, 8.019651491152403e-07
497, 589, 7.907087374087841e-07
441, 730, 7.8817676886986e-07
466, 873, 7.742191128091715e-07
691, 1048, 7.688601697666745e-07
932, 1530, 7.671669773064013e-07
691, 1298, 7.659807887013687e-07
836, 1021, 7.628435304000054e-07
658, 898, 7.554970699877348e-07
836, 1317, 7.426471170316236e-07
417, 604, 7.369203119694002e-07
494, 907, 7.071802204813645e-07
578, 907, 7.036488371928618e-07
417, 834, 6.910764377677976e-07
746, 1337, 6.808313802131487e-07
772, 1021, 6.691989634961054e-07
222, 441, 6.496185902254149e-07
968, 1021, 6.372773963767656e-07
441, 1337, 6.311336074328001e-07
578, 714, 6.237052098818461e-07
694, 873, 6.067552586349152e-07
703, 873, 5.948906932293521e-07
1001, 1160, 5.872208979567754e-07
497, 765, 5.82103358362833e-07
691, 1001, 5.804878705178481e-07
703, 765, 5.659154200746074e-07
787, 834, 5.607843770010288e-07
1390, 1530, 5.559085087521356e-07
730, 793, 5.30979247552689e-07
247, 356, 5.297573155144057e-07
642, 1062, 5.283075967637897e-07
746, 852, 5.058703057453219e-07
787, 1131, 5.055838804326134e-07
1201, 1317, 5.032940712756105e-07
497, 727, 4.91600680121302e-07
895, 1160, 4.903538623042836e-07
642, 1102, 4.830345653266278e-07
895, 1175, 4.778187326729446e-07
247, 714, 4.775571979559249e-07
6, 130, 4.6921199598466123e-07
627, 694, 4.566167107061144e-07
497, 604, 4.480881971672092e-07
691, 852, 4.463016005551195e-07
737, 1160, 4.400847323491533e-07
79, 348, 4.3737028488512077e-07
730, 1530, 4.299610537299854e-07
1384, 1530, 4.2226114956268394e-07
497, 1356, 4.181588358009385e-07
293, 344, 4.140149440546477e-07
737, 1175, 4.0731199677368376e-07
892, 1131, 4.0730607619636666e-07
694, 742, 4.0607435834450213e-07
1001, 1175, 4.038187798124179e-07
968, 1530, 3.9026965760266965e-07
466, 531, 3.7487009655977866e-07
746, 793, 3.60641046339471e-07
494, 714, 3.586413461343573e-07
328, 555, 3.555781155123339e-07
968, 1048, 3.5068646515067966e-07
691, 1356, 3.391520878343174e-07
658, 907, 3.34880872107948e-07
836, 968, 3.344310480696739e-07
247, 491, 3.2604974435229165e-07
441, 727, 3.213337546823729e-07
746, 1048, 3.15968741462903e-07
417, 1048, 3.129662864094744e-07
586, 898, 3.0074421946571696e-07
441, 765, 2.9825704688577544e-07
481, 1221, 2.772464330064945e-07
578, 873, 2.7712497992970245e-07
746, 1356, 2.6527401227144414e-07
627, 873, 2.611633896649558e-07
417, 787, 2.594267577149066e-07
441, 1356, 2.566628093391638e-07
1062, 1356, 2.494304205916163e-07
497, 834, 2.460073036368958e-07
932, 1048, 2.4348187502538513e-07
466, 586, 2.3382076031762358e-07
589, 898, 2.3352117019906288e-07
441, 589, 2.2085082523253947e-07
222, 898, 2.184702482799668e-07
247, 360, 2.1558791969603223e-07
772, 968, 2.0964051858027833e-07
494, 573, 2.0778108554279736e-07
328, 383, 2.0170634247593343e-07
746, 1001, 2.0100131858657445e-07
730, 958, 2.0088604968708947e-07
730, 834, 1.9796028000866866e-07
257, 348, 1.9593659778302048e-07
184, 348, 1.9495956851765104e-07
691, 737, 1.9432605914567494e-07
586, 714, 1.9045962514990158e-07
694, 765, 1.8547577028999332e-07
494, 873, 1.8443976357461158e-07
1062, 1254, 1.7462398369442946e-07
466, 573, 1.7064600280028376e-07
441, 604, 1.699064999969421e-07
178, 332, 1.6756191465404706e-07
193, 555, 1.6573972091910803e-07
737, 787, 1.6291085618781005e-07
737, 1427, 1.6231924885831827e-07
1201, 1410, 1.61048054217383e-07
746, 1254, 1.6064493339017058e-07
193, 310, 1.5700410426848713e-07
589, 714, 1.5199835626590633e-07
497, 1048, 1.516795638204124e-07
466, 1427, 1.5068946111287012e-07
737, 877, 1.5065231785398296e-07
178, 344, 1.4660530995427859e-07
441, 834, 1.455387782731678e-07
642, 1085, 1.409238888268222e-07
1001, 1427, 1.3598265402228424e-07
1175, 1427, 1.3391140292905302e-07
79, 216, 1.319808727756181e-07
1163, 1427, 1.2732610156441634e-07
581, 714, 1.2732399809734868e-07
581, 898, 1.2000523349067639e-07
6, 69, 1.182275624636669e-07
494, 586, 1.168662193903245e-07
247, 494, 1.1657003879831477e-07
79, 383, 1.1197605637103548e-07
691, 793, 1.0781065747566276e-07
658, 873, 1.0748340487954713e-07
401, 898, 1.0472583453902225e-07
79, 183, 1.0340736906591144e-07
586, 907, 9.734772496836418e-08
497, 787, 9.687281064497746e-08
79, 441, 9.407036049125444e-08
573, 714, 8.922621736189732e-08
573, 898, 8.350405262959817e-08
441, 1048, 8.3383664735601e-08
642, 1090, 8.278220473563643e-08
222, 714, 8.168954116600532e-08
589, 907, 7.98544007129653e-08
417, 627, 7.980005165878347e-08
47, 308, 7.948605817397042e-08
417, 793, 7.824683890829763e-08
610, 714, 7.560506300568047e-08
658, 730, 7.535056933722943e-08
610, 898, 7.526850458164817e-08
836, 1102, 7.339975459234268e-08
417, 737, 7.285088510503565e-08
772, 1062, 7.267194638891021e-08
310, 555, 7.165858757707716e-08
401, 491, 7.102342082490945e-08
79, 178, 6.939433779315027e-08
545, 898, 6.882790790800997e-08
836, 1062, 6.503080625731928e-08
658, 742, 6.493468684757022e-08
581, 907, 6.465049734566213e-08
737, 793, 6.458565390299017e-08
401, 907, 6.42129975756903e-08
247, 586, 6.410554178168293e-08
466, 742, 6.302477093496637e-08
222, 356, 6.2773041491856e-08
417, 1111, 6.08976533652369e-08
627, 742, 5.706757963431461e-08
466, 691, 5.585369795133134e-08
573, 907, 5.260896600013053e-08
658, 727, 5.2267659787095515e-08
586, 873, 5.184614808405479e-08
401, 714, 5.170111408144176e-08
578, 691, 5.011239960224851e-08
578, 658, 4.8838067710253175e-08
247, 573, 4.785664894528042e-08
222, 907, 4.630137425184941e-08
441, 787, 4.6111844581353334e-08
589, 658, 4.4519680404576514e-08
545, 907, 4.4291978919410037e-08
610, 907, 4.3783753588272827e-08
417, 1001, 4.3577009656477666e-08
247, 476, 4.2954292277093305e-08
222, 491, 4.228027782901549e-08
787, 958, 4.1885996146345794e-08
466, 658, 4.150640328437119e-08
545, 714, 4.144700009694523e-08
586, 658, 4.123649874300594e-08
497, 627, 4.077486497201273e-08
184, 383, 3.991076266957138e-08
79, 191, 3.9230443043779044e-08
441, 1254, 3.744412749725822e-08
578, 742, 3.514130334759166e-08
401, 476, 3.4913992193546454e-08
247, 448, 3.327869287254961e-08
47, 137, 3.170188652762563e-08
79, 206, 3.124118571897981e-08
501, 573, 3.039581790896349e-08
497, 737, 2.897306749268076e-08
257, 383, 2.887040119503187e-08
466, 694, 2.8498012678132677e-08
497, 1001, 2.836962691833543e-08
184, 441, 2.8224909877951814e-08
497, 793, 2.820392353592271e-08
497, 1111, 2.792967074603045e-08
589, 873, 2.7244802657481896e-08
578, 694, 2.7109263195424734e-08
497, 1558, 2.660036679029555e-08
247, 742, 2.6219645816332445e-08
581, 873, 2.6206582711321203e-08
730, 852, 2.555254512481379e-08
737, 834, 2.5193312611023813e-08
401, 494, 2.349983902103723e-08
222, 360, 2.336266056679388e-08
247, 401, 2.2989963619164995e-08
401, 466, 2.1952552623155784e-08
441, 1558, 2.1005763845917928e-08
193, 348, 2.080488835786386e-08
494, 742, 2.065704540559576e-08
494, 691, 1.9985588468945556e-08
310, 383, 1.956900776611696e-08
573, 873, 1.9483564354760206e-08
441, 501, 1.920869915211113e-08
392, 898, 1.9156534024972144e-08
1326, 1390, 1.9088550522970578e-08
392, 448, 1.8636179275792167e-08
247, 413, 1.8609328962826398e-08
441, 737, 1.830044703279962e-08
501, 714, 1.7298069885120263e-08
694, 877, 1.7180935570178113e-08
466, 877, 1.7165536576688728e-08
703, 877, 1.711457486718553e-08
441, 1001, 1.7113029315662172e-08
247, 691, 1.7099324528598462e-08
178, 555, 1.6805422243791805e-08
1227, 1615, 1.672145168802234e-08
494, 658, 1.6717062417803117e-08
581, 658, 1.609016798387672e-08
441, 627, 1.576804602212791e-08
222, 494, 1.5536297038786608e-08
392, 491, 1.55115136499273e-08
737, 958, 1.543292429047505e-08
257, 441, 1.541865169194583e-08
627, 730, 1.511609669750043e-08
247, 658, 1.4964380039537132e-08
501, 898, 1.4397415743684254e-08
441, 793, 1.4177977567867338e-08
610, 691, 1.4041128946377477e-08
466, 730, 1.3767296904051261e-08
247, 398, 1.3736751854830906e-08
178, 310, 1.3484956967563882e-08
586, 691, 1.3358672548176025e-08
401, 873, 1.2965903859879223e-08
401, 448, 1.2295255769163864e-08
328, 441, 1.1730039892642617e-08
417, 1442, 1.1109628166977195e-08
494, 694, 1.10965183771949e-08
589, 691, 1.1090464113921699e-08
6, 109, 1.0996281625512396e-08
392, 714, 1.076104755641236e-08
586, 742, 1.0593824799549723e-08
247, 466, 1.0329749416255614e-08
222, 586, 9.994801683231553e-09
417, 501, 9.696978121402169e-09
401, 586, 9.683628171620813e-09
501, 586, 9.592584654733613e-09
1201, 1646, 9.396737211390023e-09
581, 691, 9.293635851688882e-09
293, 348, 9.183311192258119e-09
247, 694, 9.114061073847558e-09
466, 765, 8.880016018674285e-09
578, 730, 8.840884703870829e-09
247, 873, 8.821284126361112e-09
466, 589, 8.819563284432342e-09
184, 245, 8.224963960189039e-09
746, 1646, 7.993885477224202e-09
573, 691, 7.931802969275621e-09
627, 727, 7.91957837281291e-09
545, 604, 7.67158361722458e-09
222, 573, 7.387842021682376e-09
589, 742, 7.273290820130588e-09
586, 694, 7.145436823051369e-09
401, 573, 7.043811764547346e-09
466, 727, 6.9419755559270046e-09
247, 392, 6.7456015611254e-09
703, 787, 6.719298317882158e-09
47, 344, 6.706973684587598e-09
610, 658, 6.687136351297468e-09
581, 742, 6.5770175817696786e-09
47, 332, 6.479226726053796e-09
79, 356, 6.381215824487133e-09
247, 730, 6.004568412245838e-09
610, 694, 5.999765535655758e-09
222, 476, 5.922068288790617e-09
466, 604, 5.822146873701014e-09
401, 454, 5.733577115790185e-09
589, 694, 5.6183112014948454e-09
627, 765, 5.5202223109762836e-09
494, 730, 5.380035079042703e-09
581, 694, 5.195858352955395e-09
392, 494, 5.036790452943485e-09
573, 658, 4.791307689633448e-09
79, 491, 4.7340433480323914e-09
610, 742, 4.6167763670285146e-09
247, 454, 4.552598372014247e-09
578, 727, 4.494535041121086e-09
573, 742, 4.36771500320284e-09
184, 714, 4.3276020411720444e-09
494, 589, 4.24561542621738e-09
573, 694, 4.211747592640262e-09
481, 714, 4.19226033345297e-09
222, 448, 4.1375191287430085e-09
1386, 1661, 4.112502459838285e-09
545, 658, 4.085895928549521e-09
401, 691, 4.004576004656818e-09
578, 765, 3.928479448174685e-09
658, 765, 3.897089443212618e-09
193, 383, 3.850616976460072e-09
545, 691, 3.7957306289477305e-09
392, 476, 3.747410334855203e-09
1571, 1661, 3.5252942876138327e-09
694, 787, 3.427610992859017e-09
401, 742, 3.3557685919161833e-09
1001, 1131, 3.2937240252795504e-09
586, 730, 3.1343695983890634e-09
494, 765, 3.050768110053556e-09
836, 1390, 3.026714992187951e-09
193, 441, 3.0266512965044564e-09
545, 742, 2.933175255611781e-09
222, 742, 2.78624664105715e-09
392, 454, 2.780863598694106e-09
494, 727, 2.7592331040076623e-09
6, 78, 2.7355913170654756e-09
222, 401, 2.714259472395695e-09
79, 360, 2.6055116625300084e-09
494, 604, 2.6036924741779484e-09
589, 730, 2.51262755010428e-09
401, 658, 2.476024737376518e-09
184, 491, 2.4617109016787916e-09
222, 413, 2.4538076010254346e-09
392, 466, 2.3732312934989445e-09
184, 356, 2.3703824514063297e-09
222, 691, 2.343177127352205e-09
895, 1131, 2.335444504321432e-09
293, 555, 2.2974545095601663e-09
6, 308, 2.275966880675277e-09
772, 1390, 2.185575615657899e-09
222, 658, 2.1654384116983644e-09
257, 356, 2.113979487038423e-09
581, 730, 2.07801369965655e-09
310, 441, 2.059104092930137e-09
610, 873, 2.0350579578464864e-09
392, 586, 1.875537778741174e-09
545, 873, 1.7603788691244465e-09
610, 730, 1.7516502713173685e-09
573, 730, 1.7458643568021586e-09
178, 348, 1.7068207780490512e-09
392, 573, 1.7033977906199603e-09
247, 531, 1.6941297363131583e-09
222, 398, 1.6323778676253648e-09
79, 494, 1.6085581676302053e-09
703, 834, 1.5446360575280472e-09
481, 573, 1.4599932920339083e-09
222, 694, 1.4215485999339435e-09
703, 793, 1.3568738792971186e-09
627, 877, 1.3478417297527049e-09
586, 765, 1.3472290575645744e-09
578, 877, 1.3248672863514748e-09
401, 531, 1.3133655664413715e-09
222, 466, 1.2796819025652716e-09
481, 586, 1.2406244360026759e-09
627, 787, 1.2397766639166955e-09
332, 555, 1.1308462922322824e-09
466, 787, 1.0757261028460755e-09
578, 787, 1.0681630726700815e-09
481, 531, 1.0212380782365748e-09
694, 793, 1.0189283891226095e-09
589, 765, 1.0178515286209817e-09
318, 555, 9.965801088585933e-10
184, 360, 9.6628883640334e-10
257, 491, 9.604326869777914e-10
318, 383, 9.303540934693037e-10
658, 787, 9.134081273771028e-10
79, 245, 9.056105966344086e-10
154, 308, 8.792114519782025e-10
184, 494, 8.781584997713176e-10
222, 730, 8.424136441446232e-10
501, 907, 7.908974261149297e-10
79, 476, 7.54657881876685e-10
257, 360, 7.366945471870265e-10
222, 392, 7.284562535876163e-10
79, 448, 7.24625524248936e-10
130, 308, 6.609098744962628e-10
694, 834, 6.351091397202995e-10
328, 491, 6.17465031599733e-10
392, 907, 5.740071841902697e-10
47, 555, 5.156031091424154e-10
222, 454, 5.062112682000461e-10
494, 787, 4.833955671606605e-10
691, 968, 4.633443803713863e-10
332, 383, 4.594352312807565e-10
6, 137, 4.380883346097376e-10
658, 877, 4.321552874761319e-10
417, 635, 4.28899775617992e-10
466, 834, 4.272276238277348e-10
545, 589, 4.230603284868091e-10
178, 383, 4.1625204061145964e-10
310, 360, 4.1570212721279393e-10
501, 873, 3.970952743954927e-10
193, 245, 3.8537848072358246e-10
184, 476, 3.8411752643585914e-10
746, 968, 3.810817197471931e-10
310, 356, 3.6647418555691724e-10
184, 586, 3.655131666875934e-10
627, 834, 3.6529816297912147e-10
247, 589, 3.6332308185798963e-10
466, 793, 3.4903738475732796e-10
892, 968, 3.468459915818643e-10
257, 494, 3.460753798222523e-10
184, 573, 3.4209069827852756e-10
328, 401, 3.376594973433118e-10
47, 310, 3.3558778843522306e-10
79, 401, 3.3182835152751765e-10
392, 531, 3.3109916922447046e-10
79, 413, 3.15834673904353e-10
328, 398, 3.009885061697398e-10
247, 604, 2.733735373049329e-10
401, 589, 2.727151828820617e-10
578, 834, 2.7165539399529845e-10
895, 968, 2.7113901627340357e-10
178, 441, 2.595200896970276e-10
401, 694, 2.5294278427667885e-10
193, 356, 2.519949584717924e-10
328, 392, 2.4090782411996035e-10
501, 589, 2.371444499051414e-10
193, 491, 2.3494887530007476e-10
545, 694, 2.2998590961114397e-10
222, 531, 2.2732171502644526e-10
293, 383, 2.1796175415487851e-10
79, 398, 2.1763263187913728e-10
501, 658, 2.088968184060436e-10
184, 448, 2.040620641688522e-10
497, 635, 2.0118623239435595e-10
658, 834, 1.990023590174964e-10
730, 1001, 1.9657657144446226e-10
328, 494, 1.902447834595039e-10
401, 604, 1.8945455097336253e-10
79, 466, 1.8935601626790897e-10
481, 898, 1.832250550161995e-10
257, 476, 1.7010378184795886e-10
1006, 1160, 1.622807385139541e-10
892, 1001, 1.587674305928927e-10
184, 401, 1.5834358897590779e-10
417, 600, 1.5675283859806725e-10
47, 140, 1.5646987687360962e-10
293, 356, 1.5375935642909393e-10
560, 714, 1.5363759351806195e-10
257, 573, 1.5354931541129442e-10
257, 586, 1.4625729526912256e-10
501, 691, 1.4167601396296806e-10
787, 1001, 1.3908566049347609e-10
6, 344, 1.3571171096459256e-10
494, 834, 1.336270772626345e-10
392, 691, 1.2576695298755203e-10
184, 413, 1.2026367149780705e-10
6, 332, 1.1995553943709028e-10
586, 727, 1.1418193512731248e-10
79, 392, 1.1132363125664389e-10
257, 448, 1.0744376130545508e-10
501, 604, 1.0525539091794853e-10
586, 834, 1.0267847617396715e-10
310, 491, 1.017789893063047e-10
257, 714, 1.0127163467155973e-10
184, 398, 1.004260856120902e-10
497, 600, 9.9991919338611e-11
79, 586, 9.991361365505624e-11
79, 454, 9.480095702350455e-11
328, 573, 9.43995341700827e-11
79, 573, 9.373769490314406e-11
328, 586, 9.122765133412264e-11
589, 727, 9.111139295954292e-11
193, 360, 8.938482151297885e-11
328, 413, 8.923202349149576e-11
328, 448, 8.880879689057923e-11
293, 441, 8.222330677129812e-11
193, 494, 8.139843103511308e-11
441, 635, 8.074863379884174e-11
257, 401, 7.863378823248279e-11
47, 348, 7.559036005158976e-11
581, 727, 7.547938862469865e-11
392, 589, 7.380680161877226e-11
257, 413, 7.351577515067378e-11
328, 476, 7.335191017540824e-11
466, 627, 7.190344370566303e-11
184, 466, 7.07435248240306e-11
610, 727, 6.171378398943712e-11
392, 604, 6.040306589956566e-11
578, 627, 6.012511431693235e-11
501, 742, 6.007877143410965e-11
573, 727, 5.974934209494295e-11
178, 245, 5.7534859877322577e-11
222, 589, 5.67623528726661e-11
79, 222, 5.3106080161451784e-11
392, 742, 5.1693813865380455e-11
257, 398, 5.027412412095896e-11
466, 1160, 4.920100550293452e-11
130, 344, 4.881000277728329e-11
154, 332, 4.851919057233158e-11
154, 344, 4.818827445906864e-11
481, 589, 4.8035984891769387e-11
318, 441, 4.666923263451658e-11
332, 441, 4.663704300606043e-11
293, 360, 4.5850285605378566e-11
184, 392, 4.465138738378236e-11
47, 94, 4.357982223791781e-11
130, 332, 4.153539983038138e-11
441, 600, 3.878319236076188e-11
222, 604, 3.741756308463268e-11
193, 586, 3.5110334757772334e-11
193, 573, 3.4878270581652575e-11
417, 641, 3.4594964778851205e-11
257, 466, 3.458763765171017e-11
481, 604, 3.3774677380521036e-11
573, 627, 3.1116932671191336e-11
581, 765, 2.940517367649736e-11
184, 454, 2.8935571073376932e-11
193, 476, 2.8081124797023776e-11
310, 494, 2.589144444896344e-11
257, 392, 2.51168095082966e-11
178, 356, 2.4072936759644064e-11
247, 627, 2.2705325631644012e-11
573, 765, 2.1910246875322125e-11
193, 448, 2.0505253334263988e-11
494, 627, 2.020655476560371e-11
328, 466, 1.9715963285142525e-11
610, 765, 1.9494100378315813e-11
497, 641, 1.7632759332627704e-11
178, 491, 1.6456858381086467e-11
47, 383, 1.5808828019895232e-11
47, 216, 1.527022651482284e-11
6, 555, 1.4742025282016026e-11
193, 401, 1.4680775146308575e-11
310, 401, 1.431855169498495e-11
310, 448, 1.380965310966777e-11
47, 441, 1.3523119410808838e-11
47, 183, 1.3410419807396202e-11
193, 413, 1.3273357740787246e-11
257, 454, 1.3183625790525807e-11
310, 586, 1.2864408654426846e-11
79, 531, 1.2772719840908714e-11
310, 476, 1.262914156088122e-11
184, 531, 1.0956039826772218e-11
328, 454, 1.0277419009574871e-11
310, 413, 9.849030067568341e-12
310, 398, 9.83080535176588e-12
178, 360, 9.622794037184787e-12
6, 310, 9.567820073803958e-12
247, 501, 8.857820198092408e-12
545, 627, 8.760860374099159e-12
193, 398, 8.558298334192159e-12
47, 178, 8.366241452351139e-12
441, 641, 7.775318426164269e-12
545, 730, 7.51827952334213e-12
401, 730, 7.104894886568319e-12
328, 714, 6.8068761527238e-12
310, 392, 6.766068058676966e-12
658, 737, 6.6254840447425794e-12
193, 466, 6.322458766408412e-12
581, 627, 6.028951873242502e-12
178, 494, 5.4205255240732035e-12
257, 531, 5.195361068790441e-12
47, 191, 4.719405480542053e-12
578, 635, 4.415477253030958e-12
79, 227, 4.3986266489838655e-12
694, 737, 3.9204687546813255e-12
47, 206, 3.901541834974659e-12
193, 392, 3.6900799253415706e-12
154, 310, 3.666573125223614e-12
310, 466, 3.602956393539156e-12
293, 491, 3.502122090255713e-12
627, 737, 3.446943617139105e-12
178, 476, 2.8786681243051243e-12
130, 310, 2.8170776104045574e-12
222, 627, 2.7930284496724484e-12
184, 589, 2.7337534027844613e-12
154, 216, 2.5442180842044877e-12
184, 240, 2.400402599709722e-12
401, 627, 2.386562016210808e-12
193, 454, 2.3291429183903353e-12
466, 635, 2.3197460111066274e-12
332, 401, 2.277590412680883e-12
6, 140, 2.241660129820198e-12
737, 852, 2.205301181663555e-12
178, 448, 2.172368116012516e-12
401, 765, 2.001011177787849e-12
332, 398, 1.8735699996506443e-12
184, 604, 1.8449333443236203e-12
332, 491, 1.8310413651184623e-12
392, 658, 1.7078468611732841e-12
545, 765, 1.6682718700557492e-12
6, 348, 1.6377709111206552e-12
310, 454, 1.6181545623617814e-12
318, 491, 1.461618226926249e-12
501, 627, 1.360528561049836e-12
184, 227, 1.3195757026281435e-12
178, 401, 1.2843979458408823e-12
466, 600, 1.2813727560419406e-12
466, 737, 1.2573854798454976e-12
293, 494, 1.2276196885684514e-12
545, 600, 1.2257756972778583e-12
130, 183, 1.159159585010999e-12
573, 635, 1.140540127312228e-12
178, 413, 1.1297592618564185e-12
494, 635, 1.1262842497199347e-12
332, 392, 1.10604469688139e-12
257, 589, 1.094771380043364e-12
560, 627, 1.088812668031627e-12
47, 356, 1.0805615000598727e-12
494, 877, 8.689146184620809e-13
178, 398, 8.571806144534831e-13
257, 604, 8.134917753077638e-13
130, 191, 7.669766070812133e-13
581, 635, 7.077667282698463e-13
178, 466, 6.956765603793525e-13
392, 627, 6.603479123053815e-13
293, 476, 6.504031785810079e-13
501, 694, 6.35430635722226e-13
47, 491, 6.340772632985408e-13
293, 448, 6.313619125584319e-13
332, 494, 5.870370171813494e-13
392, 694, 5.711805344950972e-13
6, 94, 5.565602265398623e-13
130, 348, 5.479614152273816e-13
154, 348, 5.475351874674757e-13
318, 494, 5.129532957265502e-13
318, 360, 4.997605417796162e-13
293, 413, 4.934945242619187e-13
293, 401, 4.885521055521381e-13
6, 383, 4.645390654950538e-13
178, 392, 4.4259182388689937e-13
332, 413, 4.237717897117234e-13
47, 360, 4.191801261318332e-13
79, 240, 3.9300890724858167e-13
6, 216, 3.908687488449912e-13
332, 448, 3.70643995338274e-13
6, 441, 3.556004952447643e-13
481, 627, 3.4762597584032165e-13
545, 635, 3.3945840620119305e-13
586, 635, 3.345682572360618e-13
332, 476, 3.2319375580559647e-13
318, 448, 3.149287485349185e-13
318, 401, 3.137742486041375e-13
318, 476, 3.1014101168913854e-13
293, 398, 3.0900627820328306e-13
130, 216, 2.9233388578710277e-13
178, 454, 2.793029026103772e-13
154, 206, 2.698059810370709e-13
318, 398, 2.562230370308688e-13
318, 392, 2.479151141067765e-13
130, 178, 2.402133405372191e-13
481, 658, 2.400809516241201e-13
6, 183, 2.3025581027029697e-13
47, 494, 2.050574265905248e-13
178, 222, 2.0453015159457304e-13
318, 413, 1.7841072468153552e-13
130, 206, 1.5930889170848914e-13
392, 873, 1.475896838732565e-13
293, 466, 1.470743235592733e-13
6, 178, 1.2820110253497852e-13
47, 476, 1.2354218996245342e-13
47, 245, 1.1476375948610424e-13
154, 441, 1.0698014627982126e-13
47, 448, 9.97022788887076e-14
130, 441, 9.640664644959378e-14
6, 191, 9.036842109043124e-14
178, 227, 8.302149526105025e-14
293, 454, 7.647442456334562e-14
79, 589, 7.185818732653048e-14
6, 206, 7.154771527307316e-14
332, 466, 7.141913385299362e-14
318, 466, 5.0048020300529596e-14
481, 691, 4.825266898429825e-14
79, 604, 4.407039496872455e-14
193, 240, 4.299192639280998e-14
545, 727, 3.9433254415700134e-14
401, 727, 3.68715353844259e-14
560, 658, 3.3782388359064576e-14
178, 240, 2.748748787483765e-14
481, 694, 2.543622560745441e-14
328, 658, 2.335197143429774e-14
6, 491, 2.0286532972906308e-14
79, 230, 1.884861721142222e-14
184, 230, 1.6210624203572394e-14
184, 658, 1.4979592013888938e-14
47, 222, 6.805883071226628e-15
293, 392, 6.530947052897498e-15
257, 658, 6.516338024872388e-15
154, 383, 5.4168620472678046e-15
130, 383, 4.884814957094297e-15
6, 245, 2.5437969874527762e-15
154, 245, 1.6535620307900783e-15
247, 385, 1.6295697361473406e-15
47, 401, 1.5772644477199473e-15
6, 356, 1.4735412735447927e-15
130, 245, 1.3419689670388136e-15
47, 413, 1.2086845878364227e-15
586, 877, 1.1917883891237636e-15
47, 398, 1.0026547697619602e-15
589, 877, 9.01778777033105e-16
581, 877, 8.229633868352154e-16
154, 222, 7.717161009916084e-16
154, 555, 7.116320653543556e-16
178, 230, 6.666914062927145e-16
47, 227, 6.268266415304014e-16
6, 360, 5.68985311675385e-16
47, 392, 5.232789604960667e-16
154, 356, 5.148216397536629e-16
130, 356, 4.0838298970246153e-16
328, 531, 2.457668261133011e-16
154, 360, 1.9988827017014948e-16
222, 385, 1.833462592286536e-16
318, 454, 1.7956963543319463e-16
6, 222, 1.7941786782067825e-16
332, 454, 1.7383378858066422e-16
47, 466, 1.5601227897695556e-16
130, 360, 1.4648687286174115e-16
310, 573, 1.0805264715329211e-16
130, 222, 1.0479869594508596e-16
193, 714, 7.566730988087506e-17
47, 240, 5.229763067092362e-17
154, 227, 3.8701589002646057e-17
6, 401, 3.5517044592598207e-17
130, 491, 2.6578649831447235e-17
6, 413, 2.5923351324477678e-17
154, 491, 2.4424657120646057e-17
6, 398, 2.3911474530869913e-17
328, 589, 1.4851933503992257e-17
79, 385, 1.429568246714038e-17
6, 227, 1.4214544410242212e-17
6, 392, 1.329242164673757e-17
310, 531, 1.2280610110963006e-17
154, 401, 1.2104787031303399e-17
328, 385, 1.1060505805943206e-17
130, 401, 1.0169374858729902e-17
560, 604, 9.330139361733139e-18
184, 385, 8.950326946047961e-18
130, 227, 8.22820924222382e-18
328, 604, 8.06057866585148e-18
154, 398, 7.77233499536348e-18
130, 413, 7.729096659421926e-18
154, 413, 7.296504312395327e-18
130, 398, 6.42958243775417e-18
257, 385, 6.1792034483659284e-18
154, 392, 3.857771501292e-18
401, 501, 3.5378438162275065e-18
130, 392, 3.075511103395909e-18
47, 230, 2.725688560787272e-18
310, 385, 1.3116614502704004e-18
6, 240, 1.1184222682988367e-18
154, 240, 9.085072759831187e-19
392, 501, 8.636526128123477e-19
193, 385, 8.282088369162139e-19
178, 573, 7.329311604153554e-19
130, 240, 5.828332871591486e-19
193, 531, 4.373276862508416e-19
154, 448, 3.5652221227491377e-19
130, 555, 2.217459633618345e-19
293, 573, 1.7519248060732882e-19
154, 230, 1.1386163909823774e-19
178, 385, 9.375159993122038e-20
6, 230, 5.709262173394816e-20
318, 385, 5.227078412008908e-20
178, 531, 4.7162763348082856e-20
293, 385, 4.535326608589907e-20
130, 230, 3.2671138814770774e-20
332, 385, 2.5928588637565286e-20
293, 531, 9.909201801266924e-21
47, 385, 2.0526093413111438e-21
6, 385, 5.687278519434206e-23
6, 448, 5.0448082060822925e-23
332, 531, 1.954704991289897e-23
318, 531, 1.9385178602283027e-23
154, 385, 1.835929485244497e-23
130, 448, 1.4801468194213745e-23
130, 385, 1.330653769015251e-23
