Gene = Cep135
index = 1067
Annotated 5SS: [  223   359   864  1077  2570  2849  3027  9605  9911 10091 10548 10915]
Annotated 3SS: [  283   736   923  1173  2637  2910  9478  9756  9965 10279 10728 11007]
SMsplice 5SS: [  223   359   864  1077  2570  2849  3027  9605  9911 10091 10548 10915]
SMsplice 3SS: [  283   736   923  1173  2637  2910  9478  9756  9965 10279 10728 11007]
length: 11293
Partition function (logZ) = 36.45938386725401
#Introns = 2556
5SS, 3SS, prob
223, 283, 0.9987730344466668
864, 923, 0.9933269858002968
10091, 10279, 0.9824139043249136
2849, 2910, 0.976374063381204
10915, 11007, 0.9356784828782362
2570, 2637, 0.9324381007751329
9605, 9756, 0.8670020858553295
359, 736, 0.816398671416859
10548, 10728, 0.677230222424459
1077, 1173, 0.6572818136002181
9911, 9965, 0.5872911217390367
3027, 9478, 0.4318176856823792
10673, 10728, 0.27972027776623665
1077, 1197, 0.2529048697897163
3027, 3149, 0.2265646956937179
9865, 9932, 0.14524536065367322
9911, 9983, 0.0991996107590339
359, 578, 0.08680110798136798
8360, 8421, 0.08665190092760751
3397, 9478, 0.07087183640184211
3387, 9478, 0.0652533184293641
3027, 9756, 0.06328057848277852
3027, 8159, 0.05991022318947232
10548, 10613, 0.04738098544749862
3027, 3224, 0.03996766414099571
8569, 9478, 0.0399136614835368
10934, 11007, 0.038159570134315715
3027, 9343, 0.03681948939798549
8666, 9478, 0.03574539465721829
10548, 10594, 0.03003437472204833
4171, 9478, 0.02924167538012059
1077, 2221, 0.0266043198255555
359, 742, 0.024896866827586538
3027, 8205, 0.02335413748922222
455, 736, 0.022672605427468333
3027, 8813, 0.021528049298504184
1077, 2637, 0.021243960382565177
9911, 9989, 0.02105810151154156
3027, 3866, 0.01846043299383533
8955, 9478, 0.017892147635999146
3027, 4330, 0.015516766320177556
2168, 2221, 0.015406428394348266
3027, 8421, 0.01420094397514211
8930, 9478, 0.013924813826651368
8721, 9478, 0.011683053741408366
4762, 9478, 0.011119629338612165
3027, 8307, 0.011042075217902477
10915, 11013, 0.01060551307706423
3397, 9756, 0.010416698076133745
2574, 2637, 0.009972846851728735
10548, 10649, 0.009656401894564353
8666, 8813, 0.009614457422426129
3387, 9756, 0.009590810552058586
1081, 1173, 0.009541391970276704
3378, 9478, 0.009356201232187323
3027, 8079, 0.009109504481989973
8360, 9478, 0.008782803261726422
9865, 9965, 0.008741407690734377
2161, 2221, 0.008606116792973299
10449, 10728, 0.00858700213964735
4171, 4330, 0.008272055193565357
11137, 11279, 0.008242039915245448
3397, 8159, 0.0078881047004582
2821, 2877, 0.007768742519188148
6256, 9478, 0.007617580086237042
8569, 8813, 0.00755335430898042
10594, 10728, 0.007418145494350111
359, 704, 0.0073311158428571895
3387, 8159, 0.0072768760808332306
363, 736, 0.0071571099050171385
3406, 9478, 0.007115663159530685
9629, 9756, 0.006840086281502128
9911, 10279, 0.00642489163776759
10915, 10976, 0.006367629800887312
8721, 8813, 0.006249150556179262
6319, 9478, 0.005801748716004425
3160, 3224, 0.0056079512205046015
3397, 9343, 0.005031404360804956
4691, 9478, 0.004933869416179826
359, 537, 0.004743325569765099
3387, 9343, 0.004642256057616422
3027, 9356, 0.0046358120906819416
8569, 9343, 0.004557327640303915
10091, 10728, 0.004464684198260374
4439, 9478, 0.004381178867298288
4171, 9756, 0.0042833780423680535
455, 578, 0.004123672072772968
10915, 10984, 0.0038456331143780055
3027, 9320, 0.0036465352509387583
8666, 9343, 0.003542347090949468
8569, 9756, 0.0035085899985233065
2821, 2910, 0.003495219670047857
1081, 1197, 0.0033358629758626604
3397, 4330, 0.00332578065087175
1077, 1995, 0.003302372140725336
3387, 4330, 0.003190017251450597
3312, 9478, 0.0031524875882449712
1077, 2243, 0.0030565314679894305
9911, 10031, 0.0030500960906795853
9911, 9992, 0.0029454302170617845
3397, 8813, 0.002910478985809754
2301, 2637, 0.0028901746575834067
10392, 10448, 0.0028765457256534335
8666, 9756, 0.002866493819941775
3387, 3866, 0.0027867160676240087
3397, 8205, 0.002729160686599593
3027, 6986, 0.002706887345333574
3387, 8813, 0.002685371266856203
3027, 5816, 0.0026207411715773064
8384, 9478, 0.0025913055981949614
359, 446, 0.0025875932448834516
3397, 3866, 0.002579937915138351
3387, 8205, 0.0025180768272714646
645, 736, 0.002462515159683566
7155, 9478, 0.002435145331363249
359, 616, 0.002405848170875626
10652, 10728, 0.002380505613880529
3919, 9478, 0.00237749757052852
3027, 3164, 0.0023647844619580465
9538, 9756, 0.002363202171617249
8384, 8448, 0.002353835822069271
3397, 8421, 0.0022630077895422823
1077, 1649, 0.0022575204090952636
4171, 8159, 0.0022385932447436334
10392, 10728, 0.0022161439051818816
1077, 2193, 0.0021324636912347134
10548, 10680, 0.002124363137399533
9865, 9983, 0.002115707111106134
3387, 8421, 0.0020879780009879943
1077, 2161, 0.0019037516427992658
10527, 10728, 0.0018993823964613956
1071, 1173, 0.0018835835262391541
1077, 1286, 0.0018625602494323956
4762, 9756, 0.0018621217714921106
3831, 9478, 0.0018310682804368815
8955, 9343, 0.0016858489010057368
9172, 9478, 0.0016524226618145211
11137, 11259, 0.0016509006071330939
8955, 9756, 0.0016326046311887915
3160, 9478, 0.001620877074532672
4171, 9343, 0.0016073575824709604
8569, 8665, 0.0016017729839051286
2168, 2243, 0.0015765557136251137
3027, 8665, 0.0015653750102026297
3378, 9756, 0.001497118266823177
3027, 3685, 0.0014928226311635212
864, 925, 0.0014771813528554891
4171, 8813, 0.0013134983223589635
10548, 10788, 0.001300602586925977
10091, 10286, 0.0012990650744232743
10915, 11019, 0.0012842250361493905
2570, 2680, 0.0012693188872835539
3027, 3550, 0.0012663067559238262
6256, 9756, 0.0012438213169209955
1077, 1283, 0.001214821103473602
371, 736, 0.0012031626354154547
3378, 8159, 0.0011010194320579167
10091, 10169, 0.0010974965164605036
1309, 2637, 0.0010681512604315193
3406, 9756, 0.0010460048032824916
7155, 8159, 0.0010443859643960763
10051, 10279, 0.0010384864647276738
10915, 11039, 0.0010265765398330012
8930, 9756, 0.0010181430125527193
9605, 9689, 0.0010158537487765717
3027, 3300, 0.0010037979543203862
10594, 10649, 0.0010014740306280505
8721, 9756, 0.0009785299180020803
9865, 10279, 0.0009708525121697071
413, 736, 0.0009649754707815587
10548, 10598, 0.0009277243562731977
864, 931, 0.0009183759066409218
378, 736, 0.0009150771117427428
9865, 9989, 0.0009048293963891754
4171, 8205, 0.0008717352014495121
6319, 9756, 0.0008476265679309409
8360, 9756, 0.0008438576097480747
3406, 8159, 0.000834776154886362
1343, 2637, 0.0008173518974976754
363, 578, 0.0007961598604256559
1071, 1197, 0.0007929934737310176
455, 742, 0.0007901528321201813
3378, 9343, 0.0007756136589243658
1309, 2221, 0.0007663780310099167
3027, 3953, 0.0007599246950400153
3397, 8079, 0.0007272158058693968
10365, 10728, 0.0007229774553947878
4691, 9756, 0.0007220728672835618
4171, 8421, 0.0007217381965561238
359, 923, 0.0007133709661927874
4192, 4330, 0.0006761533284784714
11132, 11279, 0.000673116432463137
2301, 2372, 0.0006725236473392137
3387, 8079, 0.000670970118460428
4288, 4330, 0.0006618483418702587
3397, 8307, 0.0006569141819830612
10915, 11076, 0.0006503665431190896
4439, 9756, 0.0006493619369626488
9617, 9756, 0.0006353243501553001
6319, 8159, 0.0006352841041834566
1566, 2637, 0.000634426185422041
3378, 4330, 0.0006247889833627235
359, 583, 0.0006225325551425889
4762, 8159, 0.0006134583731396859
3387, 8307, 0.0006061058944896875
508, 578, 0.0005981749542432332
864, 1173, 0.0005959623070998127
8360, 8813, 0.0005733877687379317
1143, 1197, 0.0005648406295913871
7155, 9756, 0.0005635020374979525
455, 537, 0.000559803541956488
10527, 10594, 0.0005476851168551113
3378, 3866, 0.0005448822612752132
1407, 2637, 0.0005211392449862802
8384, 8813, 0.0005139643648590479
1801, 2637, 0.0005069856261499408
2168, 2637, 0.0005065886843781605
3027, 6116, 0.000504309477456591
359, 649, 0.0004874394874114069
8388, 8448, 0.00048256207348679073
861, 923, 0.0004707382592873734
1077, 1330, 0.0004704460125544505
871, 923, 0.0004679036875786716
3919, 9756, 0.00046721979884561715
3312, 9756, 0.000460336474617297
3378, 8813, 0.0004539206909025469
3027, 4046, 0.0004523857353770673
684, 736, 0.00045013243545920825
359, 454, 0.0004354750993992767
3033, 3149, 0.00043530237214502133
9878, 9932, 0.00043077845196264514
3406, 4330, 0.00042820646320079227
1275, 2637, 0.0004243495297084127
1343, 2221, 0.0004228509480475596
3397, 3550, 0.000421527018295481
3397, 5816, 0.0004053002809435992
10919, 11007, 0.0004018879888965845
16, 73, 0.0003976842720852536
10091, 10334, 0.00039694726841526433
3919, 4330, 0.0003932422180356584
1275, 1330, 0.0003907065061658947
2570, 2669, 0.00038903602042009616
1275, 2221, 0.00038793391752278076
4644, 9756, 0.00038645318050368625
217, 283, 0.00038617036702217906
5, 73, 0.0003829697946064454
10580, 10728, 0.00037614746412826996
3387, 5816, 0.00037385985969365067
3027, 3376, 0.00037260715140254404
10610, 10728, 0.00037219270227748175
3397, 3685, 0.00036651763161680455
1566, 1649, 0.0003632528266694505
3027, 5644, 0.00036175938881389565
359, 658, 0.00035671904138773235
3027, 6531, 0.00035611766165047484
239, 283, 0.00035250586811175807
3387, 3550, 0.0003514582907549839
11, 73, 0.00034236170739786767
645, 704, 0.0003402411200455833
4662, 9756, 0.00033814513303073496
1801, 2221, 0.0003353678464831785
3027, 5599, 0.00033404075989808745
2099, 2161, 0.000329936133072936
1197, 2221, 0.00031865814418925796
3387, 3685, 0.00031796483109472847
3027, 6682, 0.00031654966681010215
1407, 2221, 0.00031454755736233774
1077, 1237, 0.000314225716225441
1566, 2221, 0.00030672871542101896
4171, 5816, 0.0003012819360389859
1081, 2221, 0.0002957211897455054
508, 736, 0.00029477075053889755
1077, 1917, 0.0002931697999837525
3831, 4330, 0.0002915167655015339
3397, 3479, 0.0002912401327189684
9865, 10031, 0.0002905078082748855
359, 633, 0.0002885118961785757
1197, 2637, 0.0002864036946151156
1077, 2372, 0.00028590977096578323
1077, 1520, 0.00028491848089032783
1077, 2680, 0.0002803985163505052
1081, 2637, 0.00027889260406434784
3831, 9756, 0.00027248929203598394
3406, 3866, 0.0002674759154381501
8384, 9756, 0.0002656126800760138
678, 736, 0.00025970870107249177
1077, 1851, 0.00024817207606873124
3160, 9756, 0.00024353397635405721
9865, 9940, 0.00024118218081167184
10934, 11013, 0.00023804186639558183
864, 1197, 0.0002371387549159956
455, 704, 0.00023596421609277748
10586, 10728, 0.00023587419912050067
4171, 8079, 0.0002322263595058999
2161, 2243, 0.00023123419071162323
3027, 5858, 0.00022719812240456382
363, 742, 0.00022524025571474824
864, 973, 0.00022419548463463066
3406, 8813, 0.00022389426452894964
10091, 10193, 0.00021957403506328623
3312, 4330, 0.00021954700401790364
3660, 9756, 0.00021818223633660632
864, 964, 0.000214311159515899
3027, 3082, 0.0002135347677259571
1077, 1455, 0.0002131219144901542
3027, 7036, 0.0002099084792895346
4171, 8307, 0.00020970957818536242
3027, 3995, 0.00020947567878005496
4288, 9756, 0.00020844711764045584
3387, 3451, 0.00020125973445355585
11077, 11279, 0.00019509410717719912
10091, 10448, 0.00019346478597992276
2161, 2637, 0.00019226349145528302
3397, 3953, 0.00018920318468488995
3027, 3826, 0.00018859137231568777
3660, 3866, 0.00018650163766576158
1780, 2637, 0.00018435029954326807
3230, 9756, 0.00018215712374783922
681, 736, 0.00017953706695079792
9911, 10013, 0.0001775290915844612
4762, 4832, 0.00017679429589983434
3027, 3479, 0.0001758924079901996
10548, 11007, 0.00017236179706003202
1309, 2243, 0.00017174207978620023
10613, 10728, 0.00017130099347780677
3660, 4330, 0.0001678827932132887
3312, 3866, 0.00016751727512814791
3397, 3451, 0.00016650146235990093
1077, 1240, 0.00016342424996508318
10392, 10445, 0.00016334817660548299
10091, 10187, 0.00016307099509535252
3027, 8490, 0.00015612465689995628
4192, 9756, 0.0001540971554432448
3387, 3479, 0.000153683908146037
2163, 2221, 0.00015356167295143262
5, 114, 0.0001531874722040796
1780, 2221, 0.00015287161180711697
3387, 3953, 0.0001491538229012995
16, 114, 0.00014519128925733946
5083, 9756, 0.0001429402792833978
3974, 4330, 0.00014159964425007658
10080, 10279, 0.00014071954839365482
3494, 3550, 0.00013944609303416115
10915, 11022, 0.00013918325524057192
1309, 1995, 0.00013875401252232646
3312, 3376, 0.000138512118154023
371, 578, 0.00013659714769355367
10677, 10728, 0.00013623504800349182
1309, 1649, 0.00013573543698487328
10449, 10594, 0.00013552211830622252
11132, 11259, 0.0001340917467967153
2475, 2637, 0.00013351340266540382
4211, 4330, 0.00013185826060980926
413, 578, 0.0001308168295556886
2570, 2910, 0.00013008917716910155
10091, 10147, 0.0001299526922711219
3027, 4010, 0.00012786307145589313
9605, 9788, 0.00012675017149392184
1309, 2161, 0.0001244339814003173
3863, 9756, 0.0001230260225654507
3397, 8665, 0.0001228403966641098
341, 736, 0.00012055234080483553
11176, 11279, 0.00011957368362435195
359, 775, 0.00011737351955182332
859, 923, 0.00011727196692976531
2099, 2221, 0.0001152719631545916
2771, 2910, 0.000114188983410343
3387, 8665, 0.00011333944454480984
10477, 10728, 0.00011302530429907876
10365, 10448, 0.00011100306404802985
3863, 4330, 0.00010871376742306227
10091, 10210, 0.00010543511079631956
1077, 2090, 0.000104969842115322
9605, 9932, 0.00010494584037803706
9865, 9910, 0.00010403255064601175
3027, 4063, 0.00010391368703691844
3406, 3479, 0.00010272595555940353
10091, 10301, 0.00010182139201966143
455, 616, 0.00010068931709063572
11, 114, 9.815935893271332e-05
1077, 2012, 9.801841531635346e-05
378, 578, 9.678966122490468e-05
4762, 5816, 9.569502792319148e-05
9605, 9965, 9.569114198604291e-05
10091, 10230, 9.547913233988742e-05
223, 736, 9.501393173358298e-05
1801, 1851, 9.489128315612413e-05
3027, 5379, 9.41060491402793e-05
10475, 10728, 9.31316320850613e-05
1309, 1374, 9.266509795323257e-05
1801, 1995, 9.130761067162935e-05
1077, 2669, 9.098377647889772e-05
664, 736, 9.035431205938134e-05
1077, 1305, 8.945855468732187e-05
359, 448, 8.869182215733097e-05
1566, 2243, 8.740673060268127e-05
393, 736, 8.676691493439963e-05
223, 314, 8.652645035248345e-05
1407, 2243, 8.640097454966383e-05
1343, 1649, 8.536598283244192e-05
3397, 6986, 8.52048108610622e-05
1309, 1380, 8.515320311287585e-05
1071, 2637, 8.498052794088722e-05
1071, 2221, 8.243216325789741e-05
3894, 3953, 8.229376906005402e-05
9865, 9992, 8.219828626914657e-05
1077, 1380, 8.037661554830789e-05
3387, 6986, 7.855739825544925e-05
1566, 1995, 7.849867659013939e-05
1275, 2243, 7.818911351551306e-05
1275, 1649, 7.72906208386388e-05
1343, 2243, 7.711602399750247e-05
10091, 10343, 7.711552122301043e-05
3033, 3224, 7.68202130251823e-05
2570, 2682, 7.68059355429335e-05
1077, 2486, 7.521890002487971e-05
1028, 1173, 7.412549291432023e-05
3230, 3300, 7.297352960807897e-05
2099, 2637, 7.289217084676896e-05
3027, 8448, 7.053110138855225e-05
645, 742, 7.052264699150783e-05
2512, 2637, 7.002902775251299e-05
1077, 1801, 6.995574457108133e-05
1197, 1286, 6.956592674018253e-05
10449, 10649, 6.94115826651165e-05
10915, 11279, 6.896223636713314e-05
1317, 2637, 6.891057767248681e-05
359, 823, 6.832483347285591e-05
10091, 10594, 6.827894221630026e-05
1801, 2243, 6.659717945289297e-05
3919, 3995, 6.582255650655633e-05
2301, 2680, 6.53098671117007e-05
1077, 2015, 6.515362540738189e-05
1343, 1995, 6.501170669799414e-05
1407, 1649, 6.376843011114148e-05
2570, 2713, 6.327709315729882e-05
363, 704, 6.318800952122138e-05
1343, 2161, 6.193490297242155e-05
1780, 1851, 6.0694310767690693e-05
10091, 10370, 6.036680009188224e-05
1275, 1337, 5.943681122370224e-05
3230, 4330, 5.8724364650209966e-05
9605, 10279, 5.832412475682351e-05
3160, 3866, 5.7014980552169415e-05
3378, 5816, 5.6857716743904714e-05
1077, 1452, 5.677639574616335e-05
1801, 2161, 5.657865095123121e-05
3494, 4330, 5.657786716600084e-05
1077, 1317, 5.577951539487183e-05
1680, 2637, 5.4566813315631476e-05
1309, 2193, 5.455991234985762e-05
3406, 3550, 5.421946825750145e-05
1197, 1283, 5.417960505233388e-05
1566, 2161, 5.403346512492387e-05
3397, 3995, 5.282177526421158e-05
2849, 3149, 5.252266796478094e-05
1197, 2243, 5.2233375308197524e-05
3378, 3685, 5.20280252825227e-05
1275, 1995, 5.1870964869973175e-05
3378, 3550, 5.150854435157914e-05
1503, 2637, 5.142824511541499e-05
3974, 4046, 5.13240547561385e-05
3387, 4046, 5.116971467897179e-05
1407, 2161, 5.107081537606245e-05
3494, 3866, 5.073059069858757e-05
10449, 10547, 5.0357579638360366e-05
1780, 1995, 4.99971932103352e-05
1077, 1374, 4.9969413707854604e-05
3160, 4330, 4.9619151637771886e-05
3387, 3995, 4.9554819485798414e-05
3397, 4046, 4.86750276528933e-05
10548, 10842, 4.8205772666960805e-05
10548, 10770, 4.7798442825045464e-05
10580, 10649, 4.7778208223459006e-05
1077, 1337, 4.75426218513377e-05
1081, 2243, 4.7011642708469684e-05
3397, 5599, 4.7000623241002295e-05
10091, 10649, 4.676671347182974e-05
3397, 3826, 4.6235072114912105e-05
1680, 2221, 4.6223107107164786e-05
10895, 11007, 4.611511980141664e-05
10928, 11007, 4.497731010194128e-05
1077, 2394, 4.485457819058403e-05
10491, 10728, 4.4399587513056644e-05
10586, 10649, 4.439051330989502e-05
2123, 2221, 4.3842420110138935e-05
1343, 2193, 4.3770016472222535e-05
10673, 10788, 4.364607069619844e-05
3397, 6116, 4.354269314999127e-05
3387, 5599, 4.336541297535124e-05
6049, 6116, 4.3190247893604466e-05
3406, 5816, 4.318967739000025e-05
371, 742, 4.266828413983009e-05
618, 736, 4.260470631502229e-05
45, 114, 4.2489754703718396e-05
1077, 1580, 4.237256097245614e-05
1077, 1910, 4.232024349874165e-05
3387, 3826, 4.231126291977974e-05
10396, 10728, 4.189269678711974e-05
21, 73, 4.1870868379712576e-05
1077, 1886, 4.177250008932078e-05
3406, 3685, 4.176704183433745e-05
9911, 10728, 4.152110391603898e-05
2570, 2659, 4.102004280776767e-05
1407, 1995, 4.085782210810831e-05
1343, 1400, 4.085203632260278e-05
1407, 1455, 4.06726508720673e-05
3031, 3149, 4.064649169772384e-05
1147, 1197, 4.045598980963836e-05
1317, 2221, 4.0280252966482865e-05
10484, 10728, 4.010790575510601e-05
1081, 1995, 4.0044649495685666e-05
3230, 3866, 3.944570489971534e-05
363, 537, 3.9218114362397756e-05
1077, 1604, 3.906342976755586e-05
1197, 1995, 3.831970783302591e-05
1077, 2713, 3.8193897756071535e-05
11176, 11259, 3.818020607423307e-05
10548, 10677, 3.697434792567479e-05
5543, 5599, 3.6856444408200365e-05
1275, 2161, 3.677569592824316e-05
3894, 4330, 3.676365502402679e-05
3033, 3866, 3.6418333251844945e-05
1077, 1928, 3.6343370734891273e-05
4691, 5816, 3.615738800017852e-05
1077, 1925, 3.5998682682784926e-05
1275, 2193, 3.578118759137319e-05
868, 923, 3.5539476618745684e-05
10594, 10680, 3.517771065155483e-05
2123, 2193, 3.465071138210481e-05
10396, 10448, 3.358074700116186e-05
864, 2221, 3.357738210881433e-05
359, 469, 3.3200118780513326e-05
1077, 1547, 3.301875599578268e-05
1801, 2193, 3.213564977080918e-05
10392, 10594, 3.203600368533041e-05
1081, 1649, 3.191016378384928e-05
16, 82, 3.190114357782853e-05
1197, 2161, 3.179632760669689e-05
223, 307, 3.171804978503912e-05
2570, 2877, 3.1711792007617545e-05
3033, 4330, 3.167675472507701e-05
413, 742, 3.1465572204212565e-05
2771, 2877, 3.1327684551709656e-05
21, 114, 3.123904476654877e-05
378, 742, 3.12137647050464e-05
455, 583, 3.1159103518154245e-05
1566, 2193, 3.102587347311269e-05
11077, 11259, 3.0822070080785736e-05
10085, 10279, 3.0664490207403366e-05
1077, 1400, 2.9738708084379348e-05
3397, 5644, 2.92868696184056e-05
3831, 3953, 2.901034283343815e-05
10091, 10213, 2.88205703461224e-05
684, 742, 2.8647816983302047e-05
363, 446, 2.8639461561603836e-05
4171, 5599, 2.811925164355387e-05
1028, 1197, 2.8088175759955292e-05
1407, 2193, 2.7879473658497043e-05
1081, 2193, 2.7528891057083328e-05
3387, 5644, 2.7021709674893816e-05
1197, 1649, 2.6735377139661905e-05
1197, 2193, 2.669194625217388e-05
10207, 10279, 2.6229114011542343e-05
1309, 1520, 2.599403114220059e-05
1077, 1637, 2.5917193520900144e-05
5623, 5816, 2.5881294592755784e-05
1780, 2161, 2.5864526613215032e-05
10091, 10315, 2.5692530841111866e-05
10527, 10649, 2.567821278816742e-05
10449, 10613, 2.5606950025348105e-05
1780, 2243, 2.555655067100731e-05
5083, 5816, 2.5459234747100486e-05
3406, 3953, 2.5126640489643374e-05
10070, 10279, 2.5054238987729994e-05
1503, 2221, 2.4546569115604942e-05
3863, 3953, 2.429264577469396e-05
3397, 4010, 2.4108294441626544e-05
1081, 2161, 2.3650607993398783e-05
10091, 10392, 2.314496414143102e-05
1081, 1286, 2.31350422666115e-05
378, 446, 2.2833526255211507e-05
2051, 2221, 2.2387261032776463e-05
363, 616, 2.2071126578102857e-05
4058, 4330, 2.1930365464986756e-05
3397, 4063, 2.1748466081872887e-05
10063, 10279, 2.1717641670197326e-05
2570, 2766, 2.1591114693779258e-05
10866, 11007, 2.124916777206797e-05
4662, 5816, 2.0855440128154743e-05
11149, 11279, 2.0691045180451674e-05
11132, 11176, 2.0429501069034223e-05
3378, 3953, 2.0146065631904964e-05
3378, 3479, 2.0012063634429338e-05
10934, 11019, 1.9992999123987934e-05
1077, 1499, 1.9859106461590968e-05
3387, 4063, 1.976987993358296e-05
3027, 3451, 1.9479774985359467e-05
3672, 3866, 1.946799621622083e-05
864, 937, 1.918303435391301e-05
93, 151, 1.917316075396879e-05
4762, 5599, 1.915845115068433e-05
3312, 5816, 1.9149982353184345e-05
3387, 4010, 1.899716407932597e-05
1077, 2168, 1.8855360028136937e-05
10548, 10839, 1.8690475956421037e-05
1275, 1340, 1.8541839563545578e-05
1309, 2680, 1.8484542708514045e-05
10934, 10984, 1.8304338320137133e-05
2849, 3224, 1.8240504267887976e-05
864, 996, 1.8055694790163657e-05
2259, 2637, 1.8038751803030324e-05
1077, 2910, 1.7727074832796103e-05
4439, 5816, 1.769557304664992e-05
2099, 2243, 1.765839457350021e-05
1077, 2766, 1.7488482235956692e-05
1407, 1520, 1.7419628504742595e-05
10449, 10680, 1.738156541120889e-05
1309, 1851, 1.7363122421412068e-05
3047, 3149, 1.736188103611414e-05
1077, 1340, 1.7341792259852543e-05
3863, 3922, 1.727423028888739e-05
10392, 10649, 1.722163265243861e-05
10449, 10788, 1.7180888415022028e-05
2301, 2394, 1.7110253525919277e-05
1077, 2682, 1.696112881157119e-05
140, 189, 1.6881892701242748e-05
1309, 1455, 1.664628324069499e-05
3027, 10279, 1.6384502889563197e-05
1275, 2680, 1.60731273219717e-05
2301, 2669, 1.607097783287455e-05
10213, 10279, 1.5982792661972817e-05
3312, 3685, 1.5934407066602153e-05
2123, 2637, 1.5860085534033595e-05
4192, 5816, 1.5814022809311126e-05
411, 736, 1.54784898584809e-05
1673, 2221, 1.544175462202873e-05
2821, 2879, 1.5300783605022683e-05
1780, 2193, 1.5264104928389858e-05
10527, 10613, 1.504012154470662e-05
1081, 1283, 1.5028802051594083e-05
2301, 2910, 1.5011753288685975e-05
3919, 4046, 1.487803854968447e-05
11, 82, 1.4836251984178415e-05
455, 923, 1.4692120165818598e-05
2099, 2193, 1.4411889363409174e-05
864, 961, 1.4397176405489823e-05
11077, 11121, 1.4338912070189924e-05
1673, 2637, 1.4292554962140727e-05
1309, 1917, 1.4208684339769689e-05
359, 478, 1.4173900180100646e-05
1801, 1917, 1.4056644493382926e-05
1566, 2680, 1.3939011220589731e-05
5533, 5599, 1.3737548178043864e-05
6256, 6986, 1.3733109711441467e-05
1343, 2680, 1.3515267278877198e-05
455, 649, 1.3420571485009142e-05
3378, 3451, 1.3419008229496125e-05
413, 704, 1.3301450474387486e-05
464, 736, 1.3221555362653195e-05
1343, 1520, 1.314616763488878e-05
3268, 4330, 1.313573772330361e-05
1343, 1455, 1.3106718946347442e-05
3672, 4330, 1.3055469647489121e-05
1566, 1637, 1.3029763577461673e-05
3312, 3550, 1.3016592967498178e-05
4171, 5644, 1.29229494948321e-05
4171, 6986, 1.291040664498233e-05
1739, 2221, 1.2714053329922623e-05
341, 578, 1.269414259516826e-05
3076, 3149, 1.259053433880298e-05
10091, 10445, 1.2571313973498954e-05
10564, 10728, 1.2566072367619955e-05
371, 446, 1.2563210839568655e-05
3715, 3866, 1.2496770560233504e-05
2026, 2221, 1.2253541240564272e-05
6319, 6986, 1.2238103065570803e-05
10548, 10767, 1.2041094298232467e-05
1197, 1330, 1.2007052721364162e-05
2051, 2637, 1.1654529203078381e-05
2168, 2680, 1.1626591943686468e-05
1309, 2372, 1.1611058123978276e-05
5, 82, 1.1601488879658098e-05
413, 537, 1.1583936680485588e-05
10365, 10445, 1.1491810125231095e-05
1071, 1995, 1.132823451174343e-05
2026, 2637, 1.12226543785107e-05
3397, 6531, 1.1209531258884266e-05
455, 658, 1.1071492199417323e-05
1077, 2659, 1.1046512887854993e-05
3268, 3866, 1.1038988711416558e-05
1503, 1649, 1.091796507505684e-05
393, 578, 1.0796013051220631e-05
10091, 10613, 1.0621664548926093e-05
371, 704, 1.0570831993486028e-05
1739, 2637, 1.0514004001413009e-05
10594, 10788, 1.043619545396418e-05
3387, 6531, 1.0334998722120985e-05
3387, 3922, 1.0292977048421362e-05
3027, 4097, 1.0270760362461692e-05
1275, 1520, 1.0066412502004265e-05
3378, 4046, 9.975478540325405e-06
223, 578, 9.933218473570841e-06
2574, 2680, 9.865070304605031e-06
508, 742, 9.7153134428667e-06
455, 633, 9.519682172789516e-06
1317, 2243, 9.366808346349267e-06
2849, 3866, 9.31521756312243e-06
3616, 3685, 9.247455243370726e-06
1317, 1380, 9.215510084483565e-06
9911, 10286, 9.209015925347071e-06
2018, 2221, 9.192648178461067e-06
10915, 11259, 9.187705863889207e-06
1503, 1995, 9.132251626694502e-06
10091, 10788, 9.023278859525835e-06
3919, 4010, 8.955866991475721e-06
10449, 10501, 8.948887614502648e-06
3027, 3998, 8.93572567804147e-06
1317, 1995, 8.657458689651281e-06
10934, 11039, 8.585807176243276e-06
10091, 10547, 8.574702143152625e-06
10392, 10547, 8.568094348336108e-06
2168, 2372, 8.472644237137761e-06
1071, 2243, 8.329041669511052e-06
678, 742, 8.288836510545729e-06
864, 2161, 8.09011509943385e-06
537, 736, 8.071692802856883e-06
1680, 2243, 8.022191173767677e-06
378, 704, 7.98013803266049e-06
681, 742, 7.947359815951802e-06
2123, 2243, 7.900349509211753e-06
10610, 10680, 7.866562769350254e-06
864, 2243, 7.838533978093447e-06
10091, 10307, 7.818127976832528e-06
3397, 3922, 7.808004835840889e-06
3387, 4832, 7.773182526444618e-06
1566, 1851, 7.764545214067858e-06
10091, 10680, 7.747209307331853e-06
1680, 1995, 7.746564304688572e-06
4288, 5816, 7.703083172330946e-06
21, 82, 7.6751957676159e-06
3899, 3953, 7.6221882491236165e-06
864, 1995, 7.610948924707184e-06
3480, 3550, 7.573731261782902e-06
10343, 10728, 7.494386940569886e-06
864, 1037, 7.465604537734821e-06
3660, 3953, 7.46066783014321e-06
10095, 10279, 7.418948488067205e-06
1343, 1851, 7.360116441303527e-06
10365, 10594, 7.3539949094183185e-06
4140, 4330, 7.334551920017508e-06
359, 512, 7.330614012333813e-06
11077, 11176, 7.32720820024306e-06
1801, 2680, 7.311068094922692e-06
4762, 5644, 7.291608955260579e-06
371, 537, 7.255294746124411e-06
696, 742, 7.142481247894299e-06
3027, 3922, 7.060940784944838e-06
3031, 3224, 6.973424518893896e-06
3715, 4330, 6.968020483952568e-06
1503, 2243, 6.850162893248698e-06
1317, 2161, 6.807300761149696e-06
3518, 3866, 6.789953338460566e-06
1343, 2372, 6.77027874016375e-06
378, 537, 6.733390267670765e-06
9865, 10728, 6.6966383053254605e-06
3164, 3224, 6.666430736902322e-06
2849, 2952, 6.6315997539632675e-06
1317, 1649, 6.626984375496284e-06
1407, 2680, 6.598332822575829e-06
1197, 2680, 6.58214694526436e-06
10051, 10728, 6.571544912013144e-06
3518, 4330, 6.558589663540488e-06
1566, 1917, 6.546530855686613e-06
2018, 2637, 6.5337312279104745e-06
4171, 4832, 6.511953159192016e-06
10392, 10613, 6.510255534241419e-06
3831, 4046, 6.503441621383565e-06
3160, 3300, 6.499630864062529e-06
363, 923, 6.482199815557286e-06
1275, 1455, 6.475688875277792e-06
3397, 4832, 6.473194079174642e-06
1071, 2161, 6.470034657160299e-06
1081, 1330, 6.460771570240339e-06
1071, 1286, 6.436102916130385e-06
1071, 1649, 6.3921225325874455e-06
3378, 6986, 6.351612741956264e-06
1309, 1400, 6.0085075218082336e-06
1343, 1917, 6.005972089548352e-06
10112, 10279, 5.899290110814335e-06
363, 583, 5.897121971017697e-06
2051, 2161, 5.851458782502967e-06
1071, 2193, 5.766971398765015e-06
459, 736, 5.755629080410856e-06
1391, 2637, 5.742848622585168e-06
2230, 2637, 5.741524329953264e-06
10392, 10680, 5.714797292907785e-06
10934, 11076, 5.665512941122577e-06
1309, 2910, 5.655601704150615e-06
2748, 2910, 5.650182776235945e-06
3378, 3826, 5.64537932882604e-06
10477, 10547, 5.5928395389695005e-06
3027, 3623, 5.561003440938945e-06
3406, 4046, 5.491822013048423e-06
3406, 3826, 5.488180133343594e-06
3378, 3995, 5.474572662148784e-06
1343, 2910, 5.372817260065021e-06
455, 512, 5.3170859730472e-06
864, 1649, 5.294722729530575e-06
10365, 10649, 5.286533592823291e-06
6319, 6531, 5.274636540204479e-06
1275, 2910, 5.204338233789479e-06
1407, 1917, 5.196470726694243e-06
1317, 1374, 5.194716770917747e-06
2163, 2243, 5.135757618608776e-06
3494, 3685, 5.111604911630556e-06
1780, 1917, 5.0773394485408115e-06
3160, 3550, 5.076631035445683e-06
3160, 3685, 5.057058057610418e-06
1309, 1801, 4.979086746314143e-06
3027, 3713, 4.959932971434317e-06
1680, 2161, 4.945403094155778e-06
10613, 10680, 4.923132849891933e-06
1275, 1851, 4.907293975157868e-06
4691, 4832, 4.863357150965319e-06
10527, 10680, 4.861511267697127e-06
3033, 3164, 4.825152634374214e-06
3406, 6986, 4.815695988350697e-06
10392, 10788, 4.78683140642951e-06
864, 2637, 4.730176430675764e-06
3397, 6682, 4.725941359093352e-06
6256, 6531, 4.7091871834612445e-06
3312, 3953, 4.708641359401501e-06
3831, 3995, 4.659157226485655e-06
1275, 1917, 4.651156077867281e-06
2051, 2243, 4.601480370615295e-06
1503, 2161, 4.5761248671990136e-06
1309, 2012, 4.5456170245046276e-06
413, 616, 4.4588321850668e-06
1391, 2221, 4.4441179635458894e-06
2214, 2637, 4.441166541801554e-06
4770, 4832, 4.4095099150069604e-06
3387, 6682, 4.36041874771543e-06
1071, 1283, 4.355767040306722e-06
1275, 1380, 4.343108220932718e-06
1407, 1851, 4.310282759818374e-06
3027, 4027, 4.3056665216727755e-06
10091, 10408, 4.275791535254867e-06
1309, 1452, 4.274226434701197e-06
371, 616, 4.270954245100099e-06
1081, 1237, 4.231580077153338e-06
1197, 1520, 4.219193912866677e-06
1081, 1520, 4.21505022018434e-06
8666, 8720, 4.210977727814415e-06
1309, 2669, 4.203523927101972e-06
10919, 11013, 4.1644023504570985e-06
10449, 11007, 4.158846011143705e-06
3899, 4330, 4.140193587579815e-06
363, 454, 4.129983192717796e-06
1081, 1917, 4.094728403573111e-06
1407, 1452, 4.056451671852118e-06
363, 649, 4.0532603734715025e-06
1081, 2680, 4.050734885405156e-06
3230, 3550, 4.0261097299647065e-06
341, 742, 4.001286920807518e-06
864, 2193, 3.8115847186312804e-06
3480, 4330, 3.804459492837348e-06
2301, 2713, 3.796646210184567e-06
1317, 2193, 3.793245022743629e-06
1309, 2090, 3.7909666382910076e-06
1028, 2637, 3.7652924516234163e-06
1037, 1173, 3.75288915187897e-06
3042, 3149, 3.7028152745959026e-06
3417, 4330, 3.692138008324008e-06
4762, 6986, 3.67800605072984e-06
2301, 2682, 3.6694259283713337e-06
9878, 10279, 3.589066779678672e-06
3863, 3995, 3.5721116154410653e-06
10789, 10842, 3.551453462079482e-06
3027, 3979, 3.5349913668562163e-06
3616, 3866, 3.5254188713798453e-06
2163, 2637, 3.5174665751189118e-06
11225, 11279, 3.5172670950878487e-06
3919, 4063, 3.504715079522611e-06
1081, 1851, 3.4866468353295813e-06
10673, 11007, 3.4722098100683714e-06
2161, 2680, 3.470383778528282e-06
1077, 2596, 3.447293358284056e-06
2168, 2669, 3.440705794692749e-06
3406, 3995, 3.4375690013280106e-06
11149, 11259, 3.43673135317674e-06
508, 704, 3.4239579492732075e-06
864, 952, 3.3825855488449727e-06
3669, 3866, 3.3755752928344012e-06
3863, 4046, 3.3755341884612425e-06
2574, 2669, 3.3433224721906722e-06
455, 775, 3.318404419224157e-06
2849, 2964, 3.2861253728052953e-06
3480, 3866, 3.2734165059513835e-06
1739, 1801, 3.257618291465391e-06
1846, 2637, 3.247718449110013e-06
1846, 2221, 3.234523058438445e-06
363, 658, 3.2044983775296716e-06
1275, 2669, 3.202695730733905e-06
10527, 10788, 3.161490817017754e-06
1566, 2910, 3.1614211214590484e-06
10527, 10598, 3.1553323872487007e-06
1343, 1452, 3.146019101753231e-06
1801, 2012, 3.1391058003578134e-06
3406, 4010, 3.085884162125934e-06
378, 616, 3.081296419018673e-06
3027, 3405, 3.0754020839130548e-06
1275, 1374, 3.0664441183217185e-06
10475, 10547, 3.0641739445621696e-06
3047, 3224, 3.0490494416583115e-06
4166, 4330, 3.041383561868695e-06
1343, 2012, 3.0401385613883912e-06
1780, 2680, 3.024275708699328e-06
3027, 3395, 3.0084522359188314e-06
10491, 10547, 2.9961132827430593e-06
3312, 3479, 2.9609577537922304e-06
3031, 3866, 2.960501354216948e-06
3417, 3479, 2.9595205633069922e-06
1343, 2669, 2.9493279786866302e-06
179, 283, 2.947376191878753e-06
1739, 2243, 2.94472437591516e-06
2452, 2637, 2.9372888425000923e-06
455, 823, 2.934719902096427e-06
223, 742, 2.9341565341463413e-06
2026, 2243, 2.9286615374489225e-06
10154, 10279, 2.9272688445218722e-06
3378, 4010, 2.924115864688819e-06
1680, 2193, 2.9184372442917405e-06
1081, 1455, 2.9078153747952094e-06
1492, 2637, 2.8995762585908383e-06
393, 742, 2.887768754542713e-06
10484, 10547, 2.8547276824801383e-06
3230, 3685, 2.842375127765733e-06
1462, 1520, 2.8417038533361414e-06
359, 964, 2.8309974943775265e-06
10136, 10279, 2.825685538202113e-06
1566, 2669, 2.824106973301012e-06
1407, 2910, 2.7945105595832597e-06
359, 973, 2.7768239429803687e-06
864, 1286, 2.739576111758909e-06
2051, 2193, 2.736670948985731e-06
3031, 4330, 2.7267420607875553e-06
1739, 1995, 2.6945639862308152e-06
10091, 11007, 2.683108054206133e-06
6319, 6682, 2.6817094678261335e-06
1801, 2910, 2.679811907304114e-06
1503, 2193, 2.678433671531025e-06
1243, 2637, 2.6725440349874715e-06
10915, 11121, 2.6622371499565197e-06
2026, 2161, 2.6601808792705764e-06
1462, 2637, 2.657199375599774e-06
3660, 4046, 2.6315401842769728e-06
3974, 4063, 2.6172136750888934e-06
3417, 3866, 2.6139233016281438e-06
1343, 2090, 2.6078425530015436e-06
508, 583, 2.606108601302087e-06
464, 578, 2.5818024733051012e-06
5, 151, 2.5796141569695753e-06
3406, 3451, 2.5770873127022157e-06
3397, 10279, 2.5722588935693097e-06
3312, 4046, 2.5720504424265056e-06
3534, 4330, 2.52018469046757e-06
1197, 1455, 2.518431444362286e-06
6256, 6682, 2.509141609878944e-06
1028, 2221, 2.4818615855964346e-06
1462, 2221, 2.4584189258067303e-06
3027, 8759, 2.444565589178906e-06
3160, 3953, 2.44037210292526e-06
1197, 1851, 2.4356170567626948e-06
3660, 3826, 2.434236063387154e-06
363, 633, 2.419522256975764e-06
1801, 2090, 2.4073536604633707e-06
2168, 2910, 2.3911320345235144e-06
1566, 1801, 2.3894646361708226e-06
3387, 10279, 2.3742678868501103e-06
1673, 2243, 2.3737565426164966e-06
3033, 3550, 2.3636348288780376e-06
2026, 2090, 2.35597546592291e-06
1081, 1240, 2.3556254910337964e-06
10548, 11013, 2.354340141470985e-06
3378, 4063, 2.337320623477306e-06
1673, 1995, 2.3285377313841057e-06
3669, 4330, 2.3254174187787766e-06
3033, 3685, 2.320972159873345e-06
3534, 3866, 2.311046796286179e-06
3831, 3922, 2.3106591482384468e-06
3027, 3869, 2.295710850176546e-06
3831, 4010, 2.2885077293810883e-06
1407, 2012, 2.2684410019215063e-06
16, 151, 2.2625627898564475e-06
3027, 3572, 2.255396110850917e-06
1309, 2713, 2.2374156520540864e-06
2301, 2877, 2.237064122854509e-06
3027, 3694, 2.224592086268719e-06
2475, 2680, 2.2208081047980314e-06
1197, 2910, 2.184401113672767e-06
2723, 2910, 2.1656624366225954e-06
1197, 1917, 2.1576135399586486e-06
393, 446, 2.135793803629661e-06
1309, 2877, 2.1044475239653557e-06
2713, 2766, 2.099585045213371e-06
1391, 1455, 2.0718365439482215e-06
3616, 4330, 2.064914288513673e-06
411, 578, 2.050548100855754e-06
2771, 2825, 2.0420789103951462e-06
1275, 2090, 2.0399073342762952e-06
508, 616, 2.0343542780294813e-06
1801, 2669, 2.0320371047082454e-06
11208, 11279, 2.029343417916509e-06
3160, 3376, 1.9923947256447725e-06
3001, 3149, 1.990386938786922e-06
3216, 4330, 1.9886862827983333e-06
1275, 2012, 1.9854946156541084e-06
1673, 2161, 1.9425237342027644e-06
1566, 2012, 1.9364458034902843e-06
3606, 3866, 1.9284119667578713e-06
864, 1283, 1.9006948964961012e-06
1275, 1801, 1.8842733516615102e-06
378, 454, 1.8779118784587513e-06
239, 314, 1.8713941386487158e-06
2821, 3149, 1.8667355349796724e-06
1566, 2090, 1.85549040089238e-06
3027, 4832, 1.8421850513608045e-06
1275, 1400, 1.8377762134364293e-06
1143, 2637, 1.8213319911292512e-06
10477, 10594, 1.8087609161591518e-06
4644, 4832, 1.802582829803798e-06
8666, 8759, 1.7955208384066815e-06
10919, 10976, 1.7858562092342349e-06
3660, 3995, 1.7584069243852e-06
3998, 4330, 1.7449440343628629e-06
3312, 3826, 1.7418030109961414e-06
10919, 10984, 1.7352288610888249e-06
3378, 3922, 1.7341407765558175e-06
2495, 2637, 1.7291703232908192e-06
140, 283, 1.7268501332729479e-06
3606, 4330, 1.7244241192086004e-06
3312, 3995, 1.7209086960221805e-06
3950, 4330, 1.7166254320098706e-06
1407, 1801, 1.7124276970556985e-06
3406, 4063, 1.710456257904717e-06
3530, 4330, 1.7064540349532395e-06
4171, 6531, 1.7024343014788252e-06
3047, 4330, 1.698113021867008e-06
3530, 3866, 1.6975836751599065e-06
2018, 2161, 1.6940464028744956e-06
4662, 4832, 1.6925066678600144e-06
3230, 3376, 1.6921291608608866e-06
1343, 1801, 1.6687982950637814e-06
11, 151, 1.6665070461221212e-06
3230, 3953, 1.6533658595873607e-06
1311, 2637, 1.638566812479328e-06
10594, 11007, 1.6269194780041352e-06
1407, 2669, 1.6214386161334585e-06
10934, 11022, 1.620931106084681e-06
1739, 2161, 1.607658755128098e-06
3193, 4330, 1.601533999397028e-06
1275, 1452, 1.5969692086539126e-06
3033, 3300, 1.5956874821553678e-06
1407, 2090, 1.5952158882731207e-06
10548, 10899, 1.5592893858132217e-06
1037, 1197, 1.5564437261355971e-06
9911, 10334, 1.5372297535523927e-06
10475, 10594, 1.529603533479201e-06
4171, 6682, 1.5115664654039492e-06
3027, 3074, 1.5074902710667993e-06
2748, 2877, 1.4972383102560169e-06
3606, 3685, 1.496258066099157e-06
3027, 4088, 1.4950384895745016e-06
3831, 4063, 1.479090111264971e-06
1081, 2669, 1.4751555400493134e-06
2346, 2637, 1.474198301650304e-06
10091, 10154, 1.4711949558977209e-06
341, 704, 1.4586039029252633e-06
2849, 2992, 1.4510449999087146e-06
2570, 2748, 1.4492890671244445e-06
4439, 4832, 1.4394879968407605e-06
1071, 1330, 1.4373009692789025e-06
11064, 11279, 1.4125586518230076e-06
664, 742, 1.411333152055838e-06
359, 1173, 1.3903716850480132e-06
10091, 10364, 1.360054727099676e-06
2301, 2766, 1.3414035443174437e-06
618, 742, 1.3408766678013475e-06
10051, 10115, 1.3344259691020554e-06
1843, 2637, 1.3306975703686807e-06
3027, 4337, 1.3280158175622771e-06
1197, 1380, 1.3236163727957519e-06
10365, 10680, 1.2882137985675355e-06
3494, 3953, 1.2822035214152087e-06
1197, 1801, 1.2698359513916718e-06
1317, 1520, 1.2502353361252535e-06
10365, 10613, 1.2426025260796537e-06
3787, 3866, 1.2365549479098645e-06
371, 923, 1.2360959437708005e-06
1081, 1305, 1.2349906889889132e-06
1077, 2733, 1.2033110711288145e-06
1197, 2012, 1.2026304078946953e-06
1197, 1337, 1.1880490595139992e-06
10673, 10770, 1.1845171414688184e-06
871, 931, 1.1828098552937008e-06
3378, 4832, 1.1793266985571246e-06
11064, 11121, 1.178819670610414e-06
371, 583, 1.1778801939276332e-06
3193, 3866, 1.1670142229153382e-06
3434, 3866, 1.1557509507643962e-06
10580, 10680, 1.1534764632271938e-06
645, 923, 1.152442159064155e-06
239, 307, 1.1426574689071653e-06
371, 454, 1.1335156840960336e-06
459, 578, 1.1317260945027463e-06
1780, 2012, 1.1237852096150124e-06
2682, 2910, 1.1152627942980623e-06
1309, 1637, 1.090057948445764e-06
10399, 10728, 1.0805774252024225e-06
2161, 2910, 1.07900241499105e-06
1081, 1380, 1.066706201845441e-06
10365, 10547, 1.0665614579196812e-06
1077, 2574, 1.0581074554757042e-06
378, 923, 1.0416339522336683e-06
223, 704, 1.038207103422343e-06
2713, 2910, 1.0379008537770173e-06
5, 189, 1.037651879318671e-06
393, 704, 1.034755092873706e-06
10934, 10976, 1.0295940571736388e-06
3027, 4583, 1.0201937049226052e-06
363, 775, 1.017467832498725e-06
359, 925, 1.0051339994229605e-06
10051, 10286, 9.973455931885911e-07
413, 583, 9.95608065694642e-07
464, 537, 9.830209198149182e-07
1317, 1455, 9.80689353729976e-07
1846, 1917, 9.773952238020492e-07
413, 923, 9.692337015936053e-07
3406, 3922, 9.673099283627256e-07
9911, 10448, 9.6679281084992e-07
2574, 2910, 9.524199498090221e-07
1780, 2910, 9.373411980657492e-07
10915, 11064, 9.369875184045883e-07
1077, 2877, 9.341478390895787e-07
3051, 3149, 9.330170768107949e-07
363, 448, 9.26836699505983e-07
871, 925, 9.226685843805705e-07
10365, 10788, 9.183483874070506e-07
10308, 10728, 9.128469383931373e-07
1071, 1237, 9.120450697816573e-07
864, 1021, 8.768614797751983e-07
3919, 3979, 8.763306588530935e-07
1071, 1520, 8.748985604460789e-07
3268, 3550, 8.684769167477605e-07
10915, 11176, 8.678001563534113e-07
359, 1197, 8.551487597822815e-07
378, 583, 8.45607131750635e-07
4171, 10279, 8.448667211533936e-07
3378, 6531, 8.356171636447779e-07
1317, 1851, 8.261709802459097e-07
413, 469, 8.175784697424336e-07
11090, 11279, 8.15253044159626e-07
1343, 1637, 8.120637742170217e-07
10789, 11007, 8.03216945740508e-07
3268, 3685, 8.016877949648546e-07
393, 454, 7.98445088601069e-07
618, 704, 7.948745265740152e-07
2849, 3685, 7.874165727095159e-07
3160, 3479, 7.839835547818254e-07
9865, 10286, 7.807982951843857e-07
3434, 4330, 7.78671800992852e-07
1197, 1374, 7.736807321628227e-07
341, 537, 7.67867032195406e-07
3230, 3479, 7.639037240523289e-07
3160, 3826, 7.627610258554178e-07
3216, 3866, 7.589122969654478e-07
359, 931, 7.577197899090086e-07
16, 189, 7.463543573043298e-07
3378, 6682, 7.427723003308286e-07
3518, 3685, 7.349686681416733e-07
1081, 1452, 7.326651854123168e-07
393, 537, 7.292224161420323e-07
3027, 3302, 7.230310583817348e-07
10392, 11007, 7.227517594292314e-07
318, 736, 7.141479100089995e-07
1081, 1801, 7.072797295848257e-07
1081, 1317, 7.036361992357471e-07
4762, 6531, 7.033207233988763e-07
1077, 2795, 7.030046748188314e-07
10477, 10649, 7.023519087549728e-07
3042, 3224, 7.022854030976765e-07
1680, 1851, 7.006741050326e-07
371, 649, 6.869382278526523e-07
1566, 2877, 6.861702149373566e-07
378, 448, 6.858804933249292e-07
3033, 3376, 6.851541378797487e-07
1343, 2877, 6.827581953101e-07
1081, 1374, 6.791285950720196e-07
9836, 10279, 6.716328047917689e-07
1197, 1452, 6.670597795961497e-07
1081, 1337, 6.616891795301032e-07
5, 283, 6.543858303087181e-07
4762, 6682, 6.540156670552627e-07
239, 736, 6.503840727319312e-07
1071, 1455, 6.489082310397109e-07
93, 189, 6.376498157743317e-07
1275, 1637, 6.365543160752388e-07
2849, 3164, 6.360105531781687e-07
1197, 2877, 6.353136645410774e-07
861, 925, 6.337189384160407e-07
3406, 6531, 6.33552199456317e-07
10586, 10680, 6.316946676921771e-07
484, 736, 6.316060578625208e-07
1391, 1649, 6.298832245151082e-07
2821, 3224, 6.250355607913103e-07
413, 649, 6.249343295939311e-07
3230, 3826, 6.240098770233768e-07
775, 923, 6.13096666971378e-07
223, 334, 6.114330096841992e-07
11, 189, 6.111128068595278e-07
1462, 1649, 6.082770376881291e-07
10449, 10598, 6.007992476319095e-07
6349, 6531, 5.892924848127914e-07
3027, 4864, 5.829452070125193e-07
223, 537, 5.768943587464256e-07
1391, 1452, 5.745001272823742e-07
371, 658, 5.723474174991392e-07
3406, 4832, 5.716618469349688e-07
1197, 1400, 5.664523065298278e-07
3417, 3550, 5.634761858776559e-07
4014, 4330, 5.593524776656605e-07
1275, 2877, 5.591480266496457e-07
10548, 10848, 5.570551939483851e-07
363, 823, 5.52612166648967e-07
3027, 7764, 5.509881588737727e-07
10789, 10839, 5.468650461660854e-07
10984, 11039, 5.464519668877483e-07
9911, 10169, 5.433695526363831e-07
1081, 1580, 5.403626562023971e-07
871, 1173, 5.383561647267088e-07
1407, 1637, 5.315773696560821e-07
413, 658, 5.309998338205023e-07
378, 649, 5.225377343273759e-07
10396, 10445, 5.215200678831384e-07
411, 742, 5.20990114372327e-07
2168, 2877, 5.185148079775398e-07
2723, 2877, 5.168367792523798e-07
3494, 3826, 5.162474446946737e-07
3268, 3376, 5.111670921058373e-07
10673, 10842, 5.072683359375554e-07
10475, 10649, 4.991533906504613e-07
2849, 3550, 4.925484408964074e-07
10594, 10677, 4.925318873835972e-07
1071, 1240, 4.906833962594822e-07
413, 633, 4.827958563804861e-07
10934, 11279, 4.789201150399844e-07
1317, 1400, 4.759684001638606e-07
3001, 3224, 4.758579287116973e-07
3027, 5780, 4.7575792232088943e-07
9911, 10193, 4.743168112433019e-07
341, 616, 4.703130383161268e-07
21, 151, 4.613139443639005e-07
16, 283, 4.5556465375869993e-07
11199, 11279, 4.5173742161809525e-07
1407, 2877, 4.5166504742093715e-07
464, 742, 4.492636759765959e-07
11077, 11160, 4.4916286005712637e-07
1081, 1604, 4.4327897156321297e-07
2849, 2974, 4.2894428064949125e-07
10365, 10408, 4.2751333059210706e-07
378, 658, 4.225507991193602e-07
3397, 3458, 4.197806578448389e-07
1197, 1340, 4.133348986332497e-07
1503, 2910, 4.1288711401040125e-07
1081, 1400, 4.126956293354058e-07
3031, 3164, 4.0667605931366973e-07
2475, 2910, 4.039505424532287e-07
10438, 10728, 4.0052166069277017e-07
1801, 2877, 3.987315703541334e-07
3216, 3300, 3.9686537602280863e-07
11199, 11259, 3.9244950131065345e-07
1081, 1547, 3.8414474252859165e-07
11, 283, 3.837694250879511e-07
3660, 3713, 3.814755256094643e-07
371, 633, 3.801768532522657e-07
3480, 3685, 3.785109256135489e-07
3076, 3224, 3.7703864589086563e-07
3312, 3451, 3.7083866588871404e-07
1143, 1286, 3.706736039193061e-07
371, 448, 3.6484559700103105e-07
1317, 2910, 3.610926693606454e-07
3534, 3685, 3.5638279559219006e-07
359, 831, 3.5135933133973914e-07
2849, 4330, 3.505178187298802e-07
3397, 3713, 3.488609826314766e-07
4762, 10279, 3.487417994662009e-07
3397, 3623, 3.47715521243227e-07
393, 616, 3.440075097820729e-07
413, 478, 3.3781110145427214e-07
10652, 10788, 3.365942969122679e-07
775, 823, 3.339424272398962e-07
10527, 11007, 3.323911871839352e-07
3417, 3685, 3.283581154872502e-07
223, 616, 3.245102651713221e-07
3033, 3479, 3.2247990792772453e-07
378, 633, 3.222968116262714e-07
10580, 10788, 3.219220083155857e-07
8569, 10279, 3.2052530396810353e-07
861, 931, 3.169637535512629e-07
823, 923, 3.1410500491992557e-07
761, 823, 3.1160030076869785e-07
3387, 3623, 3.0363644548066495e-07
9911, 10187, 2.9917082179065895e-07
3027, 3076, 2.980929526382022e-07
1071, 1305, 2.932028747510639e-07
3378, 10279, 2.930918372039773e-07
537, 742, 2.91394526017199e-07
363, 469, 2.8474267708423993e-07
8666, 10279, 2.793741752257662e-07
861, 1173, 2.775078783642875e-07
223, 340, 2.729857380303207e-07
1071, 1380, 2.709024354234233e-07
10895, 11013, 2.6960164045157645e-07
341, 446, 2.655630683650138e-07
3387, 3713, 2.6463964832262925e-07
1028, 1286, 2.641032212441953e-07
508, 649, 2.627609809926243e-07
1143, 1283, 2.599949756408888e-07
508, 923, 2.5949731230415196e-07
1243, 1286, 2.570169955548982e-07
3027, 10728, 2.5694326839608835e-07
1317, 1452, 2.5659559003619096e-07
1680, 2910, 2.5613061909028643e-07
2713, 2877, 2.5595544646140597e-07
9911, 10301, 2.554569522504678e-07
645, 775, 2.488362845587977e-07
10548, 10865, 2.4354781934593843e-07
10449, 10842, 2.4198289004095203e-07
871, 964, 2.399943660043503e-07
2574, 2877, 2.3822567518808056e-07
2099, 2910, 2.3657992043741114e-07
11077, 11126, 2.3475948178643175e-07
3434, 3550, 2.331323449240857e-07
2703, 2910, 2.3217193411586645e-07
871, 973, 2.306641376403438e-07
2682, 2877, 2.3050132280241174e-07
1081, 1340, 2.2957251017925992e-07
864, 1051, 2.2749143610680585e-07
2849, 2997, 2.2702633655723255e-07
459, 537, 2.2502152485559913e-07
2821, 2952, 2.2438061208178712e-07
3027, 5934, 2.2175213682126626e-07
3406, 10279, 2.2163133518626594e-07
10091, 10842, 2.2094235331581142e-07
9911, 10115, 2.185945533320709e-07
411, 704, 2.1812267560762815e-07
359, 996, 2.1720340720590874e-07
1197, 1240, 2.1625496410520666e-07
508, 633, 2.1568827881302759e-07
3397, 3998, 2.123726238976872e-07
871, 1197, 2.1173081407947265e-07
3047, 3164, 2.0262760013249973e-07
93, 283, 2.0246214843105524e-07
3268, 3479, 2.0202430648494794e-07
459, 742, 2.0049187762876979e-07
1071, 1317, 1.9507337174088364e-07
413, 775, 1.948209629884635e-07
1081, 2910, 1.9481616348162476e-07
11208, 11259, 1.9455563085940627e-07
9911, 10230, 1.929166806035758e-07
11235, 11279, 1.9018177685852238e-07
1028, 1283, 1.8900418278547672e-07
10491, 10649, 1.886162394205391e-07
3027, 5958, 1.8811398326603902e-07
223, 324, 1.8808781042889935e-07
411, 537, 1.8371230277565238e-07
1197, 1305, 1.831825196785897e-07
508, 658, 1.8295941064029176e-07
3193, 3300, 1.8115229946947103e-07
359, 523, 1.8019558198204626e-07
1780, 2877, 1.778750917319447e-07
371, 775, 1.769895993091276e-07
3387, 3458, 1.757195887442535e-07
1243, 1330, 1.7570609676583304e-07
3919, 3998, 1.738259020767455e-07
359, 1037, 1.7296176404872425e-07
3387, 3998, 1.71463967973046e-07
537, 616, 1.7054568188014297e-07
484, 578, 1.6676583883249727e-07
359, 841, 1.6605150841573756e-07
359, 961, 1.660241531560197e-07
359, 837, 1.6315182969661826e-07
9911, 10210, 1.606507588872708e-07
2952, 3149, 1.5915940344656435e-07
3031, 3300, 1.5104493450429357e-07
859, 925, 1.4925904142443735e-07
10594, 10842, 1.4841140490119536e-07
864, 2680, 1.4634815870651696e-07
2771, 3149, 1.450632775500281e-07
10396, 10649, 1.4183007621208107e-07
2938, 3149, 1.4129183334723644e-07
21, 189, 1.4084345671242546e-07
3033, 3082, 1.39517786160384e-07
464, 704, 1.370629213298548e-07
378, 775, 1.3577904413604306e-07
413, 823, 1.3526220807454218e-07
10051, 10169, 1.34735136114903e-07
10484, 10649, 1.3395465724687404e-07
3051, 3224, 1.3354998355199704e-07
10091, 10501, 1.3106027659300653e-07
2512, 2910, 1.2952440610193537e-07
645, 823, 1.2726975269514308e-07
2849, 2958, 1.2618351973959668e-07
3397, 3572, 1.252356767821496e-07
10392, 10501, 1.2423686968746632e-07
359, 754, 1.2364581731901457e-07
10564, 10649, 1.2042816819734901e-07
363, 478, 1.1989212850782305e-07
223, 446, 1.1764304537434978e-07
761, 923, 1.1607374230775608e-07
3387, 3572, 1.1575705686039784e-07
861, 1197, 1.1375769382040734e-07
341, 583, 1.0999148823262413e-07
861, 973, 1.0872382491732992e-07
371, 823, 1.0717143351031562e-07
455, 523, 1.0609209922347209e-07
393, 448, 1.0311082466040749e-07
3397, 4097, 1.0068053707523547e-07
359, 802, 9.818885503867291e-08
2821, 2964, 9.735280467494622e-08
3132, 3224, 9.311691842804715e-08
10548, 10905, 9.288312849091588e-08
4696, 4832, 9.275609113953342e-08
861, 964, 9.229745519021178e-08
378, 823, 8.968749840965681e-08
537, 704, 8.947797362938666e-08
3387, 4097, 8.932955430627478e-08
2849, 3300, 8.912239144788885e-08
393, 923, 8.838541341615894e-08
4171, 4337, 8.738413519882961e-08
45, 151, 8.50927219989705e-08
393, 583, 8.393361449269518e-08
223, 583, 8.384712742620008e-08
341, 649, 8.060865916295402e-08
199, 283, 7.994813530733122e-08
21, 283, 7.928115951477614e-08
484, 537, 7.717140742901739e-08
11064, 11259, 7.708805086167231e-08
341, 923, 7.609401284625756e-08
455, 973, 7.518915910807494e-08
411, 616, 7.500229261621091e-08
4288, 4337, 7.47639961610901e-08
3027, 3493, 7.125076147778832e-08
3397, 3493, 7.04739687766247e-08
802, 923, 7.024351159917666e-08
455, 964, 6.900324939456334e-08
3974, 4027, 6.837658937464211e-08
318, 578, 6.721817978151061e-08
859, 931, 6.682372424234748e-08
10449, 10517, 6.59676514340721e-08
371, 469, 6.369339530357996e-08
696, 923, 6.351061242223702e-08
459, 704, 6.231819115886305e-08
363, 512, 6.163231911875297e-08
868, 925, 6.134698718807253e-08
1081, 2012, 6.112606111690592e-08
464, 616, 6.095660726790862e-08
3047, 3300, 5.983062449369682e-08
378, 469, 5.939771604253468e-08
341, 658, 5.8504828862289756e-08
341, 454, 5.842148715066423e-08
341, 633, 5.6466165986334934e-08
3047, 3866, 5.625587392872334e-08
10051, 10112, 5.6117401571533e-08
868, 931, 5.543672126537488e-08
3397, 4027, 5.536786026957117e-08
3397, 3694, 5.4982177814126276e-08
2849, 3059, 5.4862196734567355e-08
239, 578, 5.424322195310435e-08
3031, 3550, 5.367393222616987e-08
1071, 2910, 5.348405405664055e-08
696, 775, 5.1600048078054597e-08
223, 649, 5.073773956319444e-08
393, 649, 5.041772536882989e-08
3387, 3493, 4.855413307061345e-08
2570, 2879, 4.847613197395083e-08
3387, 3694, 4.80870261602464e-08
508, 775, 4.786230290379913e-08
3397, 4337, 4.745558304038434e-08
3387, 3979, 4.6906527000189883e-08
3031, 3685, 4.524457228179796e-08
223, 658, 4.517363455804681e-08
2821, 2992, 4.482508288507309e-08
3387, 4337, 4.4802029306843805e-08
2952, 3224, 4.3823883224553075e-08
3387, 4027, 4.358697911664868e-08
3042, 3164, 4.324111480050459e-08
217, 736, 4.295660407808086e-08
1071, 1917, 4.273701787028094e-08
3397, 3979, 4.135012500175483e-08
114, 189, 4.092105112175576e-08
508, 823, 3.8950849935949176e-08
10392, 10469, 3.8681955517091476e-08
871, 937, 3.820816971014822e-08
393, 658, 3.8094026634025005e-08
217, 314, 3.637686977869623e-08
223, 633, 3.586615773585197e-08
4803, 4864, 3.571358247385479e-08
393, 633, 3.5494964047627554e-08
2938, 3224, 3.498293868672244e-08
3249, 3300, 3.46366149206055e-08
3031, 3376, 3.3909520146490784e-08
3076, 3164, 3.344427488101333e-08
107, 151, 3.3085442881806505e-08
107, 189, 3.270274611560588e-08
4288, 4832, 3.2304691266331856e-08
1081, 2015, 3.227944907226526e-08
3224, 3300, 3.192103985183784e-08
684, 923, 3.170791111164934e-08
2570, 3149, 3.161434701364335e-08
2771, 3224, 3.045200698124826e-08
45, 189, 2.9990176853455074e-08
859, 973, 2.9532254588029573e-08
4762, 4864, 2.9514809741073737e-08
3027, 3458, 2.7899167651024935e-08
459, 616, 2.7487025923357013e-08
618, 923, 2.7329627940922173e-08
537, 583, 2.7074796492277193e-08
925, 973, 2.704787670787763e-08
363, 973, 2.6974691350584157e-08
777, 923, 2.6610885999970244e-08
3378, 3623, 2.573939424087535e-08
3406, 3458, 2.5612380624007402e-08
3001, 3059, 2.5537668527363494e-08
359, 937, 2.5507880505339314e-08
455, 1173, 2.448924050586969e-08
3406, 3623, 2.4422444804469536e-08
2821, 3164, 2.424322094040126e-08
859, 964, 2.3602504847136438e-08
363, 964, 2.3566642536921195e-08
318, 742, 2.272677091027479e-08
3216, 3376, 2.2467726801875733e-08
223, 454, 2.2367589759934353e-08
455, 925, 2.2295363620729526e-08
2938, 2992, 2.2264400627882335e-08
341, 775, 2.2165736864259195e-08
359, 952, 2.2080026298453358e-08
239, 742, 2.1911615113067124e-08
455, 931, 2.1769030916671583e-08
2849, 3376, 2.1501975795596952e-08
464, 583, 2.1110384702548736e-08
3001, 3164, 2.1005879623452338e-08
371, 478, 2.0652434308189826e-08
223, 775, 2.0459122058252448e-08
3378, 3713, 2.0424988606909922e-08
393, 469, 2.0083521068946006e-08
3031, 3082, 1.9837404561273456e-08
3406, 3713, 1.9752633632160594e-08
3919, 4097, 1.9033828157788975e-08
3193, 3376, 1.886498588666859e-08
378, 478, 1.8859269453160397e-08
413, 512, 1.869725051267286e-08
484, 742, 1.8395669002143733e-08
1071, 1851, 1.8356869848108697e-08
871, 996, 1.834593513242472e-08
3047, 3550, 1.782463976235637e-08
1143, 1649, 1.703240864286181e-08
341, 823, 1.6808825422960323e-08
411, 583, 1.6417539310984643e-08
455, 1197, 1.6126786460533416e-08
871, 961, 1.5918465152568954e-08
1028, 1649, 1.571023486616745e-08
393, 775, 1.5674191198341976e-08
411, 923, 1.5369650697276843e-08
715, 775, 1.5340535678801886e-08
411, 469, 1.5250648422954552e-08
116, 189, 1.521183386569364e-08
1028, 1995, 1.491360398226559e-08
223, 823, 1.4663632642393976e-08
45, 283, 1.4648385149024495e-08
359, 1021, 1.4510689034644718e-08
1197, 2669, 1.4292949762642685e-08
1077, 1243, 1.3539427822845078e-08
1532, 2637, 1.3191522003304768e-08
3387, 4864, 1.2797845452105619e-08
455, 831, 1.2796993802545367e-08
371, 512, 1.2381398629238171e-08
3042, 3300, 1.2105054919488571e-08
3047, 3376, 1.209831280055005e-08
3397, 4864, 1.1880824791535047e-08
3406, 3493, 1.149523702803274e-08
1071, 2680, 1.148008543048153e-08
363, 1173, 1.1479870970804268e-08
217, 307, 1.1272204027906752e-08
393, 823, 1.114595285631508e-08
747, 923, 1.1065699448670354e-08
868, 964, 1.1000528410165516e-08
696, 823, 1.0937062497369115e-08
3001, 3300, 1.0795708273764042e-08
868, 973, 1.0559384178199071e-08
378, 512, 1.0536521212355458e-08
864, 1075, 1.0425295589949933e-08
411, 649, 1.04092202586708e-08
1081, 2090, 1.0370473359261335e-08
684, 775, 1.0270916441871485e-08
678, 923, 1.016399155411559e-08
455, 996, 1.0042260204495133e-08
3530, 3685, 9.735829978612554e-09
341, 448, 9.68762411367072e-09
3378, 3458, 9.615672365599924e-09
864, 1058, 9.543661973867167e-09
363, 925, 9.231468992902498e-09
4171, 4583, 8.979433269270534e-09
3051, 3164, 8.97107861680866e-09
464, 649, 8.766276107928075e-09
411, 658, 8.688480794638684e-09
459, 583, 8.617655003037074e-09
1143, 2221, 8.456641488191461e-09
3378, 3493, 8.399197110094242e-09
1077, 1120, 8.330703404836518e-09
3033, 3826, 8.204354234718414e-09
747, 823, 8.153254856019871e-09
861, 996, 8.066790060557846e-09
681, 923, 8.065429979249019e-09
318, 704, 8.053960610233034e-09
1081, 2877, 7.780700192332829e-09
16, 85, 7.69117663725577e-09
975, 1037, 7.659815608743133e-09
363, 1197, 7.608435127332124e-09
464, 923, 7.5966344621469e-09
777, 823, 7.564458260521395e-09
411, 633, 7.485124811005483e-09
484, 704, 7.412213359875648e-09
1846, 1995, 7.365435447686094e-09
1391, 1995, 7.279283188988081e-09
537, 649, 7.241334468110868e-09
3378, 3572, 7.159811660702516e-09
363, 931, 7.062244107463928e-09
871, 1037, 7.056792313481786e-09
537, 923, 6.917760033875325e-09
3378, 3694, 6.820847459587092e-09
664, 923, 6.794486807670364e-09
179, 736, 6.641134099070184e-09
223, 923, 6.616600100631053e-09
411, 454, 6.4984102762280565e-09
3230, 3302, 6.413864096150104e-09
3397, 4583, 6.2895247693935045e-09
3406, 3572, 6.2741929689075116e-09
464, 658, 6.259041078420419e-09
861, 961, 6.168091686892258e-09
3406, 3694, 6.143392657021429e-09
537, 633, 6.124333427083918e-09
861, 937, 6.090458418281599e-09
3312, 3623, 5.979158876460519e-09
2938, 2997, 5.92174124462698e-09
537, 658, 5.736387228069005e-09
107, 283, 5.619975339121635e-09
341, 469, 5.428863259677098e-09
464, 633, 5.415128661362828e-09
10919, 11019, 5.374788653338906e-09
775, 831, 5.36482405536536e-09
371, 973, 5.321624840929123e-09
217, 578, 5.1341799600869615e-09
925, 996, 5.114923012046879e-09
9865, 10169, 5.07343689567744e-09
871, 952, 5.043750802749159e-09
413, 973, 5.019060866222459e-09
318, 537, 4.967095524338832e-09
455, 837, 4.8889253496324565e-09
3387, 4583, 4.7684276092812145e-09
411, 478, 4.703862824392923e-09
140, 736, 4.669815493446837e-09
239, 334, 4.622783413213002e-09
3494, 3572, 4.5883774291839005e-09
455, 841, 4.55116851353258e-09
239, 704, 4.497812963044597e-09
413, 964, 4.3333776091814875e-09
859, 1173, 4.3227255838083914e-09
455, 961, 4.306194038536853e-09
2570, 3224, 4.267022890070965e-09
645, 973, 4.180721168105271e-09
223, 448, 4.1614654243377045e-09
684, 823, 4.129322906633859e-09
10548, 11019, 4.103767003256513e-09
455, 754, 4.0630690554086e-09
715, 923, 4.060825127548565e-09
6256, 10279, 4.034633890849305e-09
10548, 11039, 3.999201541315805e-09
2849, 3479, 3.990647619699311e-09
2821, 3300, 3.9495628082364394e-09
1077, 2879, 3.850355646077827e-09
359, 1051, 3.842323222885235e-09
484, 616, 3.641132678177633e-09
459, 649, 3.610704310848282e-09
861, 1037, 3.5823240656885876e-09
10928, 11013, 3.5730688585391823e-09
4171, 4864, 3.5157049903877474e-09
239, 537, 3.502265926530532e-09
459, 923, 3.4747634490304533e-09
618, 775, 3.4529074727791303e-09
2748, 3149, 3.4407116395968703e-09
378, 973, 3.427347066041146e-09
3312, 3395, 3.4199460193968613e-09
10919, 11039, 3.418069429982986e-09
2301, 3149, 3.4146776387505167e-09
645, 964, 3.338643429565965e-09
393, 478, 3.298939963527679e-09
11, 85, 3.270342155477103e-09
1309, 3149, 3.2337692521590455e-09
371, 964, 3.207449252939766e-09
411, 775, 3.192721584154047e-09
3378, 4337, 3.181339937282957e-09
618, 823, 3.1160244462705627e-09
3160, 3451, 3.111060550537459e-09
455, 802, 3.1106838262815404e-09
114, 283, 3.039802903248972e-09
1462, 1995, 2.9969954107049927e-09
10491, 10594, 2.9897042887179958e-09
455, 1037, 2.988660712390727e-09
1143, 1237, 2.9604754807818894e-09
1028, 1075, 2.917338086477287e-09
318, 616, 2.915256409098864e-09
3042, 3376, 2.9079368219111132e-09
4439, 4583, 2.8805538847199896e-09
5, 736, 2.8556430636261756e-09
3001, 3376, 2.8337446263799792e-09
4192, 4337, 2.8070713734642895e-09
459, 658, 2.7362924568766132e-09
363, 831, 2.6902319556923533e-09
775, 837, 2.6637625657577215e-09
179, 314, 2.660894824660428e-09
10866, 11013, 2.651543213411785e-09
678, 775, 2.6423996130438195e-09
5, 85, 2.6408630900078163e-09
359, 2637, 2.5884425676302494e-09
3164, 3300, 2.5688581712186315e-09
1492, 1649, 2.5039852616965802e-09
223, 469, 2.496718883421245e-09
681, 775, 2.4815947537211123e-09
459, 633, 2.3927971258228803e-09
10365, 11007, 2.3651740237956995e-09
1503, 1851, 2.2982252764590548e-09
4691, 4864, 2.273602745471071e-09
3193, 3550, 2.266180260954627e-09
464, 775, 2.2618952153194945e-09
239, 616, 2.2434629947745067e-09
21, 85, 2.2399821024476798e-09
411, 823, 2.2127095310984583e-09
859, 996, 2.120189315373776e-09
775, 973, 2.0974198827122192e-09
10080, 10169, 2.080384160720887e-09
10922, 11007, 2.05333997363028e-09
775, 841, 2.0452021251779768e-09
363, 996, 2.003893295931637e-09
3230, 3451, 1.937176759982627e-09
341, 478, 1.931229630436749e-09
3312, 10279, 1.896007418485381e-09
10548, 11076, 1.8663365064180428e-09
3406, 4337, 1.8651258095350843e-09
2821, 3059, 1.8622721060246762e-09
239, 324, 1.8575669941785058e-09
3031, 3479, 1.8550238990041728e-09
9629, 10279, 1.8115540265279573e-09
371, 925, 1.7819733892966374e-09
775, 964, 1.7789877265819188e-09
378, 964, 1.735823740870622e-09
3919, 4337, 1.718338047651409e-09
363, 523, 1.7109841131965625e-09
464, 823, 1.693361520243153e-09
3434, 3479, 1.6541992722162927e-09
239, 340, 1.6498530137165796e-09
3076, 3376, 1.626720605129503e-09
363, 1037, 1.6105131514042899e-09
859, 961, 1.5666262231984451e-09
1407, 3149, 1.53790608224277e-09
3312, 3405, 1.5273958437047292e-09
1801, 1862, 1.5229666457488381e-09
645, 925, 1.5121825249128938e-09
3033, 3451, 1.5088476086127138e-09
140, 314, 1.5044149385587028e-09
10051, 10334, 1.4999679625146201e-09
378, 925, 1.487149746242836e-09
1028, 1330, 1.4795863442576894e-09
371, 931, 1.4783350083522306e-09
2849, 3082, 1.432828067007614e-09
868, 937, 1.4292696866515123e-09
1143, 1330, 1.4241361062726268e-09
10051, 10193, 1.4234682639882525e-09
318, 446, 1.4228179598846427e-09
861, 952, 1.414653879684718e-09
413, 925, 1.3733754639317103e-09
645, 931, 1.3622228431394305e-09
393, 512, 1.356951291132294e-09
363, 841, 1.3204830121899534e-09
363, 961, 1.3151878182594828e-09
363, 837, 1.3044873886503647e-09
1801, 1886, 1.302006689203232e-09
10915, 11052, 1.301395384663978e-09
859, 937, 1.2854454640573924e-09
3831, 4337, 1.276191940783894e-09
10919, 11076, 1.2696056619978722e-09
6319, 10279, 1.2656694573998493e-09
1343, 3149, 1.2621526907504634e-09
3378, 4583, 1.2526522290438136e-09
3033, 3302, 1.2330002016240205e-09
378, 931, 1.1995943224791438e-09
1566, 3149, 1.191780708211533e-09
4691, 10279, 1.1831548405711933e-09
266, 314, 1.1713260573097873e-09
1197, 3149, 1.1607368187825475e-09
2821, 3550, 1.154810245814715e-09
1275, 3149, 1.1514514163309954e-09
678, 823, 1.1488073235141496e-09
4644, 4864, 1.1313827075707481e-09
1077, 3149, 1.1182171527864394e-09
413, 931, 1.1017499078737083e-09
10548, 10984, 1.0860873699423993e-09
4662, 4864, 1.0794947468419516e-09
3312, 3713, 1.074946339775148e-09
4439, 10279, 1.070394691112693e-09
1532, 1649, 1.048928745271708e-09
341, 512, 1.0483840714487028e-09
681, 823, 1.044776596060812e-09
3312, 4337, 1.0333207208789936e-09
859, 1037, 9.832918670066944e-10
3160, 3302, 9.83182009694956e-10
455, 937, 9.450151123212918e-10
10928, 10984, 9.113935253801607e-10
1343, 1407, 9.075504389920608e-10
223, 478, 9.051443384198941e-10
116, 283, 8.931070231499039e-10
537, 823, 8.826952139456408e-10
664, 823, 8.787411813407595e-10
3033, 3395, 8.754955324456677e-10
868, 996, 8.751523724089203e-10
1243, 1649, 8.607288606472673e-10
775, 925, 8.487982477629231e-10
4439, 4864, 8.47069745476611e-10
864, 1330, 8.25821150225766e-10
223, 512, 8.116317575766379e-10
318, 923, 8.065478507026146e-10
140, 222, 8.033015273955565e-10
2821, 3376, 8.012828715235578e-10
10652, 11007, 8.006840827533775e-10
823, 973, 7.962045547460969e-10
508, 973, 7.906988358089996e-10
239, 446, 7.854792474419798e-10
455, 952, 7.812012348154052e-10
179, 307, 7.711823586915531e-10
775, 931, 7.655190250223075e-10
871, 1021, 7.649198639407222e-10
1407, 1470, 7.623276750164582e-10
3672, 3826, 7.564941489718848e-10
3164, 3376, 7.554748523389075e-10
5, 314, 7.549527122949619e-10
1311, 1380, 7.419852816813504e-10
3224, 3376, 7.232833650004362e-10
823, 964, 7.211105640919154e-10
868, 961, 7.194500863572499e-10
1311, 1374, 7.076336100451527e-10
3660, 4337, 6.896116461077217e-10
2168, 3149, 6.864382897794212e-10
1311, 1649, 6.799466163744974e-10
3974, 4337, 6.697074735641326e-10
952, 1037, 6.690896393597147e-10
761, 831, 6.678152832559102e-10
1071, 1374, 6.660659409963931e-10
952, 996, 6.548802772192865e-10
1143, 1995, 6.460127736823275e-10
10548, 10976, 6.362540753147516e-10
8360, 10279, 6.32839845007556e-10
3033, 3405, 6.316956329214556e-10
1801, 3149, 6.289779067829882e-10
2301, 3224, 6.102601746192498e-10
3378, 4864, 6.008972765246883e-10
1309, 1604, 6.008205589828357e-10
508, 964, 6.003137182031772e-10
1197, 1317, 5.996169897508663e-10
3406, 4864, 5.822298061711929e-10
3863, 4337, 5.799236866248448e-10
16, 314, 5.778045555896289e-10
10580, 11007, 5.746528827267878e-10
3919, 10279, 5.635784972046466e-10
10080, 10286, 5.528794587622297e-10
4211, 4337, 5.512541337867662e-10
3434, 3685, 5.19066879903222e-10
864, 1237, 5.024189784331203e-10
1028, 1237, 4.979815952268817e-10
8721, 10279, 4.957600048659996e-10
10051, 10187, 4.870279464776401e-10
341, 973, 4.679615267781899e-10
1275, 1317, 4.561590271452751e-10
455, 1021, 4.5242714511614527e-10
3193, 3685, 4.4224112367988226e-10
11, 314, 4.4149289954289243e-10
4696, 4864, 4.3581258096614683e-10
975, 1173, 4.2755418598941613e-10
1143, 1240, 4.2719046337114624e-10
4655, 4864, 4.2628637768338183e-10
868, 1173, 4.1376147783994837e-10
10895, 11019, 4.0049568013807495e-10
2821, 3866, 3.9990832152987657e-10
3715, 3826, 3.961079540276108e-10
952, 1173, 3.949849887189901e-10
140, 307, 3.946054747610482e-10
859, 1197, 3.920559069384742e-10
861, 1021, 3.9148822131507034e-10
1739, 1851, 3.8810961275688063e-10
1071, 1452, 3.862414318574006e-10
1147, 1286, 3.835067558428325e-10
10610, 11007, 3.778600442918106e-10
1407, 1499, 3.771961122011021e-10
952, 1021, 3.742604218945168e-10
3494, 3623, 3.6385047433435203e-10
1071, 1337, 3.528775186853408e-10
1309, 1499, 3.526660663902783e-10
925, 1173, 3.511820150897081e-10
371, 996, 3.4019732000122146e-10
868, 1037, 3.3710763216666915e-10
3216, 3550, 3.309273229471278e-10
179, 222, 3.2984187747147096e-10
3216, 3685, 3.2806205391423524e-10
645, 1173, 3.228772729920518e-10
925, 1037, 3.142775892108988e-10
217, 334, 3.0322227194376566e-10
9911, 10213, 2.990290714598198e-10
1077, 1691, 2.9106838720172737e-10
3160, 3395, 2.819682972255658e-10
371, 1037, 2.7578967777803277e-10
1309, 3224, 2.7137252651904414e-10
1147, 1283, 2.7105002402369037e-10
3160, 3713, 2.5400932450243584e-10
1071, 1400, 2.5394397618887333e-10
1028, 1240, 2.525256599250587e-10
1077, 2138, 2.505492245037539e-10
1028, 1520, 2.444769217330731e-10
9865, 10193, 2.4406548037871854e-10
1077, 2174, 2.40254067982172e-10
864, 2910, 2.3488300422499e-10
645, 1037, 2.2906543617545914e-10
93, 314, 2.2679619035837972e-10
1077, 1586, 2.2102444752847798e-10
3494, 3713, 2.1886474594439983e-10
1077, 2133, 2.1534109102620818e-10
871, 1051, 2.1238346450860314e-10
1077, 2018, 2.1216518331876976e-10
3230, 3395, 2.083101147008441e-10
1143, 1520, 2.0383495629416207e-10
413, 1037, 2.0228514746916434e-10
1081, 1243, 1.9622454111562853e-10
359, 1058, 1.9616587386708067e-10
1081, 1637, 1.9518852480545903e-10
5, 307, 1.9391919059771577e-10
3230, 3713, 1.910424534391989e-10
3230, 3623, 1.908951324904127e-10
864, 1240, 1.8610063263702816e-10
1071, 1120, 1.8450971491186343e-10
1077, 1905, 1.6450371120416483e-10
378, 1037, 1.6390341111509524e-10
3160, 3623, 1.6152622187668313e-10
16, 307, 1.5951689642459881e-10
1077, 1572, 1.5782412592699983e-10
9865, 10334, 1.535965989433995e-10
359, 1075, 1.4644590273923766e-10
1077, 1974, 1.4524766884364873e-10
455, 1051, 1.4474376839727943e-10
3160, 3405, 1.4404544151924878e-10
10484, 10594, 1.4339281840146758e-10
2723, 3149, 1.4301501417788792e-10
9911, 10343, 1.4246654130196814e-10
1071, 1604, 1.4131242490177628e-10
975, 1197, 1.398849666242015e-10
10984, 11076, 1.38308681613822e-10
645, 1197, 1.2902764797113903e-10
1077, 1895, 1.255466326742728e-10
2161, 3149, 1.2472173211389626e-10
952, 1197, 1.2268870546892542e-10
217, 340, 1.2250639046560096e-10
11, 307, 1.2217710860591548e-10
8955, 10279, 1.2198011853985804e-10
1147, 1237, 1.2006863657473227e-10
21, 314, 1.1550493781484791e-10
775, 1173, 1.1237565059154444e-10
925, 1197, 1.1110266942473693e-10
1143, 1455, 1.1105693315148311e-10
5, 222, 1.1100550925600742e-10
1028, 1455, 1.0946044046690237e-10
868, 1197, 1.0842849573545647e-10
1077, 1407, 1.0622337310624595e-10
1081, 1499, 9.815349714307265e-11
1780, 3149, 9.375685962940737e-11
3230, 3405, 9.326692635383059e-11
1071, 1580, 9.223760837532095e-11
2713, 3149, 9.013236923094546e-11
3076, 3300, 8.86220585520091e-11
16, 222, 8.084733226066412e-11
1077, 1883, 7.978534100928966e-11
2574, 3149, 7.961529635010066e-11
217, 324, 7.896791794689647e-11
1317, 3149, 7.885489911647165e-11
864, 1103, 7.421625939143168e-11
1077, 1688, 7.096310272088975e-11
1077, 1729, 6.992520628025005e-11
1077, 1862, 6.948884276612796e-11
2682, 3149, 6.85913549475579e-11
93, 307, 6.778490610883788e-11
1071, 1340, 6.76993770697961e-11
1037, 1286, 6.757836958592014e-11
1503, 3149, 6.756780232633568e-11
11, 222, 6.734114051823693e-11
459, 512, 6.708993908469864e-11
2894, 3149, 6.654793826613724e-11
2849, 3395, 6.634794244216801e-11
1143, 1305, 6.632622050003844e-11
1077, 1715, 6.430021030244955e-11
1028, 1380, 6.13216245568561e-11
1028, 1305, 6.035019648668451e-11
7155, 10279, 5.981938367512458e-11
1147, 1240, 5.91120467189444e-11
3831, 10279, 5.844018889655152e-11
9538, 10279, 5.701447727023835e-11
3160, 10279, 5.570899763347309e-11
1197, 1243, 5.5697843442318684e-11
464, 512, 5.5348348737763336e-11
1143, 1380, 5.411496091197653e-11
1147, 1330, 5.3852267890272305e-11
1077, 1470, 5.087175559229644e-11
1037, 1283, 4.748031517907185e-11
1077, 1544, 4.7378931214372876e-11
93, 222, 4.5471874716407934e-11
1028, 1103, 4.4820046958689e-11
1071, 1637, 4.4538041022711545e-11
199, 314, 4.4510980801388675e-11
1071, 1243, 4.3798342824429086e-11
223, 973, 4.223788527561642e-11
3193, 3479, 4.183986752118968e-11
2475, 3149, 4.1647321165056974e-11
10895, 10976, 4.159232933129528e-11
3312, 3458, 4.131665144026506e-11
239, 923, 4.0519302587139995e-11
1243, 1305, 3.821630516942855e-11
266, 334, 3.778053350862902e-11
1330, 1380, 3.76383695918259e-11
3268, 3451, 3.713690079547514e-11
1243, 1455, 3.496677394074102e-11
10586, 11007, 3.4538490555547455e-11
3268, 3395, 3.389093057814447e-11
775, 1197, 3.300211023273469e-11
3216, 3479, 3.262544009692122e-11
1311, 1455, 3.190787179599062e-11
1201, 1286, 3.172359198842068e-11
484, 583, 3.097794945113504e-11
823, 1173, 3.0505173102797456e-11
10477, 11007, 2.961369307066784e-11
21, 307, 2.930121501348558e-11
1275, 3224, 2.7866426097062912e-11
10449, 11013, 2.7414375084533785e-11
318, 454, 2.7383739724736232e-11
1330, 1400, 2.727636966320595e-11
10475, 11007, 2.713405707838559e-11
3031, 3395, 2.6376698838568913e-11
413, 523, 2.5383856294505637e-11
1071, 1499, 2.515461999217069e-11
10919, 11022, 2.4851516035688888e-11
179, 578, 2.3852018311206277e-11
179, 334, 2.363779609765392e-11
239, 454, 2.332630585866553e-11
217, 537, 2.330585639576835e-11
10548, 11022, 2.3231416319635795e-11
1028, 1317, 2.301955644657908e-11
10673, 11013, 2.292230043051809e-11
1071, 1547, 2.276936838194222e-11
1243, 1380, 2.260595933450943e-11
1028, 1337, 2.2439286623055327e-11
411, 512, 2.132280327536388e-11
140, 578, 2.0518930553572715e-11
1143, 1317, 2.0180426572485196e-11
1243, 1337, 2.0074981937912306e-11
761, 1173, 1.939045930367946e-11
10895, 11039, 1.934574389186737e-11
10291, 10728, 1.8982529239560328e-11
3047, 3479, 1.853042814996481e-11
371, 523, 1.834215663037303e-11
1160, 1237, 1.769348606398776e-11
2821, 4330, 1.764662109410172e-11
45, 314, 1.6683961046565486e-11
266, 324, 1.5091627473272982e-11
378, 523, 1.494563491771571e-11
318, 583, 1.491235220616439e-11
140, 334, 1.4787193487325784e-11
21, 222, 1.4323929180330776e-11
217, 446, 1.335586020036345e-11
239, 583, 1.279330972530517e-11
1081, 3149, 1.2753200405657974e-11
823, 1197, 1.2709156754285233e-11
696, 1173, 1.2093294964240881e-11
1160, 1286, 1.186843050677043e-11
1037, 1237, 1.1654289288951527e-11
199, 307, 1.1064842628934688e-11
5, 578, 1.02686955215555e-11
16, 578, 9.824428939217451e-12
179, 340, 9.595788975533458e-12
10895, 10984, 9.288291590917774e-12
1197, 1499, 9.030242616147113e-12
1160, 1283, 8.847306462559867e-12
1343, 1499, 8.641739177096255e-12
318, 448, 8.633287986393086e-12
802, 1173, 7.813969522860961e-12
266, 340, 7.762742362806078e-12
223, 374, 7.669830734933878e-12
508, 1173, 7.262718751277138e-12
684, 1173, 7.178392100785471e-12
11, 578, 7.008189982645297e-12
239, 448, 6.87128603305602e-12
107, 314, 6.64860970517669e-12
179, 324, 6.620185000218084e-12
140, 340, 6.379517547018678e-12
10308, 10370, 6.323354445237992e-12
5, 334, 6.253989619031702e-12
10091, 11013, 6.219520451060326e-12
10895, 11076, 6.2008432378601236e-12
1037, 1103, 5.7883682858688585e-12
761, 1197, 5.7823462974220655e-12
464, 523, 5.738358001524663e-12
10928, 10976, 5.5117052049992124e-12
16, 334, 5.375937821619155e-12
10928, 11019, 5.261516089365452e-12
10866, 11019, 5.0848914041444606e-12
696, 1197, 4.712469260136061e-12
140, 324, 4.453449893762174e-12
618, 1173, 4.1968712693339194e-12
1160, 1240, 4.027851896323755e-12
1037, 1330, 3.982392475486042e-12
1037, 1240, 3.908832254376638e-12
10613, 11007, 3.862699779854124e-12
45, 307, 3.8520900073770184e-12
11, 334, 3.813249989185074e-12
93, 578, 3.5012952246828224e-12
114, 314, 3.410759814611317e-12
1071, 3149, 3.3887825779453938e-12
223, 349, 3.244959738941299e-12
1317, 1917, 2.9923218202812615e-12
179, 537, 2.9595772176267614e-12
1028, 1120, 2.9155790452347985e-12
5, 340, 2.762388353316323e-12
777, 1173, 2.760742270297473e-12
223, 358, 2.6277559299275636e-12
10396, 11007, 2.5626643210428277e-12
1143, 1243, 2.555804106455363e-12
45, 222, 2.4745919321040438e-12
266, 578, 2.4370096555992115e-12
10594, 11013, 2.387083063315262e-12
1147, 1305, 2.3296200301802048e-12
459, 523, 2.2848755191528643e-12
318, 469, 2.2670328352115017e-12
93, 334, 2.1462127537605702e-12
140, 537, 2.1193059425476906e-12
223, 384, 2.0800337670422597e-12
16, 340, 2.020973959951178e-12
341, 384, 1.9606267964336613e-12
21, 578, 1.9566110325042943e-12
287, 340, 1.946609918452785e-12
393, 523, 1.917282274619777e-12
5, 324, 1.916657702524966e-12
217, 616, 1.8903476215799965e-12
341, 523, 1.8432418785511066e-12
10477, 10680, 1.8259906094641683e-12
239, 469, 1.6808312817684475e-12
1028, 1243, 1.6481264049872481e-12
16, 324, 1.6203946324262243e-12
3230, 4337, 1.6059220708647846e-12
10475, 10680, 1.5903394389916346e-12
107, 307, 1.5886910560380107e-12
11, 340, 1.569294126960979e-12
217, 454, 1.5059848802433624e-12
179, 446, 1.4834442641335006e-12
802, 1197, 1.481047488289974e-12
5, 537, 1.480529319983509e-12
484, 633, 1.4618533412193215e-12
484, 923, 1.4392634063069751e-12
107, 222, 1.4088035546809485e-12
318, 633, 1.402140293366313e-12
1081, 1407, 1.381649771727583e-12
287, 334, 1.3726391942821292e-12
1143, 1337, 1.3622731315037023e-12
684, 1197, 1.3503331069952408e-12
140, 446, 1.3281987957062218e-12
761, 973, 1.3130724067244912e-12
10866, 11039, 1.2994276199447011e-12
508, 1197, 1.2809467722594085e-12
11, 324, 1.2549870450437109e-12
2570, 3164, 1.2406830528887416e-12
217, 583, 1.2120661474958786e-12
3249, 3376, 1.1736482173970023e-12
21, 334, 1.0961543334173154e-12
871, 1286, 1.0586714926043549e-12
1201, 1283, 1.0290121787128999e-12
1201, 1330, 1.0233270354351847e-12
116, 314, 9.616592072892187e-13
341, 964, 9.609705273544735e-13
93, 340, 9.371526305823958e-13
645, 996, 9.362549040664938e-13
318, 478, 9.065630199748169e-13
114, 307, 8.803964924084709e-13
239, 633, 8.245986136824563e-13
318, 374, 8.197561647771817e-13
16, 537, 8.07478894916504e-13
678, 1173, 7.71173900486052e-13
114, 222, 7.526971596170113e-13
871, 1283, 7.512717850772963e-13
378, 996, 6.943127567747174e-13
747, 1173, 6.851679318413428e-13
681, 1173, 6.81871670102606e-13
11, 537, 6.809177758305045e-13
239, 478, 6.316814944652835e-13
413, 996, 6.298224423544358e-13
10080, 10728, 6.185580146954518e-13
5, 446, 5.849792920044998e-13
93, 324, 5.601821699953015e-13
664, 1173, 5.343659823911582e-13
16, 446, 4.735707871646086e-13
484, 649, 4.719604505275124e-13
1077, 3224, 4.705498953424485e-13
1391, 1520, 4.598001355586716e-13
217, 448, 4.531866862696316e-13
10866, 10976, 4.4627908399720613e-13
318, 649, 4.3064379997799605e-13
21, 340, 4.210498856325172e-13
1028, 1374, 4.1658196927642564e-13
318, 512, 4.055559886666153e-13
459, 823, 4.0116735015382937e-13
287, 578, 4.010269091409534e-13
11, 446, 3.945357100436858e-13
239, 512, 3.9217772181295085e-13
411, 523, 3.805005801752166e-13
1143, 1374, 3.7681798939876175e-13
199, 578, 3.7238693083058953e-13
199, 334, 3.6853567797402186e-13
1028, 1340, 3.030241418645368e-13
1147, 1649, 3.025761571048508e-13
21, 324, 3.0171227003462374e-13
45, 578, 2.841327817394965e-13
1143, 1340, 2.6873457971693814e-13
116, 307, 2.5747108069455254e-13
777, 1197, 2.551435455772896e-13
318, 658, 2.435245861902633e-13
618, 1197, 2.4268828175546543e-13
871, 1237, 2.3940960557640155e-13
861, 1051, 2.3610519366572794e-13
179, 616, 2.3455472829016955e-13
484, 658, 2.3217848008540453e-13
93, 537, 2.2850997942268416e-13
318, 384, 2.1927921846906392e-13
116, 222, 2.1888487182929096e-13
1077, 1655, 2.0567535203448382e-13
266, 537, 2.0423100370969823e-13
45, 334, 1.9483787148461542e-13
1147, 1243, 1.9388937766576054e-13
93, 446, 1.8139723348396927e-13
179, 454, 1.7946324839083978e-13
140, 616, 1.78712807118979e-13
861, 1286, 1.7403780665076167e-13
217, 742, 1.6753927295595393e-13
1309, 1407, 1.5875905452034068e-13
266, 446, 1.5821322498982484e-13
140, 454, 1.4683208765365338e-13
217, 469, 1.4566288175172185e-13
199, 340, 1.4419758100323116e-13
413, 1173, 1.3513650896661443e-13
371, 1173, 1.3455324324772219e-13
861, 1283, 1.3095884896248907e-13
21, 537, 1.2839018729476472e-13
179, 583, 1.2090828610377987e-13
199, 324, 1.1799166654127912e-13
378, 1173, 1.149824496219425e-13
871, 1240, 9.975333362028862e-14
140, 583, 8.811766907166845e-14
5, 616, 8.443321938717375e-14
45, 340, 8.207094552170697e-14
864, 1305, 7.823264076656627e-14
715, 1173, 7.792974114550844e-14
217, 633, 7.044775193607297e-14
16, 616, 7.003885299008119e-14
871, 1103, 6.651047011815262e-14
5, 454, 5.750069404977016e-14
11, 616, 5.72345212209182e-14
861, 1237, 5.6545690611739635e-14
107, 334, 5.638313938733518e-14
16, 454, 5.60544555193561e-14
239, 374, 5.422612559470443e-14
1275, 1407, 5.2568312912260105e-14
107, 578, 5.2537485741318904e-14
21, 446, 5.237257083933346e-14
45, 324, 4.9919188993356256e-14
217, 478, 4.647165912985103e-14
223, 371, 4.582024841144481e-14
823, 925, 4.516564956234165e-14
16, 583, 4.455897656567384e-14
5, 583, 4.433558114520074e-14
1243, 1317, 4.2594269448727534e-14
1566, 3224, 3.910992796374646e-14
114, 334, 3.6722373645879894e-14
1407, 3224, 3.575809449461853e-14
508, 925, 3.434166166650878e-14
179, 448, 3.2010419733193176e-14
11, 583, 3.130685299589275e-14
823, 931, 3.1239837968438475e-14
287, 537, 3.0798523479209725e-14
1343, 3224, 2.913604893563596e-14
140, 448, 2.7699954377413773e-14
1147, 1317, 2.7692459513806636e-14
859, 952, 2.705109111020722e-14
508, 931, 2.623917057289601e-14
864, 1120, 2.5617606408933756e-14
114, 578, 2.5117959968943214e-14
864, 1243, 2.47829458991436e-14
1028, 1400, 2.433437119068058e-14
761, 964, 2.4330662135600163e-14
10491, 11007, 2.3933410619527665e-14
107, 340, 2.327981520203409e-14
859, 1286, 2.3273803477169824e-14
239, 349, 1.9833535154298517e-14
1197, 1407, 1.9632845736822903e-14
107, 324, 1.9390093711546802e-14
239, 358, 1.9308777317630897e-14
93, 616, 1.9230289541083045e-14
93, 583, 1.859810633717296e-14
393, 964, 1.8148977082347052e-14
287, 446, 1.7932924665628825e-14
1143, 1400, 1.7219336293223708e-14
1037, 1305, 1.6073785733051916e-14
696, 973, 1.5867222874169486e-14
393, 973, 1.518031405792167e-14
266, 616, 1.5156799048588067e-14
114, 340, 1.3529701254663042e-14
199, 446, 1.3364695304775054e-14
239, 384, 1.294505673910882e-14
5, 448, 1.169978123873103e-14
21, 616, 1.1326658673420704e-14
10928, 11039, 1.1316289685350302e-14
116, 334, 1.1108377323665944e-14
114, 324, 1.0996493848134838e-14
1317, 1407, 1.0690972413526164e-14
16, 448, 1.0508011151756974e-14
371, 1197, 8.855474964061616e-15
45, 446, 8.83524830802086e-15
11, 454, 8.734005287222516e-15
11, 448, 8.283577707580934e-15
775, 996, 8.017324491831015e-15
140, 633, 7.856392552018736e-15
1309, 1547, 7.58447309810394e-15
413, 1197, 6.986480573438814e-15
378, 1197, 6.324495604510844e-15
179, 633, 6.116333385046881e-15
2771, 3164, 5.456715393738285e-15
93, 454, 5.285154521923257e-15
1147, 1337, 5.184708389292542e-15
9605, 10728, 4.566233161934822e-15
341, 1173, 4.289887337617155e-15
2952, 3164, 4.208327243093112e-15
266, 454, 4.130726333950528e-15
116, 340, 4.012093271061816e-15
93, 448, 3.996731976004079e-15
217, 374, 3.948666051469908e-15
5, 633, 3.4133076915090596e-15
266, 448, 3.409603137836081e-15
116, 324, 3.0848029962570138e-15
107, 446, 2.9531562195333173e-15
179, 469, 2.5717073544078082e-15
1243, 1520, 2.4826629290595988e-15
1311, 1520, 2.3942961916078186e-15
21, 454, 2.3108699579929746e-15
393, 1173, 2.064378926004407e-15
21, 448, 1.801654751109868e-15
11, 736, 1.6172401897312305e-15
140, 469, 1.5655957775759016e-15
114, 446, 1.5389347992025337e-15
16, 736, 1.524354336071742e-15
217, 349, 1.4608242359039699e-15
217, 358, 1.1961765054524645e-15
217, 384, 8.695868932207943e-16
341, 1197, 7.495123059255963e-16
5, 469, 7.131361285083468e-16
287, 448, 5.860923249126191e-16
287, 454, 5.619334016200193e-16
16, 469, 5.440159709050332e-16
199, 454, 4.747857440597379e-16
179, 478, 4.718702189030692e-16
93, 736, 4.691192960387252e-16
393, 1197, 4.543949102470602e-16
199, 448, 4.523481537812529e-16
116, 446, 4.3615908799387706e-16
199, 537, 4.3181587320963214e-16
411, 1173, 4.2182503360791787e-16
318, 371, 4.1054203407286173e-16
45, 537, 4.1031494595669545e-16
11, 469, 4.0333140723459133e-16
45, 454, 3.632919106354068e-16
179, 374, 3.437235556799702e-16
266, 736, 3.430034182202428e-16
239, 371, 3.35152321247358e-16
140, 478, 3.3212329966867586e-16
93, 469, 3.157120970459316e-16
45, 448, 3.057511982209651e-16
464, 1173, 2.7078180521425014e-16
140, 374, 2.4977949966740183e-16
266, 469, 2.31230583441595e-16
5, 478, 1.7158465652078042e-16
5, 374, 1.511050605699956e-16
537, 1173, 1.2274301639273585e-16
107, 454, 1.156400757989013e-16
16, 374, 1.0843920496643496e-16
21, 469, 1.0758831571793798e-16
179, 358, 1.0698249673016718e-16
179, 349, 1.037025217798974e-16
107, 448, 1.0249418824575323e-16
179, 384, 1.0234829851125755e-16
16, 478, 1.0181400003330526e-16
411, 1197, 9.540578239954671e-17
140, 349, 9.332255743608125e-17
140, 358, 8.890715020086924e-17
11, 478, 8.83759677584454e-17
11, 374, 8.686884939015978e-17
116, 578, 7.99910585598369e-17
140, 384, 7.436633572340369e-17
464, 1197, 7.013780214838601e-17
114, 454, 6.56672062507238e-17
93, 478, 5.462752335879083e-17
266, 374, 5.4607438900259477e-17
114, 448, 5.38400539704836e-17
266, 478, 5.014705704843854e-17
93, 374, 4.214650320793518e-17
5, 384, 4.0234465125078075e-17
5, 358, 3.833562315212507e-17
5, 349, 3.798461608443397e-17
287, 469, 3.7180230973845555e-17
266, 349, 3.6632637115389864e-17
287, 349, 3.54488985882277e-17
16, 384, 3.076717111073247e-17
199, 469, 3.0705529277760076e-17
459, 1173, 3.0441658708316323e-17
16, 349, 2.6769477845619638e-17
11, 384, 2.547756582946254e-17
217, 371, 2.2867554019576207e-17
16, 358, 2.262727298184859e-17
11, 349, 2.2298117733448036e-17
45, 469, 2.063289955643663e-17
21, 478, 1.9122718901394263e-17
266, 358, 1.830011915059327e-17
116, 454, 1.818049571670057e-17
11, 358, 1.7542679030080293e-17
287, 616, 1.5818014818748894e-17
21, 374, 1.4962284678884535e-17
116, 448, 1.197886690920089e-17
266, 384, 1.1742247217088615e-17
93, 349, 1.0881432380899734e-17
287, 374, 1.0571184146880212e-17
287, 478, 9.871327761591252e-18
93, 384, 9.096961423037126e-18
93, 358, 8.266377752925656e-18
107, 469, 8.072983318315248e-18
199, 478, 6.224484181026683e-18
21, 349, 4.9268879219086044e-18
45, 478, 4.596140621545167e-18
114, 469, 4.2966597224743246e-18
21, 384, 4.232516387100505e-18
21, 358, 4.152016996531193e-18
199, 374, 3.808781237575279e-18
45, 374, 2.1668740388629863e-18
287, 384, 2.1141701323283896e-18
179, 371, 2.0700876523335515e-18
287, 358, 1.9643792079700166e-18
199, 349, 1.687522838455277e-18
107, 478, 1.6722363077912975e-18
140, 371, 1.4821038498719847e-18
199, 358, 1.3663163382606444e-18
223, 376, 1.3434373116635398e-18
199, 384, 1.0223317259345164e-18
45, 349, 1.0053769785966033e-18
217, 512, 9.702545882096486e-19
5, 371, 8.684953248560084e-19
413, 961, 8.670709289472172e-19
107, 374, 7.948712919815666e-19
45, 358, 7.854487266383342e-19
45, 384, 6.201284770822949e-19
16, 371, 6.189416546732775e-19
11, 371, 5.116527837190532e-19
114, 374, 4.1250589051432924e-19
266, 371, 3.3185849458257774e-19
107, 349, 3.2676727485800083e-19
223, 378, 3.1280594745399277e-19
761, 925, 2.52012340652876e-19
107, 358, 2.512207847675335e-19
93, 371, 2.4232378247930904e-19
107, 384, 2.239629335672033e-19
114, 349, 1.7132867451883347e-19
318, 523, 1.7109222866251196e-19
114, 358, 1.4626025989235894e-19
114, 384, 1.2293966895080081e-19
116, 374, 1.2161018647134113e-19
21, 371, 1.1042934345731292e-19
140, 512, 9.025130857021652e-20
179, 512, 8.639158207762463e-20
318, 376, 5.858211050614872e-20
223, 523, 5.533343339244176e-20
116, 349, 4.909873276993099e-20
5, 512, 4.6271576944590675e-20
116, 358, 4.120601218203835e-20
16, 512, 3.678430848557227e-20
116, 384, 3.415594691681632e-20
11, 512, 2.9175234401826e-20
199, 371, 2.833096869423384e-20
45, 371, 1.649238251610141e-20
287, 371, 1.159829016362674e-20
93, 512, 1.1274346336125061e-20
266, 512, 9.3322701316605e-21
239, 376, 9.083023273962608e-21
21, 512, 7.070263173452371e-21
318, 378, 3.471074645500577e-21
239, 378, 2.019275228022461e-21
217, 376, 6.726872292518732e-22
217, 378, 1.4763988687207825e-22
116, 469, 1.1396930188395093e-22
179, 376, 5.938529195566638e-23
140, 376, 4.33442029701168e-23
114, 478, 3.589703825568967e-23
5, 376, 2.673696164320852e-23
16, 376, 1.8985483224249573e-23
11, 376, 1.50244305237209e-23
179, 378, 1.37146882410621e-23
107, 371, 1.1681163473328294e-23
140, 378, 1.0036068225910172e-23
114, 371, 6.755347755919168e-24
266, 376, 4.293987837962542e-24
93, 376, 3.348853606272093e-24
116, 371, 2.014041605851839e-24
21, 376, 1.5480467576255522e-24
5, 378, 9.261651919981108e-25
287, 376, 7.8985080088356685e-25
16, 378, 6.506800277210557e-25
11, 378, 5.184044237043638e-25
199, 376, 3.903368950324306e-25
266, 378, 3.2919842377455762e-25
93, 378, 2.5554260678632e-25
45, 376, 2.2055257492469796e-25
21, 378, 1.1971354685818828e-25
107, 376, 8.333582545230924e-26
114, 376, 4.135667186755759e-26
287, 378, 4.102371078498707e-26
199, 378, 2.978607297011344e-26
45, 378, 1.6884748149156074e-26
116, 376, 1.1930451244745542e-26
107, 378, 6.434209065367349e-27
114, 378, 3.1856177746983175e-27
116, 378, 8.949462705335932e-28
