Gene = CG32369
index = 538
Annotated 5SS: [  829  6557 28894 29090 29972 31028]
Annotated 3SS: [ 5117 28774 28951 29379 30080 31088]
SMsplice 5SS: [  829 28894 29090 29972 31028]
SMsplice 3SS: [28774 28951 29379 30080 31088]
length: 32721
Partition function (logZ) = 10.668794532803616
#Introns = 2777
5SS, 3SS, prob
6557, 28774, 0.9995706138298563
31028, 31088, 0.9977731909258679
28894, 28951, 0.9976988703801396
29972, 30080, 0.9872192988899052
29090, 29379, 0.9636219037790622
30221, 30449, 0.40889179735164527
829, 5117, 0.2791882783912417
829, 5978, 0.22886751928371818
284, 5117, 0.11493184751775616
284, 5978, 0.09421658740152178
246, 5117, 0.04069265981209734
246, 5978, 0.03335822967616421
73, 5117, 0.030889384572964574
829, 5433, 0.025982215997726196
73, 5978, 0.025321896970462717
829, 6431, 0.020206278197697408
29512, 29714, 0.014720743207658723
30188, 30449, 0.013911177443175271
29090, 29349, 0.013144297353966383
829, 6090, 0.010767675837229512
284, 5433, 0.010695950792911085
29659, 29714, 0.0093938290899747
284, 6431, 0.008318204572293316
30161, 30449, 0.0076156100946378385
30221, 30380, 0.007365818806209835
30211, 30449, 0.006043408632603935
31444, 31500, 0.005978951816518487
29090, 29432, 0.0057817510536690995
31374, 32299, 0.004849183983468629
29647, 29714, 0.004671151054690678
31374, 31500, 0.004551795384424
284, 6090, 0.004432668376921655
29994, 30080, 0.004182858342787746
829, 6194, 0.00415273639872853
29512, 29589, 0.003944601239476796
246, 5433, 0.0037869975232178413
33, 5117, 0.003770389833531873
30011, 30080, 0.0034872136632763907
31853, 31937, 0.0033419239743479687
30221, 30303, 0.003318302190928888
29512, 30080, 0.003188778416945804
33, 5978, 0.003090816609753233
73, 5433, 0.0028746717688930543
121, 5117, 0.0028519645338316423
29090, 29511, 0.0026414956440291714
829, 6166, 0.0026213028949722376
30221, 30823, 0.0024740521329560177
29440, 29511, 0.0024542380621902214
31352, 32299, 0.002432280940093857
31853, 32299, 0.00234777698643549
312, 5117, 0.0023452566907843976
121, 5978, 0.002337927837911841
829, 6103, 0.0022277208212327687
31374, 31764, 0.0020426231620799223
312, 5978, 0.0019225487691890183
829, 4656, 0.0018425428505602422
51, 5117, 0.0018177040097765494
500, 5117, 0.001812209883768377
284, 6194, 0.001709533569787673
30221, 30349, 0.0016989240080792253
31374, 32439, 0.0016917873194609574
31352, 31500, 0.001682531435019784
279, 5117, 0.0016526107338004693
29259, 29379, 0.0015711320297352293
246, 6090, 0.0015694264478853686
1833, 5117, 0.00150967837505599
31374, 32390, 0.0014948737399580645
51, 5978, 0.0014900819260298135
500, 5978, 0.001485577278797282
31374, 32665, 0.0014163984708491042
30199, 30449, 0.0013772523335132923
829, 5155, 0.0013748094271595218
29090, 29412, 0.0013667829542683408
279, 5978, 0.0013547449815559712
29090, 29457, 0.00130129319933759
31414, 31500, 0.0012948867824154591
30234, 30449, 0.0012560781068013615
1833, 5978, 0.001237574582086487
29150, 29379, 0.0012249441585624535
73, 6090, 0.0011913358473117368
31374, 31937, 0.00115297270894133
30321, 30449, 0.0010695399383111154
28894, 28965, 0.0010525561539850659
829, 5451, 0.0010375434012561688
31352, 31764, 0.001032271359922283
829, 5404, 0.001029738915810759
30824, 30896, 0.0010075722607530545
30221, 30309, 0.0010035692402297475
829, 5416, 0.0009661335094594272
250, 5117, 0.0009451727143066125
29972, 30449, 0.0009379183369671694
29090, 29714, 0.0009285627582134179
31853, 32390, 0.000906945530469839
30110, 30449, 0.0008757438779760401
344, 5117, 0.0008743849092832225
30221, 30343, 0.0007893497533902114
30380, 30449, 0.0007885563898650688
829, 5344, 0.0007796957493870022
284, 4656, 0.0007585089392121133
366, 5117, 0.0007501557201719822
29136, 29379, 0.0007492341740599664
30158, 30449, 0.0007423514759009532
32129, 32299, 0.0007265608050359411
30191, 30449, 0.0007092128635918734
1929, 5117, 0.0006727951594051133
29653, 29714, 0.0006624854480757116
32239, 32299, 0.000660038693426649
829, 5660, 0.0006524959260908212
31352, 32665, 0.000648597462287966
30221, 30521, 0.0006157294393904214
31352, 32390, 0.0006118651875048187
29512, 29808, 0.0006003382862573308
31352, 32439, 0.0005721586066885144
1319, 5117, 0.0005680443958657473
284, 5155, 0.0005659600422770316
3386, 5117, 0.0005469720704836658
30221, 30691, 0.0005309767815322266
30265, 30449, 0.000512266966182676
29090, 29214, 0.0005112669144492429
30293, 30449, 0.000500313598241354
31853, 32665, 0.0004938539718376694
31414, 32299, 0.0004801330137332116
31374, 31461, 0.00047368138303746274
29090, 29179, 0.0004669820101556968
30221, 30475, 0.0004620712912587926
31853, 32439, 0.0004552895375624614
29090, 29319, 0.00044347997780395693
29090, 30080, 0.0004333293981170332
284, 5451, 0.00042711963973975694
284, 5404, 0.0004239068112375836
28894, 28980, 0.000423736321284007
29090, 29182, 0.0004146396212909007
284, 5416, 0.0003977227323707237
829, 5562, 0.0003915167803241397
878, 5117, 0.0003905471254394496
31881, 31937, 0.0003723020922584633
31374, 31627, 0.00036541520496456177
32586, 32665, 0.00035669536461216915
28894, 29379, 0.000354978215762135
33, 5433, 0.0003508853724998388
31444, 32299, 0.0003506793346860698
829, 5448, 0.0003472896218457888
829, 4442, 0.0003469753499463233
829, 5486, 0.00034660721031486787
29090, 29193, 0.000343169617761144
876, 5117, 0.00033786289090625987
31606, 31666, 0.00032649503317992045
922, 5117, 0.000325626373173041
29090, 29219, 0.00032290193784461057
31352, 31937, 0.0003227176295052111
284, 5344, 0.0003209729512824234
29512, 29856, 0.0003181324368764406
829, 4505, 0.0003127431008405437
30877, 30931, 0.0003085686101036359
2644, 5117, 0.000300063993628856
30309, 30449, 0.0002976167138885203
31032, 31088, 0.0002976064366027461
585, 5117, 0.00029704259341518095
30221, 30425, 0.0002965920175574703
31414, 31764, 0.0002941682187005838
31590, 32299, 0.0002888323953723339
30221, 30784, 0.00028646395014147774
30321, 30380, 0.0002855594390931776
31853, 31990, 0.00028475811113323155
30221, 30742, 0.00028153024463711465
942, 5117, 0.0002780147598972539
31606, 31764, 0.00027013361900944205
246, 4656, 0.0002685569704142129
1409, 5117, 0.00026805052135111477
30221, 30896, 0.0002662068176543649
31606, 32299, 0.0002660306412808112
121, 5433, 0.0002654135731297673
31588, 32299, 0.0002651309808089276
717, 5117, 0.00025853890811595987
29512, 29784, 0.000255618027023037
31414, 32439, 0.0002540573886016728
31374, 31812, 0.00025376667015140474
29512, 29766, 0.000251534784094174
31594, 32299, 0.00024905516474438
6557, 28951, 0.00024084620847593936
31374, 31690, 0.00023975126133325787
29512, 29893, 0.00023792450512077657
32171, 32299, 0.00023522461509515444
31028, 32299, 0.00023507724030677856
829, 4626, 0.00022958867975415436
529, 5117, 0.0002218960403595381
30188, 30380, 0.00022171057454573062
30221, 30763, 0.00022105130090566263
30221, 30315, 0.0002209119787580729
312, 5433, 0.0002182576083282576
32152, 32299, 0.0002169385611437699
32381, 32439, 0.00021532180305545412
481, 5117, 0.00021451151806601822
31374, 31990, 0.0002087940565357801
73, 4656, 0.00020385889783555974
31612, 32299, 0.00020354424055696075
30163, 30449, 0.00020270064728232861
30221, 30564, 0.00020175755126276246
246, 5155, 0.00020038328683021032
30221, 30847, 0.0001997522073862094
31588, 31764, 0.0001995893515847637
29976, 30080, 0.00019824775188415718
829, 2940, 0.00019705159054693807
1781, 5117, 0.0001959623609563302
31590, 31764, 0.0001929536075888684
31352, 31627, 0.00019005265269173436
30221, 31088, 0.00018306942679402504
31028, 32439, 0.00018087729472907458
31374, 32530, 0.00017449918701450636
32047, 32299, 0.00017180644814295042
829, 28951, 0.00017132024995735625
31612, 31764, 0.0001696048969267794
32129, 32439, 0.00016718544857682876
31414, 32390, 0.00016223991310541016
31414, 32665, 0.0001598772410076053
30221, 30931, 0.00015377067699516792
73, 5155, 0.00015210893962226376
29512, 29772, 0.0001510734736434457
31028, 32665, 0.00015044220272722114
31444, 31764, 0.00015033239594225339
29214, 29379, 0.00014672500088511246
31594, 31764, 0.00014632510135764005
31612, 31666, 0.00014313549185956115
30824, 30885, 0.00014303585026073987
284, 4442, 0.00014283738520067866
31352, 31461, 0.00013526016364028692
31374, 32343, 0.00012987382660014572
29512, 29595, 0.0001294066196022587
284, 4505, 0.00012874518829803343
32129, 32390, 0.0001273095010411104
30286, 30449, 0.00012698407012633783
31414, 31937, 0.00012626537133018088
32129, 32665, 0.00012610937571981294
31028, 31500, 0.00012586782935754165
31444, 32439, 0.0001255202145555463
31414, 31461, 0.000125202497242445
31028, 31764, 0.0001239263684967705
31606, 32439, 0.00011911840508866629
31028, 31121, 0.00011423378215337745
3276, 5117, 0.00011257056192608452
29208, 29379, 0.00011049974023027809
723, 5117, 0.00010999911069082868
290, 5117, 0.00010999261954890785
31352, 31690, 0.00010888716116143171
30407, 30449, 0.00010763490641358879
30824, 30901, 0.0001062508614235543
31374, 31666, 0.00010478250336270749
29826, 29893, 0.00010464181011373523
31612, 31690, 0.00010327062857918404
30161, 30380, 0.00010264122907553862
29090, 29460, 9.789420364332564e-05
473, 5117, 9.69622740584755e-05
30221, 30570, 9.691524374326986e-05
31352, 31990, 9.465140824222827e-05
284, 4626, 9.451347680125569e-05
31352, 32343, 9.368114026098142e-05
31853, 32343, 9.330439922379248e-05
30221, 30733, 9.302165010541427e-05
31588, 32439, 9.262385962679292e-05
31594, 31666, 9.193606702621374e-05
31590, 32439, 9.183549839213373e-05
30824, 30931, 9.10108824777248e-05
31285, 32299, 9.009786674185427e-05
31853, 32530, 8.983974984874887e-05
30221, 30640, 8.93289882169792e-05
31352, 31812, 8.831979159846625e-05
31606, 31690, 8.801585347647195e-05
31444, 31937, 8.743964155261869e-05
30211, 30380, 8.66454310063975e-05
30221, 30400, 8.418450048572043e-05
368, 5117, 8.32673231526559e-05
31444, 32665, 8.151569778744938e-05
284, 2940, 8.111911426602144e-05
30281, 30449, 7.980626443417179e-05
31444, 32390, 7.978327000848312e-05
31606, 31937, 7.652875936853542e-05
31606, 32390, 7.57040345141194e-05
31588, 31937, 7.507519393337946e-05
31028, 32390, 7.378352863876987e-05
31590, 31937, 7.335442674809959e-05
31374, 31571, 7.299123516913436e-05
31594, 32439, 7.179822277686256e-05
31028, 31937, 7.175405819491879e-05
31606, 32665, 7.128482718818628e-05
31590, 31666, 7.076413374130026e-05
30188, 30823, 6.993577123702848e-05
29659, 30080, 6.979885355142012e-05
31414, 31627, 6.801381259800203e-05
31612, 32439, 6.729132976008296e-05
31352, 32530, 6.671396760863171e-05
31588, 32390, 6.616529008942966e-05
31818, 32299, 6.612870223870322e-05
31590, 32390, 6.500418683099824e-05
31590, 32665, 6.413423221886196e-05
31594, 32665, 6.396963037797115e-05
30824, 30891, 6.293983482809857e-05
29090, 29454, 6.260089485236298e-05
30785, 30847, 6.232252240448597e-05
31374, 31789, 6.125676417127301e-05
31594, 31937, 5.7590594036579105e-05
31588, 32665, 5.7341631943259466e-05
31588, 31666, 5.428391073426014e-05
31594, 32390, 5.408495070213066e-05
30188, 30303, 5.3061915588299885e-05
29826, 30080, 5.249844141536216e-05
31802, 32299, 5.1000989569936186e-05
31612, 32665, 5.0606242942840476e-05
246, 4442, 5.0572871917933995e-05
31937, 31990, 5.0158024886124957e-05
29440, 29714, 5.0142960771363145e-05
31612, 32390, 4.977540509225849e-05
29490, 29714, 4.951251880854558e-05
31612, 31937, 4.94726066885838e-05
30188, 30349, 4.808630394407064e-05
31352, 31666, 4.805589391834803e-05
29512, 29748, 4.706564185843252e-05
31853, 31949, 4.674338049118214e-05
30221, 30901, 4.6521848985819855e-05
30002, 30080, 4.566927029530326e-05
246, 4505, 4.558340177327603e-05
32369, 32439, 4.514987070972639e-05
31374, 31551, 4.492474841316763e-05
31285, 31500, 4.4639761282205803e-05
31374, 32477, 4.4373314739055677e-05
30309, 30380, 4.426707240519929e-05
31966, 32299, 4.408958806858549e-05
30870, 30931, 4.328646700897681e-05
29090, 29589, 4.2970470551436876e-05
31028, 31211, 4.210783453258346e-05
31590, 31690, 4.18574794738172e-05
30221, 30533, 4.1614977338959523e-05
31028, 31181, 4.119763116270583e-05
29647, 30080, 4.0601560739991054e-05
29512, 29817, 4.0397660195020166e-05
31352, 31571, 4.033628720563117e-05
31588, 31690, 4.000278063097752e-05
29259, 29349, 3.9824476427648245e-05
32152, 32439, 3.9738077366488695e-05
31937, 32299, 3.9040793831914515e-05
31374, 32054, 3.850890185500997e-05
73, 4442, 3.8389358926962826e-05
30547, 30823, 3.7872949065101416e-05
31881, 32299, 3.784054086002047e-05
31352, 31400, 3.7610265968097997e-05
30824, 31088, 3.715357869727237e-05
30234, 30303, 3.6851741558805406e-05
32047, 32439, 3.674415626332646e-05
31818, 31937, 3.6741075769671414e-05
32430, 32665, 3.671539513382364e-05
31594, 31690, 3.636029059004425e-05
30221, 30460, 3.577528800748456e-05
30221, 30919, 3.536091616819795e-05
31414, 31690, 3.52426964796042e-05
31469, 32299, 3.500302926121281e-05
73, 4505, 3.460190227333514e-05
31414, 31812, 3.4462478306940675e-05
31374, 31721, 3.379252159433529e-05
32047, 32390, 3.376395227102426e-05
246, 4626, 3.346335379965924e-05
31444, 31627, 3.2782697063816654e-05
32152, 32390, 3.2626585892113954e-05
29090, 29856, 3.25604312114418e-05
32171, 32390, 3.251880205911776e-05
29090, 29296, 3.239987244417944e-05
32586, 32639, 3.2335932766609694e-05
31352, 31789, 3.2234106837422816e-05
31028, 31214, 3.2183537751739466e-05
30824, 30919, 3.189604383424476e-05
31853, 32054, 3.1515525245748465e-05
30161, 30823, 3.12845544196636e-05
29090, 29808, 3.086920793598653e-05
31414, 32530, 3.0572142884116734e-05
32023, 32299, 3.0231905320715678e-05
30211, 30823, 2.9830288258591012e-05
31285, 31764, 2.9546758077768228e-05
32171, 32439, 2.897863445574725e-05
246, 2940, 2.8720957715805386e-05
30211, 30303, 2.8482675924379814e-05
29932, 30080, 2.7940315985022853e-05
32343, 32390, 2.7851636535704972e-05
30188, 30691, 2.7784018431968083e-05
31473, 32299, 2.7583835435664387e-05
31414, 31990, 2.7344902403344806e-05
31606, 31812, 2.705173168416958e-05
30824, 30898, 2.67942046419874e-05
31490, 32299, 2.6058106124026864e-05
30293, 30349, 2.57029189070549e-05
73, 4626, 2.5401695636341942e-05
30578, 30640, 2.5390954820478853e-05
29512, 29640, 2.5296419205198904e-05
31285, 32439, 2.4958058480996176e-05
33, 4656, 2.4883225305399465e-05
31028, 31627, 2.4623124116057524e-05
31789, 32299, 2.433673150566527e-05
29090, 29766, 2.4104685295502286e-05
32191, 32299, 2.389404635606767e-05
31853, 31955, 2.3844631795645698e-05
30188, 30309, 2.357869049978499e-05
29150, 29349, 2.349238975016696e-05
31444, 31990, 2.2627677683578977e-05
31352, 32639, 2.2321618016390395e-05
32129, 32343, 2.2186132712778888e-05
31285, 32390, 2.1988806722249807e-05
31590, 31812, 2.187633282725896e-05
73, 2940, 2.1801789696741345e-05
31601, 32299, 2.1515388309636886e-05
30211, 30349, 2.1515208183756776e-05
30988, 31088, 2.125027988040249e-05
31352, 31551, 2.1215396443817088e-05
31588, 31812, 2.120930243946205e-05
30188, 30343, 2.1175273034150786e-05
31444, 31812, 2.1033847992725938e-05
32047, 32665, 2.099982827133538e-05
31601, 31666, 2.0821454941475947e-05
32152, 32665, 2.0820323013588734e-05
30315, 30449, 2.0507877829275194e-05
32171, 32665, 2.0443381640854916e-05
31374, 31949, 2.0340522016212176e-05
32375, 32439, 2.032498883189618e-05
31352, 32477, 2.021428667336121e-05
30199, 30380, 2.005807268725733e-05
31352, 31721, 1.99913690547759e-05
30188, 30475, 1.9971962135946634e-05
31802, 31937, 1.9955703111785267e-05
31606, 31990, 1.9645908092288335e-05
31374, 32408, 1.9569120337515484e-05
31374, 32127, 1.955631744771866e-05
30188, 30521, 1.9433495888926125e-05
30019, 30080, 1.9383863291572845e-05
31414, 32343, 1.9104937859293077e-05
31028, 31990, 1.905670188105613e-05
29595, 29714, 1.9056584632914527e-05
31444, 31690, 1.893549173625759e-05
31594, 31812, 1.892322474484867e-05
30726, 30784, 1.8918883240190253e-05
29090, 29893, 1.8709720523894275e-05
31352, 32054, 1.8516142850111843e-05
32189, 32299, 1.8470382597596936e-05
31601, 31764, 1.8290231561401167e-05
29512, 29646, 1.812592173841087e-05
29659, 29808, 1.8040339203127206e-05
30303, 30449, 1.7976861071204595e-05
30161, 30349, 1.76962276594686e-05
30234, 30380, 1.7531660399822174e-05
31853, 32477, 1.7435514254880363e-05
31352, 31414, 1.7225159837931904e-05
31040, 31088, 1.6851320261110568e-05
30547, 30691, 1.6763889815583224e-05
30161, 30303, 1.674878020914561e-05
31374, 32566, 1.6601669730990815e-05
31352, 32566, 1.6382066655578145e-05
31588, 31990, 1.632614903304149e-05
31612, 31812, 1.628061261186751e-05
31590, 31990, 1.5981082692616923e-05
29512, 29769, 1.587186700778944e-05
31374, 32639, 1.583528259537889e-05
29259, 29319, 1.5687526125902516e-05
29136, 29349, 1.5668487806146564e-05
31028, 31812, 1.56523730611215e-05
29090, 29784, 1.5590837705869148e-05
31469, 31764, 1.5503896237651504e-05
31374, 31869, 1.5342451847302802e-05
30293, 30380, 1.5320053510355393e-05
29512, 29871, 1.5307491247086488e-05
30578, 30823, 1.4961530917229831e-05
31028, 32530, 1.4904042674011153e-05
32586, 32645, 1.4859055919145734e-05
32129, 32530, 1.4812093291083029e-05
30188, 30742, 1.4677733234733252e-05
31028, 32343, 1.4251911625429001e-05
30497, 30564, 1.4127441170112817e-05
32430, 32530, 1.4113139220191899e-05
31414, 31571, 1.4062668443701583e-05
29090, 29772, 1.4043940079237385e-05
31818, 32439, 1.397227247290693e-05
31612, 31990, 1.3917771764439805e-05
31473, 31764, 1.3852017960996303e-05
31490, 31764, 1.3712039837794047e-05
29440, 29508, 1.365983754904964e-05
31818, 32390, 1.3659411089676988e-05
31414, 31666, 1.364624134815697e-05
30736, 30823, 1.360709867943458e-05
30221, 30885, 1.3542378678344316e-05
29150, 29214, 1.3499803434561962e-05
31028, 31690, 1.339792999652568e-05
31374, 31533, 1.3330691601222996e-05
30415, 30475, 1.3140089127581834e-05
32159, 32299, 1.3062560810949618e-05
30877, 31088, 1.3047016896320462e-05
31285, 32665, 1.3029991835567783e-05
31352, 31949, 1.2980779859234542e-05
32343, 32439, 1.2617722298134689e-05
31818, 32665, 1.255364136100018e-05
31594, 31990, 1.2467421233800009e-05
30640, 30691, 1.2431454811808202e-05
29903, 30080, 1.2256181714027097e-05
29659, 29766, 1.2218992502878266e-05
31853, 32408, 1.2122202356189585e-05
31853, 32639, 1.205408260788406e-05
30110, 30380, 1.1947669733435879e-05
29972, 30380, 1.1918254259081732e-05
29090, 29277, 1.1910753053560113e-05
29429, 29511, 1.1908254757168876e-05
31853, 32127, 1.1861278635383775e-05
31881, 32439, 1.1814329857692842e-05
31295, 32299, 1.1667830014657496e-05
31285, 31937, 1.1538445068157856e-05
29910, 30080, 1.1516732357335874e-05
32622, 32665, 1.147338259444042e-05
30191, 30380, 1.125608477417998e-05
31606, 32530, 1.1214735411184411e-05
30161, 30691, 1.1127175395267207e-05
30265, 30380, 1.1080832052512895e-05
30211, 30309, 1.0942600242581297e-05
29090, 29508, 1.0825528544559223e-05
31966, 32439, 1.0811173394042328e-05
31590, 32343, 1.0774570467471742e-05
31414, 31789, 1.0703788723195844e-05
30656, 30823, 1.0687997117733011e-05
31616, 32299, 1.0598447890933349e-05
30258, 30449, 1.0580848109177399e-05
31588, 32530, 1.03298856083004e-05
30726, 30823, 1.0325023117112717e-05
30600, 30823, 1.0248499244092462e-05
31590, 32530, 1.0179980475286773e-05
31374, 31955, 1.0016678380347265e-05
30211, 30343, 9.929497369222257e-06
30188, 30784, 9.804950088934516e-06
30221, 30891, 9.80329764915353e-06
29440, 30080, 9.744522764737482e-06
30985, 31088, 9.675385309826742e-06
30790, 30847, 9.669808856471846e-06
30161, 30521, 9.655166084915596e-06
29150, 29432, 9.61822705797685e-06
30221, 30325, 9.555158829644253e-06
6557, 29379, 9.53807211666265e-06
31490, 31551, 9.537748393034624e-06
31690, 31764, 9.448351254208633e-06
31444, 31571, 9.44281709676006e-06
30256, 30449, 9.33537069296766e-06
31444, 32530, 9.235046238127046e-06
30188, 30425, 9.147457957238514e-06
30158, 30380, 8.995339906467616e-06
31789, 31937, 8.980100546160226e-06
31414, 31551, 8.958562495645004e-06
30211, 30691, 8.8693046273786e-06
31352, 31955, 8.83907529126312e-06
30600, 30691, 8.818690279345337e-06
30578, 30691, 8.790772173614658e-06
30188, 30564, 8.780878072381627e-06
30211, 30521, 8.746717936872347e-06
31606, 31673, 8.728344832595616e-06
30221, 30898, 8.553133530678703e-06
29490, 30080, 8.53247135260295e-06
30221, 32299, 8.520938575723592e-06
30221, 30717, 8.424545600847712e-06
30286, 30349, 8.259120041105453e-06
30188, 30896, 8.25365521257535e-06
31616, 31690, 8.22165601073076e-06
31616, 31764, 8.182906338447766e-06
31028, 31461, 8.0616174827171e-06
31853, 32566, 8.037199745579204e-06
31612, 31673, 7.878137679955549e-06
30234, 30309, 7.847689029137325e-06
29512, 30449, 7.727619937418834e-06
30161, 30475, 7.712261357340789e-06
31455, 31500, 7.662716931465058e-06
31444, 31666, 7.63062288760544e-06
31802, 32665, 7.5126441313582805e-06
30161, 30343, 7.451723760681139e-06
30188, 30847, 7.283693325212355e-06
30221, 30829, 7.2672547056450226e-06
29008, 29379, 7.098478589852202e-06
29090, 29306, 7.062048520293797e-06
30221, 31018, 6.957101324337481e-06
31606, 31789, 6.77908616363355e-06
30161, 30309, 6.623842863963053e-06
31601, 32665, 6.593936885592287e-06
31606, 31721, 6.528273205827431e-06
31966, 32665, 6.468840457415382e-06
30824, 30870, 6.408237404291328e-06
30547, 30742, 6.370200194121817e-06
30110, 30168, 6.3311846164104685e-06
31352, 31869, 6.301380320105413e-06
31937, 32665, 6.264746021796603e-06
30188, 30931, 6.188702390655569e-06
31881, 32665, 6.171214728031431e-06
29972, 30823, 6.035535174497986e-06
29150, 29219, 5.995371164232655e-06
30211, 30475, 5.975384105195948e-06
30221, 30286, 5.927659008582791e-06
31588, 31789, 5.7465684920486805e-06
31352, 31533, 5.72914753044599e-06
31444, 31551, 5.684832075747341e-06
31414, 31721, 5.671856015999689e-06
29136, 29432, 5.639863872090631e-06
30199, 30823, 5.549007982851147e-06
30221, 30422, 5.5285065898964156e-06
30188, 30315, 5.517278121211099e-06
30188, 31088, 5.514382845360973e-06
31028, 31571, 5.485478282248622e-06
829, 29379, 5.4348594406311536e-06
30656, 30742, 5.3846460797785605e-06
32430, 32477, 5.352943106754213e-06
30211, 30742, 5.297378013962867e-06
31588, 32343, 5.24354596297918e-06
31937, 32439, 5.208916865349197e-06
30221, 30321, 5.10875342020037e-06
30188, 30763, 5.024792864379652e-06
31295, 31500, 5.01330253233539e-06
31285, 31627, 4.994541551637886e-06
30315, 30380, 4.957833359510774e-06
29259, 29432, 4.922624107163046e-06
31352, 32645, 4.850963463789247e-06
30547, 30640, 4.848330884667317e-06
29136, 29193, 4.744277628419816e-06
30188, 30733, 4.733958639364283e-06
30211, 30425, 4.59471120015253e-06
30547, 30784, 4.517896355342727e-06
29150, 29511, 4.5118694882062316e-06
31352, 32127, 4.492308436558744e-06
29090, 29429, 4.464013662397866e-06
31469, 32665, 4.382916522831217e-06
30717, 30784, 4.355787769230168e-06
30234, 30349, 4.346611470803577e-06
30199, 30303, 4.287090983549906e-06
31374, 31530, 4.280554917241992e-06
31789, 32665, 4.26683833546458e-06
30293, 30343, 4.249489685578751e-06
31374, 32645, 4.179269036462315e-06
31490, 32665, 4.1227040443834774e-06
29490, 29589, 4.075197470970187e-06
30736, 30784, 4.01726061692733e-06
31352, 31418, 4.005469633910573e-06
31414, 32639, 3.954671835877736e-06
31473, 32665, 3.9458006293340385e-06
28894, 29349, 3.899362033173711e-06
30199, 30349, 3.898982594682347e-06
30281, 30349, 3.896495623716875e-06
30188, 30570, 3.870578885053549e-06
30265, 30349, 3.839287531170401e-06
30547, 31088, 3.77322790927775e-06
30161, 30896, 3.7287536146428597e-06
29653, 30080, 3.726149946025787e-06
30221, 30870, 3.7230981834816804e-06
30656, 30733, 3.6470656219650046e-06
30547, 30763, 3.6263872200077676e-06
30161, 30425, 3.594335309935873e-06
30161, 30742, 3.5861720620273813e-06
30161, 30784, 3.527522266260753e-06
32381, 32665, 3.5173911253153752e-06
30191, 30823, 3.4807988232448953e-06
30110, 30823, 3.4500459697649383e-06
30497, 30570, 3.441505983576401e-06
29214, 29349, 3.431200589023135e-06
31028, 31142, 3.397556580020419e-06
30158, 30823, 3.3964388313894676e-06
32023, 32665, 3.3802067292501454e-06
30161, 30931, 3.378329665355142e-06
31881, 31949, 3.3435238386535356e-06
30188, 30400, 3.32013249222269e-06
30161, 30847, 3.287324691842591e-06
30286, 30380, 3.2672644779055547e-06
30211, 30784, 3.2601365377131956e-06
30234, 30823, 3.251832610152842e-06
30321, 30823, 3.1893333674995844e-06
30553, 30823, 3.186365616958826e-06
30286, 30343, 3.1739312228727173e-06
1833, 2940, 3.151132402327431e-06
30161, 30564, 3.1080565942881367e-06
28894, 29432, 3.104769873512938e-06
30221, 30503, 3.091367792296766e-06
29512, 29949, 3.0797398132123345e-06
30221, 32665, 3.0662911377287318e-06
30211, 30896, 3.0445944774095496e-06
30161, 30763, 3.0369357530273758e-06
30161, 31088, 2.949867115950986e-06
30211, 30564, 2.9389840769729867e-06
31124, 31181, 2.9294410354308058e-06
30265, 30343, 2.9217712195427783e-06
31590, 31789, 2.874645063559789e-06
30221, 30820, 2.861938718073763e-06
30221, 30415, 2.8166881106080057e-06
30211, 30763, 2.7987301510583116e-06
30163, 30380, 2.7727721847891203e-06
29090, 29259, 2.7423997434109806e-06
29136, 29511, 2.7385878797991723e-06
30407, 30475, 2.6928102963623738e-06
31601, 31690, 2.6924534391709023e-06
2644, 2940, 2.6759862237429673e-06
33, 2940, 2.6611487202415445e-06
30221, 30966, 2.6587342663491695e-06
30497, 30823, 2.6565718661598312e-06
30188, 30640, 2.6324137541650225e-06
31599, 31666, 2.6044751932339318e-06
29208, 29349, 2.5680212221999857e-06
30553, 30691, 2.5657091214262204e-06
29090, 29446, 2.506957247354999e-06
30211, 31088, 2.5025209398347476e-06
30281, 30343, 2.474516331585958e-06
30191, 30303, 2.4518580514115087e-06
30265, 30823, 2.4429707405272796e-06
29595, 30080, 2.4343369895126662e-06
30221, 31500, 2.4123381560448132e-06
30191, 30349, 2.3939552030661983e-06
29972, 30349, 2.3679671669401622e-06
30211, 30315, 2.3515234144445605e-06
30199, 30691, 2.262041403130119e-06
284, 29379, 2.2373379306428293e-06
30281, 30380, 2.0399253888509974e-06
30110, 30349, 2.0364669317246705e-06
121, 2940, 2.01292229834785e-06
30824, 31018, 1.998603696030403e-06
29512, 29952, 1.9607246532894067e-06
30119, 30449, 1.9421420620314405e-06
30199, 30309, 1.8408846126720837e-06
30578, 30742, 1.8012783477714708e-06
31853, 32645, 1.8002213332649169e-06
30161, 30315, 1.7933410419822094e-06
30199, 30343, 1.7710618877518938e-06
30234, 30343, 1.7497327329705535e-06
29972, 30521, 1.7088010976879848e-06
30505, 30564, 1.6657961674759846e-06
312, 2940, 1.6552868845679533e-06
29136, 29214, 1.6253168112783717e-06
30110, 30303, 1.6211779894645621e-06
30199, 30521, 1.600624762370298e-06
30158, 30349, 1.5752908757390098e-06
30161, 30570, 1.5669099892256937e-06
30600, 30742, 1.550478270836536e-06
30211, 30570, 1.5315398025442058e-06
29994, 30449, 1.5280917796767105e-06
29972, 30130, 1.5080091000328276e-06
30199, 30475, 1.49196064060876e-06
30161, 30640, 1.4881972778147375e-06
30158, 30303, 1.4781939928955126e-06
30234, 30521, 1.4763550431429193e-06
1929, 2940, 1.4493939770886531e-06
30161, 30733, 1.3976340851497644e-06
30199, 30742, 1.3892008056652112e-06
30188, 30533, 1.3558007683837612e-06
29972, 30303, 1.3476357442622144e-06
30188, 30460, 1.3434405340850876e-06
30191, 30691, 1.3191146209288412e-06
30303, 30380, 1.3053922352911607e-06
51, 2940, 1.2829391423601418e-06
30211, 30640, 1.2822308710771309e-06
500, 2940, 1.2790608566254663e-06
29972, 30475, 1.2251023051677338e-06
30110, 30521, 1.2168977860851454e-06
30547, 30733, 1.1919436519078535e-06
30158, 30691, 1.1914084500726874e-06
279, 2940, 1.1664159764591038e-06
30221, 30487, 1.1622051539313077e-06
30211, 30733, 1.1499413708006983e-06
30211, 30400, 1.1409746653958275e-06
30191, 30309, 1.1405028592992163e-06
30161, 30400, 1.1212055574715626e-06
30234, 30475, 1.1064500160617536e-06
30110, 30475, 1.0812526269304884e-06
30265, 30315, 1.0693517492368407e-06
30497, 30691, 1.062367522558407e-06
29972, 30691, 1.0466346965833477e-06
30221, 30478, 1.0287106554629139e-06
29772, 30080, 1.0144066318415844e-06
29972, 30343, 1.0116044628593974e-06
30234, 30691, 1.01149608404797e-06
30234, 30315, 9.934648340873408e-07
30191, 30343, 9.749644574782972e-07
30321, 30691, 9.688065944833906e-07
30110, 30691, 9.661194152652704e-07
30620, 30691, 9.658038111897814e-07
29584, 30080, 9.532174153117468e-07
30191, 30475, 9.320473266266669e-07
30158, 30521, 9.289267162376507e-07
30191, 30521, 9.033512532948651e-07
30321, 30475, 8.956198220707319e-07
30321, 30521, 8.818275761772628e-07
30110, 30343, 8.342158048003018e-07
30271, 30449, 8.221448711214664e-07
30471, 30521, 8.090957275477135e-07
1319, 2940, 8.08644387678357e-07
30199, 30425, 7.863881540125906e-07
30415, 30521, 7.754158073638042e-07
30110, 30309, 7.295551737272995e-07
30265, 30309, 7.130862894139867e-07
30158, 30343, 7.078089795163202e-07
30158, 30475, 7.065591063482847e-07
30321, 30425, 7.064496729211757e-07
30161, 30533, 7.045797166331824e-07
30199, 30564, 6.955487785588538e-07
30877, 31018, 6.928582425557223e-07
29090, 30449, 6.898127340619855e-07
250, 2940, 6.671048008656799e-07
30234, 30425, 6.447808682572956e-07
29972, 30309, 6.410895255875982e-07
30321, 30400, 6.388334745980941e-07
5563, 5978, 6.358484637905446e-07
30158, 30309, 6.274041439941401e-07
344, 2940, 6.171426258482913e-07
30161, 30460, 6.010072164816356e-07
30265, 30475, 5.8979864094981e-07
30110, 30425, 5.644538530332913e-07
30265, 30521, 5.475469206675537e-07
366, 2940, 5.294614145634787e-07
30211, 30460, 5.289548066531919e-07
30199, 30315, 5.161069309347576e-07
30163, 30349, 4.6786003686573986e-07
30293, 30475, 4.6141364874207545e-07
30191, 30425, 4.4613370416687976e-07
30163, 30303, 4.4449129246039174e-07
29150, 30080, 4.4436270840119045e-07
29569, 30080, 4.282158083801843e-07
29972, 30425, 4.226978029590936e-07
29875, 30080, 3.878449031479765e-07
30188, 31018, 3.4615985708192496e-07
1781, 2940, 3.219772858561832e-07
30191, 30315, 2.8584065927020566e-07
878, 2940, 2.756489458501558e-07
1409, 2940, 2.551913538818467e-07
876, 2940, 2.384643072597287e-07
922, 2940, 2.2982774845714246e-07
2281, 2940, 2.2297739064831355e-07
31590, 31721, 2.1170688587360062e-07
31588, 31721, 2.0913799453033676e-07
31594, 31721, 1.7397814128523457e-07
31612, 31721, 1.7343305369876425e-07
31599, 31764, 1.7063772601655495e-07
31285, 31690, 1.5952688768580656e-07
31616, 31666, 1.5912640325243567e-07
31374, 31673, 1.4822077717989018e-07
31028, 31666, 1.478379931381219e-07
3386, 5978, 1.4560470183364815e-07
31483, 31764, 1.3647847364306125e-07
29849, 30080, 1.3121150620337653e-07
29136, 30080, 1.26084486060584e-07
29259, 30080, 1.2429389637355903e-07
31490, 31627, 1.232016790281181e-07
31444, 31721, 1.2236722967907352e-07
29915, 30080, 1.1795830592725381e-07
31469, 31627, 1.1346295088005076e-07
31295, 31764, 1.0693854267149037e-07
829, 2639, 1.0565998920923149e-07
73, 138, 9.825487974095249e-08
31473, 31627, 9.823215612114664e-08
284, 343, 9.426320087514446e-08
31601, 31937, 9.334176760695687e-08
31469, 31690, 8.679207084337804e-08
31473, 31690, 8.465610216438214e-08
31490, 31690, 8.287829189186289e-08
31444, 31789, 8.088320220417334e-08
31469, 31937, 7.83688208840883e-08
31455, 31764, 7.72265803202276e-08
31612, 31789, 7.636951476597574e-08
29429, 30080, 7.559913547209906e-08
31594, 31789, 7.465246716670061e-08
31285, 31461, 7.27498787629236e-08
31490, 31937, 7.133711800051566e-08
29150, 29412, 6.908210908636913e-08
30221, 31764, 6.819984136072131e-08
31881, 31990, 6.707108496521254e-08
30870, 31088, 6.700686797458747e-08
31599, 31690, 6.500936031172921e-08
30785, 31088, 6.445868126322356e-08
31802, 32439, 6.40732834533374e-08
31285, 31666, 6.403293646988723e-08
31352, 31673, 6.389004509921403e-08
31818, 31990, 6.310691339158293e-08
30979, 31088, 6.231778084519484e-08
28894, 30080, 6.227752635500937e-08
31601, 32439, 6.150774773170621e-08
31473, 31937, 5.8455220972520435e-08
30578, 31088, 5.8147668747912066e-08
31594, 31673, 5.569633260945255e-08
31966, 32390, 5.360935256558635e-08
31881, 32390, 5.063389923940799e-08
31490, 31571, 5.025566734548648e-08
31285, 31812, 5.023036215747108e-08
31285, 31990, 4.9042080033567554e-08
29830, 30080, 4.868720638275608e-08
31590, 31673, 4.8431330529358334e-08
30600, 31088, 4.434746797124555e-08
31802, 31990, 4.4143238112363066e-08
3276, 5978, 4.30186572388028e-08
31588, 31673, 4.257876879841894e-08
829, 2441, 3.846002943236551e-08
30656, 31088, 3.72537682637551e-08
4127, 5117, 3.676206142459327e-08
30891, 31088, 3.568898691900841e-08
31616, 31937, 3.566354759624127e-08
829, 1502, 3.537363327063487e-08
31483, 31551, 3.533816668491063e-08
31473, 31551, 3.530589979631592e-08
31028, 31721, 3.5247212574267314e-08
31028, 31789, 3.4283430017730955e-08
29972, 30168, 3.370969400262495e-08
5263, 5978, 3.129822317204893e-08
31601, 31812, 3.112850395751741e-08
31490, 31666, 3.0154068151131604e-08
284, 2639, 2.986505894165735e-08
31414, 31533, 2.9817423559009665e-08
30221, 31211, 2.9335091899599045e-08
31469, 31666, 2.9053697936882314e-08
31483, 31627, 2.8348179505699343e-08
31490, 32439, 2.7503263139898333e-08
30553, 31088, 2.695902058771261e-08
31414, 31949, 2.6954709626375027e-08
31469, 32439, 2.6939583001388986e-08
5215, 5978, 2.6534058138984617e-08
31469, 31551, 2.6217899223449463e-08
31473, 31666, 2.5820610606649488e-08
4127, 5978, 2.568755063174665e-08
5855, 5978, 2.4936529656090078e-08
2644, 5978, 2.4633351869691988e-08
30110, 31088, 2.4377286637302854e-08
31599, 31937, 2.4156268533885357e-08
31483, 32299, 2.415375605131631e-08
30234, 31088, 2.3940207061707724e-08
31285, 31571, 2.38160891765769e-08
29972, 31088, 2.3744176770957594e-08
31444, 31533, 2.36066193729471e-08
829, 1647, 2.3460785079382533e-08
31285, 31721, 2.304103956110499e-08
30221, 31214, 2.3029499317902242e-08
31469, 31533, 2.2978292761524742e-08
5563, 6090, 2.29732949358763e-08
31473, 31533, 2.2390962525899668e-08
31469, 31812, 2.2292928924167708e-08
31483, 31690, 2.2232782781304916e-08
31601, 31721, 2.1868510940950526e-08
31469, 31571, 2.0993174912589245e-08
31473, 31571, 2.0894213183338528e-08
5263, 5433, 2.0829713241180015e-08
30221, 31181, 2.065742704120959e-08
31028, 31551, 2.0444457078483533e-08
29214, 30080, 2.0432777083737095e-08
31490, 31812, 2.0410379784642632e-08
31124, 31211, 2.0050968432880428e-08
31473, 31812, 1.9477202913556203e-08
30199, 31088, 1.911527335980044e-08
31285, 31789, 1.8805168935544548e-08
31414, 31673, 1.8305137199036465e-08
29755, 30080, 1.78784303372746e-08
29259, 29511, 1.7637295107637234e-08
31295, 31627, 1.7562313437470838e-08
29208, 30080, 1.7014347558198128e-08
30726, 31088, 1.6804729419054473e-08
3386, 5433, 1.6533655584429424e-08
30158, 31088, 1.5261265691281735e-08
31453, 31500, 1.4976649996501003e-08
6070, 6140, 1.4871489402940733e-08
30736, 31088, 1.4723094191942451e-08
6070, 6194, 1.437554366244297e-08
30497, 31088, 1.3906322613152063e-08
32179, 32299, 1.3851716311504184e-08
30321, 31088, 1.3483564382225773e-08
29150, 29457, 1.3235915305498339e-08
5746, 5978, 1.3204389138623617e-08
31124, 31500, 1.3175701655807407e-08
31599, 32299, 1.3136745750118483e-08
5215, 5433, 1.2921586922187613e-08
30221, 31121, 1.291164894334809e-08
6070, 6166, 1.2902329722254265e-08
284, 754, 1.2574373681791768e-08
30191, 31088, 1.2562673957204719e-08
31124, 31214, 1.2458187725868327e-08
31028, 31118, 1.2285759984022326e-08
31444, 31949, 1.1958235533475203e-08
31588, 31949, 1.1832192393595954e-08
31606, 31949, 1.1711015083754914e-08
31590, 31949, 1.1529418532379111e-08
31285, 31551, 1.1179325745945161e-08
6038, 6090, 1.0887984100529524e-08
829, 1569, 1.0615357307379648e-08
246, 2639, 1.0573868774911887e-08
5385, 5433, 1.0339613262536937e-08
5563, 5660, 1.0327772696064449e-08
5876, 5978, 9.662403791722454e-09
30265, 31088, 9.626022420444717e-09
30551, 31088, 9.494804597402091e-09
284, 2441, 9.196487707230277e-09
31601, 31789, 9.030322995810197e-09
1929, 5978, 9.02842857877367e-09
30790, 31088, 8.913402031473406e-09
31295, 31937, 8.895710996050732e-09
30221, 31627, 8.750301232228671e-09
829, 1529, 8.444899699754653e-09
31490, 31990, 8.330893955129056e-09
30221, 31937, 8.293303754058413e-09
31483, 31571, 8.228512131045493e-09
829, 3272, 8.157617990781927e-09
31789, 31990, 8.144792760313576e-09
73, 2639, 8.026344368153615e-09
31028, 31235, 7.820614267906878e-09
31616, 31812, 7.6811205606032e-09
73, 121, 7.573496833583977e-09
30293, 31088, 7.254495840446743e-09
6557, 30080, 7.076007484850815e-09
2907, 5117, 6.977723764407079e-09
31455, 32299, 6.93226473308713e-09
73, 151, 6.852018632886315e-09
284, 1502, 6.712121641222363e-09
30415, 31088, 6.70651628167826e-09
31455, 31627, 6.560480247656119e-09
30640, 31088, 6.103480086983643e-09
31599, 31812, 6.056668723583557e-09
829, 3942, 5.9602560808509e-09
829, 3341, 5.900749573731426e-09
4760, 5117, 5.621000328303297e-09
31028, 31268, 5.404731130013386e-09
31028, 31400, 5.382896844211124e-09
4726, 5117, 5.264957448856995e-09
31028, 31949, 5.224847408020139e-09
246, 754, 5.161893410455378e-09
3276, 5433, 4.884200865542108e-09
31295, 31461, 4.605299489652997e-09
30717, 31088, 4.50796515436169e-09
30824, 31211, 4.335417949553241e-09
284, 1569, 4.309270128736766e-09
4352, 5117, 4.294469337610991e-09
829, 2576, 4.170048191189395e-09
3887, 5117, 3.9415106376567375e-09
5263, 5344, 3.7007904375532956e-09
30533, 31088, 3.672836703740786e-09
30163, 31088, 3.6616627997833767e-09
31223, 31500, 3.5974566533007954e-09
829, 2117, 3.478717836553004e-09
30824, 31181, 3.4371032343232394e-09
30824, 31121, 3.4035038179289306e-09
30824, 31500, 3.3797609920530395e-09
284, 1647, 3.3700820870645606e-09
284, 3272, 3.3582005852852763e-09
30824, 31214, 3.2579998421295862e-09
246, 2441, 3.256081247436439e-09
31028, 31533, 3.248224905408717e-09
31285, 31400, 3.1501791018139625e-09
30309, 31088, 3.116634537255775e-09
1833, 5433, 3.0566034091432023e-09
5270, 5433, 2.8658877144509934e-09
829, 3813, 2.8528422753161697e-09
2644, 5433, 2.7971559478738843e-09
829, 4018, 2.6855022045300403e-09
73, 754, 2.5197644303281104e-09
73, 2441, 2.4716329094462866e-09
30551, 30691, 2.469553073195931e-09
284, 3942, 2.453625002026479e-09
829, 3554, 2.4337954910559895e-09
829, 2760, 2.429702444487241e-09
284, 3341, 2.4289752284515287e-09
829, 2554, 2.338349436746211e-09
30553, 30640, 2.3252034376858326e-09
829, 2530, 2.309299959109559e-09
829, 983, 2.282378808639486e-09
829, 2409, 2.2299726244360476e-09
284, 393, 2.198169013634556e-09
31032, 31121, 2.1392267691426945e-09
284, 694, 2.131027630189065e-09
30265, 30691, 2.1112782923196897e-09
31129, 31181, 2.1100381621080362e-09
284, 592, 2.084612654800629e-09
3441, 5117, 2.0834975164679026e-09
829, 1118, 2.0685703179127857e-09
2281, 5117, 2.0088938808991557e-09
29512, 30130, 2.0070554723800383e-09
4127, 5433, 2.003173675837038e-09
246, 343, 1.9980917071500224e-09
246, 1647, 1.9938771593102425e-09
31297, 31500, 1.971765173871938e-09
829, 3629, 1.8844059499455778e-09
829, 2380, 1.8681500448813435e-09
284, 1529, 1.8641371600883308e-09
30851, 31088, 1.8525522466416983e-09
829, 3647, 1.8111393960141802e-09
3310, 5117, 1.8095062309937231e-09
31028, 31263, 1.6984858037472619e-09
246, 1502, 1.6701250768552854e-09
30595, 31088, 1.6403746378511707e-09
2751, 5117, 1.6263916335272934e-09
30505, 30570, 1.625276371918918e-09
30234, 30742, 1.5789441937113189e-09
30407, 31088, 1.5705791146665396e-09
73, 1647, 1.5592272289926934e-09
30286, 31088, 1.507909565734419e-09
30191, 30742, 1.4938600830208847e-09
4376, 5117, 1.4659764902280535e-09
30293, 30691, 1.461082935108517e-09
3403, 5117, 1.445073924571748e-09
829, 2077, 1.395443328102498e-09
829, 3011, 1.3932877627168652e-09
284, 721, 1.35586573452627e-09
1833, 2639, 1.3518263612334872e-09
30110, 30742, 1.3425053529523188e-09
829, 2545, 1.335086247030465e-09
30415, 30691, 1.3143768628195273e-09
829, 1263, 1.3097203769519961e-09
73, 1502, 1.3078247443362455e-09
284, 461, 1.3062845230181718e-09
2481, 5117, 1.3010417134597698e-09
29994, 30130, 1.2871984690657384e-09
30191, 30564, 1.2796083343902866e-09
284, 697, 1.2694303131762966e-09
4851, 5117, 1.2687466687973224e-09
4861, 5117, 1.2565913296148943e-09
279, 343, 1.2307898621964839e-09
3386, 4656, 1.2205837920477634e-09
30234, 30564, 1.2172549806625193e-09
1756, 5117, 1.2043499504077987e-09
30293, 30521, 1.196770560131433e-09
246, 3272, 1.1890013796861078e-09
284, 3813, 1.1743751136050975e-09
30188, 31211, 1.1505364805859889e-09
30988, 31121, 1.1439098790482445e-09
246, 1529, 1.1406777364195273e-09
30281, 31088, 1.1395902625236308e-09
31032, 31211, 1.1307838734225964e-09
30211, 30533, 1.1214521912642313e-09
284, 4018, 1.1055255449848836e-09
829, 3062, 1.1045227324649943e-09
284, 410, 1.1029220302471896e-09
73, 246, 1.0802073911685799e-09
3390, 5117, 1.0598422024229285e-09
51, 121, 1.0569815619396175e-09
30988, 31211, 1.037605597313653e-09
30199, 30570, 1.0365724464392677e-09
3276, 3341, 1.0356289340489944e-09
30656, 30717, 1.024673690835478e-09
829, 3152, 1.0171563476559419e-09
284, 3554, 1.0018687114054297e-09
31032, 31181, 9.835757183115471e-10
33, 2639, 9.797037922406176e-10
30110, 30564, 9.718051654051663e-10
30877, 31211, 9.577394146614925e-10
73, 3272, 9.025590004754621e-10
284, 700, 8.991549585052383e-10
30321, 30564, 8.966747791884884e-10
30158, 30564, 8.842499617936423e-10
31032, 31214, 8.78308537920441e-10
284, 2117, 8.723742136651266e-10
246, 3942, 8.687281889667068e-10
30877, 31181, 8.640454566915448e-10
246, 3341, 8.600007130327264e-10
30309, 30521, 8.407915161602709e-10
30188, 31214, 8.379353425467068e-10
284, 2576, 8.263431089833986e-10
2819, 5117, 8.260673711131779e-10
30119, 30168, 8.159728942382737e-10
30158, 30425, 8.129336426215839e-10
829, 2094, 8.126199420037807e-10
246, 1569, 8.101217609606438e-10
30988, 31181, 8.099975381280291e-10
829, 2534, 7.988065847094784e-10
30188, 31181, 7.968842083066868e-10
829, 1010, 7.948265926541051e-10
31040, 31121, 7.944147896681982e-10
30188, 31500, 7.896751223717115e-10
30877, 31121, 7.893688937256534e-10
30293, 30425, 7.887478989947329e-10
284, 3629, 7.757156033722588e-10
30505, 31088, 7.755091601705488e-10
30265, 30425, 7.728300214373695e-10
30877, 31214, 7.648297019260424e-10
30988, 31214, 7.564633659752036e-10
1833, 2441, 7.5257196774644e-10
121, 177, 7.501189025761945e-10
284, 3647, 7.455554165808447e-10
30110, 30315, 7.425694652026563e-10
121, 2639, 7.4105877442208e-10
3036, 5117, 7.359846438981549e-10
31046, 31088, 7.355541727476777e-10
30471, 31088, 7.214159199387132e-10
30497, 30742, 7.20373622633799e-10
30163, 30309, 7.056645345315776e-10
31129, 31211, 6.696854795216281e-10
1929, 2639, 6.609457554207455e-10
33, 138, 6.604880160324249e-10
73, 3942, 6.594428394403068e-10
73, 3341, 6.528179001507248e-10
30011, 30449, 6.510032326249323e-10
829, 3310, 6.485523683106581e-10
30656, 30784, 6.30761569865156e-10
30578, 30784, 6.241862893222402e-10
30158, 30315, 6.204145080046599e-10
30578, 30733, 6.180265375028227e-10
284, 2760, 6.105775621466621e-10
312, 2639, 6.093950427205672e-10
30309, 30475, 5.928479438325287e-10
246, 592, 5.890119974103191e-10
829, 3804, 5.738800249685111e-10
284, 3011, 5.735669144490142e-10
51, 138, 5.7147106859343e-10
30407, 30521, 5.692579938132643e-10
30163, 30343, 5.668207927911075e-10
30265, 30564, 5.650689683857775e-10
30620, 31088, 5.640349044730335e-10
30163, 30521, 5.497883186931714e-10
30590, 31088, 5.492813631521283e-10
284, 420, 5.449667032630748e-10
246, 694, 5.446872499640912e-10
829, 1050, 5.41288344867168e-10
30985, 31121, 5.352117150698784e-10
829, 3612, 5.302619108704058e-10
30600, 30733, 5.279671099465798e-10
30258, 30380, 5.275811659855339e-10
30309, 30425, 5.119155977911237e-10
246, 393, 5.074352502400277e-10
30256, 30309, 5.049936412661082e-10
30988, 31500, 4.98146916655197e-10
30553, 30742, 4.967227117070085e-10
829, 3573, 4.930077159478947e-10
30199, 30400, 4.915018571689515e-10
30380, 31088, 4.911485180147678e-10
22792, 30080, 4.895277736074174e-10
30188, 31121, 4.88253066031547e-10
30640, 30742, 4.835778415648152e-10
30256, 30380, 4.782972996654308e-10
829, 2866, 4.73725009625029e-10
51, 2639, 4.723149568544487e-10
500, 2639, 4.708877205462552e-10
246, 461, 4.595272326829432e-10
3276, 4656, 4.580538447479789e-10
73, 177, 4.567340847412885e-10
31483, 31533, 4.5573355358743716e-10
30985, 31211, 4.5471642789690356e-10
284, 3062, 4.546926432221056e-10
4127, 4656, 4.5244454240105484e-10
29584, 29714, 4.460636970903532e-10
51, 5433, 4.321459464581183e-10
500, 5433, 4.308395316847045e-10
279, 2639, 4.294168705322496e-10
30163, 30475, 4.2520132975504496e-10
30211, 31211, 4.226191690939653e-10
284, 3152, 4.1872701637716576e-10
10275, 30080, 4.1741551227356904e-10
3386, 30080, 4.1598114681659934e-10
246, 3813, 4.1579816180839546e-10
284, 2094, 4.1315158719748486e-10
284, 2554, 4.124774257429887e-10
284, 2409, 4.107281671019659e-10
246, 721, 4.0615112454181554e-10
73, 343, 4.0151810550598934e-10
30188, 30325, 3.998800478799452e-10
500, 754, 3.9732397246765723e-10
30161, 31211, 3.968276954241412e-10
30877, 31500, 3.9629686359701055e-10
246, 4018, 3.914213474992887e-10
284, 2380, 3.909521923790172e-10
284, 2530, 3.9089170932028946e-10
30686, 31088, 3.8910769512619455e-10
30221, 31461, 3.8902385621777367e-10
31129, 31214, 3.7395776099556353e-10
829, 3374, 3.7253005803267366e-10
73, 1569, 3.7139727577634663e-10
30161, 31181, 3.707657001493811e-10
73, 1529, 3.6844844592057024e-10
30211, 31500, 3.6168238823065316e-10
6557, 22069, 3.574817300256628e-10
829, 2701, 3.5481884416222273e-10
246, 3554, 3.5472070529229857e-10
1929, 2441, 3.538749950380611e-10
29659, 30449, 3.503765862985752e-10
284, 2545, 3.4795245683766977e-10
30985, 31181, 3.465240980440638e-10
829, 4126, 3.4063583530379255e-10
33, 121, 3.3793951472446674e-10
30221, 31142, 3.353492207416282e-10
30234, 30400, 3.217510007449139e-10
30538, 31088, 3.214209520420828e-10
30407, 30460, 3.197742190862545e-10
829, 2394, 3.1826890210844087e-10
246, 697, 3.1667210247599265e-10
73, 3813, 3.156282067733107e-10
1409, 1502, 3.1492895854559504e-10
31285, 31533, 3.1429945377341656e-10
30161, 31500, 3.142217999725153e-10
73, 694, 3.114983366314386e-10
30211, 31214, 3.10270603741392e-10
585, 2940, 3.03764988164849e-10
33, 2441, 3.0169003762397424e-10
30985, 31214, 3.0153901076425875e-10
284, 1118, 3.0066581205954723e-10
22230, 30080, 2.9830386646893943e-10
73, 4018, 2.9712401196454577e-10
30161, 31214, 2.9653432582281873e-10
30110, 30400, 2.964800017425378e-10
1319, 2639, 2.938085280295768e-10
246, 2576, 2.925742735501025e-10
30234, 30784, 2.8808157531016227e-10
312, 754, 2.861110390714039e-10
73, 592, 2.798083859087295e-10
246, 3629, 2.746491459429335e-10
30161, 31121, 2.7304368187571763e-10
829, 2972, 2.7110680340787697e-10
30191, 30400, 2.7084227566756445e-10
73, 3554, 2.692649232258141e-10
284, 3310, 2.669858953079318e-10
246, 2094, 2.655383402822064e-10
30265, 30325, 2.6531588637281184e-10
942, 2940, 2.646707891347082e-10
717, 2940, 2.643899228762375e-10
246, 3647, 2.639706582243272e-10
30110, 30784, 2.6044553344504746e-10
31469, 32390, 2.5835936681879743e-10
829, 4186, 2.5709601852242575e-10
29512, 31088, 2.5651060369499265e-10
529, 592, 2.5249377855318083e-10
2481, 2639, 2.5038535671272186e-10
250, 2639, 2.455951064511368e-10
829, 1425, 2.4507303469674286e-10
829, 22069, 2.450622194530296e-10
2644, 2701, 2.443562447823798e-10
32023, 32390, 2.4402582030491715e-10
31295, 31400, 2.39065922637518e-10
30600, 30784, 2.389552676314526e-10
31601, 32390, 2.3654231014049667e-10
284, 3804, 2.362459529130328e-10
121, 754, 2.358840356602368e-10
31802, 32390, 2.3563298119731217e-10
246, 410, 2.354043617285826e-10
1319, 1502, 2.3144121223855424e-10
31028, 31414, 2.3039461075713266e-10
2481, 2940, 2.2874167321885018e-10
121, 2441, 2.2820167820894197e-10
31789, 32390, 2.2791042431959116e-10
344, 2639, 2.2720149621777744e-10
529, 2940, 2.2691778744144538e-10
284, 2077, 2.2593652319318634e-10
30293, 30823, 2.2349413358203106e-10
73, 2576, 2.22090191325033e-10
246, 700, 2.206925039479417e-10
829, 1785, 2.2023591317018007e-10
481, 2940, 2.1936614543177968e-10
284, 3612, 2.1828992990989504e-10
30011, 30130, 2.176925207166448e-10
1833, 4656, 2.173188249401188e-10
31473, 32390, 2.1698705005762906e-10
246, 2760, 2.161805244686092e-10
30258, 30309, 2.1577590102431594e-10
30211, 31181, 2.13962834272606e-10
31937, 32390, 2.1068595665690746e-10
33, 151, 2.105451158714353e-10
33, 754, 2.0991602312767026e-10
31490, 31533, 2.0966754775876574e-10
73, 3629, 2.0848340706646939e-10
31455, 31551, 2.0341676493947418e-10
246, 3011, 2.0307656892515583e-10
284, 3573, 2.0295370561813674e-10
500, 2441, 2.022288747675676e-10
30315, 31088, 2.0077243867260381e-10
73, 3647, 2.0037747433455083e-10
2281, 2639, 2.0012065594287578e-10
18036, 30080, 2.0003161322883947e-10
2644, 4656, 1.9940350158520583e-10
279, 754, 1.9934245398709352e-10
829, 2722, 1.979276942494973e-10
284, 425, 1.9741763895468453e-10
30211, 30325, 1.9594654275016895e-10
284, 2866, 1.9501570267015622e-10
366, 2639, 1.9492159598124143e-10
31032, 31500, 1.9109677674317576e-10
30256, 30303, 1.9073379638791495e-10
246, 321, 1.884283364324027e-10
121, 246, 1.8807372049524987e-10
829, 30080, 1.8782928129208024e-10
312, 2441, 1.8765714170174172e-10
284, 1263, 1.8695253224674038e-10
73, 697, 1.8674299919711326e-10
246, 2117, 1.8488716243857211e-10
30303, 31088, 1.823428804364171e-10
30258, 31088, 1.8130973830495345e-10
30211, 31121, 1.8119879396604994e-10
30256, 31088, 1.7707059493417039e-10
30640, 30823, 1.760000098612177e-10
73, 461, 1.7496413715629155e-10
73, 393, 1.6947177573978814e-10
1781, 2639, 1.6822663250215123e-10
73, 721, 1.6756671229299028e-10
5563, 30080, 1.6752562296360765e-10
1409, 2639, 1.657509165227866e-10
73, 2760, 1.6410046398613849e-10
33, 1647, 1.6381234856393781e-10
29512, 30168, 1.6229437857603286e-10
246, 2077, 1.61428080013121e-10
1391, 2940, 1.586586531211226e-10
344, 410, 1.582210711551797e-10
284, 983, 1.5702799732894008e-10
500, 1502, 1.547631664030997e-10
73, 3011, 1.541533829989851e-10
284, 3374, 1.5335734773745685e-10
284, 2534, 1.5119003005543622e-10
500, 592, 1.4847587347955062e-10
878, 2639, 1.481114233919007e-10
500, 1647, 1.4810426882422568e-10
942, 2639, 1.4763949579796435e-10
31455, 31533, 1.4629549564864287e-10
246, 2554, 1.4604137419508116e-10
922, 2639, 1.4563449552799575e-10
51, 2441, 1.4544469280648438e-10
246, 2409, 1.4542203330558348e-10
30415, 30823, 1.4445716276630365e-10
284, 465, 1.444498485491249e-10
30540, 31088, 1.4106367856567407e-10
51, 754, 1.410081500780784e-10
284, 4126, 1.402276329657706e-10
73, 700, 1.3880317722602937e-10
30547, 31211, 1.3866264934666678e-10
246, 2380, 1.384201700657116e-10
246, 2530, 1.3839875549012307e-10
31455, 31571, 1.382433908840039e-10
31040, 31181, 1.3661574197570477e-10
31295, 31551, 1.3659675874498453e-10
33, 246, 1.3543479654553453e-10
2281, 2441, 1.324365076874728e-10
279, 2441, 1.3223465383445785e-10
312, 393, 1.3182611350398713e-10
73, 2117, 1.306475888181697e-10
250, 754, 1.2994313671895188e-10
284, 2701, 1.2925489725647148e-10
344, 754, 1.286861664032216e-10
876, 2639, 1.2829714575279765e-10
31295, 31571, 1.267185366518334e-10
246, 420, 1.2479964734424828e-10
30705, 31088, 1.23937933587174e-10
829, 2587, 1.2384478123436697e-10
6557, 10030, 1.2379017123438671e-10
246, 2545, 1.2319572364377303e-10
1421, 2940, 1.2318347077230166e-10
30717, 30823, 1.2078223477619987e-10
30547, 31214, 1.2035134304973864e-10
1990, 2940, 1.202462059443796e-10
121, 1647, 1.1973431008229005e-10
366, 754, 1.1832716952619296e-10
51, 151, 1.1813121772900294e-10
30303, 30349, 1.1758932452921966e-10
31483, 31937, 1.1721212870660155e-10
1319, 2441, 1.1685184343120134e-10
1319, 1647, 1.1573611397243548e-10
1391, 5117, 1.1473391718888839e-10
1983, 2940, 1.147067765901073e-10
33, 1502, 1.1331793005302236e-10
284, 2972, 1.1160500858313452e-10
284, 2722, 1.1148389181740755e-10
73, 2554, 1.1085853975743328e-10
717, 2639, 1.1078220826085717e-10
73, 2409, 1.103884043112266e-10
713, 5117, 1.076729506102871e-10
30258, 30303, 1.0725726140829637e-10
30256, 30315, 1.0686882089594984e-10
284, 4186, 1.0583726779706245e-10
73, 2380, 1.0507336027913933e-10
73, 2530, 1.0505710468997939e-10
723, 2940, 1.0494145045905577e-10
290, 2940, 1.0493525777400578e-10
30258, 30315, 1.0434623234759585e-10
344, 393, 1.0408612122975101e-10
30547, 31121, 1.0246425617990154e-10
1421, 1502, 1.0133203193978091e-10
284, 22069, 1.0088338161071323e-10
829, 1361, 1.0074611331945352e-10
312, 1647, 9.820005936101548e-11
19675, 30080, 9.600433223260267e-11
73, 2545, 9.351663597238951e-11
29976, 30130, 9.324042536643567e-11
922, 983, 9.295325239314225e-11
585, 754, 9.165477686344928e-11
2481, 2545, 9.041159100633135e-11
3276, 30080, 9.018790970354236e-11
312, 1502, 8.938296660292673e-11
6557, 17878, 8.89788953880469e-11
73, 410, 8.684706795578287e-11
829, 10030, 8.628630484215689e-11
121, 1502, 8.536259572606885e-11
279, 1502, 8.290334686657352e-11
246, 1263, 8.266939161367524e-11
1833, 2117, 8.201275755124879e-11
1319, 1569, 8.13006106185402e-11
246, 1118, 8.040887045862631e-11
31028, 31223, 7.966262317899363e-11
51, 1502, 7.937353028732689e-11
1409, 1647, 7.926828325780288e-11
30163, 30315, 7.86452369079622e-11
29994, 30168, 7.783754852176082e-11
1319, 1529, 7.733271106266026e-11
246, 3612, 7.728752980739555e-11
284, 1010, 7.682134192493482e-11
73, 2094, 7.624244436282113e-11
922, 2441, 7.508404734938781e-11
250, 2441, 7.39324755865759e-11
1409, 1529, 7.373956173431544e-11
585, 2639, 7.339072915840676e-11
246, 3573, 7.185760048096516e-11
366, 420, 7.030081604889914e-11
73, 2077, 7.01952950276995e-11
246, 2866, 6.904707853106815e-11
121, 4656, 6.872746597104783e-11
344, 2441, 6.839537148283596e-11
829, 17878, 6.8350563047883e-11
585, 2441, 6.783080404905569e-11
284, 805, 6.751940143967958e-11
500, 1569, 6.69519178297609e-11
284, 2394, 6.668492583946628e-11
1781, 2441, 6.557107415027797e-11
29976, 30449, 6.518468909853143e-11
500, 694, 6.43119945251182e-11
1409, 1569, 6.35190134924046e-11
121, 1569, 6.312467035189091e-11
1409, 2441, 6.274402168274686e-11
1391, 1502, 6.254105575590464e-11
284, 1050, 6.224362102879312e-11
31285, 31414, 6.176266448779695e-11
6557, 19420, 6.129048627761339e-11
51, 1569, 6.07331603178305e-11
30221, 31235, 6.059662919446517e-11
366, 1647, 5.993679117650309e-11
366, 2441, 5.867802452491543e-11
73, 3612, 5.8668187307399e-11
30211, 30847, 5.832469019448095e-11
51, 246, 5.7550818447808136e-11
284, 1425, 5.670597537251912e-11
312, 4656, 5.651667385514075e-11
33, 1569, 5.628773445659219e-11
246, 983, 5.5450789224565574e-11
290, 343, 5.4564157907727136e-11
73, 3573, 5.454638251453222e-11
529, 754, 5.446319512194282e-11
246, 3374, 5.429756008137592e-11
529, 2639, 5.426518689630847e-11
121, 1529, 5.3031112975532824e-11
829, 956, 5.274715319352529e-11
481, 2639, 5.2459284989503265e-11
250, 343, 5.1824064245620344e-11
279, 1647, 5.134073633681768e-11
51, 1647, 5.0792750300470066e-11
73, 420, 5.062990364869742e-11
246, 425, 4.9917574753207837e-11
246, 4126, 4.964886546592473e-11
30258, 30349, 4.930806380258785e-11
312, 694, 4.927329369876161e-11
29972, 30144, 4.882036440324037e-11
30415, 30564, 4.877036726670286e-11
1929, 2117, 4.872170743438298e-11
312, 1529, 4.847023003528412e-11
279, 1569, 4.743144880704023e-11
1833, 2077, 4.714053297093692e-11
481, 754, 4.7076058062568484e-11
344, 1502, 4.699231736436486e-11
33, 343, 4.68728863328849e-11
73, 1118, 4.6697320631845234e-11
246, 465, 4.6364186834427395e-11
500, 1529, 4.6057117776459995e-11
30221, 31268, 4.5961535086618214e-11
246, 2701, 4.576386885361581e-11
250, 1502, 4.531633438641857e-11
312, 592, 4.5265507449914424e-11
121, 343, 4.5059807353302717e-11
942, 1502, 4.4510774655432305e-11
30293, 30564, 4.422520995098089e-11
312, 1569, 4.412154030118587e-11
250, 1647, 4.3754808087262605e-11
30256, 30349, 4.3581038356354285e-11
366, 1502, 4.31005722654971e-11
344, 1647, 4.24774697523148e-11
1833, 2380, 4.179912779606237e-11
33, 592, 4.139384087627576e-11
73, 3374, 4.121673228692183e-11
500, 721, 4.0851670235308167e-11
1833, 2094, 4.065570678804514e-11
878, 1647, 4.01620782126072e-11
878, 1502, 4.0026569158479436e-11
366, 425, 3.959889055734717e-11
73, 159, 3.849119141081071e-11
30110, 30184, 3.834626139623879e-11
500, 697, 3.81792960792749e-11
73, 4126, 3.7687954913471735e-11
33, 694, 3.693655433024661e-11
30199, 30640, 3.66819126004709e-11
33, 177, 3.610371018748315e-11
878, 2441, 3.607561798172775e-11
31028, 31295, 3.586091497091295e-11
246, 22069, 3.5718676379287474e-11
284, 10030, 3.5520996417149e-11
876, 1502, 3.511689529594936e-11
19310, 19420, 3.471384595498936e-11
30265, 30400, 3.451806363700793e-11
284, 2587, 3.4447126002320917e-11
876, 1647, 3.436958711799043e-11
1929, 2077, 3.4258211151159445e-11
73, 983, 3.4217839082946924e-11
30286, 30475, 3.4069027236061216e-11
30293, 30400, 3.3767522347765626e-11
121, 694, 3.3443132223996356e-11
30158, 30400, 3.336112840856724e-11
312, 461, 3.309970640732595e-11
876, 2441, 3.285687368188616e-11
279, 393, 3.252075078548844e-11
284, 1785, 3.24867322169659e-11
33, 1529, 3.2288564100990104e-11
30110, 30640, 3.198643790469456e-11
312, 410, 3.135682345362073e-11
1929, 2094, 3.1282871221292615e-11
30163, 30425, 3.106036897422461e-11
922, 1502, 3.0514801179213144e-11
246, 805, 3.015657105415133e-11
279, 694, 3.001006071704392e-11
30286, 30425, 2.969955467895656e-11
922, 1647, 2.955799229410698e-11
73, 1263, 2.939618955992065e-11
246, 2534, 2.9253053746781714e-11
279, 592, 2.9147046150415096e-11
30258, 30343, 2.8983833062896906e-11
312, 697, 2.8625089938853706e-11
312, 721, 2.852269318592499e-11
344, 420, 2.8299211222335562e-11
31040, 31211, 2.8142495306084746e-11
284, 17878, 2.813749075911036e-11
942, 1647, 2.8123642970316415e-11
500, 700, 2.8113818184700045e-11
279, 1529, 2.8019397698159195e-11
30309, 30400, 2.7911123730008348e-11
121, 592, 2.7687146956076523e-11
73, 22069, 2.7113688345514673e-11
30547, 31181, 2.6830320330400422e-11
30234, 30570, 2.667984387742914e-11
121, 721, 2.666519167819591e-11
717, 2441, 2.6282282303919244e-11
522, 592, 2.6151974709833498e-11
246, 1010, 2.590400714430168e-11
2751, 2940, 2.5656012950277825e-11
51, 343, 2.531687138445977e-11
30191, 30570, 2.496698605145683e-11
30380, 30475, 2.4893293815364417e-11
33, 697, 2.4721582178311433e-11
51, 592, 2.447281178114619e-11
30286, 30521, 2.446537017338861e-11
29512, 30380, 2.439873615920819e-11
366, 461, 2.339030878866401e-11
51, 177, 2.3375301171583916e-11
585, 694, 2.3162999906946418e-11
29826, 30449, 2.2948105326483267e-11
51, 1529, 2.2867627456776428e-11
250, 1529, 2.266679835966603e-11
30256, 30343, 2.253853374217841e-11
73, 2534, 2.2202028610941786e-11
942, 1010, 2.209653254305704e-11
30380, 30425, 2.18647070295781e-11
473, 754, 2.1731227449187885e-11
3386, 22069, 2.157194426214965e-11
33, 721, 2.155190984514745e-11
717, 1502, 2.1506641413385348e-11
1756, 2940, 2.1340433087260005e-11
33, 393, 2.1190506209234807e-11
585, 1502, 2.093242356219896e-11
344, 1569, 2.0904991882176988e-11
29647, 30449, 2.0793196380898972e-11
250, 1569, 2.075074018866807e-11
473, 2940, 2.0285381387359257e-11
312, 700, 2.027274620742248e-11
344, 461, 2.0193315080807275e-11
73, 425, 2.018547521754021e-11
33, 700, 1.999190075369603e-11
30221, 31118, 1.9675952392131732e-11
121, 393, 1.934937387290364e-11
279, 461, 1.893486327106778e-11
1391, 1647, 1.8825088304395527e-11
481, 1502, 1.8620972436845198e-11
30281, 30425, 1.8462357454308437e-11
6557, 9946, 1.8432010056903194e-11
344, 694, 1.8419733160806067e-11
121, 697, 1.836071908993125e-11
73, 465, 1.8353737031506488e-11
344, 592, 1.822030358590627e-11
33, 461, 1.8127980568630433e-11
30281, 30475, 1.794814110537923e-11
6557, 9182, 1.7895478066793744e-11
2481, 2554, 1.788065478639188e-11
31295, 31690, 1.774206299132444e-11
121, 461, 1.7515807655289144e-11
279, 697, 1.7417877806402225e-11
481, 2441, 1.7272707710463235e-11
246, 1050, 1.7266429451310924e-11
366, 1569, 1.715550089779104e-11
279, 721, 1.6682326171154208e-11
585, 1647, 1.667913341899553e-11
30578, 31121, 1.6349450713856148e-11
51, 694, 1.6029789299122015e-11
922, 1529, 1.597877787238392e-11
829, 18827, 1.5901740684902873e-11
1391, 1529, 1.5846032364948525e-11
366, 592, 1.5707069249988713e-11
717, 1647, 1.5516005237293192e-11
51, 721, 1.5254392236127157e-11
495, 5117, 1.5225567864960877e-11
366, 694, 1.5043251051647984e-11
31223, 31764, 1.4982720852761996e-11
73, 1010, 1.4806351204807398e-11
73, 805, 1.4759159243038177e-11
829, 9182, 1.4692758228327536e-11
529, 1502, 1.4568413931494682e-11
279, 410, 1.4550239297468645e-11
725, 5117, 1.45476952373955e-11
312, 420, 1.4330013919052209e-11
1833, 2576, 1.4113504730234691e-11
585, 697, 1.4095926638994783e-11
250, 592, 1.4005373612795607e-11
246, 2394, 1.3875367652324699e-11
274, 343, 1.3782793958270155e-11
250, 694, 1.3646752258741503e-11
529, 1647, 1.3634990020097588e-11
495, 754, 1.3605349382110971e-11
1391, 1569, 1.3358205555156811e-11
368, 754, 1.3349398517108964e-11
344, 721, 1.32745260821892e-11
878, 1569, 1.3172797020190775e-11
246, 1785, 1.2954687347702642e-11
829, 9946, 1.284778930963998e-11
1208, 1263, 1.2803617454206373e-11
1833, 2409, 1.2700957195558126e-11
250, 393, 1.2653489190444204e-11
246, 10030, 1.2576530994865415e-11
30199, 30460, 1.2237060783286148e-11
279, 700, 1.2154954936052525e-11
1287, 1502, 1.2154703656820194e-11
121, 700, 1.1919884220584648e-11
942, 1569, 1.1870799987670273e-11
585, 721, 1.182114737563976e-11
6557, 9346, 1.1719635659635787e-11
284, 1361, 1.1708627275563524e-11
481, 592, 1.160923779693648e-11
33, 410, 1.1604216778725427e-11
246, 1425, 1.1385108374393421e-11
344, 697, 1.1331617431332506e-11
922, 1569, 1.1247062017410033e-11
73, 1050, 1.118544810946571e-11
1421, 1647, 1.1169645665645565e-11
121, 410, 1.10839644576665e-11
344, 1529, 1.107454162236453e-11
366, 410, 1.0973222037419191e-11
366, 721, 1.0877760976986873e-11
250, 461, 1.0704164230924915e-11
290, 754, 1.0596230570488932e-11
366, 1529, 1.055111075981038e-11
73, 2394, 1.0532652168004895e-11
1484, 1569, 1.0526538472382693e-11
876, 1569, 1.0496278094977023e-11
585, 700, 1.0423004604729789e-11
6557, 9154, 1.0389796487828591e-11
30234, 30460, 1.0375068305284969e-11
1421, 1529, 1.0156283906495871e-11
829, 9346, 1.0144599362180684e-11
30415, 30460, 1.01205071438085e-11
29972, 30315, 9.96389115318873e-12
246, 17878, 9.962333840354956e-12
30281, 30521, 9.845689141224993e-12
522, 754, 9.684290720508e-12
51, 461, 9.606368766342387e-12
51, 393, 9.593312810495964e-12
30321, 30460, 9.564044219133866e-12
73, 10030, 9.546718311774405e-12
1208, 1502, 9.537498449621772e-12
529, 694, 9.342286678392474e-12
878, 1529, 9.322332335811056e-12
30110, 30460, 9.25321428393146e-12
51, 697, 9.243067889597148e-12
73, 321, 9.181485337869232e-12
366, 697, 9.07391368496286e-12
1421, 1569, 9.001153556373346e-12
717, 1569, 8.903375362565636e-12
250, 721, 8.7516502555137e-12
585, 1569, 8.703523518858773e-12
481, 694, 8.582540961565514e-12
344, 700, 8.486712261978304e-12
29090, 30130, 8.467177384400293e-12
30119, 30303, 8.445635124051421e-12
876, 1529, 8.302141248478716e-12
73, 1785, 8.269604974917251e-12
1495, 1569, 8.265428165428434e-12
30191, 30460, 8.139158115976485e-12
829, 9154, 8.107973324959247e-12
73, 1425, 7.953040583506154e-12
6557, 9978, 7.904417740626558e-12
6557, 9981, 7.727142693105898e-12
250, 697, 7.687780865808417e-12
73, 17878, 7.56230751870733e-12
269, 343, 7.543407425252964e-12
723, 1502, 7.444245809367605e-12
9488, 9550, 7.37409550606796e-12
250, 321, 7.367311902811353e-12
481, 1647, 7.291528798727567e-12
279, 420, 7.273131271526992e-12
485, 754, 7.271688558732738e-12
30158, 30460, 7.148732840200334e-12
33, 2117, 7.0888581280848165e-12
1484, 1529, 6.97259713045184e-12
500, 2117, 6.951190843356079e-12
30271, 30343, 6.904614870800622e-12
366, 700, 6.696932675854717e-12
30119, 30380, 6.684008178030725e-12
30286, 30400, 6.5937377788506534e-12
1385, 1502, 6.550853964699032e-12
284, 18827, 6.5461798941110615e-12
723, 1647, 6.535224957905435e-12
51, 700, 6.487656478787256e-12
942, 1529, 6.435086833421714e-12
30271, 30349, 6.400753137429376e-12
246, 1361, 6.349348985789369e-12
121, 1118, 6.210488800383948e-12
250, 410, 6.154507143887957e-12
290, 1502, 6.132077043240778e-12
344, 425, 6.1202769691771054e-12
717, 1529, 6.063922883034035e-12
121, 420, 6.012911864537709e-12
473, 1502, 5.9935874726048976e-12
33, 420, 5.913850485084412e-12
30163, 30400, 5.904518801131543e-12
1484, 1647, 5.817490261841801e-12
368, 420, 5.816795015124432e-12
284, 9182, 5.7841049450746585e-12
585, 1529, 5.772308610236423e-12
1287, 1647, 5.7580465431136815e-12
312, 2117, 5.73702885168514e-12
713, 1502, 5.7252624428798324e-12
312, 425, 5.708485027696231e-12
51, 410, 5.528248761339396e-12
29994, 30380, 5.495697065304309e-12
121, 1263, 5.449296266186806e-12
250, 700, 5.389841244492103e-12
3386, 17878, 5.387520393797077e-12
121, 2077, 5.373211468842737e-12
473, 592, 5.369645001074509e-12
1208, 1647, 5.327554192624237e-12
284, 9946, 5.28897695724523e-12
529, 721, 5.2760615352171125e-12
529, 697, 5.2313335516366836e-12
420, 754, 5.174524825495962e-12
279, 2117, 5.166804741425631e-12
878, 983, 5.16096709718598e-12
481, 697, 5.031771199186967e-12
29512, 30303, 5.031555409760551e-12
30380, 30521, 4.947335292942942e-12
500, 983, 4.946596097770063e-12
529, 1529, 4.923100778909887e-12
121, 2117, 4.907507294156986e-12
495, 592, 4.8980704737836525e-12
312, 983, 4.885798739253621e-12
529, 1569, 4.83109198658132e-12
368, 1647, 4.819120557884806e-12
500, 1118, 4.757692083150083e-12
30281, 30400, 4.648212270489267e-12
312, 1118, 4.570535200384934e-12
2819, 2940, 4.556243256824471e-12
29490, 30449, 4.530749167298082e-12
33, 1263, 4.521309764959585e-12
33, 983, 4.388619433064497e-12
876, 983, 4.3336896404803896e-12
73, 1361, 4.302819008389577e-12
29440, 30449, 4.2460741561610055e-12
1391, 2639, 4.2388479767946615e-12
2644, 2760, 4.180579068897536e-12
481, 721, 4.179618743086625e-12
713, 1647, 4.177209259059638e-12
284, 9346, 4.1761699988962385e-12
29932, 30449, 4.133984832707276e-12
6557, 9550, 4.1261662732007415e-12
725, 1502, 4.122254842535838e-12
269, 754, 4.055015478512355e-12
33, 2094, 4.039047437298197e-12
500, 2077, 4.033203253455841e-12
368, 425, 4.032023283362751e-12
312, 1263, 3.9482121980518065e-12
725, 1647, 3.9276261719538405e-12
10275, 17878, 3.918429337943472e-12
214, 754, 3.911229642570831e-12
284, 956, 3.881795098472966e-12
2438, 2639, 3.800628954464353e-12
495, 1647, 3.749628570686447e-12
529, 700, 3.729576320147943e-12
33, 1118, 3.726003259150755e-12
733, 1502, 3.690593463728154e-12
495, 1502, 3.6794687586314576e-12
33, 2077, 3.673370346232302e-12
721, 1502, 3.6474131619162245e-12
312, 465, 3.636655870710433e-12
274, 754, 3.629416002754367e-12
721, 1647, 3.617272704574867e-12
481, 1569, 3.5944386756080866e-12
1990, 2639, 3.5895337431892268e-12
500, 1263, 3.5739649938606246e-12
971, 1502, 3.556556206002451e-12
723, 1569, 3.524477032841203e-12
279, 1118, 3.4814882005433253e-12
481, 1529, 3.4447723092470547e-12
1756, 2639, 3.432850313935608e-12
723, 2639, 3.4119667129528533e-12
19094, 30080, 3.410431129645373e-12
6557, 18827, 3.410431129645373e-12
481, 700, 3.404717489265042e-12
121, 983, 3.3523393056957228e-12
713, 2639, 3.341104709396468e-12
284, 9154, 3.3377636457264e-12
473, 694, 3.327946205498884e-12
30211, 30286, 3.3192808983341347e-12
51, 420, 3.3131191952259536e-12
368, 1502, 3.2369233854476464e-12
922, 1010, 3.1839439887747743e-12
30265, 30460, 3.148099639559318e-12
1208, 1569, 3.1326018852927797e-12
1287, 1569, 3.1189080819778555e-12
1319, 1425, 3.088893451562839e-12
30119, 30309, 3.057794655395826e-12
51, 1118, 3.050985566944481e-12
29910, 30449, 3.0345128594864003e-12
29903, 30449, 2.949860806724483e-12
1361, 1502, 2.944615772509586e-12
250, 420, 2.8597788253720284e-12
3386, 3554, 2.7815070257971366e-12
290, 1569, 2.7802525184317726e-12
368, 461, 2.7422492490756535e-12
30293, 30460, 2.7409065058982977e-12
51, 1263, 2.7221682942431793e-12
279, 1263, 2.6549157167297433e-12
279, 425, 2.6116517124800276e-12
878, 1118, 2.5487753690806375e-12
922, 1118, 2.517453640535035e-12
3386, 3942, 2.5001555147690464e-12
30119, 30349, 2.444707054291341e-12
495, 694, 2.433180765281839e-12
942, 1118, 2.4263442158497963e-12
971, 1647, 2.306834670368378e-12
290, 393, 2.299479631349296e-12
1287, 1529, 2.298387021348812e-12
279, 983, 2.29266474936017e-12
121, 425, 2.285439350114359e-12
366, 465, 2.2786403258915426e-12
876, 1118, 2.2519103989592324e-12
733, 1647, 2.2331826029426836e-12
473, 1647, 2.232976080111865e-12
500, 805, 2.213480369445767e-12
33, 159, 2.2038186555752125e-12
33, 425, 2.19130160334301e-12
344, 465, 2.1500995965307113e-12
33, 465, 2.1366211359968845e-12
713, 1569, 2.1359733261406883e-12
723, 1529, 2.1233170960951217e-12
725, 1569, 2.106481655444603e-12
1208, 1529, 2.0614601339771788e-12
246, 9182, 2.047914823812947e-12
279, 465, 2.021887280125437e-12
290, 694, 1.9975986215656094e-12
290, 592, 1.990096687897003e-12
522, 1502, 1.9833526008963446e-12
485, 1502, 1.9734006574423985e-12
721, 1569, 1.970980887460125e-12
159, 246, 1.9695609499482532e-12
312, 805, 1.961727594470689e-12
500, 1010, 1.9515577086954814e-12
30188, 30286, 1.9427105385007405e-12
473, 721, 1.9270618210427335e-12
30503, 30564, 1.9158368874142825e-12
3887, 3942, 1.9082532575191985e-12
121, 465, 1.894864912014188e-12
30309, 30564, 1.867071767603245e-12
485, 592, 1.8418540629221818e-12
473, 697, 1.8361748081264766e-12
368, 592, 1.8104494793560017e-12
483, 754, 1.8098861717135334e-12
878, 1010, 1.7959145122416627e-12
500, 1050, 1.780702532058917e-12
33, 805, 1.7226341771977398e-12
729, 1502, 1.7120150833664218e-12
33, 1010, 1.7095439496499825e-12
30271, 30380, 1.70730572127136e-12
33, 1050, 1.7042563979281127e-12
368, 694, 1.679661452223596e-12
51, 983, 1.6667546158104103e-12
717, 805, 1.6613534534248472e-12
366, 1118, 1.6449615101976296e-12
522, 694, 1.6408651460118186e-12
814, 1502, 1.6284990922786768e-12
344, 1118, 1.6019713134821058e-12
733, 805, 1.59338700570655e-12
713, 1529, 1.5777945631441805e-12
878, 1263, 1.5763208484694985e-12
73, 9182, 1.5545515657243872e-12
3386, 3629, 1.5391911872357446e-12
1983, 2639, 1.5306175275006417e-12
876, 1010, 1.4999796376330137e-12
495, 697, 1.4998533851207683e-12
246, 9346, 1.4786108704312391e-12
159, 754, 1.466729346090413e-12
250, 1118, 1.4600236818510955e-12
358, 754, 1.458725349746373e-12
29994, 30303, 1.4472899971621913e-12
922, 1263, 1.3928390052467044e-12
733, 1569, 1.3914443061339369e-12
495, 721, 1.3727568724070436e-12
1421, 2639, 1.3578718984981355e-12
2757, 2940, 1.3552371340435916e-12
358, 420, 1.3494090833180758e-12
876, 1263, 1.3430778057636726e-12
290, 2639, 1.3364045538004424e-12
485, 694, 1.331385789617289e-12
30119, 30343, 1.3302398893357898e-12
51, 425, 1.3294250161497653e-12
312, 1010, 1.3285210386072993e-12
250, 1263, 1.3269233652393056e-12
250, 983, 1.3151614017379855e-12
290, 721, 1.289164770783045e-12
922, 1050, 1.2788482334528972e-12
121, 805, 1.2762222310880122e-12
473, 700, 1.2656823466620349e-12
344, 1263, 1.2346798005154087e-12
942, 1050, 1.2260262776561812e-12
279, 1010, 1.225875073384621e-12
290, 697, 1.2135752574880536e-12
290, 461, 1.2114097039114253e-12
473, 1569, 1.2086305456802728e-12
942, 1263, 1.2036599921729898e-12
358, 410, 1.1960688624672364e-12
312, 1425, 1.1879818951967474e-12
3386, 3813, 1.1844131461835332e-12
246, 9154, 1.1817654958504193e-12
368, 721, 1.1817051499656256e-12
3386, 3647, 1.1814809480443652e-12
250, 465, 1.169297448646704e-12
290, 410, 1.1673740563272921e-12
51, 159, 1.1510359756151762e-12
250, 425, 1.1385405350474253e-12
495, 1569, 1.1382446358784892e-12
3276, 3327, 1.1358020256212316e-12
495, 700, 1.1242819613670262e-12
73, 9346, 1.1223986549627759e-12
26, 138, 1.1150262044195882e-12
971, 1569, 1.1108377952635938e-12
3386, 9182, 1.0907160344151884e-12
31592, 31764, 1.0791060093160517e-12
121, 1050, 1.0775156682493564e-12
33, 321, 1.0763689105907704e-12
473, 1529, 1.0702901018949808e-12
312, 1050, 1.0679739241353775e-12
723, 805, 1.0632750026110009e-12
223, 754, 1.056321918306548e-12
2854, 2940, 1.04694698695679e-12
51, 465, 1.0388932497491541e-12
279, 805, 1.0293694730117306e-12
585, 1118, 1.0291762152106524e-12
4127, 4186, 1.0219264265088251e-12
290, 1529, 1.0211372115756146e-12
620, 694, 1.0197630030942203e-12
51, 1010, 1.016774710668493e-12
368, 697, 1.0020097738825553e-12
522, 697, 1.0015888565460068e-12
121, 321, 9.9912481960479e-13
344, 983, 9.913260181306763e-13
522, 721, 9.84403857341064e-13
1385, 1529, 9.825171238602884e-13
1319, 2117, 9.799110149819326e-13
366, 983, 9.750468320794666e-13
30234, 30286, 9.602289680546542e-13
33, 1425, 9.57190237694443e-13
717, 1263, 9.46547903158721e-13
721, 1529, 9.440577033176663e-13
725, 1529, 9.43417549098573e-13
620, 754, 9.387730433320773e-13
279, 1050, 9.345969466414e-13
1781, 2117, 9.309682099696046e-13
121, 1425, 9.254215604189224e-13
717, 1118, 9.200001401319633e-13
279, 1425, 9.186072572968628e-13
214, 1502, 9.17257583577302e-13
246, 956, 9.158143267988466e-13
51, 2117, 9.144125954741205e-13
73, 9154, 8.970663137604783e-13
971, 1529, 8.94347572634242e-13
51, 805, 8.890622866114341e-13
290, 700, 8.871193460917431e-13
51, 1050, 8.868247229717565e-13
269, 1502, 8.826119858303407e-13
420, 694, 8.815512050226648e-13
1350, 1502, 8.701061615304137e-13
500, 1425, 8.663719177140327e-13
878, 1050, 8.547868280344687e-13
420, 592, 8.527942045280648e-13
279, 321, 8.335179092200105e-13
121, 1010, 8.27796611571604e-13
717, 983, 8.197310314634071e-13
274, 1502, 8.183828420957689e-13
485, 697, 8.153531733077021e-13
2598, 2940, 8.139643927982516e-13
29512, 30349, 8.119203607666016e-13
214, 343, 8.117601750808258e-13
725, 805, 7.7743905781089e-13
121, 2094, 7.712823028208191e-13
1361, 1425, 7.628972045188755e-13
3386, 4018, 7.549254543311479e-13
420, 1502, 7.545226325049894e-13
366, 1263, 7.542577243662351e-13
876, 1050, 7.478483429156383e-13
522, 700, 7.374969431531578e-13
368, 700, 7.336906303706009e-13
356, 410, 7.261549764175535e-13
250, 805, 7.239505053504036e-13
312, 2077, 7.014426402185821e-13
1050, 1118, 7.007579420431052e-13
30161, 30325, 6.883695942814085e-13
344, 1010, 6.824391058815898e-13
585, 983, 6.683621603090154e-13
356, 754, 6.535998009641534e-13
30161, 30286, 6.526987721565054e-13
585, 1263, 6.510192951068566e-13
279, 2094, 6.444466137054924e-13
485, 721, 6.442113483591264e-13
3386, 9154, 6.332503429798373e-13
1319, 1361, 6.171064130920665e-13
947, 1010, 6.151931225524649e-13
366, 805, 5.938688489242285e-13
1063, 1118, 5.893663339263636e-13
5563, 9182, 5.881679557274693e-13
485, 700, 5.866682030167322e-13
3276, 3554, 5.811581747915289e-13
290, 420, 5.786986808517346e-13
368, 410, 5.692739783568236e-13
274, 393, 5.68936469125754e-13
356, 420, 5.592994265950126e-13
500, 2094, 5.586251094052965e-13
420, 721, 5.541488280329749e-13
1319, 2094, 5.509637652441979e-13
269, 393, 5.43004040667544e-13
1781, 2094, 5.405186513464979e-13
3276, 3942, 5.361722412061016e-13
250, 1010, 5.326165433600373e-13
26, 754, 5.292968390351939e-13
420, 697, 5.278084037463179e-13
1990, 2077, 5.152166733266137e-13
366, 2117, 5.143119160424554e-13
721, 805, 5.134752614806572e-13
3386, 3573, 5.085621046869988e-13
1781, 2077, 5.01532480330344e-13
717, 1010, 4.994045258151676e-13
274, 694, 4.939092545444163e-13
51, 321, 4.890812133848314e-13
585, 805, 4.888759309289951e-13
344, 1050, 4.864726851634666e-13
269, 694, 4.862064302181162e-13
344, 805, 4.774192616278763e-13
73, 956, 4.771013625830818e-13
729, 805, 4.740085492077788e-13
971, 1050, 4.675954541554393e-13
274, 592, 4.665386695322402e-13
481, 983, 4.664634462705247e-13
26, 121, 4.639308533641373e-13
2826, 2940, 4.600807646816687e-13
1319, 2077, 4.600545328282788e-13
2907, 2972, 4.582067116363458e-13
1210, 1263, 4.4718275698256683e-13
483, 592, 4.4656235653673205e-13
279, 2077, 4.3283671554303574e-13
366, 1010, 4.323540531336801e-13
269, 592, 4.259502193526564e-13
713, 805, 4.214783167291459e-13
344, 2077, 4.141385370991087e-13
620, 697, 4.135936976025582e-13
2644, 2722, 4.1312989179039057e-13
366, 1050, 4.07873407873637e-13
3276, 3813, 4.0590267856222276e-13
214, 694, 4.0340343151387086e-13
2644, 3272, 4.033115004067749e-13
250, 1050, 3.974238757597316e-13
214, 592, 3.949128921205798e-13
420, 700, 3.896117115085088e-13
358, 425, 3.8175866583254243e-13
2644, 3341, 3.7471517391971745e-13
30854, 31088, 3.736299850037528e-13
29659, 30130, 3.609116638512032e-13
1718, 1785, 3.5882929369710047e-13
529, 983, 3.421832334384245e-13
3276, 3647, 3.4181692553307115e-13
1929, 2409, 3.4149169131850795e-13
878, 956, 3.34920508951853e-13
723, 983, 3.345336870725621e-13
26, 151, 3.3181318240802847e-13
483, 694, 3.304311841453271e-13
30303, 30425, 3.2890254559490857e-13
3276, 3629, 3.233773199475856e-13
274, 461, 3.1845512639290546e-13
30315, 30425, 3.1150925592670473e-13
481, 1118, 3.1083091668280535e-13
723, 1118, 3.099191508802493e-13
3276, 3374, 3.0733406297931995e-13
269, 461, 3.0514148856598837e-13
223, 343, 3.041658206327815e-13
205, 754, 2.95151996773789e-13
529, 805, 2.836153657861527e-13
1833, 3341, 2.8269618248615197e-13
159, 343, 2.825666215060875e-13
214, 721, 2.7214925385318524e-13
368, 465, 2.690325520231461e-13
414, 754, 2.6033194569338267e-13
269, 321, 2.5930318127086857e-13
3386, 3612, 2.527525807320994e-13
214, 393, 2.491660319175476e-13
358, 461, 2.444709094702719e-13
2822, 2940, 2.419537906910814e-13
585, 1010, 2.3901075107344535e-13
30234, 30325, 2.3554778741896086e-13
274, 410, 2.327133064081055e-13
30199, 30286, 2.298298035497412e-13
876, 956, 2.2971566664934073e-13
717, 1050, 2.215759975552398e-13
269, 410, 2.214378767480149e-13
214, 461, 2.2006240086602695e-13
26, 246, 2.079291542864475e-13
290, 425, 2.0714301780946774e-13
481, 805, 2.0521106027076657e-13
942, 2441, 2.0395644045880267e-13
30199, 30325, 2.032942397750862e-13
358, 592, 1.9960591072897726e-13
2907, 3341, 1.9917911206237433e-13
713, 983, 1.9340666068246096e-13
159, 592, 1.9102583213549087e-13
754, 805, 1.894415210247946e-13
2438, 2940, 1.7843461995800135e-13
2170, 2940, 1.5645608491800614e-13
420, 465, 1.547784652589377e-13
290, 1647, 1.5332783178889e-13
12, 138, 1.4624461193936577e-13
356, 425, 1.4015427849693137e-13
737, 805, 1.3862814310861176e-13
290, 465, 1.354566139421678e-13
3310, 3374, 1.2894217020163454e-13
1718, 2940, 1.2751009538301387e-13
414, 461, 1.2560612713758966e-13
1385, 1569, 1.194687620071973e-13
214, 410, 1.183579851153423e-13
274, 420, 1.1679304859712783e-13
269, 420, 1.1372656423215833e-13
159, 461, 1.1308601610848622e-13
368, 1569, 1.0950068334225516e-13
3276, 3573, 1.0836134120495756e-13
1208, 2940, 1.0676442451128979e-13
159, 393, 1.0668544697213521e-13
356, 461, 1.0507167351772055e-13
30191, 30286, 1.0367032217037793e-13
529, 1118, 9.251230360317308e-14
829, 9978, 9.177913425827137e-14
473, 805, 9.129903335314594e-14
30315, 30475, 9.104617447779113e-14
2644, 3011, 8.696379800006736e-14
495, 805, 8.37082910838923e-14
2644, 3554, 8.176676420661348e-14
274, 321, 8.153329149521281e-14
30119, 30315, 8.086240047224707e-14
495, 1529, 8.082440816667425e-14
121, 956, 7.806212457884347e-14
3386, 4186, 7.714262735478069e-14
368, 1529, 7.712751683613537e-14
223, 393, 7.70769153754174e-14
30303, 30475, 7.676001754496255e-14
2907, 3011, 7.634915070828019e-14
214, 420, 7.520472350128422e-14
26, 343, 7.375953970754032e-14
290, 805, 7.233095006259327e-14
33, 956, 7.181104688770181e-14
368, 805, 6.95220844294357e-14
2644, 3647, 6.764909571333497e-14
1833, 3554, 6.626438261115343e-14
30258, 30475, 6.316833999680434e-14
2644, 3629, 6.293546117545368e-14
971, 1118, 6.048491909561213e-14
30158, 30286, 5.963340906022463e-14
829, 9427, 5.949079520314906e-14
205, 343, 5.839650330727206e-14
829, 2269, 5.754229836336049e-14
713, 1118, 5.692496844793953e-14
522, 805, 5.622373254971356e-14
31124, 31461, 5.6188340255422534e-14
829, 2082, 5.558133489120594e-14
30110, 30286, 5.4934831209453425e-14
829, 2500, 5.4728558535074316e-14
829, 9131, 5.290904214655199e-14
3276, 3612, 5.1621447858062475e-14
829, 9210, 5.126165397934732e-14
725, 1118, 5.065456807573008e-14
3441, 3554, 5.037525179523918e-14
829, 9550, 4.7909407218402415e-14
829, 2391, 4.732838420981429e-14
735, 805, 4.715179942597894e-14
721, 1118, 4.704519676618283e-14
829, 9111, 4.6441414353170377e-14
31223, 31461, 4.34653275121612e-14
829, 2229, 4.3207688834864736e-14
290, 1118, 4.1880136625334137e-14
733, 1118, 4.088688731072345e-14
1037, 1118, 4.082845632494972e-14
829, 1941, 4.030270472374324e-14
368, 1118, 3.842752892436072e-14
246, 2587, 3.535350254005429e-14
473, 1118, 3.4180779006954804e-14
30011, 30303, 3.2963213360561203e-14
529, 1010, 3.1774978311110945e-14
723, 1263, 3.147160915558956e-14
529, 1263, 3.0980308658360434e-14
585, 1050, 3.090608200828883e-14
481, 1010, 2.891142031879857e-14
829, 5309, 2.8897319508749163e-14
495, 1118, 2.8310542876537577e-14
723, 1010, 2.821634924257395e-14
814, 1118, 2.7760561191282844e-14
2481, 2530, 2.7533105810330017e-14
725, 983, 2.5382233369377922e-14
284, 2500, 2.51026809206515e-14
284, 9427, 2.449024010391928e-14
829, 942, 2.4481032402803634e-14
481, 1263, 2.443421456226872e-14
12, 121, 2.4012214679544094e-14
829, 1848, 2.3798428729381916e-14
529, 1050, 2.34735264446818e-14
481, 1050, 2.33398701354883e-14
721, 983, 2.3283707384674482e-14
26, 177, 2.3127320105496664e-14
473, 983, 2.2468971405226286e-14
522, 1118, 2.2263439011480587e-14
733, 983, 2.204874200966849e-14
284, 9131, 2.178076694743609e-14
284, 9210, 2.110259595272298e-14
729, 1118, 1.987598894613658e-14
713, 1263, 1.9351605552775096e-14
284, 9111, 1.911827509433838e-14
495, 983, 1.8942981707381992e-14
713, 1010, 1.8765761921478872e-14
725, 1263, 1.8622504473030295e-14
829, 1753, 1.8593467012989482e-14
723, 1050, 1.8491794282502643e-14
721, 1263, 1.7819871789907507e-14
12, 151, 1.769947955023224e-14
733, 1529, 1.763327296723343e-14
725, 1010, 1.6741515217278362e-14
473, 1010, 1.6497092971333693e-14
721, 1010, 1.6256595049916432e-14
829, 1718, 1.5848030975574845e-14
829, 1832, 1.5545072489910596e-14
2748, 2940, 1.5284404465184916e-14
814, 983, 1.5281572822593623e-14
1756, 2441, 1.491845602695326e-14
284, 2269, 1.4664418869005573e-14
284, 2082, 1.4510092244657036e-14
1664, 2940, 1.4310360638918566e-14
368, 983, 1.3951847472123172e-14
713, 1050, 1.347001965188399e-14
867, 983, 1.3367870882075861e-14
284, 2229, 1.299959637469987e-14
473, 1263, 1.2771616468697587e-14
290, 983, 1.258278826967336e-14
983, 1050, 1.2523633992169661e-14
971, 1263, 1.2442381527790415e-14
733, 1010, 1.1968598412861639e-14
733, 1263, 1.1349500336657248e-14
725, 1050, 1.1177820158092295e-14
284, 2391, 1.0756366304826e-14
721, 1050, 1.0554440375715329e-14
284, 1941, 1.0463935310296789e-14
729, 983, 1.0365490315435258e-14
290, 1263, 1.0365415236320369e-14
829, 1578, 1.0081120379624194e-14
495, 1263, 1.0060592287871548e-14
1833, 2530, 9.974892946440855e-15
733, 1050, 9.859605031562928e-15
495, 1050, 9.480382942470015e-15
485, 983, 9.128304151820237e-15
829, 1794, 8.714879699996048e-15
495, 1010, 8.617177212301791e-15
2481, 2576, 8.23363297715917e-15
1833, 2545, 8.145627583625818e-15
814, 1010, 8.043445021997501e-15
1833, 2554, 8.028708735663675e-15
246, 9131, 7.711678112557776e-15
522, 983, 7.569565234088662e-15
2170, 2639, 7.527402156644465e-15
420, 983, 7.269858755377525e-15
1990, 2441, 7.248697528203447e-15
246, 2082, 7.050678611536102e-15
2281, 2380, 6.4513302673320635e-15
246, 2269, 6.238926925840042e-15
2281, 2409, 5.418656060590376e-15
284, 1718, 5.0861602117445846e-15
284, 1848, 5.021051829877277e-15
1929, 2576, 4.895914616539224e-15
1929, 2380, 4.741402132020723e-15
1990, 5117, 3.6715874113085394e-15
284, 1794, 3.589935686776851e-15
829, 3327, 3.5385211248182137e-15
284, 1832, 3.4717268612737152e-15
30503, 31088, 3.344361295264339e-15
284, 1753, 3.2003662668046146e-15
246, 1941, 3.1699739597035317e-15
30119, 31088, 3.1424650448864775e-15
12, 246, 2.9618011605410796e-15
30002, 30449, 2.9113538264546674e-15
12, 177, 2.8544411712432827e-15
829, 2598, 2.838466489233082e-15
29653, 30449, 2.7786922260104714e-15
829, 4752, 2.594545382144079e-15
1781, 1848, 2.479558545830925e-15
1833, 1941, 2.3239132732099647e-15
284, 585, 2.1582698016962343e-15
829, 1268, 2.126470266425024e-15
73, 1718, 2.0424014160791664e-15
284, 1578, 2.020712951732711e-15
829, 2731, 1.9779763503092565e-15
246, 1753, 1.9213101853040633e-15
246, 288, 1.8386017859128935e-15
1718, 2639, 1.776826256798176e-15
246, 1718, 1.5825215013490222e-15
284, 2731, 1.400419676363499e-15
1990, 2117, 1.2840513801788852e-15
73, 1753, 1.2803313800589445e-15
246, 1832, 1.1733057182134124e-15
284, 942, 1.1636971325210065e-15
73, 288, 1.0769071817664985e-15
284, 4752, 1.068081862954494e-15
1781, 1832, 9.908209809530783e-16
246, 1794, 9.098499167482836e-16
246, 1848, 8.861413631171439e-16
284, 2598, 8.039136560003164e-16
73, 1794, 7.829699463494143e-16
73, 1832, 6.888410449859352e-16
878, 942, 6.744020806463368e-16
2545, 2639, 6.447926028136675e-16
246, 585, 6.210498495506651e-16
1664, 2639, 6.035558648274375e-16
1969, 2639, 5.523587737899196e-16
1889, 2639, 5.4786354679984635e-16
73, 1848, 5.412321589083318e-16
246, 1578, 5.106038401854274e-16
876, 942, 5.052132926149489e-16
829, 1068, 4.532430045516131e-16
73, 1578, 4.266365515914607e-16
284, 748, 4.2091878056157185e-16
284, 1268, 3.66217755680982e-16
246, 942, 3.3648667012889073e-16
33, 91, 3.274889732720079e-16
246, 2722, 3.2698096851333346e-16
73, 2082, 3.239199201440873e-16
73, 585, 3.223939397521724e-16
829, 1385, 2.9271501597653487e-16
73, 942, 2.676315060714008e-16
73, 2701, 2.5430305284092784e-16
73, 2722, 2.482079677601421e-16
529, 585, 2.3264883387249793e-16
246, 748, 2.1458022492111414e-16
1833, 2082, 2.119748112284158e-16
500, 585, 2.1097921532360398e-16
29994, 31088, 1.8320586542560067e-16
246, 1268, 1.5541475070720643e-16
73, 748, 1.1058714005662177e-16
121, 288, 1.0036978946101519e-16
33, 288, 8.979068150655305e-17
284, 473, 8.965109796437494e-17
30824, 31461, 7.633112082966519e-17
12, 343, 7.115856717709317e-17
829, 971, 5.505084607666121e-17
284, 1068, 5.0839086507851163e-17
522, 585, 4.9764870874924834e-17
1319, 1385, 4.9479751992168987e-17
73, 1268, 4.688890892030584e-17
51, 288, 4.625945682047971e-17
312, 585, 4.611939075675798e-17
33, 585, 4.546139614502917e-17
284, 1385, 4.2186416903689884e-17
284, 808, 3.1168357113737404e-17
279, 585, 3.0937639383618974e-17
51, 2077, 3.0184520677816744e-17
226, 343, 2.5752259576325123e-17
246, 473, 2.526124367057705e-17
121, 585, 2.4769556479067593e-17
284, 505, 2.367007766638594e-17
51, 585, 2.33772100764986e-17
284, 822, 2.179575666766304e-17
829, 1085, 2.0525449235377947e-17
246, 1068, 1.8891500434901253e-17
246, 1385, 1.706918360605349e-17
500, 748, 1.6447242835929857e-17
284, 529, 1.469261936070363e-17
73, 1068, 1.4447205507525697e-17
73, 164, 1.4297957196653804e-17
246, 808, 1.329338636848599e-17
312, 748, 1.2852918347427124e-17
214, 288, 1.197293195851626e-17
73, 473, 1.1558098059371557e-17
223, 288, 1.0512380797784515e-17
500, 956, 1.0336894033108234e-17
829, 1906, 1.0202997553845538e-17
73, 1385, 9.788240173012156e-18
312, 956, 9.659205302268336e-18
279, 956, 8.850657930296456e-18
121, 748, 8.83648373896931e-18
1833, 1906, 7.03147689697227e-18
246, 505, 6.08848026813598e-18
73, 808, 6.047833921905978e-18
51, 956, 5.893964976753649e-18
1208, 1268, 5.2326940622712174e-18
344, 956, 5.027077142174178e-18
246, 529, 4.830771927329278e-18
250, 956, 4.396729948676468e-18
246, 822, 4.264535484914748e-18
284, 1906, 3.912980599918846e-18
284, 971, 3.661028050239425e-18
717, 956, 3.530230106477039e-18
73, 505, 3.3637633161124264e-18
73, 822, 3.351602200262897e-18
585, 956, 3.080792089563891e-18
366, 956, 2.9727900730244888e-18
284, 1085, 2.362993163094666e-18
312, 473, 2.3152104312177887e-18
1287, 1361, 2.2106077660469104e-18
500, 942, 2.098288059639144e-18
33, 942, 1.9486292636381487e-18
312, 942, 1.8749143343495257e-18
867, 1502, 1.8515182661900143e-18
121, 1268, 1.8221495237075996e-18
121, 942, 1.794017989136056e-18
18411, 30080, 1.681028357521451e-18
73, 529, 1.5505948732357163e-18
312, 1361, 1.4962831296067954e-18
33, 1361, 1.3752698796727761e-18
121, 1361, 1.355104540848904e-18
279, 942, 1.3074785878560964e-18
500, 1361, 1.2989780950914567e-18
246, 971, 1.2932251279433083e-18
33, 473, 1.2852021117867243e-18
121, 473, 1.2622744956510556e-18
344, 473, 1.2364418557627542e-18
366, 473, 1.2192703410059184e-18
279, 473, 1.213202985502906e-18
814, 1647, 1.1915684816880858e-18
246, 1906, 1.139936314330184e-18
246, 1085, 1.0815298776647583e-18
250, 2094, 1.0566954706975689e-18
51, 2094, 1.043679883396862e-18
500, 808, 1.0229478279028907e-18
73, 1906, 9.402890557818275e-19
33, 164, 9.396322648311081e-19
51, 1361, 9.01303649473077e-19
312, 808, 8.893403982486096e-19
121, 164, 8.167705966046798e-19
33, 808, 7.27719627394923e-19
279, 1361, 7.095152850176885e-19
344, 1361, 7.007889671119981e-19
344, 942, 6.834463328165836e-19
250, 1361, 6.806577077407729e-19
717, 808, 6.804964731783767e-19
26, 159, 6.59808959830467e-19
878, 1361, 6.540416151973265e-19
366, 1361, 6.157048093552028e-19
473, 529, 5.939907945743043e-19
73, 1085, 5.930376605590465e-19
73, 971, 5.852883882417451e-19
876, 1361, 5.698047236581912e-19
922, 971, 5.621231988677145e-19
121, 808, 5.473689488180804e-19
51, 164, 5.45953137283185e-19
279, 808, 5.386671188344988e-19
312, 505, 5.038519796247844e-19
733, 808, 4.954980557996356e-19
312, 1268, 4.364786192952788e-19
33, 1268, 4.1971250127397717e-19
26, 91, 4.1592446860548547e-19
922, 1361, 4.134788082935436e-19
723, 808, 3.858629197890837e-19
500, 822, 3.7753751783571727e-19
51, 808, 3.6175279133295736e-19
312, 822, 3.4861686898423553e-19
33, 822, 3.29454991555689e-19
250, 808, 3.262083791653378e-19
500, 1068, 3.1897149983446834e-19
33, 1068, 3.105590018097011e-19
279, 822, 3.103217746239886e-19
312, 1068, 3.001745112008626e-19
12, 69, 2.68600380095108e-19
725, 808, 2.6792353781101047e-19
121, 822, 2.5497580774681256e-19
366, 808, 2.470916107100389e-19
500, 1268, 2.348369196939856e-19
344, 808, 2.288174964776809e-19
717, 822, 2.0432247892793121e-19
51, 822, 1.7769587761168847e-19
344, 822, 1.336166597600122e-19
250, 822, 1.1112689258442887e-19
26, 69, 8.935930594401033e-20
12, 159, 7.564024691727422e-20
26, 393, 4.2829913509253895e-20
284, 457, 3.5303339673316453e-20
30011, 30380, 2.3583118664772762e-20
205, 393, 2.3174584473511644e-20
73, 192, 1.732806343775342e-20
121, 192, 1.5786858857638607e-20
246, 457, 1.2750678230739373e-20
29976, 30380, 1.2682765223208077e-20
473, 1050, 1.2629329229301498e-20
159, 410, 1.2294689469907134e-20
12, 91, 1.162187130367496e-20
522, 1010, 9.814490581057431e-21
368, 1010, 9.48520598898825e-21
290, 1010, 9.444977924211428e-21
223, 410, 8.805592608486786e-21
882, 983, 7.53059342665676e-21
269, 425, 7.004520408545773e-21
290, 1050, 6.7640634786828186e-21
274, 425, 6.621993262309573e-21
368, 1050, 6.036022896145453e-21
214, 321, 5.8905328445864716e-21
12, 393, 5.752165448839998e-21
814, 1050, 5.3669038902612715e-21
729, 1010, 5.344364565088737e-21
159, 420, 5.172724905051277e-21
223, 461, 5.071808875235989e-21
73, 457, 4.999258015618601e-21
214, 425, 4.694797525419201e-21
867, 1010, 4.546309999514554e-21
485, 1118, 4.333099522298059e-21
223, 420, 4.010801628205314e-21
867, 1118, 3.8581322279442315e-21
26, 410, 3.75466744478924e-21
366, 942, 2.6353200862295437e-21
717, 942, 2.616410540944944e-21
26, 461, 2.5869197754081572e-21
51, 942, 2.53046449537471e-21
223, 321, 2.4191059912751483e-21
250, 942, 2.3780976813781818e-21
882, 942, 2.3779397431053428e-21
205, 410, 2.2297258570425345e-21
414, 465, 2.1322107422284812e-21
159, 321, 2.0746749389643018e-21
274, 465, 1.9754542147909894e-21
269, 465, 1.94112412796387e-21
159, 425, 1.8082667969849572e-21
26, 420, 1.7136754913255682e-21
159, 288, 1.6960493295946355e-21
420, 473, 1.5529563467617342e-21
358, 465, 1.4767754270496135e-21
26, 164, 1.4462671231569948e-21
250, 473, 1.4222023222380313e-21
51, 473, 1.4126528154192796e-21
223, 425, 1.3812759741206991e-21
214, 465, 1.3752425175355158e-21
284, 517, 1.3323674654540054e-21
33, 192, 1.3104298343881035e-21
205, 461, 1.2040411451692935e-21
205, 420, 1.180017606810644e-21
312, 457, 9.747673674945208e-22
226, 393, 9.705899574779154e-22
159, 465, 7.423429700173988e-22
366, 457, 7.265590097942285e-22
51, 192, 7.1309895135449125e-22
356, 465, 6.632813285175226e-22
205, 288, 6.63077042363605e-22
26, 321, 5.555975994155721e-22
26, 425, 5.539701047819445e-22
344, 457, 5.495276951187602e-22
279, 457, 5.2184680501524395e-22
205, 321, 5.0869285931305e-22
33, 457, 4.896827744921862e-22
12, 410, 4.794988123002338e-22
121, 505, 4.761356413852832e-22
121, 457, 4.702282062699787e-22
223, 465, 4.5995651885174725e-22
246, 517, 4.505905405427862e-22
33, 505, 4.420068388475479e-22
279, 505, 4.087750423399109e-22
393, 461, 3.909279868390782e-22
366, 505, 3.5282972574394036e-22
205, 425, 3.506678866340932e-22
344, 505, 3.3944506603921172e-22
368, 473, 3.1332881854362905e-22
250, 457, 2.8605175286371696e-22
12, 461, 2.6751318803416506e-22
51, 457, 2.625420131840834e-22
26, 288, 2.616066039028025e-22
12, 420, 2.44465341478133e-22
226, 288, 2.3901630119655376e-22
250, 505, 2.0808864027839588e-22
26, 465, 2.0807456409348818e-22
290, 473, 2.048782000853945e-22
51, 505, 1.8436491582495975e-22
73, 517, 1.7902692493059532e-22
12, 164, 1.751421311326204e-22
414, 473, 1.2303760187464307e-22
205, 465, 9.737240307160225e-23
226, 410, 9.46345686923718e-23
368, 457, 8.686781725283728e-23
312, 529, 8.4835527091349e-23
12, 425, 8.106930622376526e-23
481, 529, 7.642445071143283e-23
12, 321, 7.343610813225376e-23
33, 529, 6.285303438058007e-23
226, 461, 5.2374963336345004e-23
269, 473, 5.113198347362092e-23
121, 529, 4.9617167428724767e-23
274, 473, 4.746350141150045e-23
279, 529, 4.5988365561835947e-23
12, 288, 4.2576274914714825e-23
420, 505, 4.255226633952058e-23
226, 420, 4.23202009007128e-23
368, 505, 4.036513761481087e-23
358, 473, 3.773552590367761e-23
290, 505, 3.5450694465806494e-23
312, 517, 3.5397422916003175e-23
290, 457, 3.4691601319249943e-23
344, 529, 3.258811286453909e-23
366, 529, 3.172927167938684e-23
214, 473, 2.9319053435814185e-23
226, 321, 2.752508859976432e-23
51, 529, 2.6803971182004177e-23
33, 517, 2.5805601699318133e-23
250, 529, 2.4775298690558066e-23
12, 465, 2.2276437912966156e-23
393, 465, 2.1183275668632205e-23
121, 517, 2.1034959671440446e-23
279, 517, 1.930820180400216e-23
159, 473, 1.7762385984855532e-23
356, 473, 1.7152876213838217e-23
366, 517, 1.4798267119688493e-23
226, 425, 1.403689027076293e-23
344, 517, 1.3671024070359024e-23
223, 473, 1.1160053856772407e-23
250, 517, 9.922821670161187e-24
51, 517, 9.243388423302333e-24
274, 457, 9.114628886518114e-24
269, 457, 8.916704544490974e-24
358, 457, 7.719764524934668e-24
269, 505, 6.93139156362638e-24
274, 505, 6.833882929400035e-24
214, 457, 6.093483781635509e-24
214, 505, 6.0422996286094204e-24
226, 465, 4.655376070911914e-24
473, 517, 4.275975946934285e-24
358, 505, 4.161918119430811e-24
26, 473, 4.12363583913329e-24
368, 529, 3.743639594071164e-24
485, 529, 3.523443578974442e-24
356, 457, 3.2667426774636708e-24
159, 457, 3.2556956519139847e-24
290, 529, 3.0425719588448284e-24
205, 473, 2.626585081693732e-24
159, 505, 2.5820764161223374e-24
420, 529, 2.347723383591892e-24
223, 505, 1.8790397622922066e-24
26, 192, 1.8677098007892277e-24
356, 505, 1.834406930479337e-24
483, 529, 1.6752224000491948e-24
368, 517, 1.655034064472647e-24
223, 457, 1.6270970483438657e-24
414, 505, 1.5300274498686559e-24
420, 517, 1.3273310901564588e-24
290, 517, 1.3249565452695747e-24
26, 505, 8.399941557441192e-25
26, 457, 8.112155446597304e-25
414, 457, 8.087358411943381e-25
274, 529, 7.354563475739097e-25
269, 529, 6.850556364066967e-25
214, 529, 5.941902599245588e-25
358, 529, 3.6632678325937296e-25
269, 517, 3.5919677184433437e-25
274, 517, 3.537049550082585e-25
159, 529, 3.3475022927630806e-25
205, 505, 3.200749362668915e-25
214, 517, 2.6629032059697203e-25
12, 192, 2.6449501748726147e-25
223, 529, 2.015407321742014e-25
358, 517, 2.012558385747153e-25
356, 529, 1.671145735081597e-25
205, 457, 1.3606863912048962e-25
12, 473, 1.301582526277502e-25
414, 529, 1.1638574949978396e-25
393, 457, 4.682929621827822e-26
393, 473, 3.9148400335117766e-26
226, 473, 2.4548895339652068e-26
12, 457, 2.4393289485949368e-26
226, 457, 4.546139570378038e-27
