Gene = CG7841
index = 991
Annotated 5SS: [ 454  780 2026]
Annotated 3SS: [ 685 1906 2103]
SMsplice 5SS: [ 454  780 2026]
SMsplice 3SS: [ 685 1906 2103]
length: 3065
Partition function (logZ) = -0.6157612808099956
#Introns = 1684
5SS, 3SS, prob
2026, 2103, 0.9833903271208729
454, 685, 0.5112069342085542
2360, 2418, 0.3289881650245649
780, 1906, 0.2580115769729526
454, 657, 0.2562539735824181
780, 1931, 0.16087787416683982
454, 1906, 0.08451264375636876
1261, 1906, 0.05667677482471699
780, 1469, 0.052978268403332696
780, 1694, 0.04254609537724822
1261, 1931, 0.039029085079879414
454, 1931, 0.03375913995801236
1261, 1469, 0.031810820685460026
454, 1469, 0.019361383926496317
1824, 1906, 0.016008302581095885
780, 1545, 0.016006983137368008
1261, 1694, 0.01536113341941639
1875, 1931, 0.013809343334969264
454, 1694, 0.012333383686426013
364, 685, 0.011579107138329995
1781, 1906, 0.011081901488155238
1628, 1694, 0.010726945326812228
2630, 2691, 0.00934362781129641
780, 1722, 0.00879072757269716
454, 639, 0.008001562647475835
2321, 2418, 0.006462436402795071
1261, 1545, 0.006443772441098859
364, 657, 0.006153513112900553
1148, 1906, 0.006146705146721396
454, 501, 0.00597496700676584
1235, 1906, 0.005712238917100964
1980, 2103, 0.00486729222359044
780, 1797, 0.004589581745969129
2045, 2103, 0.004586486561144487
1781, 1931, 0.0034161037366513022
959, 1906, 0.0030844101326781086
454, 1545, 0.00297289785315996
780, 1666, 0.002916290979307726
1824, 1931, 0.0027590076348254465
2630, 3058, 0.0026940255365231138
364, 1906, 0.0025163410397180254
1148, 1931, 0.002507261748012766
1834, 1906, 0.002455878901580147
1022, 1906, 0.00239800877967493
474, 685, 0.0023818377915546547
1579, 1906, 0.0020212398078944217
1261, 1722, 0.0019525237186678963
1148, 1469, 0.0018712527332504479
780, 1001, 0.0018182023945081242
2360, 3058, 0.001813181888128682
780, 1856, 0.0017194988019807568
1628, 1906, 0.0017013120233115406
1821, 1906, 0.0016904696444718194
1624, 1694, 0.0016680818742340479
780, 1582, 0.0016398447049616473
2360, 2422, 0.0016387388933416266
2630, 2703, 0.0016285653908202989
2617, 2691, 0.0016117446216921897
1148, 1694, 0.0016114476374348248
1235, 1469, 0.0016103422414814985
780, 1374, 0.0015612549647591697
1235, 1931, 0.0015576678465182357
1805, 1906, 0.0014985633413958927
454, 1666, 0.0014602398845274674
780, 2103, 0.0014599254688439853
1810, 1906, 0.0014492565613408415
2617, 3058, 0.0014285996407625606
1261, 1797, 0.0014222543295680536
1261, 1666, 0.0014067181527974816
1022, 1931, 0.0013902881311926873
1261, 1374, 0.0013874578668521419
959, 1931, 0.0013867862270675957
2660, 3058, 0.0013292643552903743
364, 1931, 0.0013069888175532612
639, 685, 0.00129273506918789
2444, 3058, 0.0012728616484034838
1246, 1906, 0.0012099219467941286
454, 512, 0.0010988067202042748
454, 716, 0.0010688191080941258
454, 1722, 0.0010563419115651109
1579, 1694, 0.0010234193165242003
454, 1797, 0.0010181764373916958
780, 1383, 0.001002020834831937
1579, 1931, 0.0009954413217169976
474, 657, 0.0009531133603955353
1819, 1906, 0.0009309588408172666
2026, 2126, 0.0009003333642525419
959, 1469, 0.0008911645691696188
1613, 1694, 0.000883114806511653
1613, 1906, 0.0008830650627265012
346, 685, 0.0008623460659110937
2026, 2418, 0.0008572803768326355
454, 2103, 0.0008467819360689172
2030, 2103, 0.0008184392375970632
454, 519, 0.0008112273816795265
2788, 2856, 0.0007934740906105885
483, 685, 0.0007559834437527655
1628, 1931, 0.0007483544575780084
1022, 1469, 0.0007426541483229357
2977, 3058, 0.0007084408039393778
1022, 1694, 0.0007034094035322007
1261, 1337, 0.0006964911863153774
1261, 1383, 0.0006924476555141432
2781, 2856, 0.000668739397164842
1235, 1694, 0.0006658476541805258
454, 1856, 0.0006658444828406402
780, 1244, 0.0006473423712306596
1261, 1582, 0.0006309165862865013
1195, 1906, 0.0006293047294084967
1647, 1694, 0.0006061691357508805
2321, 3058, 0.0005995300820593063
95, 685, 0.0005984355776771392
780, 1147, 0.0005809256978993057
2557, 3058, 0.0005713985756633864
848, 1906, 0.000570601431913545
2630, 2912, 0.0005686888765080893
2781, 3058, 0.0005650403845195468
959, 1694, 0.0005426806181390333
1246, 1931, 0.0005346371836113786
1805, 1931, 0.0005238975622535491
1246, 1469, 0.0005237300292731687
1261, 1362, 0.0005213951133932844
1261, 1856, 0.0005130418610248576
364, 1469, 0.0004963951155608687
2360, 2912, 0.0004794303557972204
1810, 1931, 0.0004643631052721255
454, 514, 0.0004565070360769532
1781, 1856, 0.0004556283398255926
801, 1906, 0.00044223439646012803
85, 685, 0.00043737520749601917
1148, 1545, 0.00042830352112510416
454, 1582, 0.0004266399885053387
1261, 2103, 0.0004219799961084282
454, 1001, 0.00042021883407221357
346, 657, 0.0004155950445213688
1624, 1906, 0.00041556701420093897
1647, 1906, 0.0004119616790833829
1863, 1931, 0.0004100566202713559
1235, 1545, 0.000400580442600345
95, 657, 0.0003934295429977418
780, 1362, 0.00037225890738195656
454, 1374, 0.0003609883574843271
1821, 1931, 0.000357418139080195
780, 1741, 0.00035472353234024457
1613, 1666, 0.0003508875654275633
2026, 3058, 0.0003471135477278019
2630, 2856, 0.0003360710851619189
1613, 1931, 0.0003290555798013295
780, 902, 0.0003262416480241917
483, 657, 0.0003232414320419257
2617, 2912, 0.0003223868039698685
1195, 1931, 0.000318310307738921
1398, 1469, 0.0003124792896963985
2840, 2912, 0.0003099786993932556
1121, 1906, 0.0003019998619577781
364, 1694, 0.0002899032270742279
1195, 1469, 0.00028832321143104763
2539, 3058, 0.0002877965620114978
2422, 3058, 0.00028355143723032627
2788, 3058, 0.00027895269417088756
2360, 2856, 0.0002765537503840345
780, 937, 0.00027330526648305654
474, 1906, 0.0002692191535158727
780, 1781, 0.00026284871786063567
2660, 2912, 0.0002622913098869823
129, 685, 0.0002585462816967555
95, 1906, 0.0002573627774959352
2053, 2103, 0.00024457973914138154
780, 1072, 0.00024389914929287627
1794, 1906, 0.0002375561803565417
871, 1906, 0.00023206698181520578
2767, 3058, 0.0002292515460260188
2617, 2703, 0.00022922460800840416
379, 685, 0.00022140088671500236
1647, 1931, 0.00021969711766142166
896, 1906, 0.00021920334233984295
1819, 1931, 0.00021861180709993052
983, 1906, 0.00021611491962706327
780, 1030, 0.00021147171902225747
1246, 1694, 0.00021046443282631968
780, 1337, 0.00020915568023854316
364, 427, 0.00020633007254416952
848, 1931, 0.00020507265955452912
1235, 1722, 0.00019395348711306694
1148, 1722, 0.00018840758173276819
1541, 1906, 0.00018714978206595324
454, 1244, 0.0001863903940488605
2444, 2912, 0.00018350438281276117
1022, 1545, 0.0001833999462507113
2617, 2856, 0.0001824386647365412
346, 1906, 0.00018095718855100975
1195, 1694, 0.000178606173371122
2660, 2856, 0.00017774140002574422
1624, 1931, 0.00017655846762293744
1647, 1722, 0.00017571599108885284
2781, 2912, 0.0001697948394552034
364, 639, 0.0001682087867379821
454, 1383, 0.00016496949347251304
1579, 1666, 0.00016049554880903682
801, 1931, 0.0001574041260759655
1628, 1722, 0.00015555089937034435
2360, 2691, 0.00015205814769663782
2984, 3058, 0.00015156213491040156
85, 657, 0.00014684711788869135
2444, 2856, 0.000142149049126301
95, 1931, 0.0001402524197009571
1121, 1931, 0.00013707331311740883
780, 1478, 0.00013654764887681666
1759, 1906, 0.00013627574930635928
454, 1741, 0.0001352909505732396
1834, 1931, 0.00013506198908012145
364, 419, 0.00013499036945623352
1251, 1906, 0.00013202113417484342
2840, 3058, 0.00013177485641062024
404, 685, 0.00013092637166425898
1274, 1906, 0.00012964722062227293
848, 1469, 0.0001288727827476645
2318, 2418, 0.000128125950164866
1579, 1722, 0.00012407014105671635
959, 1545, 0.00012385142887838657
1677, 1906, 0.00012202079661323997
85, 1906, 0.00011789081679039134
1246, 1545, 0.00011455205868914112
2444, 2691, 0.00011318198475886932
848, 1694, 0.00011248787197435685
474, 1931, 0.00011009164560308473
2774, 3058, 0.00010935414104439164
801, 1469, 0.0001086598278195246
780, 954, 0.00010415532223001607
2600, 3058, 0.00010399237719763154
454, 1362, 0.00010382843724216371
1148, 1666, 0.00010283856712229331
959, 1722, 0.00010128885930838081
483, 1906, 0.00010003351504599867
1121, 1469, 9.876083238089846e-05
871, 1931, 9.8430400406772e-05
2621, 2691, 9.771227188023645e-05
346, 1931, 9.644613784321573e-05
2788, 2912, 9.570386020711144e-05
1022, 1722, 9.453740313551395e-05
983, 1931, 9.38396497300496e-05
1261, 1741, 9.365989554210174e-05
896, 1931, 9.276563920843104e-05
379, 657, 9.230590700716494e-05
2321, 2856, 9.182841104839082e-05
129, 657, 9.135583074665567e-05
2557, 2912, 8.979873487507684e-05
2660, 2703, 8.935238102525096e-05
1235, 1666, 8.917393964823762e-05
2444, 2561, 8.889856797729965e-05
364, 1545, 8.8645665420608e-05
2321, 2912, 8.789785112839601e-05
454, 761, 8.554092952745476e-05
187, 685, 8.449895027868414e-05
85, 1931, 8.444294389575198e-05
1261, 1478, 8.322541020263533e-05
2329, 2418, 8.304200838424757e-05
454, 1147, 8.21236261498651e-05
91, 685, 8.127747414339002e-05
129, 185, 8.101339248769343e-05
2360, 2561, 8.040258695271695e-05
2360, 2703, 8.034071557024404e-05
2630, 3013, 7.814110332265337e-05
95, 357, 7.808453578511073e-05
780, 1193, 7.440506073135517e-05
1541, 1931, 7.418481004558473e-05
474, 1469, 7.414191166101077e-05
1235, 1797, 7.402599053713509e-05
1148, 1244, 7.386987999029365e-05
780, 862, 7.376005136688943e-05
1251, 1931, 7.310531349626306e-05
1251, 1469, 7.253211032442873e-05
448, 685, 7.115894962812952e-05
780, 1946, 7.104555820020261e-05
2767, 2856, 6.899147056787574e-05
983, 1469, 6.764405463578473e-05
2422, 2912, 6.607008822003289e-05
1235, 1374, 6.554711944905082e-05
2557, 2691, 6.546189916306767e-05
95, 304, 6.421450297888371e-05
871, 1469, 6.399501288885154e-05
95, 375, 6.387642455233174e-05
780, 986, 6.386337694440854e-05
2539, 2912, 6.357534593560107e-05
1033, 1906, 6.121764679808684e-05
1148, 1797, 6.0835196842118244e-05
2621, 3058, 6.0539723062916634e-05
1863, 1906, 5.979055046945597e-05
2011, 2103, 5.900894042381318e-05
2557, 2856, 5.825237232135246e-05
1195, 1545, 5.737692801321702e-05
1274, 1469, 5.569218811107197e-05
1121, 1694, 5.534996498970164e-05
1794, 1931, 5.450590336785487e-05
454, 1478, 5.3564433991187616e-05
2321, 2691, 5.317132432018835e-05
2774, 2856, 5.305163112226607e-05
959, 1030, 5.303833239028187e-05
1613, 1722, 5.3036680049288405e-05
1541, 1694, 5.29979701820156e-05
1148, 1582, 5.285806610375996e-05
1805, 1856, 5.2771338056701156e-05
2630, 2923, 5.266723992372474e-05
1148, 1374, 5.262373359489753e-05
404, 657, 5.180936006973799e-05
1274, 1931, 5.167327161850551e-05
959, 1666, 5.1598727678092604e-05
483, 1931, 5.149636497488013e-05
2422, 2478, 5.1456374102601385e-05
1436, 1906, 5.119805584861462e-05
959, 1797, 5.1003075759406275e-05
1261, 1781, 5.038829397744896e-05
2767, 2912, 4.9736499433806255e-05
2265, 2418, 4.83958568574724e-05
1246, 1722, 4.7968277110699905e-05
780, 1081, 4.7864596709409173e-05
896, 1469, 4.7488299940234355e-05
454, 1781, 4.74600588055979e-05
474, 1694, 4.6902316321148676e-05
2444, 2703, 4.6014509681267864e-05
2444, 2520, 4.581763870990632e-05
1398, 1906, 4.5810962687368465e-05
180, 685, 4.5455471070531125e-05
2360, 3013, 4.531471101886669e-05
1022, 1072, 4.4119487043699766e-05
1022, 1797, 4.373861566315679e-05
1022, 1666, 4.3568441262945766e-05
2630, 2938, 4.285432591143549e-05
746, 1906, 4.202263770324874e-05
85, 357, 4.19236803087224e-05
1195, 1244, 4.1215068329521936e-05
1148, 2103, 4.10497418901155e-05
1337, 1906, 4.01295717521918e-05
871, 1694, 4.008877955067002e-05
1148, 1856, 4.006730004428784e-05
364, 1722, 3.92666807720364e-05
1235, 1582, 3.925545059954302e-05
2617, 3013, 3.891976262117923e-05
2026, 2156, 3.867739024765719e-05
91, 657, 3.84679879936054e-05
448, 657, 3.81950203577494e-05
801, 1694, 3.819152538892454e-05
1272, 1906, 3.80922382044766e-05
454, 937, 3.8071354445622384e-05
379, 1906, 3.7708124121832304e-05
364, 501, 3.738569164410308e-05
2660, 3013, 3.7254885477103085e-05
2360, 2923, 3.724432927715637e-05
2422, 2856, 3.701565606820462e-05
454, 1072, 3.535470583489496e-05
1677, 1931, 3.4832898490653035e-05
3008, 3058, 3.4598675866462185e-05
95, 327, 3.4308520427391575e-05
2444, 3013, 3.4056933108412105e-05
780, 1759, 3.367556431439319e-05
2026, 2856, 3.3203243968634574e-05
346, 1469, 3.264956320522027e-05
364, 1666, 3.224319613829533e-05
2026, 2253, 3.215256879521641e-05
2539, 2856, 3.1993217662237345e-05
2600, 2691, 3.199162277115483e-05
1759, 1931, 3.1946104121239966e-05
2026, 2230, 3.176367722321844e-05
454, 1030, 3.1749951108889086e-05
2539, 2691, 3.1703541602263395e-05
85, 375, 3.15481359423797e-05
129, 180, 3.148427827045002e-05
896, 1694, 3.144773437980334e-05
983, 1694, 3.0744638747320026e-05
1316, 1906, 3.060211221133347e-05
1436, 1931, 3.042220620260535e-05
2026, 2912, 3.0302846416928156e-05
822, 1906, 3.027168070535887e-05
1022, 1582, 2.9504811779366354e-05
1202, 1906, 2.9320592435714537e-05
1235, 1383, 2.9128646235656418e-05
474, 639, 2.9076106294939238e-05
1251, 1694, 2.8774435357569174e-05
95, 185, 2.876395418971459e-05
95, 180, 2.8444247899684515e-05
364, 716, 2.8387968183887464e-05
85, 304, 2.8304414160159373e-05
1195, 1722, 2.8062505710126437e-05
95, 1469, 2.7459165921744598e-05
1022, 1081, 2.7340409367630183e-05
1274, 1694, 2.714500644204891e-05
2774, 2912, 2.7092650384519357e-05
848, 1545, 2.7004535866373784e-05
346, 1694, 2.6843899998215656e-05
2617, 2923, 2.6625547947165997e-05
2539, 2599, 2.6621259953887573e-05
1235, 1362, 2.6392257638097868e-05
187, 657, 2.6236970566125554e-05
959, 2103, 2.6010444723603897e-05
2321, 2422, 2.5992771717216322e-05
129, 1931, 2.5814983203090948e-05
1579, 1797, 2.5798232005789464e-05
1337, 1469, 2.5694449011851665e-05
185, 685, 2.567727200209422e-05
454, 1337, 2.5595463126137485e-05
1148, 1383, 2.555140588763421e-05
780, 2418, 2.5336574608751682e-05
959, 1001, 2.528701252335716e-05
2600, 2912, 2.5260309285768405e-05
95, 1694, 2.5144706323271517e-05
364, 1797, 2.4923636279395998e-05
1246, 1666, 2.4751515694952027e-05
2557, 2703, 2.4646131656185707e-05
364, 2103, 2.463231101996063e-05
1022, 1374, 2.420933412912851e-05
2444, 2531, 2.4018978298088087e-05
1246, 1797, 2.39970489235531e-05
1235, 2103, 2.3957751594144314e-05
2422, 2691, 2.3709346203809777e-05
2321, 2703, 2.3618312296736614e-05
454, 902, 2.3478586817045078e-05
1398, 1931, 2.3241924370558938e-05
129, 357, 2.316111688138039e-05
483, 1469, 2.2953490221114013e-05
1246, 1374, 2.279800239790341e-05
1148, 1362, 2.272140001223876e-05
435, 685, 2.2558652590118053e-05
2360, 2938, 2.2494660941864127e-05
780, 1933, 2.2430066559516623e-05
1624, 1722, 2.2372566583004446e-05
2485, 3058, 2.2372395978245746e-05
2026, 2175, 2.2319524103575403e-05
959, 1374, 2.2025922992062412e-05
194, 685, 2.181159455521042e-05
1781, 2103, 2.1808748625359226e-05
2912, 3058, 2.1314112991207847e-05
801, 1545, 2.131283602979646e-05
1316, 1469, 2.1130168415156786e-05
1121, 1545, 2.1053879859745842e-05
1261, 1946, 2.1019994850072415e-05
2444, 2938, 2.0960417485363333e-05
2360, 2478, 2.0851927833036565e-05
236, 304, 2.0842095636736135e-05
2660, 2938, 2.0647283986235217e-05
2444, 2923, 2.0494131321116125e-05
959, 1582, 2.0227247233328544e-05
483, 1694, 2.0205148020509763e-05
2321, 2561, 1.987489935069288e-05
454, 726, 1.987324386059203e-05
848, 1722, 1.9745107016740635e-05
2630, 2781, 1.92827869654045e-05
780, 871, 1.9258737574142093e-05
780, 1586, 1.881886085257267e-05
2026, 2691, 1.8585303941445877e-05
304, 357, 1.8500000674945166e-05
1033, 1469, 1.8432843015329238e-05
454, 954, 1.828758005908065e-05
95, 219, 1.8275750162160448e-05
2617, 2938, 1.8140374739248664e-05
2660, 2923, 1.804498964589041e-05
1980, 2418, 1.768855973210563e-05
2360, 2426, 1.7344653983855238e-05
129, 375, 1.7003169784019587e-05
85, 327, 1.6940918613884718e-05
474, 1545, 1.6769762934230553e-05
1272, 1469, 1.6730018845915582e-05
180, 657, 1.640128787389482e-05
1022, 1147, 1.6198058143525716e-05
983, 1545, 1.5916354369862164e-05
129, 304, 1.5738327943298786e-05
871, 1545, 1.565461844826801e-05
1251, 1545, 1.523061377645128e-05
1316, 1374, 1.513837003593474e-05
1022, 1244, 1.5111377687796509e-05
780, 3058, 1.4938870010690716e-05
364, 1582, 1.4897256915968773e-05
2600, 2856, 1.4287665470379488e-05
1824, 2103, 1.4263281667584358e-05
95, 639, 1.424016803435993e-05
959, 1244, 1.3997599844493693e-05
2660, 2781, 1.3982381889974836e-05
2539, 2703, 1.3903391002656714e-05
2630, 2787, 1.382076584386943e-05
85, 1694, 1.3727453761466585e-05
454, 1193, 1.3692283624219978e-05
1121, 1722, 1.357070291255345e-05
346, 639, 1.3539438085574958e-05
2781, 3013, 1.3437386487482675e-05
780, 1163, 1.340901785817586e-05
95, 301, 1.3305386728161182e-05
1022, 1383, 1.3295607084357644e-05
1195, 1666, 1.3100419162056096e-05
85, 1469, 1.307294599527915e-05
1022, 2103, 1.2961962041184385e-05
2318, 3058, 1.2277562734018266e-05
2321, 3013, 1.2265887878142001e-05
483, 639, 1.214180050949908e-05
1274, 1545, 1.1869241497179167e-05
780, 1270, 1.1761051640951301e-05
1214, 1469, 1.1709825357082488e-05
2321, 2923, 1.152274920838724e-05
2422, 2561, 1.1498739837633989e-05
95, 1545, 1.1352746724269023e-05
1246, 1582, 1.1339272355488852e-05
780, 1979, 1.1314097989729126e-05
454, 986, 1.1163053025191737e-05
2781, 2923, 1.1122058714227117e-05
2600, 2703, 1.1048919974060485e-05
2621, 2912, 1.0902439425023507e-05
75, 685, 1.0818268407397339e-05
2630, 2705, 1.0806417504714584e-05
2945, 3058, 1.0393873092415845e-05
848, 902, 1.0371883742001046e-05
364, 1374, 1.0348215689599248e-05
2621, 2703, 1.0252636261654177e-05
959, 1383, 1.0252367814533011e-05
129, 327, 1.0129054864726424e-05
435, 657, 1.0089971237639078e-05
1436, 1545, 1.0066606858942736e-05
85, 185, 1.0052945411609416e-05
1246, 1383, 1.0010041150256731e-05
129, 1469, 1.000226657196529e-05
780, 1260, 9.99047712417199e-06
304, 375, 9.976781758519036e-06
1202, 1469, 9.870476213413647e-06
454, 2418, 9.862610751041771e-06
187, 304, 9.81098252097639e-06
2265, 3058, 9.789482795765e-06
236, 685, 9.724239448382002e-06
1235, 1337, 9.632308512358659e-06
2617, 2781, 9.625007302954465e-06
2172, 2230, 9.52288890584179e-06
1980, 2126, 9.477897791849496e-06
2360, 2531, 9.380292464729272e-06
2422, 2703, 9.369617221355024e-06
1098, 1469, 9.284718135765375e-06
2578, 3058, 9.24506089980509e-06
2781, 2938, 9.188321398034533e-06
187, 357, 9.14726429206445e-06
896, 1545, 9.0733569728404e-06
85, 180, 8.981434654538103e-06
2026, 3013, 8.955617774743762e-06
1579, 2103, 8.883253914972848e-06
2564, 3058, 8.769537487653044e-06
91, 357, 8.76634784591218e-06
1246, 1362, 8.74209565593354e-06
2660, 2787, 8.725783332416664e-06
95, 276, 8.664820666824418e-06
85, 137, 8.581546768903282e-06
1195, 1374, 8.471153097606016e-06
1148, 1193, 8.36761242096572e-06
746, 1469, 8.256884155406473e-06
2557, 3013, 8.1601914186819e-06
1022, 1362, 8.03176313146994e-06
2360, 2520, 7.970203371189296e-06
185, 657, 7.856596908477647e-06
2315, 2418, 7.816740451355054e-06
2172, 2418, 7.68188120541828e-06
2360, 2781, 7.662699315810431e-06
304, 685, 7.659034300303394e-06
780, 959, 7.644619412137707e-06
2557, 2923, 7.631964263949164e-06
959, 1147, 7.554872191109017e-06
129, 219, 7.547130272302219e-06
2705, 3058, 7.321418296358087e-06
822, 1469, 7.263131957792797e-06
959, 1362, 7.246270606769192e-06
85, 219, 7.239165658650569e-06
2329, 3058, 7.13873183950005e-06
91, 304, 7.002695908673956e-06
2026, 2703, 6.976467822527178e-06
91, 375, 6.966831922866032e-06
2539, 3013, 6.793455978419175e-06
2026, 2561, 6.789554318010846e-06
2825, 3058, 6.761548211546325e-06
454, 1081, 6.708762528876583e-06
2448, 3058, 6.598444240070757e-06
1246, 2103, 6.5658599861420885e-06
85, 301, 6.470765268305618e-06
2840, 2923, 6.468904666668802e-06
2557, 2938, 6.4534438282683266e-06
187, 375, 6.426402750406874e-06
2630, 2917, 6.363134080092739e-06
1261, 1586, 6.3365171299000886e-06
1148, 1337, 6.301444761989737e-06
454, 3058, 6.271375957415487e-06
364, 1383, 6.240545044495218e-06
2788, 3013, 6.206057080042151e-06
2788, 2923, 6.139215489083568e-06
2422, 3013, 6.0526839217872884e-06
154, 685, 5.99400261137144e-06
236, 301, 5.8147063710342675e-06
1316, 1383, 5.773856204743848e-06
780, 2126, 5.736672914392098e-06
2321, 2938, 5.669206790304862e-06
85, 639, 5.572762007214014e-06
871, 937, 5.534230913735542e-06
364, 1001, 5.526982993754158e-06
95, 152, 5.401082926457812e-06
194, 657, 5.389528536242107e-06
1274, 1337, 5.363565445838199e-06
959, 1072, 5.252228913051366e-06
2360, 2787, 5.237413260464413e-06
180, 357, 5.236486795003814e-06
2501, 3058, 5.112380169674458e-06
1980, 3058, 5.091577288687933e-06
1628, 2103, 5.039872924914523e-06
180, 304, 5.031830588240525e-06
187, 327, 4.97679949573615e-06
458, 685, 4.828776233196133e-06
2767, 3013, 4.765062713362319e-06
346, 419, 4.675888095960756e-06
236, 657, 4.646325173111822e-06
2160, 2418, 4.480236212214932e-06
780, 1249, 4.45365189747517e-06
129, 206, 4.427022958077356e-06
848, 1001, 4.396026358644115e-06
192, 685, 4.39441539860536e-06
639, 716, 4.348237467707964e-06
2485, 2561, 4.278466392152526e-06
2444, 2781, 4.274462437479725e-06
364, 1244, 4.168611638936197e-06
2360, 2917, 4.123124661949578e-06
95, 363, 4.118724156587679e-06
2422, 2923, 4.09585010286147e-06
474, 716, 4.063973416299045e-06
2557, 2617, 4.045025284998052e-06
2259, 2418, 4.0020422322868094e-06
1261, 2418, 3.965706340333974e-06
95, 206, 3.935222329776874e-06
364, 1362, 3.9121372772445255e-06
1195, 2103, 3.896652560572212e-06
1246, 1337, 3.895103910719551e-06
1594, 1694, 3.821652082273755e-06
85, 276, 3.7291782921199206e-06
2619, 3058, 3.699025640829516e-06
91, 327, 3.6351731722190758e-06
2600, 3013, 3.3862262177639458e-06
129, 301, 3.298332105526947e-06
180, 375, 3.289987818386342e-06
618, 685, 3.0959819433779875e-06
2321, 2394, 3.0734045181644364e-06
2945, 3013, 2.9919780539163713e-06
1436, 1694, 2.962544144384952e-06
185, 304, 2.9562451198546563e-06
2422, 2938, 2.929460497388601e-06
304, 657, 2.8781898750222923e-06
236, 357, 2.8538191707760698e-06
448, 501, 2.8181092066645976e-06
2026, 2194, 2.7897055726733273e-06
185, 357, 2.78508363534511e-06
91, 185, 2.709224257580588e-06
2026, 2342, 2.705260202195614e-06
639, 1469, 2.6880876777020487e-06
2840, 3013, 2.6671919151477302e-06
129, 276, 2.660082656111867e-06
194, 357, 2.6558542791856596e-06
129, 639, 2.627613277189919e-06
2872, 3058, 2.6255124339045835e-06
848, 1666, 2.6141785362729885e-06
2026, 2938, 2.6122283828678746e-06
75, 657, 2.603987754612975e-06
607, 685, 2.5677764028638956e-06
154, 657, 2.5442417231468556e-06
1398, 1694, 2.5429246063639272e-06
2788, 2938, 2.526719706595416e-06
129, 1694, 2.501304365079973e-06
1033, 1694, 2.476364451910098e-06
180, 327, 2.463102515108994e-06
2539, 2923, 2.4594706550939752e-06
91, 180, 2.4506597466564306e-06
801, 1722, 2.4452648479867826e-06
2970, 3058, 2.41352044873318e-06
194, 304, 2.365547972233817e-06
364, 474, 2.331097409659011e-06
1316, 1694, 2.31631107019519e-06
1261, 3058, 2.3143171985468287e-06
896, 954, 2.2985644381780458e-06
896, 1001, 2.2746449865266187e-06
458, 657, 2.27172936932661e-06
379, 639, 2.251758082439883e-06
346, 501, 2.2217683820536802e-06
364, 1147, 2.1917343828091584e-06
871, 1001, 2.178978769629548e-06
154, 219, 2.1637436793675203e-06
346, 427, 2.150424892529408e-06
801, 1001, 2.1468128405604494e-06
1337, 1694, 2.1366682734732142e-06
346, 716, 2.1152346835595574e-06
95, 230, 2.1075927088379567e-06
1121, 1666, 2.105664328744869e-06
187, 276, 2.100224926856295e-06
320, 375, 2.090733470636688e-06
187, 301, 2.0720769781001516e-06
2160, 2230, 2.0525064094960374e-06
85, 363, 2.0189127362279877e-06
85, 152, 1.999185703524188e-06
629, 685, 1.9798974895308347e-06
607, 657, 1.9733995742724833e-06
1272, 1694, 1.91344552203452e-06
185, 375, 1.898136553263954e-06
85, 206, 1.862990397943355e-06
1037, 1469, 1.8111678641876837e-06
91, 219, 1.8092816413970393e-06
1026, 1469, 1.762401090725567e-06
986, 1469, 1.7409026407761655e-06
2641, 3058, 1.7304904353189828e-06
746, 1694, 1.7084776231691007e-06
187, 1469, 1.6997899415637005e-06
194, 375, 1.6888694843056477e-06
1214, 1694, 1.6584096055630608e-06
822, 1694, 1.6517825270109075e-06
1202, 1694, 1.6422477526601425e-06
236, 327, 1.6419801109058172e-06
379, 1469, 1.6242748639828035e-06
2581, 3058, 1.6183230608021068e-06
522, 685, 1.6110924333892126e-06
801, 1666, 1.5824346224486754e-06
1195, 1582, 1.5464700994137483e-06
346, 1545, 1.4906894461776664e-06
871, 1722, 1.4877286589735148e-06
236, 375, 1.4861431914452157e-06
304, 363, 1.4735381127800607e-06
91, 301, 1.4726000065160062e-06
364, 761, 1.471288922539739e-06
1121, 1193, 1.470426202559536e-06
185, 327, 1.4698501078944264e-06
95, 716, 1.4671458656485212e-06
404, 639, 1.4529133532117705e-06
1875, 2103, 1.4484151349604107e-06
2695, 3058, 1.4447441948192925e-06
404, 1469, 1.431597280044023e-06
379, 1694, 1.4129859692490314e-06
2172, 3058, 1.3984778881129816e-06
1594, 1666, 1.3960563785018698e-06
194, 327, 1.3944148901677409e-06
91, 639, 1.3517187622468705e-06
896, 1722, 1.3464314660076872e-06
483, 716, 1.341800295239784e-06
1613, 2103, 1.3412777833016095e-06
1398, 1545, 1.3114709118350998e-06
95, 501, 1.3050554225678757e-06
187, 244, 1.3000393099281135e-06
95, 227, 1.2743484748197501e-06
2774, 3013, 1.2672576638638433e-06
483, 1545, 1.231748233535649e-06
192, 657, 1.210156409577124e-06
848, 1147, 1.1580567254003993e-06
75, 357, 1.1578691782589976e-06
848, 937, 1.1401114271381847e-06
1121, 1244, 1.1338359195441297e-06
435, 501, 1.1324912305877457e-06
180, 301, 1.1289186079715605e-06
959, 1081, 1.115250459281383e-06
1337, 1545, 1.1003297786839978e-06
780, 979, 1.0823812803510465e-06
129, 363, 1.0819785884816691e-06
848, 2103, 1.0717384833821279e-06
1033, 1545, 1.062594998330578e-06
2160, 3058, 1.06226067749523e-06
983, 1030, 1.0538424290182547e-06
95, 137, 1.0447787192034166e-06
1805, 2103, 1.0333010030690426e-06
909, 1469, 1.010772113745759e-06
85, 1545, 9.841111706285672e-07
448, 639, 9.801037823977507e-07
780, 983, 9.648092388658372e-07
1272, 1545, 9.474508800778963e-07
180, 276, 9.380730965713407e-07
1022, 1193, 9.24273595309688e-07
364, 512, 9.221521727773384e-07
848, 1582, 9.208318475499355e-07
320, 685, 9.200500109370141e-07
1810, 2103, 9.191532345162602e-07
474, 1001, 9.132429919380207e-07
91, 276, 9.078351700884954e-07
448, 1469, 9.029235575924645e-07
1316, 1545, 9.014739387624028e-07
522, 657, 8.937780830708789e-07
364, 1030, 8.875870943165144e-07
2315, 3058, 8.816147341007767e-07
1195, 1383, 8.758914997879531e-07
2045, 2126, 8.755547217684472e-07
91, 1469, 8.684383153257073e-07
180, 230, 8.513984215953507e-07
85, 230, 8.511154977372201e-07
801, 2103, 8.403037218341286e-07
1624, 1666, 8.372055758903428e-07
364, 1072, 8.34048303218458e-07
194, 276, 8.255167841912236e-07
129, 1545, 8.14101899575097e-07
364, 902, 8.002003950712752e-07
454, 862, 7.989011940933302e-07
454, 1163, 7.964837318120262e-07
2172, 2253, 7.889523651859799e-07
1098, 1694, 7.86943573212929e-07
46, 685, 7.844377409195589e-07
364, 519, 7.813304093521364e-07
1677, 1722, 7.802106718710299e-07
75, 375, 7.703064300667729e-07
474, 2103, 7.656622737866191e-07
848, 1374, 7.616034176020119e-07
129, 230, 7.556683761369941e-07
855, 1469, 7.54779496959501e-07
474, 1722, 7.456167290675757e-07
379, 427, 7.426694888817727e-07
959, 1193, 7.397567307858204e-07
95, 1722, 7.327746743876047e-07
85, 716, 7.298984060449296e-07
848, 1244, 7.245396227145784e-07
180, 244, 7.143308704679043e-07
379, 501, 7.119549001284647e-07
154, 357, 7.10759608592038e-07
983, 1722, 7.081818305110143e-07
2259, 3058, 6.83469083316861e-07
187, 639, 6.673980195246496e-07
801, 862, 6.57168713502986e-07
1098, 1147, 6.472449991532827e-07
364, 937, 6.410814846928028e-07
1274, 1374, 6.389053106903512e-07
185, 301, 6.350954250556642e-07
91, 152, 6.35033112515019e-07
1251, 1374, 6.321104236030518e-07
1821, 2103, 6.214648067988938e-07
75, 304, 6.149029509178364e-07
801, 1147, 6.148953379825922e-07
1121, 2103, 6.145247626411387e-07
85, 501, 6.02925371056181e-07
185, 276, 5.923256994990936e-07
1251, 1722, 5.82797541447648e-07
983, 1072, 5.824643435548947e-07
1121, 1374, 5.667725386971994e-07
1624, 2103, 5.65721823556133e-07
983, 1147, 5.57753271183642e-07
95, 244, 5.50560720239611e-07
192, 357, 5.463139861229621e-07
848, 1383, 5.291608527683322e-07
192, 304, 5.257810272565067e-07
404, 501, 5.217905910879502e-07
1148, 1478, 5.146068384825496e-07
85, 227, 5.133695497995852e-07
1235, 1478, 5.12329056733939e-07
1628, 1797, 5.111521565799858e-07
194, 301, 5.073950953001166e-07
871, 2103, 5.016024125822997e-07
180, 1469, 4.989397840300671e-07
1195, 1362, 4.981222477820572e-07
95, 1001, 4.934126391036529e-07
848, 1030, 4.92875191525972e-07
1197, 1469, 4.923753196684326e-07
1647, 2103, 4.875414582749549e-07
154, 304, 4.868473563672924e-07
1541, 1666, 4.79151025526508e-07
129, 227, 4.783802593605188e-07
154, 375, 4.709467227634775e-07
983, 2103, 4.6832247677121427e-07
1261, 2126, 4.6694709153684775e-07
454, 738, 4.6664667384909183e-07
896, 2103, 4.663428716163494e-07
848, 1072, 4.6545650154865527e-07
91, 137, 4.6378441376320957e-07
91, 363, 4.557262691825262e-07
187, 363, 4.521709725432269e-07
1022, 1337, 4.503152356436976e-07
1195, 1797, 4.4340343690402734e-07
75, 137, 4.433640748157596e-07
801, 1374, 4.3963343710940976e-07
959, 1337, 4.39628647411181e-07
943, 1001, 4.3796890492274413e-07
46, 657, 4.3734604940424044e-07
364, 726, 4.3323552408555535e-07
871, 1147, 4.3318474117163297e-07
75, 327, 4.311008789167155e-07
91, 206, 4.3060421420118985e-07
185, 244, 4.3052587224495884e-07
95, 2103, 4.188535449146672e-07
1980, 2050, 4.124938759918587e-07
129, 501, 4.1040913482920234e-07
801, 902, 4.0857870929813087e-07
454, 2126, 4.054978658648715e-07
896, 1147, 3.973549594784517e-07
379, 716, 3.9726541863967723e-07
474, 1147, 3.9179921645310446e-07
346, 1001, 3.871293480322837e-07
346, 2103, 3.8574733894210017e-07
454, 723, 3.8023543928806436e-07
1026, 1694, 3.768011229956671e-07
192, 375, 3.692266408108868e-07
801, 1244, 3.6260433257236946e-07
30, 82, 3.607816688062645e-07
364, 514, 3.590546958350277e-07
801, 937, 3.554037855062851e-07
364, 1193, 3.5444221249839643e-07
871, 1374, 3.53001585116076e-07
320, 657, 3.4473210884536124e-07
848, 954, 3.4390361046110956e-07
180, 639, 3.3800406458142995e-07
1214, 1545, 3.211019636277743e-07
95, 1666, 3.1774544320147037e-07
1251, 2103, 3.156027348371057e-07
871, 1244, 3.149676371962994e-07
2053, 2126, 3.121624482717379e-07
435, 639, 3.081746638256948e-07
483, 1001, 3.053038058257401e-07
871, 954, 3.0171392977952144e-07
1980, 2253, 3.00638664199355e-07
95, 427, 3.0044216203267664e-07
1819, 2103, 2.9607960879747257e-07
192, 327, 2.9552694163718124e-07
1274, 2103, 2.9461790673181413e-07
454, 959, 2.941176613762288e-07
1541, 2103, 2.9232028753339417e-07
801, 1582, 2.8608047330121397e-07
129, 716, 2.832636259856859e-07
1980, 2230, 2.817046502896654e-07
2160, 2253, 2.796319475908805e-07
154, 327, 2.779831125078192e-07
801, 1072, 2.7675569230981865e-07
1033, 1147, 2.7398360943587425e-07
474, 519, 2.711802653936124e-07
483, 2103, 2.71032989582175e-07
154, 206, 2.6955576930746697e-07
404, 716, 2.682292372644021e-07
474, 761, 2.6312459320934284e-07
85, 244, 2.6172981247954263e-07
983, 1244, 2.6087761673425684e-07
896, 1666, 2.570639669387505e-07
185, 1469, 2.5487741181143405e-07
180, 363, 2.5349544002248593e-07
95, 419, 2.5202563892332406e-07
983, 1374, 2.516690161162663e-07
1022, 1163, 2.4943806456079723e-07
801, 1030, 2.4592504449475195e-07
896, 1030, 2.444103845710305e-07
871, 1666, 2.437204846772676e-07
780, 2230, 2.432667376534051e-07
454, 871, 2.424596767901168e-07
1980, 2156, 2.403027880614495e-07
896, 1244, 2.3807920805786793e-07
822, 1001, 2.380304127732373e-07
474, 1244, 2.357476558830431e-07
983, 1666, 2.3486946871074462e-07
404, 474, 2.3385050385915046e-07
761, 1469, 2.3258365325880538e-07
180, 227, 2.3089629598516493e-07
85, 1001, 2.294641419829948e-07
364, 954, 2.2616396639511786e-07
75, 185, 2.2454906857412824e-07
871, 1030, 2.2390330662835245e-07
959, 1478, 2.2169496679019146e-07
129, 244, 2.1799776989935857e-07
896, 1374, 2.1767299951856965e-07
95, 1147, 2.1623887013921837e-07
1274, 1362, 2.1620444865534948e-07
91, 230, 2.1067576478289007e-07
1022, 1856, 1.9849478518021406e-07
85, 2103, 1.977185030291329e-07
185, 639, 1.9699020344961373e-07
871, 1072, 1.9449966743529146e-07
1235, 1856, 1.9416593339179587e-07
2321, 2478, 1.9408167263138178e-07
746, 1001, 1.9311318859074646e-07
95, 1244, 1.923330571431388e-07
187, 230, 1.915534675090108e-07
780, 2253, 1.9010250680075766e-07
1022, 1478, 1.8960535369964839e-07
2030, 2126, 1.860874969757505e-07
896, 1072, 1.8572397338562727e-07
194, 639, 1.8306852294632625e-07
848, 1362, 1.8162307376177594e-07
1272, 1337, 1.8100643640987924e-07
404, 1694, 1.7908263078829807e-07
75, 180, 1.7885033020350324e-07
909, 1001, 1.787901622905833e-07
95, 1374, 1.78754467715998e-07
959, 1163, 1.7712192651629386e-07
1151, 1469, 1.6942661536253275e-07
75, 219, 1.6658256099349132e-07
1251, 1383, 1.657579855000563e-07
187, 716, 1.6317068713203555e-07
848, 986, 1.6307728279274244e-07
1274, 1383, 1.6285841570159685e-07
454, 746, 1.6208763039855534e-07
527, 685, 1.5987546329157739e-07
896, 959, 1.5940928815503242e-07
364, 986, 1.5862618927715983e-07
91, 716, 1.5719440582330915e-07
346, 474, 1.5711762480323875e-07
192, 276, 1.5323102647839181e-07
1202, 1545, 1.524683637185504e-07
85, 427, 1.5077845766618248e-07
1121, 1383, 1.5074648540999836e-07
2026, 2422, 1.5061120514794995e-07
1033, 2103, 1.4746175959708258e-07
448, 716, 1.4666460842620965e-07
746, 1545, 1.4640212607303062e-07
801, 954, 1.4616528849835906e-07
801, 871, 1.4573976125739114e-07
91, 501, 1.394997121267064e-07
474, 1030, 1.3878431758712504e-07
185, 363, 1.3863797750848698e-07
1677, 2103, 1.3805811007837266e-07
822, 2103, 1.3553024776233737e-07
75, 301, 1.3539625138858998e-07
129, 1001, 1.345870164502574e-07
448, 512, 1.3405695357810743e-07
1246, 1478, 1.318147348887013e-07
187, 501, 1.3170475710912746e-07
1980, 2175, 1.3073975237696645e-07
1261, 1759, 1.2810872191035291e-07
1834, 2103, 1.278575173015018e-07
379, 2103, 1.2752712936241998e-07
822, 1545, 1.2732813976104795e-07
91, 227, 1.266089801553722e-07
194, 244, 1.2476039020244858e-07
780, 2175, 1.2453281588285642e-07
236, 363, 1.235379908130608e-07
236, 639, 1.2204101149712074e-07
848, 1193, 1.2155377660036206e-07
91, 1906, 1.211849745364516e-07
46, 357, 1.209237630290706e-07
2501, 2561, 1.1892316926254619e-07
185, 230, 1.187784096016391e-07
85, 419, 1.187379097672348e-07
95, 761, 1.166775259102586e-07
822, 902, 1.1533672821148408e-07
129, 2103, 1.1314284171499335e-07
1436, 2103, 1.1296522362758199e-07
180, 716, 1.1249516252089541e-07
896, 986, 1.1229117831636647e-07
1337, 1383, 1.1215381797205796e-07
75, 639, 1.1102209218222035e-07
346, 761, 1.1081222898013864e-07
194, 363, 1.1078590124500116e-07
192, 301, 1.1059020745663149e-07
1794, 2103, 1.0901859078040127e-07
1272, 1374, 1.0758307478243563e-07
154, 301, 1.0736712949141276e-07
1251, 1362, 1.0674265424501198e-07
1214, 1906, 1.0646618363267592e-07
2321, 2531, 1.0556002540649568e-07
454, 983, 1.0463063855566423e-07
1274, 1722, 1.0403590223445279e-07
187, 1906, 1.0326427699458714e-07
1541, 1722, 1.0310727572031006e-07
454, 979, 1.0274750079385415e-07
2278, 2418, 1.0219799584295259e-07
986, 1545, 1.0117076909277279e-07
154, 276, 1.0071452121351154e-07
2063, 2126, 1.0025740775068372e-07
780, 2156, 9.94294345112929e-08
1121, 1362, 9.89150012193948e-08
1098, 1906, 9.855431710246062e-08
75, 276, 9.854226488294809e-08
129, 427, 9.851895205917409e-08
1098, 1545, 9.851471120225158e-08
1033, 1244, 9.833432718514558e-08
129, 1906, 9.79621904498671e-08
801, 1383, 9.788720780018725e-08
1037, 1545, 9.71308226373953e-08
896, 1383, 9.642383729646321e-08
1026, 1545, 9.636442830868638e-08
1195, 1337, 9.625691401023206e-08
801, 1362, 9.524116637918754e-08
474, 1374, 9.420647043185318e-08
95, 312, 9.337236266682342e-08
1272, 2103, 9.20689283712173e-08
379, 1545, 9.175965606842834e-08
983, 1383, 9.152620781956087e-08
871, 1383, 9.108796299624883e-08
404, 1545, 9.022643315539324e-08
2422, 2520, 8.895646862486519e-08
129, 419, 8.720490670795765e-08
483, 761, 8.713169176786319e-08
454, 1249, 8.652207268238006e-08
154, 230, 8.524942539148901e-08
1195, 1478, 8.37168661740345e-08
346, 1244, 8.212080666795288e-08
346, 1374, 8.203253463350929e-08
95, 474, 8.124707510656504e-08
2422, 2531, 8.094234712857484e-08
2321, 2520, 8.085976791034531e-08
474, 902, 7.845198847303605e-08
474, 937, 7.416177636586426e-08
1337, 2103, 7.273426000096392e-08
154, 227, 7.25374757745824e-08
527, 657, 7.241212127712982e-08
1195, 1249, 7.131769710765906e-08
1316, 2103, 7.037381266925078e-08
1398, 2103, 6.975124033923504e-08
304, 639, 6.791831771567498e-08
483, 1244, 6.758777304484303e-08
404, 2103, 6.750798655897316e-08
822, 1931, 6.700269313983943e-08
2208, 2418, 6.67729575137475e-08
46, 375, 6.61265234026603e-08
1261, 2253, 6.497546557208006e-08
848, 1797, 6.478837906248972e-08
1316, 1362, 6.432234590379202e-08
2619, 2691, 6.342489169494636e-08
458, 639, 6.303394688331313e-08
1197, 1244, 6.248453901677618e-08
154, 639, 6.1572032009791e-08
8, 82, 6.116868931548454e-08
46, 304, 6.034878597038286e-08
85, 1244, 5.972002048489543e-08
379, 1931, 5.899515532401275e-08
91, 244, 5.886163630128448e-08
1033, 1931, 5.864083365122607e-08
1098, 2103, 5.8044807062962575e-08
75, 363, 5.711312000604741e-08
95, 1383, 5.708247366190131e-08
746, 2103, 5.647171702783297e-08
85, 761, 5.432724860312903e-08
780, 2194, 5.3992122961428026e-08
379, 474, 5.1740792778276735e-08
1251, 1337, 5.166263277509352e-08
1759, 2103, 4.956840167120802e-08
180, 501, 4.906212421494818e-08
1098, 1244, 4.880277663894694e-08
46, 327, 4.840209226786799e-08
8, 60, 4.8197698450209634e-08
1037, 2103, 4.7707687615480836e-08
986, 2103, 4.706890926401957e-08
1202, 1244, 4.664287720812398e-08
2208, 2253, 4.625206659103485e-08
448, 519, 4.4774258384173346e-08
346, 512, 4.466866118261927e-08
1202, 2103, 4.439585015064688e-08
30, 685, 4.436572881568558e-08
746, 1244, 4.432816848320961e-08
1148, 1249, 4.4242083179942717e-08
91, 2103, 4.372632538443136e-08
129, 1244, 4.354804483174379e-08
1121, 1582, 4.3537086655433e-08
983, 1582, 4.232907603998947e-08
75, 206, 4.210241820955557e-08
192, 244, 4.019686674355811e-08
1148, 2126, 4.002303404630357e-08
187, 2103, 3.839657254179908e-08
2011, 2126, 3.8283614367741237e-08
154, 363, 3.64499104955651e-08
1026, 2103, 3.638131397106655e-08
448, 2103, 3.6287312366318595e-08
1214, 2103, 3.626094870402289e-08
474, 726, 3.6062628104857005e-08
448, 514, 3.5928403900400545e-08
185, 716, 3.5847143145662105e-08
346, 519, 3.577130895396022e-08
1026, 1244, 3.557718159174951e-08
2045, 2418, 3.541999000359285e-08
822, 1244, 3.492499727730952e-08
85, 312, 3.447810926030582e-08
639, 2103, 3.41967283805377e-08
91, 427, 3.304451563931624e-08
1274, 1582, 3.2750125315054496e-08
187, 427, 3.24376304325145e-08
2621, 2856, 3.242098918124813e-08
192, 639, 3.2200902635422445e-08
435, 716, 3.2187120909408494e-08
85, 474, 3.1304211025238906e-08
95, 512, 3.126953543879071e-08
1251, 1582, 3.073944086801878e-08
1037, 1244, 3.062919150477543e-08
639, 1001, 3.013388351837265e-08
185, 501, 2.998089096502116e-08
647, 716, 2.9831989075405644e-08
1594, 2103, 2.9779052243146447e-08
871, 1582, 2.9631053176104366e-08
896, 1582, 2.9584672861364518e-08
180, 2103, 2.8591723309267985e-08
522, 639, 2.8567661747816814e-08
871, 1362, 2.7159368218335792e-08
983, 1362, 2.7017230852519315e-08
187, 419, 2.617979377230126e-08
91, 419, 2.617781582131065e-08
194, 501, 2.602834313908197e-08
2641, 2703, 2.5516606560482253e-08
85, 1374, 2.4365737628638624e-08
192, 363, 2.4184301278278887e-08
95, 519, 2.404310399437765e-08
2026, 2478, 2.3890978209642535e-08
474, 1383, 2.375726628791876e-08
379, 1244, 2.3696027244482145e-08
129, 312, 2.3682878942751854e-08
364, 862, 2.3051011848557933e-08
185, 227, 2.2547840337444625e-08
30, 657, 2.2132970465089917e-08
75, 230, 2.193210325741257e-08
194, 716, 2.1672999301271982e-08
986, 1244, 2.1140039997776127e-08
639, 1244, 2.05810950903451e-08
194, 1469, 2.037211885700366e-08
435, 1469, 1.931014008884784e-08
379, 1001, 1.9297608357513108e-08
46, 185, 1.891720628808005e-08
180, 427, 1.8525848354442258e-08
346, 726, 1.8245463789776856e-08
2026, 2531, 1.7465921345226304e-08
639, 761, 1.742560549948433e-08
129, 474, 1.7297454487558277e-08
236, 716, 1.686617855395993e-08
2026, 2520, 1.6777735887660487e-08
346, 514, 1.6655404405447625e-08
2318, 2422, 1.6583219476276373e-08
855, 1001, 1.6464344892418996e-08
46, 180, 1.579789494600594e-08
75, 152, 1.575771472961591e-08
8, 685, 1.5626436390593815e-08
236, 501, 1.517256348155307e-08
871, 986, 1.497635858735281e-08
180, 419, 1.4717919574679608e-08
848, 1337, 1.4468651396470971e-08
95, 726, 1.4414084809631942e-08
2485, 2691, 1.4267716347099326e-08
75, 124, 1.4230820623532978e-08
379, 512, 1.3881030835672679e-08
46, 219, 1.3772528435644912e-08
46, 301, 1.3727826244805062e-08
801, 986, 1.3637441073794405e-08
483, 726, 1.3226446957385363e-08
85, 512, 1.3211604867024012e-08
187, 312, 1.3173199390345003e-08
2360, 2599, 1.3086390692972824e-08
404, 1001, 1.3022168545919484e-08
2825, 2912, 1.2876287449522143e-08
2235, 2418, 1.250223901758587e-08
85, 519, 1.2421100100357777e-08
75, 227, 1.2292087839362258e-08
639, 1545, 1.2131499291407784e-08
2030, 2418, 1.2075062455090238e-08
91, 1545, 1.1976732462445497e-08
95, 514, 1.1606731241632314e-08
639, 726, 1.1437676964550072e-08
236, 312, 1.1361804644418945e-08
75, 501, 1.0917979497519226e-08
458, 501, 1.054357187235554e-08
379, 519, 1.0485974602445725e-08
75, 716, 1.023459731062337e-08
379, 761, 1.0129404505865208e-08
304, 501, 1.0072224443777824e-08
185, 427, 1.0063610402550136e-08
2444, 2599, 1.0046518901846093e-08
959, 1249, 1.0022506743628796e-08
1026, 1081, 9.738036199180164e-09
95, 937, 9.66382151891192e-09
129, 761, 9.567569093479206e-09
1022, 1249, 9.560963982124002e-09
2641, 2691, 9.534321626390327e-09
1026, 1072, 9.533788416113137e-09
404, 512, 9.347950264667605e-09
46, 639, 9.25823827384846e-09
304, 716, 9.152768895349558e-09
46, 276, 9.130638647366855e-09
320, 639, 9.029380433468905e-09
91, 312, 8.897808214249569e-09
154, 244, 8.529128991068348e-09
129, 512, 8.466222580059131e-09
822, 937, 8.43545218570374e-09
154, 716, 8.246841038546939e-09
404, 519, 8.178145813219425e-09
320, 363, 8.023735737625518e-09
185, 419, 7.902399595652337e-09
194, 427, 7.89580094214686e-09
91, 474, 7.44143582979859e-09
2485, 2912, 7.254175864874811e-09
30, 357, 7.230145168409941e-09
187, 474, 7.186436979466262e-09
435, 512, 7.171677593114923e-09
194, 419, 6.982524584915812e-09
91, 1001, 6.764813239288443e-09
129, 519, 6.730392461544104e-09
1033, 1081, 6.7082379636039564e-09
983, 1081, 6.696705716032558e-09
458, 519, 6.6310059904717746e-09
346, 1147, 6.616260521986571e-09
154, 501, 6.564849750935865e-09
346, 902, 6.523010343866936e-09
180, 312, 6.472171978729754e-09
855, 937, 6.384081055648279e-09
346, 937, 6.311720117249783e-09
304, 427, 6.237670524262053e-09
236, 427, 6.141060999829736e-09
855, 902, 6.0969916947151155e-09
458, 716, 6.072472876960402e-09
404, 761, 5.968848479814431e-09
448, 1001, 5.928146622374242e-09
85, 726, 5.690525322461312e-09
364, 723, 5.6894235132018405e-09
187, 1001, 5.6479050526083435e-09
364, 738, 5.621478969508495e-09
2318, 2912, 5.565310645064289e-09
236, 419, 5.542813910088902e-09
192, 501, 5.5338328995980645e-09
474, 1072, 5.510650972440486e-09
75, 244, 5.4960145157155595e-09
304, 419, 5.449471120253379e-09
85, 514, 5.42433760148613e-09
30, 375, 5.403630499950729e-09
46, 363, 5.376643150525736e-09
458, 512, 5.3630067033652464e-09
379, 514, 5.33180484006172e-09
30, 304, 5.0779763184447876e-09
8, 657, 4.9029550905883695e-09
95, 902, 4.887639315331821e-09
780, 1251, 4.680451360481959e-09
192, 716, 4.597283650961672e-09
95, 1030, 4.555219743203534e-09
1026, 1147, 4.53162525337148e-09
483, 1147, 4.477795230431762e-09
2318, 2691, 4.460153652766813e-09
129, 726, 4.3359114935369995e-09
91, 761, 4.3335481087077584e-09
346, 1030, 4.0867001394685945e-09
761, 1001, 4.04404051087281e-09
75, 427, 4.033508871868605e-09
180, 474, 3.995852467671921e-09
483, 1030, 3.985882181345302e-09
2321, 2599, 3.91078195667658e-09
185, 312, 3.855140717978536e-09
1037, 1147, 3.789310268644832e-09
85, 1147, 3.75168667551065e-09
404, 514, 3.6905881433726666e-09
30, 327, 3.689234867493579e-09
379, 726, 3.635388528105281e-09
194, 312, 3.6259038067302385e-09
46, 137, 3.6197570204577046e-09
483, 937, 3.6190835452136155e-09
85, 937, 3.6002322519792707e-09
46, 206, 3.5470010574175086e-09
95, 154, 3.5217345174820083e-09
75, 419, 3.3131141284378917e-09
129, 514, 3.276247717166449e-09
746, 937, 3.1240822622042874e-09
474, 954, 3.1229217983838383e-09
448, 761, 3.0801709804700507e-09
483, 902, 3.005834291209555e-09
986, 1030, 3.003063571361705e-09
91, 512, 2.998354400947543e-09
435, 519, 2.9063491450991494e-09
746, 902, 2.84882595689912e-09
187, 761, 2.676103005789743e-09
822, 1030, 2.654122169609697e-09
458, 514, 2.6029808488705935e-09
91, 519, 2.533583365575941e-09
187, 512, 2.494430798061413e-09
154, 427, 2.4718923927956193e-09
1033, 1374, 2.425004741465162e-09
30, 85, 2.398132323398913e-09
1214, 1374, 2.355438969433743e-09
527, 639, 2.3135832840579768e-09
435, 514, 2.216157846597529e-09
185, 474, 2.2009795138823462e-09
2422, 2599, 2.194624110069405e-09
986, 1072, 2.1239807850970085e-09
85, 902, 2.1112856025618163e-09
187, 519, 2.1045564855487164e-09
8, 357, 2.1037252816874648e-09
404, 726, 2.0305037953041254e-09
46, 230, 1.9731882894504286e-09
187, 726, 1.9259187576265994e-09
522, 716, 1.901822319488392e-09
154, 419, 1.8569248062477118e-09
2557, 2599, 1.8199427428232061e-09
1272, 1383, 1.8103725341593188e-09
364, 1081, 1.7831835827602474e-09
194, 474, 1.7396204719184705e-09
192, 427, 1.7279133966834656e-09
8, 375, 1.6254402445817606e-09
46, 716, 1.6239924530106236e-09
192, 419, 1.4881901534576055e-09
8, 304, 1.4626439856960037e-09
346, 954, 1.4462890823909763e-09
91, 726, 1.421899586860017e-09
320, 501, 1.4139185907612433e-09
448, 726, 1.3956184720556733e-09
180, 512, 1.36705741134756e-09
474, 986, 1.3351334023386612e-09
30, 185, 1.2708474409253826e-09
1121, 1337, 1.267478971094803e-09
180, 519, 1.2268583337668091e-09
95, 954, 1.2189023364025351e-09
91, 514, 1.1596002421871181e-09
46, 227, 1.1426935448334897e-09
364, 746, 1.1418944914983238e-09
801, 1337, 1.1396290470908538e-09
236, 474, 1.1065137893332571e-09
30, 301, 1.084648948428803e-09
180, 761, 1.073522115514065e-09
46, 124, 1.0728004011247522e-09
320, 716, 1.071595936376385e-09
1288, 1469, 1.0500351410863984e-09
30, 219, 1.032906832510239e-09
848, 959, 1.0259794853058578e-09
95, 1072, 1.0251539735014808e-09
180, 726, 1.0018788315840296e-09
2485, 2531, 9.835873956470593e-10
187, 514, 9.725855452819831e-10
85, 154, 9.700404238978842e-10
30, 180, 9.580114855408253e-10
2329, 2422, 9.18424846297635e-10
46, 501, 9.055084573267447e-10
607, 716, 9.044208313253675e-10
2318, 2561, 9.028884943756769e-10
75, 312, 8.943054658975701e-10
236, 1469, 8.934116339302759e-10
30, 639, 8.622263187734282e-10
8, 327, 8.565883890325376e-10
848, 1081, 8.492258005268668e-10
474, 723, 8.413667857919617e-10
1330, 1469, 8.332880854885873e-10
346, 1072, 8.161361487555519e-10
1195, 1251, 7.921691016302462e-10
192, 312, 7.850159374331361e-10
320, 419, 7.766721112434652e-10
75, 474, 7.7580362244352e-10
320, 427, 7.47467934560339e-10
194, 761, 7.471175295946389e-10
30, 276, 7.42385812337007e-10
185, 512, 7.417949651381953e-10
154, 312, 7.39585399983753e-10
304, 474, 7.178098996828008e-10
194, 512, 7.140549386173155e-10
185, 761, 7.136764055406699e-10
801, 1193, 7.080679083773213e-10
435, 761, 7.025937729475515e-10
1022, 2418, 6.880118102331272e-10
1235, 2418, 6.66218261497389e-10
474, 738, 6.542587734762212e-10
983, 1193, 6.441496522258312e-10
185, 519, 6.422160601808202e-10
1980, 2194, 6.161803785068257e-10
185, 726, 5.80727127918737e-10
46, 244, 5.670887219354643e-10
180, 514, 5.516620056422999e-10
855, 2103, 5.450333510824571e-10
194, 519, 5.236901914796399e-10
236, 512, 5.120588333041976e-10
801, 1081, 4.898465525926695e-10
435, 726, 4.569227078743874e-10
154, 474, 4.539524745761522e-10
236, 519, 4.506921255202581e-10
346, 723, 4.355471145167427e-10
236, 761, 4.344136012642736e-10
46, 427, 4.3062329530029774e-10
194, 726, 4.16977868260372e-10
46, 419, 4.0602961340573043e-10
46, 152, 3.9232475048335245e-10
192, 474, 3.8731846473099404e-10
896, 1193, 3.817070604479495e-10
75, 512, 3.764753378853507e-10
1148, 1251, 3.741033971414853e-10
2578, 2691, 3.705097613436283e-10
618, 716, 3.621634765214372e-10
91, 154, 3.589302097969704e-10
30, 363, 3.5372303762636154e-10
304, 512, 3.5236757163598e-10
871, 1193, 3.3830434725758825e-10
346, 738, 3.3671554440135317e-10
8, 301, 3.2337496270633997e-10
95, 723, 3.1864195944470243e-10
1272, 1362, 3.1311986716899466e-10
639, 723, 3.1097884796076796e-10
8, 219, 3.06227257190247e-10
304, 519, 3.052398818104823e-10
75, 761, 2.9763057340640585e-10
185, 514, 2.9515175316296945e-10
2265, 2422, 2.9351063499998045e-10
483, 723, 2.886582299804676e-10
629, 716, 2.8262611186231425e-10
8, 185, 2.8255597793487193e-10
236, 726, 2.729688413606134e-10
194, 514, 2.708508812380021e-10
896, 1362, 2.6510040320231985e-10
75, 519, 2.563982246905453e-10
95, 738, 2.526320325780055e-10
822, 1374, 2.525741733979529e-10
129, 902, 2.506276466272861e-10
1202, 1374, 2.4944540816901036e-10
483, 738, 2.4729586847883106e-10
154, 512, 2.2574404502155009e-10
30, 206, 2.2316688774013067e-10
154, 761, 2.1834795808653234e-10
8, 180, 2.1229941175047642e-10
236, 514, 2.050658264713133e-10
154, 519, 1.9168480476272203e-10
8, 85, 1.8279632611162747e-10
8, 276, 1.813420671893515e-10
30, 137, 1.7959164881700106e-10
458, 761, 1.7804277871055846e-10
379, 902, 1.7367579175090584e-10
474, 746, 1.6856484433238437e-10
304, 761, 1.673055876148833e-10
527, 716, 1.6487213699715104e-10
639, 902, 1.6290667707928105e-10
2203, 2418, 1.6162695324560257e-10
959, 2418, 1.615324443918743e-10
639, 738, 1.6096991074016827e-10
1148, 2418, 1.598151213070187e-10
192, 512, 1.492449396739004e-10
304, 514, 1.428402755448554e-10
75, 514, 1.4214938450031505e-10
379, 937, 1.4003814707761912e-10
75, 726, 1.3926086689188262e-10
30, 230, 1.3695660093406707e-10
404, 902, 1.3489581581558653e-10
192, 761, 1.3403761644118443e-10
85, 723, 1.340155428402555e-10
129, 937, 1.2841578331438595e-10
2265, 2342, 1.2704647919186558e-10
304, 726, 1.2225683547532775e-10
320, 474, 1.1513775113975646e-10
639, 937, 1.1465360359912258e-10
85, 738, 1.1463661823322398e-10
192, 519, 1.1353501277635819e-10
8, 363, 1.0784726372107864e-10
95, 278, 1.0271020776294028e-10
192, 726, 9.706763514212587e-11
154, 726, 9.626427825668961e-11
458, 726, 9.417744172557311e-11
129, 738, 9.373524444838152e-11
474, 862, 9.365576942649435e-11
91, 902, 9.240240000362689e-11
46, 312, 9.029559256412131e-11
129, 723, 8.673814666683915e-11
404, 937, 8.426840271778567e-11
379, 738, 8.4245114468852e-11
379, 723, 8.37339335517777e-11
46, 474, 8.222346061112937e-11
30, 227, 7.735286000696555e-11
647, 726, 7.38233340234919e-11
346, 746, 7.335299869046598e-11
180, 1001, 6.904885592086679e-11
364, 871, 6.876173270712018e-11
91, 937, 6.225118993660182e-11
483, 954, 5.680357129581532e-11
364, 959, 5.647996616668637e-11
187, 937, 5.5830532923663275e-11
8, 206, 5.573276937324321e-11
95, 746, 5.424235919057012e-11
483, 746, 5.1231605188814834e-11
95, 862, 5.04164092125482e-11
30, 244, 4.9858871399077775e-11
404, 723, 4.973974303127387e-11
85, 954, 4.699365240069436e-11
346, 862, 4.4153901828296725e-11
8, 137, 4.39608244350169e-11
522, 761, 4.338281306923404e-11
85, 278, 4.336016544219005e-11
187, 723, 4.239915314804038e-11
404, 738, 4.1715336404301664e-11
647, 761, 3.985299672937189e-11
187, 738, 3.6097070953268954e-11
8, 230, 3.5972591046230216e-11
404, 1244, 3.5171874169425985e-11
91, 1244, 3.486232447973503e-11
91, 723, 3.4239837449709076e-11
448, 723, 3.165817289687248e-11
448, 738, 3.1589254308324704e-11
129, 278, 3.084892131479168e-11
85, 746, 3.0380519727120333e-11
454, 771, 3.018930090039877e-11
639, 746, 2.991368156255105e-11
30, 152, 2.969164235068459e-11
30, 124, 2.9118239946497975e-11
30, 427, 2.858597196644355e-11
822, 871, 2.7946351943056278e-11
320, 761, 2.7644428145653773e-11
129, 954, 2.6663179205650792e-11
30, 419, 2.5837044425702154e-11
91, 738, 2.5397114717294795e-11
180, 723, 2.3957010873099286e-11
187, 278, 2.3217584497380597e-11
8, 227, 2.260749138898062e-11
379, 746, 1.942974481264013e-11
180, 738, 1.879426893129852e-11
185, 1001, 1.7193398597750797e-11
129, 746, 1.6759433632192995e-11
822, 954, 1.6007458855025736e-11
435, 1001, 1.528855137362765e-11
194, 1001, 1.3346106062379545e-11
746, 862, 1.237457248932689e-11
761, 902, 1.1138286219728507e-11
91, 278, 1.0584398972332502e-11
180, 278, 1.0536932742186592e-11
8, 244, 1.012654116900658e-11
404, 746, 1.0057736454884008e-11
746, 954, 9.943283216997709e-12
2053, 2418, 9.929043994689936e-12
909, 954, 8.38297391401624e-12
194, 278, 8.308111533772046e-12
187, 902, 7.773674282379209e-12
30, 312, 7.760680434669591e-12
187, 746, 7.710987675346431e-12
2321, 2426, 7.636112622605155e-12
8, 427, 7.635864137831945e-12
448, 902, 7.529978090857023e-12
75, 154, 7.386293400273494e-12
30, 501, 7.337814622309665e-12
154, 514, 7.243153222659147e-12
8, 419, 6.846542671199068e-12
448, 746, 6.778022613254145e-12
185, 278, 6.635370605803297e-12
474, 871, 6.429582122483923e-12
91, 746, 6.157263276418994e-12
855, 954, 6.086946806394764e-12
8, 124, 5.900755979967317e-12
8, 152, 5.7787373581907196e-12
192, 514, 4.52971896191315e-12
909, 986, 3.9964048757984246e-12
320, 512, 3.3326449114625825e-12
483, 862, 2.8056207693865924e-12
8, 501, 2.635249118165942e-12
320, 519, 2.529344474521636e-12
46, 512, 2.471407217504009e-12
46, 519, 2.2270330485787407e-12
8, 312, 2.0158804402136613e-12
346, 986, 1.6336043446876273e-12
483, 986, 1.6291583182777151e-12
192, 278, 1.5950400777157427e-12
85, 862, 1.5528624474223012e-12
236, 278, 1.4868455899747357e-12
746, 1030, 1.3293721013762712e-12
320, 514, 1.2709085673214351e-12
454, 768, 1.2706742956445772e-12
95, 986, 1.242367117409107e-12
75, 278, 1.1989723563017915e-12
154, 278, 1.1572649712581664e-12
822, 986, 1.1077381815117987e-12
95, 871, 1.084201157863703e-12
746, 871, 1.07133707893506e-12
46, 514, 1.0015740437716752e-12
346, 871, 9.959286952234969e-13
746, 986, 9.105954646563546e-13
364, 771, 6.992710401419333e-13
30, 474, 6.000862509735954e-13
448, 937, 5.42675772985855e-13
761, 937, 4.204671263654626e-13
85, 1030, 3.789940220462388e-13
180, 937, 2.889637018503112e-13
30, 512, 2.4841001463595135e-13
46, 154, 2.3045453889947917e-13
30, 519, 2.138139033813919e-13
639, 954, 1.8528173608716964e-13
379, 954, 1.8346161594997387e-13
404, 954, 1.5882442115577522e-13
8, 474, 1.4813915008526683e-13
474, 771, 1.1924052361809157e-13
46, 278, 1.0763387576152373e-13
30, 514, 1.0041368865329227e-13
91, 954, 9.66833058264509e-14
85, 1072, 9.436348498588477e-14
187, 954, 9.030986462985716e-14
448, 954, 7.880284151684834e-14
8, 512, 7.374251650088127e-14
8, 519, 4.9302563843169594e-14
8, 514, 2.7763102750029066e-14
364, 768, 2.7580806947234196e-14
8, 639, 2.4300143874215498e-14
364, 458, 2.056034039114668e-14
30, 154, 1.7139547278501404e-14
30, 278, 8.714839275177338e-15
8, 154, 3.33160036602964e-15
129, 862, 2.464106698822761e-15
8, 278, 2.2195796735485296e-15
379, 862, 2.2004163039897463e-15
404, 458, 1.9156992859339384e-15
639, 862, 1.9111666171878174e-15
346, 458, 1.0969845086203522e-15
379, 458, 8.272144502394826e-16
95, 458, 5.1268685573146085e-16
85, 458, 2.5438025788721347e-16
129, 458, 1.0945525734582581e-16
91, 458, 5.480417921125164e-17
187, 458, 4.56629691126405e-17
30, 716, 2.5511030777523304e-17
180, 458, 2.54060954617849e-17
185, 458, 1.3902910550140944e-17
194, 458, 1.024101223707786e-17
236, 458, 8.442130536218307e-18
304, 458, 6.2007272270884316e-18
75, 458, 5.918294630586026e-18
154, 458, 3.5513397382354215e-18
192, 458, 2.330179409927273e-18
320, 458, 8.996946842373962e-19
46, 458, 6.012335611940896e-19
522, 726, 1.7598646103707464e-19
30, 458, 2.6546747703664072e-20
8, 458, 5.80480671131699e-21
