Gene = Fife
index = 1169
Annotated 5SS: [  339 13995 22202 27138 29470 32072 32478 32793 33153 38105 38626 38862
 44814 45780 53214 53477]
Annotated 3SS: [13763 21751 27001 29128 31822 32220 32537 32910 37979 38405 38796 44631
 45042 52467 53314 54017]
SMsplice 5SS: [  339 14019 27138 29061 29470 32072 32478 32793 33153 38105 38626 53214
 53477]
SMsplice 3SS: [13763 27001 28771 29128 31822 32220 32537 32910 37979 38405 52467 53314
 54017]
length: 56276
Partition function (logZ) = 17.83582845128327
#Introns = 2671
5SS, 3SS, prob
32793, 32910, 0.9976809386257676
32072, 32220, 0.9822225009915662
32478, 32537, 0.9603711588210809
53214, 53314, 0.9422881824896766
38105, 38405, 0.8850681873321637
33153, 37979, 0.5883882035534821
29470, 31822, 0.5682263801624728
29061, 29128, 0.5331077673807781
53477, 54017, 0.4704309082920745
38626, 52467, 0.45869733882754865
21129, 27001, 0.4520616587612682
339, 13763, 0.34181891161507266
27138, 28771, 0.3173117736016654
27138, 29128, 0.2626185998496111
29470, 31882, 0.249909670864662
182, 13763, 0.23628015028118673
22202, 27001, 0.20919739250855637
44814, 52467, 0.19460741478508725
14019, 21002, 0.15705296830691504
38626, 52129, 0.15483834986939016
14019, 15401, 0.15089223660926046
54834, 54912, 0.1254637579963144
15566, 21002, 0.1232212586987727
27138, 28749, 0.1165961312581529
15566, 27001, 0.11228095026276852
45780, 52467, 0.09601075890640433
27138, 31822, 0.09544251041109536
54834, 54889, 0.0948507339516353
14019, 20974, 0.09430282519687559
38626, 44543, 0.09051492005089842
27138, 28214, 0.08535157349234114
33185, 37979, 0.07786857342555562
44814, 45042, 0.0760242746208635
4371, 13763, 0.07601050503625444
38626, 43915, 0.07508022534368951
15566, 20974, 0.07430655583680396
14019, 27001, 0.07184342772045785
13902, 21002, 0.06955585453061243
33153, 36930, 0.06740820154270995
13902, 15401, 0.06728870081685293
54834, 54886, 0.05786569677072432
33153, 38405, 0.05620142044052041
4772, 13763, 0.05264483415437619
13995, 15401, 0.051580717323622696
53477, 55330, 0.051065339090217175
163, 13763, 0.04932147710557461
28154, 28214, 0.044726929546092566
27138, 31882, 0.04197870813243488
13902, 20974, 0.041975442727128706
27138, 27984, 0.04170573123145597
339, 4214, 0.04103474639476995
38626, 44570, 0.04067853561639596
38626, 44213, 0.04015831810973331
13902, 13994, 0.04003305734961592
21644, 27001, 0.038497187290537284
14019, 14229, 0.036046471389890596
53477, 53958, 0.03400109600353983
33153, 36819, 0.032622899990432705
13995, 21002, 0.02963666637084616
54108, 54175, 0.02878272443414743
182, 4214, 0.028691001335344565
38626, 51586, 0.028426046845997553
53477, 53871, 0.028192094083558973
33153, 37169, 0.02704967066446778
44814, 44944, 0.0263297725680685
339, 4077, 0.025631540725821803
13902, 27001, 0.024722362685471864
17790, 27001, 0.023986773874908458
17790, 21002, 0.023775413627780503
53477, 54912, 0.023243878102992038
53477, 55883, 0.022433715008429587
21129, 21281, 0.02201256123153283
53477, 55785, 0.021576746931683797
53754, 54017, 0.021542027575878295
4306, 13763, 0.020479113168696998
14019, 17065, 0.01867890889652226
21129, 26796, 0.01865596783238936
4371, 4666, 0.018345048601711513
21129, 21374, 0.018295727982386528
28690, 28749, 0.018048199337087505
38626, 44428, 0.017972339313224034
182, 4077, 0.01791955498929261
9361, 13763, 0.017510014355644088
13995, 20974, 0.017022478660946912
38626, 53314, 0.016962202184806784
53477, 55408, 0.016959111898042896
33153, 35920, 0.016809709983654764
21129, 21397, 0.016640622273413844
53477, 53901, 0.016198150154435917
53477, 56211, 0.015296490554925088
38626, 44244, 0.014836430677795649
15566, 17065, 0.014652505223128618
38626, 41154, 0.014517135224345664
28962, 29128, 0.013706202234058846
112, 13763, 0.013557777610134221
14819, 15401, 0.013434287474085538
178, 13763, 0.013296734535727396
17790, 20974, 0.013265401233015646
33153, 36773, 0.013143517243723559
38125, 38405, 0.012966269787094335
53758, 54017, 0.012859293517112586
12389, 13763, 0.01274159511014856
339, 4666, 0.012135761123354275
34739, 37979, 0.011991009409126988
33153, 35137, 0.011738609123269295
33153, 37043, 0.011721770869149495
13902, 13955, 0.01159620427784593
339, 15401, 0.011459976773340066
44814, 53314, 0.011408377982305939
15870, 21002, 0.011250042698483195
14566, 15401, 0.011214229860865715
45780, 53314, 0.01091073056771884
130, 13763, 0.010797145011142999
41234, 43915, 0.010786595631119387
29470, 31160, 0.010720186878695442
339, 3268, 0.010692181160453808
36991, 37043, 0.010684980944571262
13995, 27001, 0.010639876689589912
14251, 15401, 0.010462744789489449
33153, 34460, 0.010356757867981176
32478, 32601, 0.010269752766512992
35309, 37979, 0.010189410265229761
27138, 27261, 0.010063895122837346
21143, 27001, 0.010023237248686468
15136, 15401, 0.009856471062325463
38626, 51183, 0.009109602931434164
33185, 36930, 0.008930868194367394
29470, 30914, 0.008866406774544845
53477, 55184, 0.008828100079693786
21129, 21418, 0.00869140904696952
13902, 14229, 0.008659453217368492
14047, 15401, 0.008590123969333514
38626, 45042, 0.008556577001763911
3452, 13763, 0.008478498248744921
13902, 17065, 0.0084733459736608
182, 4666, 0.008457287848958401
22202, 26796, 0.0083691767665219
46773, 53314, 0.008137179625243043
12046, 13763, 0.007846714105879775
182, 15401, 0.007831703733844009
21129, 21751, 0.007747346794171519
14047, 21002, 0.007651654873935239
21129, 21400, 0.007562286662105418
182, 3268, 0.007521731233352613
53477, 54889, 0.007515598826754863
14019, 14127, 0.007488892293788285
53477, 54175, 0.007479158280476211
33185, 38405, 0.0074338806672175975
15273, 15401, 0.007432788348362496
339, 11381, 0.006883044619079411
15870, 20974, 0.00670444256868898
53477, 54886, 0.006670633227907191
54840, 54912, 0.006569344070278096
32478, 32646, 0.006556046365470823
190, 13763, 0.006523436773464335
35976, 36930, 0.006473097734411346
339, 21002, 0.0064426971010757205
53477, 54242, 0.006228268222164754
14019, 15430, 0.0062247646109489345
5242, 13763, 0.0061969893996925
15607, 21002, 0.006142454419108664
574, 13763, 0.006112832530204908
38114, 38405, 0.006002965288756053
38279, 38405, 0.0059868666767360045
163, 4214, 0.005985722136326699
174, 13763, 0.005980860866837202
27138, 27903, 0.0057427763691464155
32072, 32163, 0.005700083111980512
53477, 55380, 0.005692451848679473
41234, 44213, 0.005677477581838024
15870, 27001, 0.005655379811293149
38626, 41151, 0.005651379123442098
41234, 44543, 0.0054877988318188685
339, 8848, 0.005402954386148459
13995, 14229, 0.005281134093914338
35309, 36930, 0.005220199554154918
32072, 32240, 0.005124059344780629
1369, 13763, 0.005086584737290248
27311, 29128, 0.004865474867066094
14819, 21002, 0.004835214379753349
182, 11381, 0.0048175321343970545
21129, 21586, 0.004786335650650922
5171, 13763, 0.0047480398226269795
21129, 21318, 0.0047145253585779414
45780, 46308, 0.004679016585596527
4772, 21002, 0.004677766716032846
54834, 54929, 0.004654821815034175
38626, 43410, 0.004559263264793718
182, 21002, 0.00453794467948978
53754, 53871, 0.004536272341901245
4371, 21002, 0.004508353158755706
33153, 34688, 0.004476647410391991
29470, 31839, 0.004425121052977232
816, 13763, 0.004346562350494615
15584, 21002, 0.004339336155698653
33185, 36819, 0.0043220733061896735
15644, 21002, 0.004279748273629699
1219, 13763, 0.004248109516002417
15566, 26796, 0.004239416242599893
339, 12229, 0.00420384763784768
4371, 15401, 0.0041925749989840414
29356, 31822, 0.004183049083156576
34739, 35137, 0.004172951651068265
27174, 29128, 0.004130103159651697
55086, 55151, 0.004119898052945065
38626, 42921, 0.004084903071196816
14251, 21002, 0.004038529177939019
54834, 55330, 0.003975222210737974
4306, 4666, 0.00395047677908694
339, 20974, 0.003912455414909559
53477, 53873, 0.0038824936968995197
182, 8848, 0.0038055968991704756
53477, 53592, 0.003770424922740303
46579, 53314, 0.0037697098882662314
163, 4077, 0.003738135912598689
34739, 38405, 0.0037289131395395704
182, 313, 0.0036848801597745744
53477, 53889, 0.003647299686913595
13995, 17065, 0.0036115942330947363
33185, 37169, 0.0035802075917578473
33185, 35137, 0.0035115946619839874
3618, 13763, 0.0034600451641977536
33153, 33552, 0.0034202521535288246
14566, 21002, 0.003408452031864204
32485, 32537, 0.0033692168549049125
35309, 38405, 0.0033600273209577025
35309, 36819, 0.0033363874637138383
27345, 28214, 0.0032940423002937045
4772, 15401, 0.0032764462850283153
35309, 35920, 0.003229604101273383
33153, 34381, 0.0031850868814750554
34739, 36930, 0.0031599530065924805
35976, 36819, 0.003141957877953025
27402, 29128, 0.003130191979145216
14819, 20974, 0.0030013846120223054
182, 12229, 0.0029610002957257374
34018, 36930, 0.002938908388884168
33153, 37143, 0.002928660269061464
44814, 51183, 0.0028946126786269723
14047, 20974, 0.0028650039995175925
15607, 20974, 0.002832163680610928
34018, 38405, 0.0028298547518432237
29470, 30302, 0.002809055238612866
134, 13763, 0.0027901056162193383
182, 20974, 0.0027557567824918216
4371, 20974, 0.002718385124271834
38105, 38347, 0.002655779392373841
38626, 40583, 0.0026297207470588305
53758, 53871, 0.0026130966280700054
53754, 53958, 0.002591299946950363
33153, 36780, 0.0025550541952551005
14019, 26796, 0.0024887453705462297
53477, 54929, 0.0024802381756075416
11743, 13763, 0.002452594512316654
14251, 20974, 0.0024276926297883785
339, 13708, 0.0023798545210903144
186, 13763, 0.0023627316766959695
33153, 33365, 0.0023478916786916814
49, 13763, 0.002333355316586789
41234, 53314, 0.0022932692710870483
21644, 21751, 0.0022679107252036013
54834, 55380, 0.002247020060188758
33185, 35920, 0.0022267223335977336
38105, 38378, 0.00221631479513691
35976, 38405, 0.002206748225883292
32478, 32541, 0.0021288514302369777
53214, 54017, 0.0021053199616253683
339, 880, 0.0020865694323821617
27211, 29128, 0.002077673927444629
1594, 13763, 0.002076801623857889
21129, 29128, 0.0020414390853557016
38105, 38443, 0.001973839754356787
53477, 53783, 0.0019591750888257155
31031, 31822, 0.001950287752172321
114, 13763, 0.001915319016951494
29470, 30853, 0.0019097617517125395
339, 394, 0.0018970006303720352
27345, 29128, 0.0018807868530939804
11993, 13763, 0.0018530891427605534
35309, 37169, 0.0018492998677643716
21129, 26220, 0.0018173409132086122
339, 9079, 0.0018138063531838542
13902, 15430, 0.0017912581152730467
14047, 14229, 0.0017669403076601958
15870, 17065, 0.0017669399941349314
163, 4666, 0.001765387098836928
27543, 29128, 0.0017492749178297758
33185, 36773, 0.0017410843860528732
32072, 32140, 0.0017018162414173337
53429, 53511, 0.0016829760341212359
3452, 4214, 0.0016773880712790334
182, 13708, 0.001676261974218577
33153, 34972, 0.0016457434582667185
112, 4214, 0.0016453904936111969
163, 15401, 0.0016348017213750113
41234, 45042, 0.0016330490726626226
178, 4214, 0.0016137099479197697
34018, 35137, 0.001604654963143264
339, 4100, 0.001600513458272714
14566, 20974, 0.0015975393721149227
15584, 20974, 0.0015906799253535774
53477, 55151, 0.0015877716882125629
163, 3268, 0.0015699288270905878
15644, 20974, 0.0015688366653708414
38626, 41133, 0.0015661461069651863
32793, 32872, 0.0015606286395907739
33153, 37420, 0.00153610820887658
33185, 37043, 0.0015359006082637664
28690, 29128, 0.001514424222417398
3649, 13763, 0.0015135828215697036
816, 880, 0.0014840880093566161
34739, 36819, 0.0014723023682855184
49, 111, 0.0014635114790346971
14019, 14289, 0.001457449619862126
13906, 15401, 0.0014400421319509685
45824, 53314, 0.0014200794589617973
13902, 14127, 0.0014134170988912623
33153, 36984, 0.0013918854966988368
28154, 29128, 0.0013831774790865486
34018, 36819, 0.0013806895183907156
27345, 31822, 0.001374322647590813
34739, 35920, 0.0013605464388983337
33153, 34571, 0.0013489463603114803
34018, 34460, 0.0013461475566998505
44814, 44892, 0.0013382876872297601
14019, 14209, 0.0013221054862116994
29470, 30472, 0.0013106780188613853
130, 4214, 0.001310356333489112
38626, 44944, 0.0013088443384307617
38118, 38405, 0.001293335461537842
38626, 46308, 0.0012913839857238566
182, 9079, 0.0012775632256064205
3452, 4077, 0.0012732713638645154
339, 3882, 0.0012637453795543712
13995, 14127, 0.0012622769534149114
34596, 34688, 0.0012490514633421107
13906, 13994, 0.0012310074782490694
22202, 29128, 0.001224789286279433
33185, 34460, 0.0012161366252249736
35150, 38405, 0.0011933887510773983
35976, 36773, 0.0011728199790274894
29470, 32220, 0.0011712463460441663
38626, 43853, 0.0011690017990314014
35150, 35224, 0.001166555518442809
14047, 14127, 0.0011562314856756696
41234, 42921, 0.001130233060452984
38626, 38796, 0.00112954828981648
182, 4100, 0.0011196753242903677
32072, 32230, 0.0011072373918541265
29470, 31721, 0.0011002619593014722
45824, 46308, 0.0010967403057821172
38626, 43840, 0.0010950437671229751
27138, 28755, 0.001094083099239636
339, 17065, 0.0010907881288273716
32478, 32607, 0.0010712980051400063
44814, 44953, 0.0010628604213143973
112, 4077, 0.0010275607778531177
4306, 15401, 0.0010240828976938556
27138, 31160, 0.0010196538854830332
178, 4077, 0.001007775999528524
163, 11381, 0.0010056189679465987
38105, 38171, 0.001000585517161637
35150, 35920, 0.0009958368929204994
15607, 17065, 0.0009930820708040475
339, 13525, 0.0009878731901337805
16498, 17065, 0.0009829180983691181
29470, 30695, 0.000980998914279826
339, 867, 0.0009800017075208374
32072, 32264, 0.0009744837087891462
15566, 17079, 0.000960847585665831
15644, 17065, 0.0009553824717540606
163, 21002, 0.000947257458358068
11058, 13763, 0.0009333015551919742
33829, 38405, 0.0009249660052810554
3618, 4214, 0.0009194395249402359
14047, 17065, 0.0009075179046681013
182, 3882, 0.0008840754814952218
34337, 34460, 0.000880796537825456
45780, 46515, 0.0008805891935457255
33153, 33935, 0.000876968001005915
9361, 15401, 0.000868278922599763
44814, 46308, 0.0008549603195003754
53754, 53901, 0.0008508355074436976
27138, 28719, 0.0008437031640789632
22202, 26220, 0.0008363564137197428
15566, 15776, 0.0008287887242790495
130, 4077, 0.0008183290097596749
33153, 35665, 0.0008107793524588022
34596, 35137, 0.000809341395377306
163, 8848, 0.0007943860714161226
190, 4214, 0.0007916932377404318
34018, 34688, 0.0007884839222219608
46579, 46632, 0.000787985456497328
39720, 43915, 0.0007854672524456985
339, 7502, 0.0007817619422724733
4371, 4452, 0.0007813652953145729
33829, 36930, 0.0007696849917815785
182, 17065, 0.000768301863025084
27138, 30914, 0.0007672727449711018
16188, 17065, 0.0007661944236057412
339, 12071, 0.0007518371732455166
32072, 32328, 0.000750743089091577
33234, 38405, 0.0007476402739328666
33153, 34431, 0.0007391236833234418
33185, 34688, 0.0007296645637600062
174, 4214, 0.0007258454812350128
28690, 28771, 0.0007238091636219877
182, 13525, 0.0006958132311434732
27138, 28995, 0.0006948363864859371
15584, 17065, 0.0006912077505052131
3452, 3500, 0.0006582644870998469
38626, 39122, 0.0006539744874081882
35309, 36773, 0.0006470868485210909
41234, 43410, 0.0006445724516142234
339, 3608, 0.0006360677348839874
14019, 15317, 0.0006298582396759323
182, 330, 0.0006293483626986208
44814, 46515, 0.0006243299068715961
34596, 38405, 0.0006231437341550843
163, 12229, 0.0006180836948065238
574, 4214, 0.0006102800761938389
182, 880, 0.0006019860192782407
4371, 17065, 0.0005980571907295716
4371, 4670, 0.0005969986402391348
339, 13219, 0.0005913483111453251
27345, 27984, 0.0005908245766615693
36991, 37169, 0.0005848563046472625
29470, 30834, 0.0005801568842279472
34018, 34381, 0.0005758329753723929
339, 11863, 0.0005732296372136941
33185, 33552, 0.0005727210281832489
163, 313, 0.0005723278784346038
27138, 27513, 0.0005695659064525948
45809, 46308, 0.0005646491786231542
4371, 8848, 0.0005629886128992471
13995, 15430, 0.0005626705770646001
33153, 35858, 0.000562408522483456
29470, 30569, 0.0005604572629795973
34739, 37169, 0.0005562280702315856
14819, 17065, 0.0005555409896548287
339, 1034, 0.0005537732282505383
182, 7502, 0.0005457110020265808
339, 3500, 0.0005416183344378816
34739, 36773, 0.0005379448967088366
339, 10979, 0.0005365600029540062
339, 7954, 0.0005358767537119502
3618, 4077, 0.0005354556216398705
13902, 26796, 0.0005337683084728179
182, 12071, 0.0005295601277922069
4772, 17065, 0.0005273827060609801
29470, 30438, 0.0005246160256432823
35309, 37043, 0.0005205819224479744
34739, 34972, 0.0005165999484219953
27138, 28898, 0.0005158148703510772
3452, 4666, 0.0005102080476224669
3649, 4214, 0.0005101102780747099
15996, 17065, 0.0005072060521031249
13902, 14289, 0.0005064817533066076
38626, 40780, 0.0005060253887270841
339, 4087, 0.0005038336601785375
339, 7902, 0.0005025546904345697
190, 4077, 0.0004944193626694459
35976, 37043, 0.000492789408699274
112, 4666, 0.0004852799852404619
33153, 34200, 0.00048494151252401576
4371, 11381, 0.00048141698679701636
178, 4666, 0.0004759363462652527
48425, 53314, 0.0004742191823508709
34018, 36773, 0.00047151604561279507
14019, 17079, 0.00046894125326241165
12389, 15401, 0.0004684275778873885
12046, 12229, 0.00046824030471165963
36991, 38405, 0.00046535712921361773
28508, 29128, 0.000462306116310088
32579, 32646, 0.0004578669056928358
33234, 36930, 0.000454747308207032
174, 4077, 0.0004532968618665575
13902, 14209, 0.0004512178190079819
3452, 15401, 0.0004506876443085762
112, 15401, 0.00044938390891301736
14251, 17065, 0.00044935207412467756
4371, 12229, 0.0004492503980577287
38626, 39390, 0.0004474575364817716
182, 3608, 0.00044648756162924
182, 867, 0.0004461806986052347
28301, 29128, 0.0004451438013365638
816, 867, 0.0004444822996719547
39720, 41154, 0.00044363114465883764
27211, 27261, 0.0004426844557542806
178, 15401, 0.00044073141729197737
182, 1034, 0.00044039573615081815
816, 4214, 0.00043590040172113636
33153, 36445, 0.00043534033382691467
112, 3268, 0.0004315512663149191
40693, 41154, 0.00042459067060124757
21129, 26433, 0.0004240902189430644
33153, 36257, 0.00042327889049208894
178, 3268, 0.0004232421265309173
339, 8687, 0.00042088154237600425
32142, 32220, 0.0004195428609822739
182, 13219, 0.00041651902614498783
38158, 38405, 0.0004155099749872245
339, 4120, 0.00041481854415158817
14819, 14883, 0.0004133744614226311
33153, 35224, 0.0004132344172140937
36001, 36930, 0.000412591150603115
34018, 35920, 0.0004125270586561447
182, 11863, 0.0004037570510470545
38626, 39457, 0.0004027273536239385
15566, 16411, 0.0003984573689935748
33153, 34507, 0.00039625635395783385
38626, 46515, 0.0003953278532686711
33829, 35137, 0.0003915890661898775
3649, 4077, 0.00038996733860004364
130, 4666, 0.00038646734902408013
339, 430, 0.0003846760045091044
574, 4077, 0.0003828512197241936
163, 220, 0.00038064049977757725
182, 3500, 0.00037999773390923186
182, 10979, 0.00037792861784944194
182, 7954, 0.00037744736796075225
14566, 17065, 0.00037675550212408216
182, 295, 0.0003735305210869609
38626, 40235, 0.0003723414475828296
27138, 28663, 0.00036996659822298433
1369, 4214, 0.0003698217053280762
36001, 38405, 0.00036880378952674055
34337, 34381, 0.0003659753934998367
33153, 33692, 0.00036412192105184375
34337, 38405, 0.0003637750887173432
339, 4670, 0.00036176598836320037
130, 15401, 0.0003578804262566813
182, 4087, 0.00035487766096799846
182, 7902, 0.00035397681247957606
130, 3268, 0.00034367886361122006
32087, 32220, 0.0003413473044351636
134, 4214, 0.0003386110459332909
14819, 15430, 0.00033245786822007865
13902, 15317, 0.0003226477133585305
27138, 28616, 0.0003169753282030976
33153, 34848, 0.0003144416044902991
15592, 17065, 0.0003142849813618031
33185, 33365, 0.00031354538840838833
13995, 14289, 0.00031134729506372455
38626, 40586, 0.0003075208409129081
33829, 34460, 0.0003048658780578343
339, 4811, 0.0003046582434014228
4012, 4077, 0.00030152350815536083
29470, 30969, 0.00029957305207773825
1219, 4214, 0.00029877952902862467
182, 8687, 0.0002964499379618116
182, 4120, 0.00029217943601168097
14240, 15401, 0.00029102233881830663
13995, 14209, 0.0002900360820668561
186, 4214, 0.00028674435822606125
32793, 32921, 0.00028622484782887554
49, 4214, 0.00028317920285543313
33185, 34381, 0.00028055032381279663
39720, 45042, 0.0002795830023566465
53758, 53958, 0.00027896052092458594
112, 11381, 0.00027643045439958424
816, 4077, 0.0002738178637833532
178, 11381, 0.0002711080293125844
40699, 41154, 0.0002672304684964625
339, 3484, 0.00026696340997293136
32478, 32703, 0.00026257267578921927
4772, 8848, 0.0002606404694135966
4371, 4645, 0.00025561547062635017
182, 4670, 0.0002548116132665993
15566, 26220, 0.00025274967715458704
33843, 38405, 0.00025122027925789396
41234, 44944, 0.000250014871880031
4371, 4811, 0.0002489430409527797
339, 704, 0.0002465266943729964
41234, 46308, 0.0002444345443903271
38279, 38347, 0.0002438625369855439
38626, 40971, 0.00024148958427551204
35309, 35373, 0.000240710812570162
13906, 14229, 0.00023963144446809376
34739, 34848, 0.0002374529835687361
15136, 17065, 0.00023678702373527557
38626, 39233, 0.0002346626590311552
35309, 35665, 0.00023417207274321127
1369, 4077, 0.00023399649386206573
163, 4100, 0.0002337227262084634
190, 4666, 0.00023349647650051095
114, 4214, 0.0002324457439373452
33829, 35920, 0.0002312768988918525
339, 15430, 0.00022815367965050686
38626, 43346, 0.00022474155331180835
32478, 32910, 0.00022408896083813827
33234, 35920, 0.00022354525745957969
4772, 11381, 0.00022265057906965225
34337, 35137, 0.00022236297890596224
130, 11381, 0.00022014372764290498
14298, 15401, 0.00022006607833711757
38626, 39587, 0.0002193122849349232
3859, 4077, 0.00021894364077757142
34596, 35920, 0.0002165705300339326
190, 15401, 0.00021622478263805232
11993, 12071, 0.0002153401059122979
27138, 27730, 0.00021410271988168365
174, 4666, 0.00021407579889896758
182, 4811, 0.00021354298118544577
134, 4077, 0.00021146556461817584
27138, 27655, 0.00020997478120890137
14622, 15401, 0.00020865787951810955
190, 3268, 0.00020764445923714838
36001, 36819, 0.00020641269361145983
1594, 4214, 0.00020294142037969752
39720, 41151, 0.00020199119386050043
339, 650, 0.00020197414927938665
3859, 4214, 0.00020174399888372302
34018, 34095, 0.00020005162595460586
174, 15401, 0.0001982406491898189
40718, 40780, 0.0001980299784394085
178, 313, 0.00019336502995487257
53214, 53511, 0.00019062239318827067
174, 3268, 0.00019037397978910993
33153, 34600, 0.00019010439540863904
574, 4666, 0.00019005068718059125
1219, 4077, 0.00018925085030056012
182, 3484, 0.00018803696136868481
38626, 38952, 0.00018791595712001584
15701, 17065, 0.0001847237347621324
163, 3882, 0.00018454325751983595
40693, 40780, 0.00018431956264159733
34337, 35920, 0.00018404018084393104
40699, 40780, 0.00018345517903861362
339, 1450, 0.0001821816543067488
38626, 40792, 0.00017938007854141332
186, 4077, 0.00017907436376218006
15136, 15430, 0.0001776459801382462
3618, 4666, 0.00017760798094260526
13906, 17065, 0.00017757704957104478
49, 4077, 0.00017684789300035557
339, 4645, 0.00017428760342557933
34018, 34571, 0.00017324185367182697
32072, 32537, 0.00017243962895086817
31031, 31160, 0.0001714480077870093
34337, 34688, 0.00016873401077290742
33185, 33935, 0.00016778493989693663
36201, 36257, 0.00016659958400364218
40693, 41151, 0.0001656980254497823
34018, 34972, 0.00016544238571552735
33153, 33985, 0.00016378414671081056
4371, 4491, 0.0001612105129313685
182, 15430, 0.00016070114121974845
163, 17065, 0.00016037649672334526
4306, 17065, 0.00016024364481990663
14019, 16411, 0.00016014571260439635
32799, 32910, 0.0001585105940928561
13902, 17079, 0.00015685542216491158
339, 685, 0.0001536997651190208
35976, 36257, 0.00015307368038665448
4306, 8848, 0.00015143105293569572
33843, 35137, 0.00014894351253756877
45824, 46515, 0.00014729917218133005
114, 4077, 0.00014516440345093266
33829, 34688, 0.00014432082170206026
33234, 34460, 0.00014013507848152933
4459, 4666, 0.00013896752236077233
33829, 34381, 0.00013875825551359618
574, 3268, 0.00013843468603763002
38626, 40859, 0.00013774997545713447
45720, 46308, 0.00013687972011308772
9361, 17065, 0.00013668486489583137
38892, 38952, 0.00013630122471672992
15701, 15776, 0.00013602987991056877
816, 4666, 0.00013601761472800856
4306, 4670, 0.00013599124656146056
33153, 35458, 0.000134547585545298
190, 11381, 0.0001330067982666852
4306, 11381, 0.00012958338924117982
1594, 4077, 0.0001290256057865385
1369, 4666, 0.00012774414873749997
32100, 32220, 0.00012728088724055987
34018, 34200, 0.00012651294513092048
29470, 30279, 0.00012632564623491865
38892, 41154, 0.00012605018188263122
182, 4645, 0.00012276031144380192
174, 11381, 0.00012194418102010243
38626, 48262, 0.00012158876233887314
33153, 38347, 0.00012055866561783035
33153, 35256, 0.00012055356171382004
33829, 33935, 0.00011947147636110751
190, 313, 0.00011733560423672539
34739, 35224, 0.00011730026723978894
35309, 35858, 0.00011712593993838335
15552, 17065, 0.00011514921955068302
112, 313, 0.00011511121467413825
163, 7502, 0.00011391254263501856
38626, 41916, 0.00011218185275917736
3649, 4666, 0.0001118264607219529
33843, 34460, 0.0001108069152974464
14019, 26220, 0.00011065165993432257
32435, 32537, 0.00011012676805698865
9361, 11381, 0.00010986857201749031
182, 380, 0.00010969842248059979
38892, 45042, 0.00010898514286435298
33185, 35665, 0.00010741301880730594
4371, 4458, 0.00010639448730127919
163, 330, 0.00010491901238788942
1219, 4666, 0.00010419835019326387
339, 13994, 0.00010318290082681392
130, 313, 0.00010203532133474769
339, 1408, 0.00010170792152774511
182, 2129, 0.00010070015231195216
3456, 4214, 0.0001006255081603657
41344, 45042, 0.00010012615009296869
134, 4666, 9.986757794626829e-05
163, 880, 9.9861354083521e-05
163, 867, 9.823864503801676e-05
816, 3268, 9.785550808550644e-05
339, 4775, 9.744764497981574e-05
27138, 30853, 9.697586697021515e-05
182, 704, 9.537097598300518e-05
27138, 30302, 9.512969540337196e-05
33185, 34571, 9.493089627492113e-05
29470, 30387, 9.446540629094064e-05
33153, 34095, 9.407387924743424e-05
339, 815, 9.320817549114316e-05
163, 3608, 9.320049112298993e-05
4371, 4502, 9.241155172126101e-05
46773, 46850, 9.17160558008378e-05
15876, 17065, 9.17093086821505e-05
3452, 3882, 9.110084668281382e-05
3622, 4214, 9.094815965618887e-05
41234, 41578, 9.090657038022068e-05
40886, 41154, 9.086041965220549e-05
35309, 35458, 9.081919987409488e-05
4371, 4535, 9.040513047423803e-05
40724, 40780, 9.017295955074113e-05
182, 685, 9.006586571311114e-05
33503, 33552, 8.95939924556541e-05
34739, 35665, 8.954907851059532e-05
29470, 30797, 8.948497607427272e-05
14019, 15314, 8.910180378577438e-05
134, 3268, 8.881054450486042e-05
4371, 4775, 8.819188529865354e-05
29470, 29994, 8.714502640287765e-05
34018, 34431, 8.71281258080322e-05
163, 1034, 8.603177919680519e-05
27138, 32220, 8.596414383364911e-05
33153, 33334, 8.56221851427059e-05
186, 4666, 8.457037917019224e-05
39310, 41154, 8.439927425008238e-05
44814, 48262, 8.361413937228329e-05
49, 4666, 8.351889713455628e-05
34018, 34507, 8.302667858672285e-05
174, 313, 8.155618450580169e-05
34018, 35665, 8.118192150335178e-05
4371, 12071, 8.03461919776133e-05
182, 1695, 7.941823645645202e-05
163, 3500, 7.932130359181836e-05
38626, 39553, 7.892205388510515e-05
163, 10979, 7.888939316578274e-05
163, 7954, 7.878893633376015e-05
4371, 14229, 7.853577892625422e-05
33185, 34200, 7.793851633124974e-05
15870, 16411, 7.777582753116728e-05
40699, 41151, 7.753964522549263e-05
4371, 7502, 7.69498706207523e-05
14047, 14289, 7.674358735448596e-05
14047, 14209, 7.67143858365688e-05
3446, 3500, 7.649594047880134e-05
38626, 41578, 7.592203751537845e-05
295, 4214, 7.570777067045001e-05
186, 3268, 7.520700489129982e-05
39720, 40583, 7.483970451534386e-05
49, 3268, 7.427193973760047e-05
45809, 46515, 7.416618533258875e-05
163, 4087, 7.407770144840097e-05
32485, 32601, 7.404076675130657e-05
163, 7902, 7.388965696796375e-05
33185, 34431, 7.33443118525961e-05
4519, 4666, 7.328104258196795e-05
339, 653, 7.303935852403331e-05
182, 13994, 7.267737229850233e-05
3456, 4077, 7.26291663573861e-05
339, 1039, 7.243494144331364e-05
3446, 4214, 7.21045787606932e-05
182, 650, 7.202794067709878e-05
13902, 16411, 7.170877974174902e-05
3622, 4077, 7.065166902156825e-05
339, 5099, 6.995744796440227e-05
4306, 4811, 6.945499025793044e-05
27138, 27799, 6.888526176482489e-05
29470, 29719, 6.869430212449535e-05
182, 4775, 6.863771726768417e-05
114, 4666, 6.855592494615313e-05
1594, 4666, 6.764903414623982e-05
33843, 33935, 6.705165433336679e-05
29470, 30708, 6.680858859181208e-05
182, 430, 6.675749150477049e-05
3452, 3608, 6.673617859284806e-05
34337, 34431, 6.670908093975688e-05
45784, 46308, 6.486755697331561e-05
2452, 4214, 6.469960282261677e-05
112, 4100, 6.42470771421903e-05
163, 295, 6.360924758957988e-05
33234, 34688, 6.329605827187388e-05
41234, 41916, 6.327842319936048e-05
178, 4100, 6.301005622171779e-05
34596, 34972, 6.272682342364434e-05
33234, 34381, 6.248792188762005e-05
15566, 15647, 6.242673681684869e-05
32429, 32537, 6.172474166151009e-05
32478, 32578, 6.171433103475375e-05
33185, 34507, 6.152683609265112e-05
163, 4120, 6.098997883157028e-05
114, 3268, 6.0965622163961744e-05
7883, 7954, 6.069645268335763e-05
11058, 11381, 6.007645877725893e-05
27138, 27250, 5.9483813194297476e-05
33153, 35701, 5.924264434239879e-05
4283, 4666, 5.916212951482162e-05
3452, 11381, 5.908334331167226e-05
33234, 33552, 5.901421066524109e-05
33498, 33552, 5.783386704218172e-05
33843, 35920, 5.745458520361003e-05
2452, 4077, 5.721389103338241e-05
35150, 35256, 5.6405652012851695e-05
38626, 39493, 5.631905525835122e-05
34254, 34460, 5.6227855335992343e-05
4371, 7954, 5.5838433696699664e-05
35150, 35665, 5.54962909697064e-05
339, 406, 5.533320170181999e-05
33843, 34688, 5.4942249265449797e-05
33843, 34381, 5.4627331686273097e-05
3452, 4100, 5.431224767433024e-05
32485, 32646, 5.406072126286483e-05
39310, 39390, 5.3864083259223813e-05
339, 490, 5.386380201360272e-05
4306, 4645, 5.351652812535463e-05
33833, 34460, 5.3507622784631796e-05
163, 4670, 5.318976280913524e-05
15644, 15776, 5.306162876396302e-05
4371, 7902, 5.236626997983241e-05
339, 5130, 5.2302269016689894e-05
33234, 33365, 5.186825903897262e-05
38626, 38887, 5.1795808782983567e-05
30508, 30569, 5.174021630258865e-05
130, 4100, 5.116509714157003e-05
32072, 32601, 5.1117445816282896e-05
112, 3882, 5.072833564063869e-05
230, 4214, 5.064049078624524e-05
178, 3882, 4.975160618866143e-05
339, 2129, 4.9390100130617746e-05
182, 5099, 4.927486482761024e-05
3446, 4077, 4.885771978760771e-05
4267, 4666, 4.780602808693297e-05
4306, 4452, 4.749831583712171e-05
32072, 32646, 4.747863396830308e-05
339, 4452, 4.744880106823247e-05
295, 4077, 4.728016602850015e-05
182, 1408, 4.686324556498099e-05
339, 1695, 4.6782093686990336e-05
3618, 3882, 4.622588262084948e-05
13902, 15314, 4.584980707330224e-05
3975, 4077, 4.559762906717734e-05
38626, 48401, 4.4993255188220145e-05
163, 4811, 4.4575285926727796e-05
182, 815, 4.448766567462913e-05
40693, 40792, 4.420004003900538e-05
32478, 32660, 4.3972951095011435e-05
32797, 32910, 4.3773861020487705e-05
182, 1039, 4.377106485286464e-05
112, 880, 4.3252368988764604e-05
1219, 3268, 4.3024857265455414e-05
29470, 30240, 4.281929805346165e-05
15607, 15776, 4.276879100757016e-05
45780, 46458, 4.155339204489142e-05
339, 1250, 4.132363000469e-05
15607, 15673, 4.1172718015883374e-05
32392, 32537, 4.114473840573625e-05
39720, 42921, 4.1091115568499395e-05
15566, 15673, 4.084979242439148e-05
33185, 33692, 4.04226553617223e-05
130, 3882, 4.039903971256284e-05
182, 1450, 4.027260877907188e-05
574, 650, 4.022801469005687e-05
178, 880, 4.020913132445242e-05
182, 394, 3.97404191857473e-05
186, 313, 3.943118190425614e-05
157, 4214, 3.926822399670141e-05
163, 3484, 3.925112064687001e-05
339, 1776, 3.906853939821857e-05
3618, 4100, 3.8804034404527644e-05
130, 880, 3.869501356358601e-05
27138, 30695, 3.75086257266521e-05
33185, 35858, 3.717119217248001e-05
182, 5130, 3.683935465007384e-05
15566, 29128, 3.628966241648121e-05
34739, 35858, 3.616879884692094e-05
4371, 5099, 3.575663832869386e-05
4772, 7502, 3.560022790449007e-05
1369, 3268, 3.5551366519046774e-05
574, 880, 3.530916573228129e-05
29470, 29565, 3.494538698290747e-05
178, 330, 3.487984605512513e-05
29470, 29698, 3.381613512880745e-05
27345, 27903, 3.3662721239737344e-05
182, 4452, 3.3420791165209845e-05
182, 1250, 3.33399015075038e-05
339, 27001, 3.298106949459508e-05
32582, 32646, 3.296711914288867e-05
34022, 34460, 3.266812398355814e-05
39720, 40235, 3.2577074629931355e-05
4772, 5099, 3.2435775075662326e-05
230, 4077, 3.223628376870288e-05
1594, 3268, 3.1976999793243116e-05
112, 7502, 3.131294946306366e-05
32306, 32537, 3.129009730230363e-05
163, 704, 3.1127074331902757e-05
190, 4100, 3.0913012270070336e-05
178, 7502, 3.0710046182626776e-05
44814, 48401, 3.0516767084424216e-05
16188, 16411, 3.0472987712816534e-05
46773, 48401, 3.0185137917427065e-05
27138, 30472, 2.944086002384797e-05
3456, 4666, 2.8901923966147977e-05
38626, 39659, 2.8712553683072422e-05
182, 653, 2.866259598557186e-05
174, 4100, 2.8341874349758823e-05
34739, 35256, 2.8233497764712233e-05
38626, 39173, 2.793450412481773e-05
3859, 4666, 2.7827876610004044e-05
33153, 34995, 2.7609289868896555e-05
112, 867, 2.750500772738152e-05
4772, 5130, 2.742090946882709e-05
33833, 33935, 2.7252414565086117e-05
3649, 3882, 2.717766164955097e-05
112, 330, 2.7045988185714222e-05
182, 1776, 2.700399255467742e-05
157, 4077, 2.675825369156912e-05
35150, 35228, 2.6516491239747578e-05
134, 313, 2.6429216586643775e-05
1369, 1450, 2.6409157265382863e-05
34614, 34688, 2.6034315256935806e-05
163, 1450, 2.601675201878344e-05
4772, 7954, 2.5850887987022775e-05
163, 4645, 2.5625173689551263e-05
112, 3608, 2.561949896788397e-05
39490, 39553, 2.5358228978205737e-05
178, 3608, 2.5126218065390004e-05
163, 380, 2.4967644578082512e-05
130, 7502, 2.493701149269283e-05
34018, 34848, 2.492126789559868e-05
816, 1034, 2.4808575728406793e-05
574, 867, 2.47264873524619e-05
27345, 27513, 2.463584524719754e-05
190, 3882, 2.4408358042945255e-05
4772, 7902, 2.424341962920877e-05
3975, 4214, 2.3462994161129017e-05
34254, 34381, 2.3314304465648108e-05
182, 27001, 2.3230374870780515e-05
53758, 53901, 2.2805010055936392e-05
178, 1034, 2.2803925685122232e-05
33185, 34848, 2.279698346250327e-05
13995, 16411, 2.2781171128478295e-05
45780, 48401, 2.275690269051002e-05
40699, 40792, 2.270636747607827e-05
4371, 5130, 2.2625286360598836e-05
178, 867, 2.2505739744702653e-05
174, 3882, 2.237823382248812e-05
112, 3500, 2.180430629727145e-05
112, 1034, 2.16674060793658e-05
4306, 4491, 2.1534693617462166e-05
178, 3500, 2.138448357153997e-05
178, 295, 2.1371626510012278e-05
32793, 32932, 2.121008167594086e-05
163, 2129, 2.1156356299210112e-05
45647, 46308, 2.1149869976148166e-05
339, 3093, 2.1079645517943717e-05
53932, 54017, 2.0834110371994927e-05
4306, 7502, 2.0683587657958853e-05
130, 330, 2.048193984322505e-05
163, 650, 2.0435529359051202e-05
130, 3608, 2.0402860514713307e-05
182, 490, 2.033371155177275e-05
33153, 35861, 2.0278788456439564e-05
33829, 34200, 2.0244147502410454e-05
33833, 34381, 2.0005590200874083e-05
3622, 4666, 1.9993990569602065e-05
295, 3268, 1.9856553462276464e-05
190, 330, 1.978445696544016e-05
32072, 32402, 1.9777746901451824e-05
15584, 15647, 1.9580223072079084e-05
39720, 46308, 1.914573621529252e-05
53512, 54017, 1.9131065792770138e-05
230, 313, 1.9093925486193492e-05
35150, 35458, 1.8821527427158874e-05
174, 880, 1.8741933904515186e-05
33153, 33205, 1.871801954294749e-05
182, 230, 1.8626915774049956e-05
46773, 47713, 1.8486633533377874e-05
1381, 4214, 1.8424135393543838e-05
44814, 44972, 1.8330231797086356e-05
112, 4087, 1.813663529032729e-05
130, 867, 1.807784326772889e-05
33185, 35458, 1.780889299287164e-05
178, 4087, 1.7787430341571983e-05
33833, 34688, 1.771339162976997e-05
574, 4100, 1.7654107821710393e-05
38626, 47713, 1.7646177151492304e-05
15607, 16411, 1.7628902085127186e-05
4306, 4775, 1.7623788403171375e-05
130, 3500, 1.7364516790940935e-05
15644, 16411, 1.713654763736368e-05
190, 880, 1.6953813231364182e-05
39720, 40780, 1.6849397088610244e-05
40724, 40792, 1.676146682383114e-05
35309, 35701, 1.6694933001284673e-05
339, 3201, 1.6516878272908812e-05
4306, 4535, 1.6505669307621816e-05
339, 3233, 1.638484595747494e-05
14240, 14289, 1.6260432516095022e-05
574, 3882, 1.621535082500595e-05
130, 1034, 1.6212652337491838e-05
174, 330, 1.6130124468053417e-05
114, 313, 1.598980506530459e-05
2452, 4666, 1.598227191610664e-05
38626, 38814, 1.592018816090227e-05
1919, 4214, 1.5649276940514973e-05
33306, 33365, 1.562419245234056e-05
45146, 46308, 1.5595298809973186e-05
33153, 33288, 1.5442332378430354e-05
33185, 33985, 1.537584856061722e-05
15584, 16411, 1.5313632115862363e-05
34739, 35458, 1.526397068224367e-05
3649, 4100, 1.5200215765898007e-05
766, 4077, 1.5170583047995504e-05
40718, 40792, 1.5095909004883203e-05
190, 7502, 1.506648448491236e-05
4306, 7954, 1.5019260807828242e-05
32435, 32646, 1.4899809755051668e-05
182, 3093, 1.4847549671039447e-05
190, 867, 1.4839979897317832e-05
163, 4775, 1.4327541254600886e-05
4306, 7902, 1.4085328228086308e-05
33185, 33334, 1.396127191429086e-05
32072, 32252, 1.3909285310387776e-05
45780, 47713, 1.3899627906940044e-05
34739, 34816, 1.383910797662048e-05
163, 13219, 1.3813489346919175e-05
174, 7502, 1.3813354921008649e-05
33153, 35228, 1.3666597520503066e-05
49, 313, 1.3616101908166487e-05
3452, 4670, 1.3533907436775784e-05
163, 685, 1.3443617366695877e-05
7747, 7902, 1.3439449904754024e-05
3446, 4666, 1.3368792948095883e-05
1381, 1450, 1.3277640034263266e-05
230, 3268, 1.3266795696621318e-05
2323, 4077, 1.3237383160646712e-05
4306, 4502, 1.3219490148696351e-05
32839, 32910, 1.321921032043093e-05
33153, 33638, 1.308801486159552e-05
32485, 32541, 1.2899451260685447e-05
190, 1034, 1.2802525117447928e-05
163, 230, 1.2771258282248072e-05
14019, 15776, 1.2671260063390457e-05
1381, 4077, 1.2568852129546487e-05
32435, 32601, 1.2412998061692053e-05
230, 295, 1.2401364394261603e-05
38626, 39298, 1.23497868782328e-05
190, 3608, 1.2327033713836748e-05
112, 4811, 1.2253116673880289e-05
163, 430, 1.2044175336483442e-05
178, 4811, 1.2017193697446132e-05
44814, 47713, 1.1933145771165449e-05
182, 3201, 1.1633742624313738e-05
182, 3233, 1.1540745028129357e-05
1919, 4077, 1.130628880977756e-05
174, 3608, 1.1301753370733775e-05
33153, 35373, 1.1240740554914122e-05
157, 3268, 1.1193524070947384e-05
816, 3882, 1.109954613501347e-05
33153, 33557, 1.1042890889561951e-05
3456, 3500, 1.0985006822598587e-05
574, 1034, 1.0973943423198461e-05
41234, 41289, 1.0938212283487534e-05
112, 3484, 1.0789578818568304e-05
112, 295, 1.0776365136922063e-05
29470, 29871, 1.0657074255624552e-05
29356, 32220, 1.050725796060474e-05
190, 295, 1.0474993996613507e-05
33510, 33552, 1.0328917743172329e-05
574, 653, 1.0325055938134696e-05
178, 3484, 1.026008463573002e-05
33234, 33935, 1.0177512839992443e-05
32478, 32694, 1.0091355271451442e-05
130, 4811, 9.758138934765275e-06
4306, 4458, 9.721617496464259e-06
574, 7502, 9.721603385655919e-06
33185, 34095, 9.696063270033332e-06
33829, 34972, 9.687382417803081e-06
174, 1034, 9.542439961224302e-06
3452, 7502, 9.430649388539837e-06
4772, 14229, 9.348088128432592e-06
174, 295, 9.343049454653995e-06
33829, 33985, 9.32512863542238e-06
163, 1408, 9.217142846856278e-06
574, 704, 9.134808280901177e-06
32429, 32646, 9.095112831707766e-06
190, 3500, 9.094774081142885e-06
3859, 4100, 9.07774096235896e-06
163, 1039, 9.054281390410676e-06
130, 295, 9.01738320724122e-06
174, 867, 9.017123713030904e-06
134, 3882, 8.931526318664581e-06
38892, 39122, 8.861073554860216e-06
134, 880, 8.829504320661607e-06
34022, 34095, 8.823692338987068e-06
39310, 39457, 8.787527142533747e-06
174, 3500, 8.338331508921192e-06
130, 3484, 8.331340400977414e-06
339, 4012, 8.307049070651719e-06
41344, 41578, 8.30390168186721e-06
32485, 32607, 8.253753701240356e-06
163, 1776, 8.04187061630933e-06
27345, 27655, 8.040822338311176e-06
574, 3608, 7.993685688728114e-06
163, 653, 7.735560522280762e-06
32541, 32601, 7.651471373790471e-06
186, 3882, 7.563441337732367e-06
2452, 3268, 7.4882330984112e-06
49, 3882, 7.4694034160363145e-06
33240, 33365, 7.466624470464018e-06
163, 815, 7.456703632339548e-06
32306, 32601, 7.454081227390715e-06
49, 880, 7.432765971924954e-06
32429, 32601, 7.411491247187353e-06
32392, 32601, 7.387140511400593e-06
38892, 39390, 7.265722517268988e-06
32072, 32607, 7.242622635359837e-06
574, 685, 7.210682950273938e-06
32306, 32646, 6.941780220700298e-06
163, 1695, 6.770552870979788e-06
186, 330, 6.7442646467170285e-06
33185, 34972, 6.693751613832686e-06
130, 220, 6.685699309102469e-06
33447, 33552, 6.680872736326654e-06
39720, 41133, 6.6524997193823555e-06
32478, 32733, 6.583296973784046e-06
766, 3268, 6.5729686440506345e-06
33240, 33552, 6.539990690363664e-06
32392, 32646, 6.461689355650119e-06
178, 2129, 6.4256028047784855e-06
178, 380, 6.377727545883013e-06
1369, 4100, 6.234421601647814e-06
174, 220, 6.224945026594992e-06
39964, 40235, 6.173862591299931e-06
112, 650, 6.085532260854731e-06
41234, 46515, 6.053703065320028e-06
163, 394, 6.049719295878879e-06
29470, 32240, 6.0409323491429635e-06
766, 880, 6.030581478018013e-06
32100, 32163, 5.996092849089419e-06
182, 4012, 5.851109953024228e-06
114, 880, 5.841495373051802e-06
3525, 4077, 5.7922687317895395e-06
3622, 3882, 5.778783865086506e-06
178, 704, 5.75136276514508e-06
186, 880, 5.576958707514141e-06
134, 867, 5.573950297228833e-06
39964, 41154, 5.53331565985328e-06
39546, 41154, 5.331769599166777e-06
134, 330, 5.2154026288846165e-06
33304, 33365, 5.19205706504196e-06
40680, 41154, 5.173844268787106e-06
112, 220, 5.153117392704703e-06
3452, 4811, 5.0760352184630406e-06
816, 3608, 5.0631035580964765e-06
1369, 3882, 5.027618548122903e-06
32087, 32163, 4.9775172286577825e-06
41344, 41916, 4.975514883567665e-06
40886, 41151, 4.939106427704852e-06
3456, 3882, 4.932161551027408e-06
186, 867, 4.870691445338437e-06
40718, 41154, 4.825741472211997e-06
38892, 39457, 4.8033123024841075e-06
112, 380, 4.763803829338567e-06
178, 685, 4.7481621247801774e-06
14019, 29128, 4.739501057120667e-06
38862, 38952, 4.692759640355661e-06
38862, 41154, 4.665900865995858e-06
112, 704, 4.567341928446428e-06
5242, 7502, 4.537334505054345e-06
186, 1034, 4.5340510086026085e-06
33153, 35641, 4.52713075681331e-06
178, 1695, 4.468622538379166e-06
178, 650, 4.4279294540362936e-06
39069, 39122, 4.419807345182367e-06
112, 1450, 4.3533845784875355e-06
766, 867, 4.311159521469705e-06
1219, 3882, 4.295410738862266e-06
157, 313, 4.291540237658605e-06
39272, 39390, 4.274633849711525e-06
39720, 41578, 4.2106783497533286e-06
130, 380, 4.204752716666298e-06
114, 867, 4.177940911781968e-06
130, 4087, 4.137952650919559e-06
163, 1250, 4.130318569818573e-06
4736, 4811, 4.09237568777642e-06
39490, 39587, 4.004297482285169e-06
33234, 33288, 4.0015596480789436e-06
114, 330, 3.984318276868629e-06
130, 704, 3.9753412848146925e-06
339, 3407, 3.968772258705386e-06
32417, 32537, 3.962887721255998e-06
1369, 7502, 3.94748153940782e-06
130, 685, 3.878133558150944e-06
49, 867, 3.871283885994339e-06
49, 1034, 3.8139782706343286e-06
3456, 3608, 3.7286023009047303e-06
33153, 33788, 3.699724618932412e-06
186, 295, 3.654780906057805e-06
134, 1034, 3.6422600868293525e-06
130, 1450, 3.6267386711768915e-06
46579, 46850, 3.615541828103913e-06
38626, 49231, 3.5860020934040384e-06
178, 430, 3.556546112749932e-06
38862, 39122, 3.5303840646901653e-06
49, 330, 3.504255772625473e-06
339, 3358, 3.4885817303609406e-06
112, 685, 3.465510996424846e-06
39310, 39587, 3.426314147194423e-06
1219, 7502, 3.409836116300359e-06
32429, 32477, 3.4019490146024332e-06
5171, 7502, 3.3840315142700298e-06
112, 2129, 3.383552868323488e-06
574, 3500, 3.3614044642755167e-06
32411, 32537, 3.346712711748874e-06
178, 220, 3.3234765270691493e-06
38626, 39631, 3.285093460100339e-06
3618, 7502, 3.261621093617368e-06
163, 490, 3.2365209241084684e-06
130, 650, 3.210985000565723e-06
339, 777, 3.2063511181638935e-06
190, 380, 3.197430257739487e-06
1594, 1695, 3.134372230655622e-06
163, 3093, 3.099300048279857e-06
33507, 33552, 3.098448577451995e-06
174, 704, 3.0606280075232525e-06
114, 1034, 3.05889468721214e-06
33153, 33294, 3.0333731818921155e-06
190, 704, 3.013839672644499e-06
112, 1695, 2.9985144401713095e-06
174, 380, 2.996004999090865e-06
2985, 3268, 2.9944672462530827e-06
339, 2107, 2.9855541332113345e-06
112, 430, 2.9732652134892067e-06
38892, 39233, 2.9681352297508293e-06
32793, 32887, 2.9244222865523206e-06
174, 2129, 2.9064159735670717e-06
157, 220, 2.886520258646287e-06
112, 1408, 2.883701904196338e-06
32072, 32477, 2.875214235274915e-06
34018, 34101, 2.874831273806579e-06
190, 4811, 2.8486571544376693e-06
3446, 3882, 2.8381933010836123e-06
33185, 33288, 2.8293930616459157e-06
178, 1408, 2.811892427160695e-06
38862, 39390, 2.808549331914774e-06
178, 1450, 2.7972640199941002e-06
182, 3407, 2.7954238221895683e-06
27345, 32220, 2.786608774939853e-06
33843, 33985, 2.7478529828651886e-06
45780, 46850, 2.726238708729326e-06
130, 1408, 2.7118035073522676e-06
130, 430, 2.684035338667027e-06
134, 295, 2.641247739998729e-06
33234, 33334, 2.628937865928458e-06
33153, 34101, 2.560489414390347e-06
134, 3608, 2.5416203712896394e-06
182, 2107, 2.5314770807540784e-06
190, 685, 2.527671052673938e-06
130, 2129, 2.5236636906184097e-06
1219, 1450, 2.498592410802572e-06
39720, 41916, 2.4791090505454313e-06
178, 230, 2.474459058580836e-06
1594, 3882, 2.4726430486712682e-06
32306, 32402, 2.4574121183109755e-06
182, 3358, 2.4571993148045833e-06
163, 3201, 2.4284450886559575e-06
163, 3233, 2.4090326293121535e-06
112, 815, 2.394239032228268e-06
574, 1450, 2.3731093693998696e-06
816, 1039, 2.3655843290347314e-06
178, 1039, 2.3443260485816497e-06
339, 448, 2.2999846699482447e-06
130, 1776, 2.2994992311963156e-06
816, 1450, 2.2952231425043424e-06
178, 815, 2.2857926770495207e-06
112, 1039, 2.2815551283816923e-06
574, 815, 2.2810263169622925e-06
112, 653, 2.2808851044013964e-06
190, 2129, 2.2514811530514315e-06
3446, 3608, 2.238757649693401e-06
130, 1695, 2.232800248442727e-06
174, 1450, 2.2273472978312563e-06
178, 394, 2.1902293587568762e-06
230, 330, 2.1288127251713816e-06
174, 650, 2.125272191208386e-06
32414, 32537, 2.1180563612306793e-06
32485, 32703, 2.100489622455941e-06
134, 220, 2.0868370538424057e-06
766, 815, 2.068553221516322e-06
174, 685, 1.9450455636898887e-06
32072, 32910, 1.9256663690193495e-06
33185, 33557, 1.9213562785654927e-06
32072, 32150, 1.9126111830000654e-06
574, 2129, 1.874629608599711e-06
2323, 3268, 1.8414883028190972e-06
174, 230, 1.8378998927218616e-06
130, 815, 1.8366324434376136e-06
32072, 32703, 1.835212910968808e-06
130, 1039, 1.824847517033437e-06
190, 430, 1.8069345356057213e-06
190, 650, 1.7628225183002952e-06
339, 2699, 1.7583483101046967e-06
188, 313, 1.747975473264475e-06
178, 653, 1.738705994537913e-06
574, 1408, 1.7261056953764853e-06
163, 224, 1.717980148485271e-06
33473, 33552, 1.7172373497015e-06
190, 1450, 1.715319871351742e-06
27138, 30438, 1.707804029625419e-06
38862, 39457, 1.7045323688451767e-06
339, 1785, 1.7014913165879624e-06
1219, 1408, 1.6923158174077339e-06
174, 1695, 1.650739014648665e-06
178, 1250, 1.6507160226102153e-06
186, 3608, 1.6393159768181807e-06
816, 2129, 1.6258107794992006e-06
112, 394, 1.6227507088471283e-06
49, 3608, 1.6189340024523513e-06
182, 777, 1.585437846699073e-06
1919, 3268, 1.5791170955747077e-06
295, 880, 1.5606644785151456e-06
38862, 39233, 1.551215386051886e-06
112, 1250, 1.5471499167338062e-06
114, 295, 1.5292797873818822e-06
1594, 2129, 1.5129924636453822e-06
295, 867, 1.5068892835608397e-06
38626, 46850, 1.4909598376437176e-06
190, 1408, 1.4898881677499571e-06
33234, 33692, 1.486678513777504e-06
33153, 34224, 1.4839844657792737e-06
112, 1776, 1.4810207339387603e-06
174, 430, 1.4792413802218906e-06
40680, 40780, 1.4670875963116133e-06
130, 197, 1.4564110333483125e-06
1369, 2129, 1.4396577721198891e-06
1369, 1695, 1.4362866779424463e-06
32392, 32477, 1.4297758911914571e-06
49, 295, 1.4208542117956115e-06
178, 1776, 1.4167829434324927e-06
766, 1034, 1.401285468996108e-06
33153, 33730, 1.3990845169198172e-06
39310, 39553, 1.396055210184307e-06
38892, 39587, 1.3933095630244707e-06
39460, 39587, 1.3826083985294683e-06
190, 1039, 1.3802248824740994e-06
39272, 39457, 1.3696918676677032e-06
182, 338, 1.3586293511831275e-06
32485, 32910, 1.3530824086206845e-06
295, 380, 1.3462332988364112e-06
35309, 35641, 1.3398704228478407e-06
114, 3608, 1.3288910866014912e-06
130, 186, 1.3238111743682408e-06
190, 1695, 1.308443861535365e-06
574, 1039, 1.289023588920145e-06
174, 1408, 1.2812451330819933e-06
33234, 33294, 1.262305194321139e-06
1369, 3608, 1.2563878825406923e-06
33833, 33985, 1.2513530376914688e-06
339, 571, 1.2427316868808289e-06
33234, 33985, 1.2418405043062177e-06
182, 2699, 1.2385010863225548e-06
38626, 39565, 1.2379322819183035e-06
339, 604, 1.2364291966336604e-06
130, 1250, 1.2354845159008383e-06
816, 1408, 1.2319926473838566e-06
39546, 39659, 1.23045883289443e-06
190, 815, 1.194812140494261e-06
574, 1695, 1.1847275577580746e-06
1594, 1776, 1.1744024205292404e-06
33153, 33263, 1.1692326950217633e-06
39298, 39390, 1.1660729644903257e-06
130, 653, 1.1616097374410379e-06
39310, 39493, 1.1514849176872952e-06
134, 704, 1.1417294616682887e-06
134, 380, 1.1292090201600069e-06
130, 394, 1.1251233274173637e-06
178, 490, 1.1235129183017987e-06
174, 1039, 1.1116453966149879e-06
1369, 1776, 1.1105354529807007e-06
230, 880, 1.1102215144738786e-06
190, 1776, 1.1072501022433623e-06
186, 380, 1.1054796862084845e-06
33185, 33638, 1.104324546633102e-06
34596, 34848, 1.0994236858758228e-06
295, 1034, 1.0955502698026553e-06
33843, 34200, 1.091671341033743e-06
1219, 3608, 1.0881948170995568e-06
745, 880, 1.076114370349906e-06
339, 693, 1.072175225905547e-06
39460, 39553, 1.0700990478912072e-06
40693, 41578, 1.069427085616912e-06
339, 534, 1.0567537863144371e-06
134, 685, 1.0437792699851475e-06
186, 704, 1.0258132659203707e-06
190, 394, 1.0219299686844564e-06
32793, 33552, 1.0197611826780257e-06
816, 1250, 1.0056061487505214e-06
112, 490, 1.0043492002890697e-06
134, 1450, 9.977821394118856e-07
33153, 34816, 9.93126504179904e-07
44814, 46850, 9.925750221133202e-07
182, 406, 9.90720347724459e-07
339, 399, 9.826410924939124e-07
174, 815, 9.695338804305535e-07
816, 1695, 9.67978116404044e-07
32417, 32477, 9.634177540939556e-07
816, 1776, 9.594636727804375e-07
2264, 3268, 9.498465252522932e-07
114, 3882, 9.435264683019971e-07
39409, 39457, 9.344036776518593e-07
186, 685, 9.073288101264506e-07
134, 650, 8.997968919115403e-07
157, 880, 8.994554460688296e-07
574, 1250, 8.988474672961626e-07
120, 313, 8.945169739652551e-07
182, 2113, 8.942521238790493e-07
174, 394, 8.918686370043457e-07
745, 815, 8.877169610401769e-07
46773, 46981, 8.747879638636174e-07
48425, 48575, 8.731630954913351e-07
38892, 39553, 8.723301438256522e-07
186, 2129, 8.568392236061861e-07
745, 867, 8.537678152788429e-07
112, 3093, 8.519538194631086e-07
1219, 2129, 8.515761543928739e-07
49, 1450, 8.499694157458444e-07
33185, 33244, 8.454862261392552e-07
114, 650, 8.362319507942771e-07
178, 3093, 8.35550198554097e-07
34739, 34813, 8.343576911396417e-07
1219, 1695, 8.13891866987756e-07
174, 653, 8.124082528602046e-07
230, 867, 8.116809884723459e-07
130, 490, 8.083659870022973e-07
38892, 39493, 8.056758831440045e-07
33153, 35034, 7.951204403877399e-07
604, 880, 7.808812704618674e-07
49, 650, 7.782516171371238e-07
38892, 40583, 7.762400884818801e-07
339, 2113, 7.741426284531184e-07
339, 655, 7.709069194503025e-07
1369, 1423, 7.548890051753759e-07
574, 1776, 7.482755184222063e-07
157, 330, 7.434633687087312e-07
114, 220, 7.413503333159809e-07
339, 4535, 7.386650180290641e-07
32579, 32910, 7.383797164232098e-07
134, 430, 7.356950280136358e-07
459, 880, 7.347144566578571e-07
1219, 1776, 7.286834984654926e-07
33829, 34431, 7.199811052004102e-07
783, 867, 7.140807295014559e-07
230, 1034, 7.106971661455007e-07
33234, 35137, 6.858955819321581e-07
190, 1250, 6.853048830015342e-07
130, 3093, 6.784791133219701e-07
186, 430, 6.774720597535223e-07
190, 653, 6.744822949470326e-07
134, 2129, 6.728829210384265e-07
783, 880, 6.666981471885087e-07
186, 650, 6.666896546636777e-07
49, 704, 6.63342442177446e-07
186, 1695, 6.483209080810717e-07
114, 380, 6.473308407235244e-07
33185, 33263, 6.367057057563867e-07
182, 1785, 6.362600752553566e-07
730, 880, 6.33110101999473e-07
1195, 1250, 6.262008387793019e-07
49, 380, 6.204494291304315e-07
34739, 34795, 6.15509694390093e-07
38862, 39587, 6.10038339350808e-07
2300, 3268, 6.079589752052419e-07
157, 867, 6.067503434880561e-07
112, 186, 6.066109098103922e-07
114, 1450, 6.042449434654291e-07
182, 571, 5.94215865838166e-07
33503, 33557, 5.887796264188174e-07
49, 1695, 5.86120851046313e-07
157, 1034, 5.839864767626661e-07
32579, 32703, 5.825347782658356e-07
49, 2129, 5.823248692583423e-07
39964, 40583, 5.820764107445898e-07
1381, 3268, 5.808801203908825e-07
182, 604, 5.789894021281647e-07
174, 1776, 5.691857819708546e-07
114, 704, 5.6892654797411e-07
190, 490, 5.674669619980357e-07
339, 1423, 5.640828511943227e-07
174, 1250, 5.628521836532457e-07
33185, 33294, 5.574706760997082e-07
32799, 32872, 5.493825997302712e-07
442, 880, 5.370451912955816e-07
3452, 4120, 5.354613821866584e-07
182, 448, 5.325613021651953e-07
3452, 4087, 5.255357446871215e-07
2829, 3268, 5.217088606942893e-07
182, 4535, 5.202822569340637e-07
134, 815, 5.18118714904034e-07
134, 1695, 5.169580734173881e-07
114, 685, 5.159692699242852e-07
182, 693, 5.159189893087958e-07
39955, 40235, 5.145077730360087e-07
134, 1776, 5.098266247320185e-07
459, 867, 5.059513907441067e-07
186, 1450, 5.031510690741472e-07
134, 197, 5.006644196997685e-07
49, 685, 4.956166853344566e-07
730, 867, 4.835190403923151e-07
38626, 38717, 4.814216463791627e-07
38887, 38952, 4.801909927785845e-07
186, 1039, 4.79797110260028e-07
174, 490, 4.788479160095284e-07
114, 2129, 4.779974520836371e-07
134, 1039, 4.7198059198960357e-07
49, 1776, 4.7108102767762485e-07
186, 1408, 4.700495916682963e-07
39272, 39587, 4.689357309803249e-07
49, 1039, 4.6822580750848265e-07
49, 430, 4.651715619625529e-07
33153, 33244, 4.5328842949153446e-07
182, 534, 4.515912442732218e-07
186, 815, 4.5028648580549164e-07
32752, 32910, 4.466337106458379e-07
163, 2107, 4.461771441833484e-07
604, 685, 4.4519570457974246e-07
114, 1695, 4.430143254246476e-07
604, 650, 4.403309710777196e-07
1423, 3268, 4.396493764629957e-07
49, 220, 4.3889239592247657e-07
114, 430, 4.382179812056429e-07
604, 867, 4.3807802688477346e-07
182, 1423, 4.190039055715958e-07
157, 295, 4.1762924141699084e-07
3452, 3503, 4.15876726699318e-07
118, 313, 4.130754775167542e-07
339, 4491, 4.12459003781223e-07
32435, 32910, 4.122849687643959e-07
114, 1408, 4.121200378148188e-07
134, 1408, 4.079379047723495e-07
49, 815, 4.042183240415757e-07
39160, 39233, 3.9457634400024384e-07
186, 394, 3.856006070080251e-07
655, 704, 3.814749521517125e-07
295, 704, 3.7286958347072464e-07
604, 653, 3.7217945265229426e-07
33236, 33365, 3.716013172987712e-07
134, 1250, 3.7068438650827166e-07
128, 313, 3.684297017856527e-07
38626, 38826, 3.6815143546352103e-07
33153, 33428, 3.666865391183932e-07
39310, 39659, 3.658487306198915e-07
32677, 32910, 3.6338441806943087e-07
33153, 34853, 3.5936261455692905e-07
295, 430, 3.5913940315337414e-07
745, 1034, 3.5613482434215957e-07
32435, 32477, 3.510767778945375e-07
194, 313, 3.4796120607940164e-07
604, 1034, 3.4751111454886235e-07
32411, 32477, 3.448372040680435e-07
32306, 32910, 3.41705661547588e-07
459, 1034, 3.36402653140307e-07
114, 1039, 3.2992888645787533e-07
38892, 39173, 3.280464223600669e-07
182, 655, 3.2589850495894924e-07
186, 1776, 3.2510037130228027e-07
114, 653, 3.2234275944954766e-07
295, 650, 3.1826680082881516e-07
114, 815, 3.169142504434693e-07
442, 867, 3.168087447765903e-07
134, 653, 3.158103159730108e-07
163, 777, 3.05048858099213e-07
29470, 32537, 3.0286962044884494e-07
33153, 33586, 3.017775435643085e-07
167, 313, 2.9914517948833965e-07
188, 330, 2.9752334891510766e-07
186, 1250, 2.970000065741253e-07
49, 653, 2.945528269823086e-07
202, 313, 2.922788236639259e-07
165, 313, 2.918080036396163e-07
182, 4491, 2.9051748240719564e-07
134, 394, 2.889455459427527e-07
120, 880, 2.8655731036850944e-07
34739, 35701, 2.825883418251984e-07
620, 685, 2.8226055732712306e-07
295, 2129, 2.8023846901521206e-07
32429, 32910, 2.76478608387317e-07
230, 380, 2.7590656038312613e-07
3618, 4120, 2.713812528383328e-07
604, 704, 2.70700586785991e-07
295, 1450, 2.6810969496425065e-07
295, 685, 2.647124337282005e-07
352, 880, 2.6373958311967546e-07
186, 653, 2.627087665016723e-07
1697, 1776, 2.618443205824531e-07
163, 2699, 2.585265960834756e-07
163, 1785, 2.561178385403762e-07
295, 394, 2.555821071688217e-07
38892, 39659, 2.5505708329998483e-07
3618, 4087, 2.549021704655028e-07
49, 1408, 2.543578516970885e-07
38626, 39849, 2.4610403590924057e-07
188, 880, 2.460814141642703e-07
114, 1776, 2.4249182187378774e-07
182, 224, 2.416740967553753e-07
112, 197, 2.40992845707619e-07
655, 880, 2.390284041313573e-07
730, 1034, 2.3592082621922397e-07
39298, 39457, 2.3030468560483506e-07
112, 230, 2.2852564784497575e-07
32392, 32910, 2.2740242642326705e-07
41836, 41916, 2.2705370955113402e-07
1614, 1695, 2.2637005688823888e-07
114, 394, 2.2609260546096648e-07
34739, 34853, 2.2547255548243034e-07
442, 1034, 2.2329435468275408e-07
857, 1034, 2.2252652270155758e-07
120, 330, 2.2190889451172462e-07
120, 867, 2.2098065073452393e-07
163, 338, 2.2059054693561778e-07
188, 867, 2.1758989992974567e-07
163, 2113, 2.1634576667758384e-07
130, 230, 2.1180586274641468e-07
33236, 33552, 2.1154191896527792e-07
157, 704, 2.10623365338307e-07
1381, 2129, 2.0849175703728515e-07
49, 394, 2.0772480463914533e-07
134, 186, 2.0716427911857346e-07
1381, 1695, 2.0603593846187345e-07
230, 704, 2.0556364466990878e-07
33153, 33519, 2.0495577428422908e-07
134, 490, 2.0341147077431348e-07
186, 490, 2.0254481772487083e-07
39546, 39631, 2.003196192712409e-07
163, 406, 2.000849845185241e-07
655, 867, 1.9481657162262512e-07
114, 1250, 1.932892858702705e-07
33514, 33692, 1.920372370481241e-07
38877, 38952, 1.8222031724741693e-07
49, 1250, 1.7503315007277804e-07
352, 430, 1.7120251675118063e-07
230, 650, 1.6829736592757013e-07
38626, 39085, 1.6772529894704657e-07
188, 1034, 1.6615069915957848e-07
3649, 4087, 1.643613135808788e-07
39490, 39659, 1.635688538989299e-07
165, 220, 1.6289900838038056e-07
339, 1086, 1.6252433132780934e-07
32624, 32910, 1.6183180361645797e-07
352, 867, 1.6162787550296104e-07
766, 1039, 1.5805613306873553e-07
339, 1567, 1.575310126297984e-07
188, 295, 1.5726597061214107e-07
39215, 39390, 1.5656083081540496e-07
157, 380, 1.5314880130416734e-07
368, 430, 1.5044683769160755e-07
157, 650, 1.492267085490911e-07
114, 490, 1.4702841457985271e-07
33157, 33552, 1.4638166376956762e-07
33379, 33552, 1.4512630276418458e-07
295, 815, 1.4506301997540036e-07
339, 1327, 1.4466399455757358e-07
230, 430, 1.4163502568915744e-07
38892, 39298, 1.4161920851075113e-07
128, 880, 1.4062841683395162e-07
295, 1695, 1.4047960005244317e-07
32793, 33365, 1.4046130080256314e-07
178, 2107, 1.390184535196758e-07
118, 880, 1.3610672208911222e-07
295, 1039, 1.3527895505778734e-07
406, 880, 1.3525161030708786e-07
120, 1034, 1.3392840458337117e-07
46773, 47016, 1.3293526999000598e-07
45824, 45890, 1.278146612509995e-07
1381, 1776, 1.2770742600054578e-07
167, 220, 1.258333668747912e-07
33153, 33743, 1.2479014911960688e-07
163, 448, 1.2473983401884995e-07
459, 704, 1.2331745340525282e-07
295, 653, 1.2190403884044034e-07
829, 880, 1.2166673036246292e-07
49, 490, 1.21318935182392e-07
730, 815, 1.194646726546633e-07
442, 490, 1.188395236342271e-07
38862, 39173, 1.1704708059909346e-07
163, 571, 1.1639240685980942e-07
32797, 32872, 1.1546078107367093e-07
163, 604, 1.1504043698266003e-07
459, 650, 1.147288389236751e-07
163, 693, 1.1443587586032143e-07
157, 685, 1.1296962789660192e-07
230, 685, 1.1281945275002071e-07
118, 867, 1.1141206629168403e-07
114, 186, 1.1134287061526211e-07
783, 1034, 1.1114348916425955e-07
352, 1034, 1.0836380892358868e-07
38892, 40235, 1.0634754236093338e-07
118, 330, 1.0589499425486343e-07
163, 534, 1.0464459341315087e-07
182, 1327, 1.0449339462103398e-07
32478, 32872, 1.0222991421271637e-07
655, 1034, 1.0211642381242825e-07
38670, 38796, 1.0185723534357566e-07
178, 777, 1.0132531001772818e-07
33185, 33788, 1.0041443543076277e-07
157, 430, 9.217390657922711e-08
295, 1776, 9.149907086181672e-08
574, 655, 9.046577103844853e-08
325, 380, 9.005329735560613e-08
459, 685, 8.968003549037171e-08
442, 650, 8.54650718173524e-08
574, 777, 8.438590098868837e-08
112, 777, 8.408718470702781e-08
33185, 33730, 8.408532709357056e-08
163, 655, 8.37400301354556e-08
120, 295, 8.287500113081836e-08
112, 2107, 7.888676740524957e-08
33157, 33365, 7.859587440641385e-08
45780, 48262, 7.795229055332813e-08
128, 330, 7.652446709048237e-08
38626, 39072, 7.643231327787284e-08
418, 880, 7.52545075974049e-08
230, 1776, 7.439876788588811e-08
766, 1695, 7.431238731264931e-08
130, 2107, 7.42104673918833e-08
182, 1086, 7.408783771541083e-08
34739, 35034, 7.393549487880748e-08
230, 394, 7.39275339514086e-08
178, 338, 7.374133311982361e-08
38626, 38839, 7.37141715528894e-08
174, 224, 7.249338597136236e-08
295, 490, 7.185491786464993e-08
112, 2699, 7.106531072664459e-08
178, 2699, 6.969701071987274e-08
33306, 33552, 6.874614347927593e-08
39720, 39849, 6.657696581058261e-08
130, 1785, 6.542218239660264e-08
38927, 39122, 6.538626384355008e-08
163, 1423, 6.533867270999976e-08
157, 1776, 6.531331224670636e-08
766, 1776, 6.4064533161875e-08
230, 1695, 6.311647115467805e-08
182, 1567, 6.251196195205611e-08
32478, 32921, 6.205137727121893e-08
134, 230, 6.191517809677e-08
40699, 41578, 6.11674530257799e-08
1423, 1695, 6.035932993138269e-08
230, 653, 6.001075982046469e-08
194, 330, 5.9214886862133415e-08
448, 880, 5.902939633874608e-08
816, 7502, 5.8768623822904675e-08
167, 330, 5.86336003242948e-08
202, 330, 5.840909666862039e-08
418, 490, 5.8151129191938785e-08
157, 1695, 5.7646563118344045e-08
3525, 3608, 5.730311210751755e-08
200, 313, 5.7223349988888656e-08
178, 224, 5.663332594552965e-08
130, 2699, 5.659500304858002e-08
165, 330, 5.541791576117897e-08
174, 2107, 5.5251185936337417e-08
442, 704, 5.508533747803127e-08
777, 880, 5.443824452877517e-08
186, 230, 5.41119786218239e-08
620, 880, 5.3970376866993133e-08
33185, 33428, 5.394742394947801e-08
418, 867, 5.29944676077675e-08
157, 653, 5.293821195752112e-08
406, 867, 5.257218931875899e-08
178, 406, 5.245418185651122e-08
32799, 32921, 5.2371502349274176e-08
442, 685, 5.233494094151617e-08
112, 406, 5.220668646557906e-08
190, 2107, 5.2096214598548335e-08
777, 867, 5.123598949631557e-08
604, 815, 4.96311901649347e-08
574, 693, 4.953985763956697e-08
128, 867, 4.9375719990693975e-08
130, 777, 4.917419281521847e-08
230, 1039, 4.909417924472166e-08
120, 220, 4.852298489789475e-08
1677, 1776, 4.813153031289103e-08
188, 380, 4.7912366030700024e-08
174, 777, 4.777815698169085e-08
130, 338, 4.7446073734448094e-08
339, 4502, 4.7136376370118306e-08
230, 815, 4.688309729961317e-08
112, 338, 4.674865130218023e-08
157, 815, 4.6284955327172646e-08
157, 230, 4.590898039997719e-08
816, 2107, 4.5560944659786066e-08
1594, 3608, 4.5560462839369986e-08
178, 2113, 4.466329937445907e-08
2452, 3608, 4.440976507585875e-08
167, 880, 4.390534349491382e-08
202, 880, 4.3588941424313484e-08
459, 815, 4.2673627238096706e-08
194, 880, 4.217646498717794e-08
620, 867, 4.205216784625467e-08
38626, 38677, 4.1925103963105515e-08
38105, 38796, 4.163162904951637e-08
38717, 38796, 4.0609246367347915e-08
459, 653, 4.0369654505684174e-08
32582, 32910, 3.9976101054035245e-08
1423, 1776, 3.997559183603347e-08
178, 1785, 3.965266481718208e-08
114, 197, 3.9590676787163536e-08
118, 295, 3.956325293106147e-08
130, 406, 3.942599729784758e-08
33240, 33334, 3.8972937415430284e-08
1614, 1776, 3.882021912088568e-08
157, 394, 3.707667667054503e-08
190, 338, 3.7045892388832736e-08
33498, 33557, 3.689433922553622e-08
202, 295, 3.640316108235206e-08
112, 604, 3.597658964738328e-08
112, 1785, 3.576904422664055e-08
167, 295, 3.405258348245765e-08
39490, 39565, 3.392106277652188e-08
157, 2129, 3.378761083660647e-08
120, 380, 3.371999393125532e-08
190, 406, 3.370199737718533e-08
230, 490, 3.353449653498392e-08
194, 295, 3.333718215906876e-08
182, 4502, 3.320073332696188e-08
165, 295, 3.3188734586428353e-08
1369, 2107, 3.284141372687252e-08
574, 2107, 3.2574282948811515e-08
114, 230, 3.232127362302219e-08
178, 604, 3.2151832224260246e-08
574, 1785, 3.206186616026066e-08
178, 448, 3.202478245508823e-08
178, 571, 3.199161411843233e-08
128, 295, 3.154983476835093e-08
1369, 1785, 3.1477853200557684e-08
442, 653, 3.1369119909674405e-08
1594, 1785, 3.1056774309672875e-08
112, 2113, 3.0572902283446156e-08
620, 704, 2.985560067307763e-08
174, 338, 2.946768875593224e-08
1495, 1695, 2.9374806908192932e-08
1594, 2107, 2.85419870451086e-08
190, 777, 2.848387363840964e-08
33185, 33586, 2.831044766506413e-08
120, 650, 2.776293543261962e-08
178, 693, 2.753023667886536e-08
188, 704, 2.715155155078077e-08
188, 685, 2.677428218835739e-08
33510, 33557, 2.6664769049806824e-08
178, 534, 2.6503741994602773e-08
352, 650, 2.5802045414767837e-08
190, 2113, 2.5684375983056632e-08
112, 1423, 2.558468490484479e-08
112, 448, 2.492339662090895e-08
174, 1785, 2.479674935667566e-08
112, 655, 2.4454699994854758e-08
130, 224, 2.417301533799093e-08
178, 1423, 2.3779662615222883e-08
130, 604, 2.3695393702977803e-08
130, 693, 2.3619873215295564e-08
352, 704, 2.3550739507110608e-08
39486, 39553, 2.3385976557554753e-08
188, 430, 2.321628990759698e-08
157, 490, 2.3186956086194907e-08
128, 220, 2.306648736993068e-08
339, 2141, 2.300546912475188e-08
182, 2141, 2.2988576496406827e-08
174, 406, 2.2896414965628245e-08
130, 2113, 2.2874938264343006e-08
120, 685, 2.279924198963441e-08
33240, 33288, 2.2480442913537854e-08
130, 1423, 2.243603950369236e-08
163, 1567, 2.2360480228625724e-08
130, 448, 2.2298126291565396e-08
130, 571, 2.195712775189867e-08
118, 220, 2.145012616055941e-08
112, 224, 2.1368695832114305e-08
190, 1785, 2.111692643496846e-08
120, 430, 2.1074676047829483e-08
205, 313, 2.106502462143579e-08
816, 1785, 2.0830063828460895e-08
21129, 32220, 2.0763494858992454e-08
112, 571, 2.0281562405983396e-08
112, 534, 2.0247553110971838e-08
188, 650, 1.9778739443272816e-08
32417, 32910, 1.9590660195430728e-08
49, 230, 1.9578716607512155e-08
38661, 38796, 1.9370624190611554e-08
178, 655, 1.93576205649222e-08
134, 1785, 1.916364053890118e-08
39546, 40583, 1.906385527768686e-08
165, 880, 1.8618390182575712e-08
1219, 1785, 1.8189248484847047e-08
32411, 32910, 1.7913759041881164e-08
190, 571, 1.779969036980181e-08
112, 693, 1.753381992694957e-08
130, 534, 1.7516760940870602e-08
190, 604, 1.7501398563274435e-08
352, 685, 1.749424799522194e-08
39484, 39553, 1.7154580647407884e-08
38105, 39122, 1.709943245944982e-08
39720, 40586, 1.7026931980060532e-08
339, 601, 1.689864712692652e-08
463, 880, 1.684564342536126e-08
325, 394, 1.6726249184436455e-08
190, 693, 1.6695431258257603e-08
165, 867, 1.6560608030742858e-08
38954, 39122, 1.6498361187147826e-08
163, 1086, 1.635741622636926e-08
120, 704, 1.6295308036809607e-08
194, 867, 1.6117683538595965e-08
39390, 39457, 1.6051650421792736e-08
406, 490, 1.5877683813976662e-08
448, 867, 1.583039570159857e-08
118, 380, 1.563425652767438e-08
368, 880, 1.5622323598986548e-08
33240, 33294, 1.5596350319984962e-08
174, 604, 1.5344005115063308e-08
120, 653, 1.5297081580130577e-08
182, 399, 1.515019485823811e-08
167, 867, 1.5150050991909627e-08
46579, 48401, 1.5062213399909663e-08
406, 704, 1.501582900285185e-08
49, 1785, 1.4954173263433393e-08
128, 380, 1.4629723489900011e-08
190, 448, 1.456405797721065e-08
174, 448, 1.4506560114433935e-08
406, 650, 1.4461490861162263e-08
685, 880, 1.4432750465663823e-08
418, 704, 1.4169146191591107e-08
118, 650, 1.4123822487301511e-08
45780, 45890, 1.4102071422416901e-08
174, 571, 1.3966243634681811e-08
459, 1776, 1.3854523407286023e-08
32797, 32921, 1.3825047020551969e-08
38649, 38796, 1.365699336666915e-08
38862, 39493, 1.3473845906086689e-08
442, 815, 1.3463721856334727e-08
134, 777, 1.3410064521314932e-08
186, 338, 1.3214285938873724e-08
130, 655, 1.3121660175576719e-08
32743, 32910, 1.3119396881641122e-08
49, 777, 1.3043573456053129e-08
49, 197, 1.2689079447112129e-08
167, 380, 1.2685821026309716e-08
165, 380, 1.2661281538926511e-08
202, 867, 1.2653229222334348e-08
186, 777, 1.2613615399913445e-08
1495, 1776, 1.2589072674347382e-08
188, 394, 1.2510009217538989e-08
190, 534, 1.239937498867712e-08
352, 653, 1.2371815933594295e-08
174, 534, 1.2242502382598872e-08
418, 650, 1.2207574912347842e-08
163, 1327, 1.2104629285548664e-08
120, 186, 1.1974196689735926e-08
406, 685, 1.1920568183915633e-08
134, 338, 1.1768831944244186e-08
39272, 39493, 1.1686863500405736e-08
339, 1132, 1.164225934277712e-08
49, 186, 1.1565282647857365e-08
174, 693, 1.1514258309299993e-08
459, 1695, 1.1272832352579235e-08
186, 406, 1.1047610126650555e-08
114, 777, 1.0962557130288988e-08
32414, 32910, 1.0936042518311218e-08
33829, 34095, 1.08575143887565e-08
352, 490, 1.0621458446508134e-08
200, 330, 1.0578967700020917e-08
188, 653, 1.0295434752005069e-08
118, 685, 1.028585709065463e-08
38862, 40583, 1.0202747664813807e-08
134, 406, 1.0192213521807184e-08
418, 685, 1.0020482176557388e-08
118, 430, 9.837696140105176e-09
46579, 47713, 9.737640403779809e-09
128, 685, 9.727504983438511e-09
33153, 38796, 9.708358980755837e-09
352, 394, 9.565191745565851e-09
120, 394, 9.535477256967744e-09
165, 704, 9.399047411778407e-09
194, 380, 9.296289824979608e-09
167, 704, 9.154241332127705e-09
32541, 32910, 9.125160789544315e-09
174, 655, 9.062317570926453e-09
352, 406, 9.028472478251916e-09
157, 224, 8.879058925838929e-09
38626, 40241, 8.702101770668525e-09
167, 230, 8.518045038950812e-09
182, 601, 8.483236738261522e-09
188, 490, 8.407691846377293e-09
128, 704, 8.243149974543956e-09
128, 650, 8.23333359265485e-09
202, 380, 8.166948260800974e-09
339, 1486, 8.019055682338849e-09
128, 430, 7.946902543565932e-09
120, 490, 7.9047889387555e-09
448, 650, 7.851200898508206e-09
49, 338, 7.723528668024806e-09
165, 230, 7.636730869291854e-09
118, 653, 7.614024107287147e-09
190, 655, 7.604776134015555e-09
118, 704, 7.602740855562766e-09
114, 406, 7.423776836332159e-09
38877, 39122, 7.392006959731268e-09
165, 650, 7.1613848967286254e-09
406, 653, 7.137060192211146e-09
134, 224, 7.069715496080732e-09
49, 406, 6.942286873992705e-09
200, 295, 6.859597362006203e-09
114, 338, 6.857956497797831e-09
167, 650, 6.83524030803439e-09
33153, 33797, 6.813589735175145e-09
371, 430, 6.7193911623087505e-09
182, 1132, 6.672958909982716e-09
448, 704, 6.667550690047205e-09
134, 693, 6.510148744699727e-09
295, 406, 6.474285287510569e-09
134, 571, 6.4044326290054906e-09
604, 655, 6.230301548247529e-09
134, 448, 6.207640171153515e-09
186, 571, 6.144687225476605e-09
186, 604, 6.085774121345933e-09
33185, 33743, 5.868380646044872e-09
459, 534, 5.745949171410313e-09
186, 693, 5.664781196787253e-09
134, 604, 5.6369011153373176e-09
49, 604, 5.635575432090821e-09
33276, 33365, 5.55254133315778e-09
38630, 38796, 5.545184755608422e-09
128, 186, 5.53702836935853e-09
178, 1327, 5.504755815949466e-09
33153, 33647, 5.487921122080497e-09
194, 704, 5.432115512639512e-09
730, 777, 5.424526315805299e-09
202, 704, 5.392358058934423e-09
295, 338, 5.375609809446461e-09
33276, 33334, 5.2986905502049876e-09
114, 604, 5.1170398865323274e-09
186, 448, 5.056741260833088e-09
32478, 32932, 5.032091427977913e-09
32396, 32910, 4.966141011680743e-09
1369, 1567, 4.853624820058238e-09
1219, 1327, 4.7840743907193526e-09
295, 777, 4.779182797011847e-09
112, 1327, 4.741573303686007e-09
32499, 32910, 4.7364982856870244e-09
29470, 32910, 4.722010692542557e-09
33514, 33586, 4.705184298722647e-09
118, 186, 4.68191380905071e-09
145, 313, 4.640530216437651e-09
134, 534, 4.508232961624078e-09
33185, 33519, 4.507208842447828e-09
205, 330, 4.488609333596396e-09
130, 1086, 4.465415516835802e-09
33234, 33557, 4.4465507685830334e-09
186, 534, 4.416873429779304e-09
112, 1567, 4.412594987939218e-09
128, 197, 4.3581462429045294e-09
339, 607, 4.28836397481876e-09
178, 1086, 4.277040874009782e-09
120, 197, 4.184528810346749e-09
112, 1086, 4.0855549620260685e-09
178, 1567, 3.856513943915686e-09
32799, 32932, 3.8433520054835116e-09
39069, 39233, 3.82994932796221e-09
120, 1776, 3.7885236751596334e-09
816, 1086, 3.776779770395994e-09
230, 338, 3.766088284410729e-09
339, 552, 3.762661482502256e-09
49, 571, 3.728693233888028e-09
49, 448, 3.719139210356624e-09
39310, 40235, 3.6955236325090484e-09
39546, 40235, 3.69143656512663e-09
49, 534, 3.6228668283915337e-09
165, 430, 3.6046383228113967e-09
38862, 39298, 3.5542212057884463e-09
114, 655, 3.511257066466379e-09
118, 394, 3.4888868614749317e-09
167, 430, 3.4794005636417625e-09
114, 448, 3.45592273981878e-09
182, 1486, 3.332274431176781e-09
33065, 33365, 3.3073838538319222e-09
134, 655, 3.306383801681287e-09
574, 1567, 3.2018566494106377e-09
33236, 33288, 3.170161179363637e-09
49, 655, 3.1626612017995234e-09
205, 295, 3.097774920086228e-09
194, 430, 3.06642503102755e-09
816, 1567, 3.0482448203736633e-09
186, 655, 2.986279075372999e-09
114, 224, 2.9826755166875658e-09
49, 693, 2.9671892892077156e-09
114, 534, 2.9296878407653546e-09
114, 571, 2.9150853887253685e-09
130, 1567, 2.8710876529647993e-09
574, 1086, 2.8708039311704556e-09
163, 2141, 2.846160139449381e-09
354, 430, 2.7928376840138104e-09
295, 448, 2.7235117018147246e-09
202, 430, 2.717739456774227e-09
114, 693, 2.6832553732952443e-09
38892, 39085, 2.6299573615383927e-09
128, 394, 2.5860914528504943e-09
38105, 38952, 2.5197422744744584e-09
120, 1695, 2.4340221897915714e-09
295, 604, 2.3926223799843636e-09
163, 399, 2.3729085503873048e-09
325, 430, 2.3682966876606275e-09
33153, 33958, 2.352867303149155e-09
188, 1776, 2.346189656685567e-09
442, 1776, 2.3435886894295497e-09
186, 1785, 2.2410850055298362e-09
118, 490, 2.226969142392028e-09
295, 571, 2.1694360849879597e-09
230, 406, 2.167638620356829e-09
1219, 1567, 2.144132747082684e-09
174, 1567, 2.1325809435334754e-09
32793, 33334, 2.103779605870109e-09
230, 777, 2.0932165422141663e-09
33236, 33294, 2.0087428588945895e-09
38626, 39100, 1.9568981988637806e-09
167, 394, 1.879634122486451e-09
339, 745, 1.878292380438178e-09
182, 607, 1.863489196889786e-09
165, 394, 1.860494222980238e-09
188, 1695, 1.853081909409382e-09
49, 224, 1.8331249923464701e-09
163, 601, 1.7901437969217445e-09
174, 1086, 1.7801195379371704e-09
1219, 1423, 1.7778433009540506e-09
33077, 33365, 1.7712329288636932e-09
120, 230, 1.7263981931631818e-09
190, 1567, 1.7204241332813384e-09
604, 693, 1.7189459675450909e-09
128, 490, 1.6953087505570288e-09
38892, 39072, 1.6809963685876868e-09
194, 394, 1.6715977592198112e-09
295, 693, 1.654624197802327e-09
157, 338, 1.637746890680174e-09
295, 534, 1.6259083205784772e-09
1195, 1695, 1.6173832263075042e-09
33236, 33334, 1.6151229893885255e-09
442, 1695, 1.5830685700189625e-09
343, 394, 1.579919925416557e-09
1363, 1450, 1.5743247417476532e-09
182, 552, 1.5586686329695853e-09
118, 197, 1.5507364475447514e-09
33096, 33365, 1.5354801764724795e-09
230, 604, 1.4857991218949295e-09
49, 1567, 1.4669290072317557e-09
202, 394, 1.4586403229108362e-09
190, 1086, 1.4079235168287182e-09
230, 448, 1.4024369001657145e-09
157, 406, 1.3795319088723364e-09
459, 571, 1.3580354155464694e-09
368, 490, 1.3560788532774833e-09
295, 655, 1.3403260156417098e-09
1495, 1567, 1.3300253396991752e-09
178, 2141, 1.2838335327654047e-09
200, 380, 1.2552338724086754e-09
448, 490, 1.2460262005021424e-09
145, 220, 1.2346270229557093e-09
163, 1132, 1.1850013890717153e-09
230, 571, 1.1538851324863377e-09
32839, 32921, 1.1524174374475295e-09
38862, 39085, 1.129070762024694e-09
188, 230, 1.0800572822521415e-09
182, 745, 1.079721108204506e-09
33228, 33365, 1.075693621463085e-09
145, 330, 1.0578621420738763e-09
459, 604, 1.0491023901476738e-09
32872, 32921, 1.0420669629141166e-09
1363, 1423, 1.0175895727615532e-09
32797, 32932, 1.0138989241838669e-09
339, 573, 1.0115988042217703e-09
442, 534, 1.0100721952810116e-09
157, 693, 9.885732479555406e-10
230, 534, 9.850155952473151e-10
194, 490, 9.713913191616123e-10
167, 490, 9.615118585374137e-10
165, 490, 9.4204974517023e-10
157, 448, 9.264554697445742e-10
33524, 33586, 9.040678634082002e-10
38892, 41578, 9.031710439079882e-10
202, 490, 8.593739243580099e-10
165, 224, 8.580486882540438e-10
442, 571, 8.270380368560622e-10
157, 571, 8.262514240453838e-10
118, 230, 8.262362326364325e-10
620, 693, 7.882643529268772e-10
167, 224, 7.809423730746051e-10
38626, 42315, 7.726951013250571e-10
178, 399, 7.620309666319455e-10
230, 693, 7.45161286951456e-10
157, 534, 7.321807064881908e-10
128, 230, 7.303773579933988e-10
157, 604, 7.099682052674211e-10
343, 430, 6.991462994345233e-10
45824, 46850, 6.687842237425213e-10
46628, 46850, 6.683468968649388e-10
29306, 32220, 6.624273351747822e-10
230, 655, 6.557135724625816e-10
112, 399, 6.552954976695561e-10
442, 604, 6.503994879441209e-10
38626, 40800, 6.435167083468612e-10
38626, 40402, 6.274436458259835e-10
32072, 32872, 6.104266753290945e-10
163, 1486, 6.022205755515326e-10
32478, 32887, 5.985809764109774e-10
38887, 39122, 5.949397000613253e-10
157, 655, 5.928356382821935e-10
715, 777, 5.907546746822979e-10
32799, 32887, 5.899133575111827e-10
463, 534, 5.858588173640957e-10
32793, 33019, 5.823097737203872e-10
33153, 36600, 5.764826860542314e-10
459, 693, 5.730671511487846e-10
188, 338, 5.628883870233044e-10
32485, 32872, 5.607775207287396e-10
39215, 39457, 5.34930696926701e-10
352, 448, 5.342637521669453e-10
200, 430, 5.331763657798806e-10
38626, 41985, 5.280093853802813e-10
145, 295, 5.225875008723272e-10
112, 601, 5.107806161297968e-10
157, 777, 5.102877844507135e-10
29470, 32163, 4.989200381786386e-10
130, 399, 4.881203852347084e-10
604, 777, 4.868617814573114e-10
188, 406, 4.861482310874767e-10
205, 380, 4.778488323560001e-10
182, 573, 4.760673955679038e-10
30494, 32220, 4.747878249180352e-10
178, 601, 4.5587454909210553e-10
112, 1132, 4.5538547887606265e-10
41234, 41985, 4.532070647060207e-10
120, 338, 4.5046423228428773e-10
178, 1132, 4.4964406922078707e-10
459, 777, 4.4949772600830845e-10
190, 399, 4.2600980827658557e-10
31031, 32220, 4.050264905239646e-10
325, 490, 3.9811690010799656e-10
120, 406, 3.925773880510825e-10
33228, 33288, 3.91711305985292e-10
356, 430, 3.8546627716194274e-10
33157, 33334, 3.7947489662916864e-10
32396, 32537, 3.699828616841234e-10
38927, 39233, 3.657631330829893e-10
1363, 1408, 3.637288147348544e-10
38670, 38814, 3.636243946944746e-10
130, 1132, 3.592136057367692e-10
39133, 39233, 3.588785082941058e-10
174, 2113, 3.471806548548324e-10
163, 607, 3.415936420862559e-10
186, 2107, 3.335433892445983e-10
32872, 32932, 3.3216110562930394e-10
38626, 42262, 3.313132635940185e-10
38105, 38887, 3.2638344688983163e-10
130, 601, 3.1502264069485776e-10
174, 399, 3.0660766947667767e-10
32072, 32921, 3.0579736121094924e-10
39215, 39298, 3.0470503268530223e-10
484, 534, 3.0382129480537823e-10
816, 1132, 2.879347629423632e-10
200, 394, 2.845736284530847e-10
442, 777, 2.7930296708258816e-10
163, 552, 2.7211173309211296e-10
574, 1132, 2.685020792002838e-10
655, 777, 2.649585059689108e-10
38954, 39233, 2.6315773537588544e-10
190, 601, 2.502275916517191e-10
32793, 33106, 2.410310178618451e-10
32793, 32889, 2.3605624309222934e-10
25, 111, 2.327853818668156e-10
205, 430, 2.1866587952165296e-10
38670, 38887, 2.0853549128931236e-10
174, 601, 2.0597200649649045e-10
41234, 41669, 1.9007445006412011e-10
118, 406, 1.8701936456728746e-10
343, 406, 1.776158330096045e-10
120, 224, 1.748603121917303e-10
118, 338, 1.7474550184124185e-10
200, 490, 1.7243292109972543e-10
188, 448, 1.6629227459387785e-10
33234, 33428, 1.6558526548875597e-10
368, 448, 1.6048375294565427e-10
186, 399, 1.5671326452327786e-10
128, 338, 1.5479139880964165e-10
145, 380, 1.525769660296785e-10
325, 406, 1.4975884954168926e-10
32797, 32887, 1.4725749308168647e-10
120, 448, 1.4237414415456623e-10
38670, 38952, 1.4168816031560464e-10
128, 406, 1.4147143744725307e-10
38890, 38952, 1.4102268390680367e-10
120, 777, 1.3480067758938316e-10
339, 1191, 1.3478070705250914e-10
354, 406, 1.346411882047142e-10
33212, 33365, 1.341313681435142e-10
354, 490, 1.322456864089328e-10
163, 745, 1.27985604490623e-10
38670, 39122, 1.279230065849063e-10
205, 394, 1.1743421940346995e-10
134, 399, 1.163141191932712e-10
112, 607, 1.1560383080729493e-10
32072, 32541, 1.0955689203481148e-10
178, 607, 1.094828757084659e-10
339, 924, 1.0719700961026957e-10
339, 975, 1.0537577465866034e-10
406, 448, 9.802839851664153e-11
194, 338, 9.783301775816204e-11
38105, 39390, 9.624579169447898e-11
165, 406, 9.6022029011162e-11
163, 573, 9.573811133430183e-11
165, 338, 9.563979296451636e-11
202, 338, 9.495548963639619e-11
194, 406, 9.492689530104167e-11
167, 338, 9.413518280261984e-11
167, 406, 9.326921398626277e-11
114, 399, 9.133259044399041e-11
178, 552, 8.926473128039994e-11
145, 430, 8.900852988551382e-11
186, 601, 8.833805459159253e-11
295, 399, 8.570007173182644e-11
30131, 32220, 8.474203977511011e-11
128, 224, 8.445298634315493e-11
32793, 33010, 8.219445383571233e-11
33153, 39122, 8.214565880602664e-11
49, 399, 8.148817291982369e-11
49, 601, 8.144103861317063e-11
130, 607, 8.039821688370523e-11
32793, 33288, 7.972288313407329e-11
118, 224, 7.934122389968149e-11
343, 490, 7.908089494452033e-11
182, 924, 7.841097140100483e-11
182, 1191, 7.780068996389497e-11
371, 490, 7.65312241322001e-11
202, 406, 7.600635573381566e-11
134, 601, 7.423099503539192e-11
38626, 39301, 7.147235349234012e-11
339, 1052, 7.120621090841486e-11
114, 601, 7.070687594358451e-11
118, 448, 6.749581273534071e-11
182, 975, 6.673825121868881e-11
574, 1327, 6.622454375802394e-11
205, 490, 6.574273698999537e-11
49, 128, 6.519280364309946e-11
816, 1327, 6.403168029708248e-11
38862, 39072, 6.382228192292489e-11
339, 897, 6.380586707390213e-11
112, 552, 6.26307970184678e-11
128, 448, 5.971086182080197e-11
388, 430, 5.848004897651708e-11
190, 1327, 5.5869299657087366e-11
190, 607, 5.566159519641346e-11
178, 745, 5.5495159231534974e-11
182, 1052, 5.5124698613514197e-11
130, 1327, 5.3006584823999107e-11
174, 607, 5.270342063900966e-11
174, 1327, 5.218167728192288e-11
145, 197, 5.215657811546293e-11
130, 552, 4.999970186300797e-11
574, 745, 4.972301324453637e-11
38892, 39100, 4.830613489333127e-11
165, 448, 4.771632429685202e-11
167, 448, 4.679591182086328e-11
32954, 33019, 4.432546576290817e-11
27138, 32910, 4.364857227546393e-11
112, 745, 4.3189885491455176e-11
190, 552, 4.1375383588392033e-11
339, 559, 3.832424880344325e-11
174, 552, 3.756140003641598e-11
130, 745, 3.6338803574691907e-11
33157, 33205, 3.591638506482939e-11
39069, 39390, 3.487326402011268e-11
194, 448, 3.425544955618482e-11
295, 601, 3.380512117456417e-11
190, 745, 3.2862016182305325e-11
202, 448, 3.272623551892499e-11
388, 490, 3.238175852743201e-11
163, 227, 2.9590989354129566e-11
33153, 38952, 2.8456212588890527e-11
230, 399, 2.7410080743150992e-11
352, 399, 2.7234231106112747e-11
325, 448, 2.6001345797791175e-11
178, 573, 2.575068944386376e-11
352, 534, 2.483514832390944e-11
25, 313, 2.4700353119263585e-11
388, 448, 2.3280362090531663e-11
188, 534, 2.295327753396508e-11
174, 745, 2.2596976596671093e-11
418, 534, 2.2312438485017863e-11
448, 534, 2.1704201223749175e-11
406, 534, 2.143004513603413e-11
120, 534, 2.0980602431950737e-11
230, 601, 2.079929056954151e-11
39069, 39173, 2.0281149184278603e-11
134, 607, 1.9683679324747726e-11
186, 607, 1.9163637845726752e-11
182, 897, 1.8412754934087736e-11
145, 230, 1.8358614555612e-11
200, 338, 1.8298008294016112e-11
157, 399, 1.8024991627302365e-11
49, 607, 1.8024856283558782e-11
163, 1191, 1.800283032057622e-11
182, 559, 1.762273705426404e-11
163, 924, 1.7015357396282332e-11
38604, 38796, 1.6912865834631402e-11
130, 573, 1.6810682545317333e-11
112, 573, 1.6672128448125985e-11
114, 607, 1.653275340865639e-11
186, 552, 1.4922811965362267e-11
190, 573, 1.4161440313658693e-11
182, 227, 1.401036856189497e-11
134, 552, 1.3581169613113237e-11
32940, 33019, 1.3369531863545542e-11
163, 975, 1.2907740528339292e-11
371, 448, 1.2481412233127638e-11
27311, 32220, 1.2464330348013935e-11
186, 745, 1.1515966623261825e-11
174, 573, 1.1351601502059144e-11
49, 552, 1.1302448419369682e-11
134, 745, 1.0773857143282622e-11
33157, 33288, 1.06957501468548e-11
32793, 33205, 9.959297554658029e-12
118, 534, 9.730845692238539e-12
816, 924, 9.411663133530227e-12
114, 552, 9.304338169378475e-12
354, 448, 8.843979392186425e-12
816, 897, 8.029516746369255e-12
128, 534, 7.878729326214676e-12
205, 338, 7.73947656857744e-12
188, 399, 6.646390310719407e-12
163, 1052, 6.4221532151129746e-12
200, 448, 6.420557085962392e-12
33228, 33294, 6.369762884978977e-12
39160, 39390, 6.329611119001274e-12
165, 534, 6.269889418009394e-12
167, 534, 6.117385470943903e-12
32940, 33010, 5.680064842270468e-12
163, 897, 5.571680637059091e-12
178, 924, 5.374747026181519e-12
32954, 33010, 5.3023107113513105e-12
32937, 33019, 5.117895122714471e-12
120, 399, 4.886000649646031e-12
816, 975, 4.7646825480706765e-12
25, 330, 4.674475769004211e-12
33244, 33365, 4.616795304415964e-12
33065, 33334, 4.562667682573413e-12
343, 448, 4.539529728329134e-12
325, 399, 4.536411137324776e-12
112, 924, 4.472296349982872e-12
194, 534, 4.306415250935107e-12
368, 534, 4.1571837282716185e-12
130, 924, 3.750170499407e-12
574, 924, 3.6029826571998358e-12
202, 534, 3.4800575911379705e-12
178, 975, 3.363025606738533e-12
112, 975, 3.1862468560863383e-12
145, 224, 3.055227283857404e-12
130, 975, 3.0431653757879186e-12
163, 559, 2.9241555006224435e-12
174, 924, 2.7378340357395336e-12
190, 924, 2.5352509187353204e-12
178, 227, 2.4670243504654274e-12
174, 227, 2.3901067400648713e-12
25, 295, 2.239784590878312e-12
325, 534, 2.1487444508706465e-12
38661, 38952, 1.822764316636547e-12
33157, 33263, 1.632287366738243e-12
32793, 33263, 1.6131134991716725e-12
33065, 33205, 1.4204765744757792e-12
38877, 39233, 1.384516434005086e-12
32793, 33294, 1.2045608404626372e-12
33157, 33244, 9.67739653423238e-13
33096, 33205, 8.962232390187953e-13
33065, 33288, 8.705981682692961e-13
33077, 33205, 8.585699039780544e-13
33212, 33288, 8.160555867304411e-13
25, 220, 7.110197333563493e-13
200, 534, 7.016805419207605e-13
33157, 33294, 6.982017814621373e-13
32940, 33106, 5.208073244371389e-13
354, 534, 5.101670934978441e-13
178, 1052, 5.049137115362243e-13
112, 1052, 4.681887329341521e-13
130, 227, 4.270905839534677e-13
816, 1052, 4.245311833858158e-13
112, 227, 4.1809956058082355e-13
174, 1132, 4.0302289644714304e-13
190, 1132, 3.4726112887480315e-13
33077, 33288, 3.3972736956733e-13
32937, 33010, 3.231618635759399e-13
574, 975, 3.1982441783406006e-13
33096, 33288, 2.8809166673101115e-13
38954, 39390, 2.7802357776064765e-13
190, 975, 2.244332415713236e-13
33065, 33128, 1.4269715422507856e-13
112, 897, 1.4056032792906303e-13
130, 897, 1.3467440386012712e-13
134, 227, 1.232401985431357e-13
157, 227, 1.2304002021523258e-13
188, 571, 9.351496629686237e-14
352, 571, 9.310118912016934e-14
32954, 33106, 8.569541896259416e-14
418, 653, 8.466947452268587e-14
33096, 33153, 7.82686504592131e-14
463, 650, 7.802362046569642e-14
459, 601, 7.436260190990326e-14
368, 650, 6.435520718837219e-14
295, 552, 5.995012667672736e-14
188, 604, 5.993826598363498e-14
120, 604, 5.965427598873819e-14
459, 552, 5.844957645526823e-14
114, 227, 5.835146798800526e-14
120, 571, 5.761154233718949e-14
448, 685, 5.511647797288257e-14
295, 607, 5.4582947354308904e-14
352, 604, 5.401377790705038e-14
128, 653, 5.339818596542751e-14
459, 655, 5.3223072668130946e-14
157, 601, 5.0937487830128636e-14
448, 653, 5.078444176938774e-14
484, 650, 5.002413779631782e-14
194, 685, 4.9131309609699795e-14
167, 685, 4.85551209689056e-14
194, 650, 4.828622234567698e-14
607, 685, 4.8001076175243436e-14
33214, 33288, 4.7482690358944256e-14
165, 685, 4.682457164090932e-14
165, 653, 4.6688380692246405e-14
202, 650, 4.599863246001076e-14
167, 653, 4.5239569483039677e-14
442, 655, 4.2710903721383154e-14
463, 704, 3.695990797260444e-14
463, 685, 3.5780440000897544e-14
49, 227, 3.571717247725996e-14
202, 685, 3.417209173284211e-14
33077, 33128, 3.3538314151291394e-14
25, 230, 3.246640793308332e-14
484, 704, 2.950996921522543e-14
442, 693, 2.9283964172283235e-14
368, 685, 2.9017309789480373e-14
368, 704, 2.896532047974458e-14
33065, 33294, 2.7924349829855522e-14
32793, 33153, 2.7527915546927095e-14
32793, 33128, 2.376422570877465e-14
33212, 33263, 2.2786811640386848e-14
33077, 33153, 2.1937694235099335e-14
418, 571, 2.0022768449676467e-14
406, 571, 1.8982764533864337e-14
25, 197, 1.7430423983861033e-14
167, 227, 1.6581855342318144e-14
25, 186, 1.6440529407904563e-14
165, 227, 1.6326852922210126e-14
33065, 33153, 1.4074925167224267e-14
230, 552, 1.3094195078228116e-14
442, 552, 1.084852368557614e-14
448, 571, 1.0287606694985793e-14
157, 552, 9.57766069304407e-15
484, 552, 9.171034807407044e-15
442, 601, 7.703349333106745e-15
33214, 33365, 7.528740496042765e-15
33096, 33334, 7.265800839921007e-15
33077, 33334, 6.952659866694567e-15
33228, 33334, 6.537683346681436e-15
484, 571, 5.9778324715323764e-15
463, 571, 4.7505784449967935e-15
118, 571, 4.6115242505751124e-15
128, 571, 4.308637100120463e-15
484, 685, 3.732785749173084e-15
165, 571, 3.3203995760439167e-15
188, 552, 3.317441905747901e-15
167, 571, 3.266763470263784e-15
120, 227, 3.1818000117401224e-15
194, 571, 3.111218804412471e-15
352, 552, 2.937507578700912e-15
25, 224, 2.9204828574093236e-15
120, 552, 2.773628417971312e-15
202, 571, 2.695010504453508e-15
368, 571, 2.5159911540177225e-15
418, 552, 2.3068048971576137e-15
406, 552, 2.1264328801064445e-15
655, 815, 1.8134234197827725e-15
463, 653, 1.634372527642682e-15
463, 552, 1.5963970083778517e-15
188, 815, 1.5873517290671802e-15
448, 552, 1.5607676127238887e-15
118, 227, 1.4932535110743107e-15
128, 227, 1.4811445791856619e-15
118, 552, 1.3354021512636023e-15
120, 815, 1.1963549066063895e-15
325, 571, 1.0702611994032507e-15
352, 815, 1.0446208941860113e-15
128, 552, 9.463388605394417e-16
406, 815, 8.032498315492332e-16
188, 693, 7.615196745991728e-16
38649, 38952, 7.50701927541574e-16
167, 552, 7.260462894216745e-16
165, 552, 7.207217671630333e-16
418, 815, 7.088236507098281e-16
194, 552, 6.062899712307433e-16
118, 815, 5.886443182611059e-16
128, 815, 5.431672288588418e-16
368, 552, 5.407078476285628e-16
200, 571, 5.153666034178272e-16
202, 552, 4.834559060486434e-16
325, 704, 4.4254447073682756e-16
607, 704, 4.149586031898926e-16
354, 571, 2.9152126138873536e-16
205, 571, 1.812957891269853e-16
145, 227, 4.27716222648036e-17
145, 338, 4.2306884986221137e-17
25, 128, 3.4600726087132236e-17
145, 394, 2.2538387234352905e-17
200, 406, 6.016706789543663e-18
356, 406, 3.7920701419359186e-18
118, 399, 3.132810285398384e-18
32579, 32872, 2.9872303721500314e-18
343, 399, 2.7320281506325114e-18
128, 399, 2.433532410995396e-18
205, 406, 2.214032426822398e-18
165, 399, 1.5901705516388986e-18
167, 399, 1.5878022550740456e-18
194, 399, 1.5410828102858895e-18
32485, 32921, 1.530557819859351e-18
202, 399, 1.2376382774100205e-18
32752, 32872, 8.737294505915608e-19
25, 380, 7.316662549609056e-19
32435, 32872, 7.016083204512532e-19
145, 406, 6.562436302899337e-19
354, 399, 4.033760620030023e-19
200, 399, 2.4821529749082166e-19
205, 399, 9.664584866605897e-20
25, 338, 7.338392599777185e-20
25, 227, 5.760422864939294e-20
32306, 32872, 4.085585538954277e-20
25, 394, 3.5471939865866306e-20
32072, 32932, 3.4613182274287616e-20
32839, 32887, 3.2837426772521064e-20
32072, 32887, 2.800132620952577e-20
29356, 32910, 2.093991786775341e-20
25, 430, 1.7125561207196012e-20
32677, 32872, 1.6850187670669464e-20
32392, 32872, 9.645093574286937e-21
32579, 32921, 8.732944846703657e-21
32429, 32872, 8.67860888738923e-21
32839, 32932, 8.389052089317771e-21
32485, 32932, 7.432844930148834e-21
32435, 32921, 2.1867464436759448e-21
