Gene = CG17300
index = 412
Annotated 5SS: [139 546]
Annotated 3SS: [216 671]
SMsplice 5SS: [139 546]
SMsplice 3SS: [216 671]
length: 903
Partition function (logZ) = -6.034762251470505
#Introns = 600
5SS, 3SS, prob
139, 216, 0.7411927567151276
546, 671, 0.6160224514426774
546, 607, 0.12249784578491606
155, 216, 0.11616247861079433
161, 216, 0.011418374015100248
546, 686, 0.010063477238368273
546, 615, 0.007477307495154546
312, 671, 0.005162582870544124
519, 671, 0.004679148226608384
550, 671, 0.00417405022260219
524, 671, 0.0034981163616665833
546, 710, 0.002438827710405945
546, 695, 0.0016582160940542886
139, 273, 0.0012425005571562446
475, 671, 0.0011875585213756634
312, 407, 0.0011041134785485516
567, 671, 0.0010243924031441913
546, 716, 0.0007313596837042672
550, 607, 0.000701924287908692
125, 216, 0.0006501851430458178
86, 216, 0.000611470486879425
495, 671, 0.0006040479844897114
139, 671, 0.0005476009252056134
280, 348, 0.00028867501313538813
342, 407, 0.0001916612878578359
581, 671, 0.00018693595698921752
546, 749, 0.00011716546779837577
574, 671, 0.00011552934206363975
312, 686, 0.00011389265123810171
519, 607, 0.00010955688777606282
524, 607, 0.000109394093798976
546, 856, 8.674394169169258e-05
139, 348, 8.199145031861707e-05
519, 686, 7.985059156384879e-05
280, 671, 7.573577261870799e-05
550, 615, 6.893181281326576e-05
550, 686, 6.758469572326643e-05
524, 686, 6.711540363722226e-05
342, 671, 5.8588220255158854e-05
312, 607, 5.410246904390956e-05
155, 273, 5.218243517526126e-05
312, 502, 4.2206551396398154e-05
139, 407, 3.821585424378725e-05
546, 858, 3.624865703816304e-05
394, 671, 2.8794420525728754e-05
475, 686, 2.8236529446186374e-05
312, 710, 2.7519235189793566e-05
519, 710, 2.3283511392320293e-05
567, 686, 2.0919623980738218e-05
312, 695, 1.8713995356985963e-05
475, 607, 1.8339364077724046e-05
524, 710, 1.8043380787354603e-05
550, 710, 1.7348999072825355e-05
519, 695, 1.5009965406601601e-05
155, 671, 1.4608890176615657e-05
546, 785, 1.3619525615950652e-05
312, 444, 1.2911108108980175e-05
280, 407, 1.2434753317180365e-05
139, 686, 1.2285242854029403e-05
495, 686, 1.1737379255702628e-05
550, 695, 1.1135860491223563e-05
312, 418, 1.0777102679509621e-05
524, 695, 1.0601284153677736e-05
7, 216, 1.0387552353996008e-05
796, 856, 1.0218484463138534e-05
495, 607, 1.005347672214185e-05
329, 671, 9.81110103283812e-06
86, 138, 9.347124344586406e-06
312, 716, 9.257892389774782e-06
519, 615, 8.924438891161208e-06
460, 671, 8.206389784145145e-06
312, 413, 8.073625030375486e-06
546, 873, 7.613646326103438e-06
519, 716, 7.506870241444611e-06
524, 615, 7.466575196526863e-06
329, 407, 6.539600998066001e-06
161, 273, 6.536740143474983e-06
475, 710, 6.504579364206721e-06
322, 671, 6.286238339270085e-06
524, 716, 5.610252085846224e-06
312, 615, 5.244900135378e-06
782, 856, 5.112653304496555e-06
780, 856, 4.962921439184507e-06
550, 716, 4.8851738129742655e-06
475, 695, 4.774371337486332e-06
312, 513, 4.6685102359545776e-06
567, 710, 4.5078760362768455e-06
301, 671, 4.42568586731881e-06
796, 858, 4.22585930541764e-06
567, 615, 4.128750995380922e-06
312, 460, 4.099823765515488e-06
312, 457, 4.078835424262567e-06
495, 710, 4.033731560222768e-06
139, 502, 3.6840918041255184e-06
360, 671, 3.639794551763788e-06
139, 607, 3.537930042455647e-06
301, 348, 3.5332892737200446e-06
546, 757, 3.4740876178481745e-06
567, 695, 3.4256455458736842e-06
86, 273, 3.4224137642765817e-06
139, 710, 2.6557897473829447e-06
125, 273, 2.5755176343693152e-06
368, 671, 2.569515048780449e-06
581, 686, 2.498747074851192e-06
155, 348, 2.4471894246775165e-06
382, 671, 2.3103437201398052e-06
475, 716, 2.28429402911002e-06
322, 407, 2.1913109804942434e-06
495, 695, 2.166291409416779e-06
139, 695, 2.097128814515692e-06
161, 671, 2.0402209609571017e-06
139, 311, 1.975033560007181e-06
574, 686, 1.8556599081596915e-06
139, 280, 1.8148847004062389e-06
360, 407, 1.7764127703448362e-06
475, 615, 1.7037469159484771e-06
312, 856, 1.6952039597377936e-06
782, 858, 1.6614717314003513e-06
780, 858, 1.6291037392559034e-06
312, 749, 1.5417962253373677e-06
125, 671, 1.5399419946969903e-06
280, 686, 1.5166845583005177e-06
793, 856, 1.3818787433610742e-06
567, 716, 1.3780625407616711e-06
155, 407, 1.339307024498765e-06
312, 390, 1.3219966102545842e-06
342, 686, 1.3074995010120045e-06
495, 716, 1.1775524990972465e-06
86, 154, 1.1595107923502505e-06
546, 680, 1.1339433274720712e-06
86, 671, 1.1270765941636398e-06
495, 615, 1.072832908147105e-06
519, 749, 1.0537349626404693e-06
475, 524, 1.0506822042866203e-06
7, 86, 1.0258733499908428e-06
342, 413, 8.99140944070807e-07
519, 581, 8.482662532790655e-07
475, 535, 8.364242501737221e-07
524, 749, 8.06904486526096e-07
519, 856, 7.899141531418291e-07
139, 716, 7.512473275638012e-07
139, 444, 7.413741021123776e-07
139, 283, 7.240777134404886e-07
342, 418, 7.15369844702322e-07
550, 749, 7.113500000702304e-07
312, 858, 6.973072141546573e-07
342, 502, 6.919667044226936e-07
581, 710, 6.711220376286213e-07
280, 607, 6.601691951854697e-07
280, 502, 6.581320308613209e-07
301, 407, 6.554730557699454e-07
394, 686, 6.458274646877306e-07
342, 607, 6.133529331539285e-07
394, 457, 5.826377951721516e-07
312, 524, 5.786119232220757e-07
524, 581, 5.691056235479864e-07
394, 444, 5.516992157508997e-07
550, 856, 5.498447434297639e-07
524, 856, 5.494983935623316e-07
139, 418, 5.357671003081187e-07
793, 858, 5.149892586674719e-07
607, 671, 5.117920542471333e-07
394, 460, 5.066278730584849e-07
581, 695, 4.699316645851745e-07
280, 710, 4.610001114060179e-07
574, 710, 4.519738295320243e-07
342, 710, 4.5094195551570154e-07
139, 513, 4.411689576309385e-07
139, 615, 4.368466998854258e-07
686, 749, 4.2061922217508875e-07
785, 856, 4.113338001116274e-07
394, 502, 3.9743195082572214e-07
155, 686, 3.6288417058293545e-07
475, 749, 3.5379552716821527e-07
495, 555, 3.507758309381041e-07
574, 695, 3.5044885503774865e-07
394, 607, 3.4944449688957485e-07
139, 413, 3.478683789961527e-07
519, 858, 3.397978014660533e-07
161, 348, 3.389050005472027e-07
280, 695, 2.8533370933248053e-07
475, 856, 2.8466845326745454e-07
139, 457, 2.5824772733040483e-07
139, 460, 2.5390668907373595e-07
342, 695, 2.5194082522467543e-07
796, 873, 2.3979270119234594e-07
7, 121, 2.3841174945071578e-07
524, 858, 2.3568019941836353e-07
550, 858, 2.329309594871797e-07
86, 348, 2.277705617572486e-07
342, 444, 2.2231408756754705e-07
329, 686, 2.1616797483385207e-07
581, 716, 2.0399329846699792e-07
567, 749, 1.883812979888127e-07
312, 785, 1.8385121585267663e-07
125, 348, 1.7630621500522696e-07
717, 785, 1.725630093439375e-07
546, 761, 1.6959038026973595e-07
161, 407, 1.6246693017023404e-07
280, 716, 1.621732494019561e-07
139, 749, 1.5957827147992114e-07
495, 749, 1.595736057243253e-07
312, 873, 1.5846878901149346e-07
780, 873, 1.566819471525544e-07
394, 710, 1.5644485961008862e-07
567, 856, 1.4219458153162858e-07
342, 716, 1.418834954333309e-07
574, 716, 1.3934551282880592e-07
495, 856, 1.377035609643229e-07
785, 858, 1.3466035483035829e-07
519, 785, 1.3434177199898395e-07
782, 873, 1.3193636198237397e-07
280, 444, 1.2777935083409602e-07
322, 686, 1.2630904755464001e-07
86, 407, 1.2356418200011798e-07
360, 418, 1.229786373149485e-07
280, 418, 1.2159735864874944e-07
475, 858, 1.1703395686179573e-07
460, 513, 1.1700716753290396e-07
155, 710, 1.1544721215537764e-07
460, 686, 1.1518884072549512e-07
475, 539, 1.1340771510864672e-07
155, 607, 1.1214602524191764e-07
155, 502, 1.1014205387158871e-07
86, 149, 1.1010824831817817e-07
382, 444, 1.0136805701380719e-07
394, 695, 1.0056023037538107e-07
475, 555, 9.741761884359149e-08
546, 697, 9.439707905571058e-08
312, 535, 9.428539183521013e-08
125, 407, 9.363508440522024e-08
519, 873, 9.353254629281871e-08
329, 607, 9.344474545322023e-08
524, 785, 9.266723617131035e-08
280, 413, 8.703105505220759e-08
329, 502, 8.566789275613428e-08
550, 785, 8.422396398956421e-08
155, 695, 8.192485566609561e-08
139, 856, 8.067831871704452e-08
312, 555, 7.832716634306705e-08
460, 607, 7.645171048185843e-08
546, 861, 7.552556560537926e-08
342, 460, 7.016904017388238e-08
155, 311, 6.99119424874604e-08
301, 686, 6.764135300259863e-08
342, 457, 6.671348432396937e-08
524, 873, 6.512135741492022e-08
342, 615, 6.426598791000124e-08
717, 856, 6.33769892715085e-08
322, 607, 6.328409602948597e-08
155, 280, 6.148797935989401e-08
567, 858, 6.055829765615322e-08
495, 858, 5.806922125850973e-08
329, 710, 5.7817137593487506e-08
280, 615, 5.4892056837917335e-08
360, 686, 5.3959133881191615e-08
831, 873, 5.29375017497803e-08
7, 273, 5.222387830534467e-08
360, 413, 5.0547374296203864e-08
815, 873, 5.014351327465054e-08
550, 873, 5.00288064257175e-08
280, 460, 4.7057291844528e-08
394, 716, 4.5907296041129766e-08
7, 671, 4.575288108854106e-08
280, 457, 4.4442339586260554e-08
368, 686, 4.417946480063169e-08
86, 686, 4.29324522030427e-08
475, 785, 4.2156069922313254e-08
382, 686, 3.993268162673509e-08
322, 502, 3.9248187948764495e-08
280, 513, 3.7020477443628344e-08
329, 695, 3.6835795160440836e-08
342, 513, 3.675426061050974e-08
155, 716, 3.662254765439462e-08
161, 686, 3.654177761272092e-08
460, 710, 3.558877174548748e-08
322, 710, 3.503266603690295e-08
139, 858, 3.4863300020280214e-08
301, 607, 3.472464510126329e-08
460, 502, 3.450559818511731e-08
825, 873, 3.434655051218556e-08
360, 607, 3.2409726316753796e-08
329, 418, 3.176854415298407e-08
368, 418, 3.139770458914221e-08
368, 444, 3.028211191500381e-08
394, 615, 2.8967954661856457e-08
312, 757, 2.866446015406859e-08
329, 413, 2.7738808006402192e-08
312, 581, 2.7582346884029463e-08
329, 444, 2.748849840816397e-08
394, 513, 2.739102346317576e-08
519, 567, 2.73680114236431e-08
125, 686, 2.723049483696188e-08
717, 858, 2.6094539218594105e-08
322, 695, 2.5228865698804654e-08
360, 502, 2.519759940982544e-08
86, 133, 2.455574261867918e-08
155, 283, 2.441974497429971e-08
519, 757, 2.429174039483364e-08
475, 873, 2.392302840923585e-08
155, 444, 2.283842815751199e-08
301, 502, 2.203098385687667e-08
567, 785, 2.128420862004256e-08
495, 785, 2.0993485278271744e-08
382, 502, 2.0528249579287414e-08
368, 502, 2.0008654466272503e-08
139, 524, 1.9721727361968133e-08
793, 873, 1.9216217172076197e-08
139, 301, 1.8500187762239285e-08
342, 749, 1.8354087996720687e-08
360, 444, 1.8349943808901086e-08
342, 390, 1.8137903749683833e-08
581, 749, 1.812642170990251e-08
550, 757, 1.7719807629694213e-08
524, 757, 1.7449211638387375e-08
322, 444, 1.73826599314605e-08
322, 418, 1.6808595480304942e-08
139, 390, 1.5354132615816804e-08
139, 785, 1.5055974186587598e-08
342, 856, 1.4844621634114006e-08
7, 138, 1.4692850784607788e-08
139, 873, 1.3880555085388297e-08
155, 418, 1.3490213276150721e-08
495, 873, 1.3275927871887616e-08
581, 856, 1.3192488676924694e-08
329, 390, 1.3095666367339544e-08
322, 413, 1.2744817486912437e-08
280, 856, 1.2698155900456374e-08
567, 873, 1.2206293122548743e-08
382, 457, 1.0567624419682356e-08
574, 856, 1.0374433302384115e-08
460, 524, 9.782809886663046e-09
161, 502, 9.404373807377582e-09
155, 413, 9.201676492702636e-09
329, 457, 8.978047673159465e-09
329, 460, 8.960386262371712e-09
161, 311, 8.684047636442035e-09
161, 280, 8.617721495357168e-09
86, 502, 8.387549747855038e-09
155, 460, 8.175906076994788e-09
301, 418, 8.026685055908713e-09
155, 457, 7.790554421279844e-09
155, 513, 7.74487176157667e-09
301, 444, 7.67256740882373e-09
382, 460, 7.555578416416792e-09
815, 858, 6.749752402094316e-09
785, 873, 6.513315581640667e-09
125, 502, 6.274600403530489e-09
796, 861, 6.182115198639638e-09
329, 513, 5.919659405234034e-09
86, 311, 5.836948410687216e-09
223, 273, 5.836213321617252e-09
322, 390, 5.533514387185003e-09
368, 413, 5.259940350393063e-09
322, 457, 5.235365577499423e-09
322, 460, 5.227210746393089e-09
312, 539, 5.192967493622563e-09
301, 413, 5.151166783034209e-09
7, 348, 5.131616421357615e-09
280, 390, 5.053304692264953e-09
125, 311, 4.305092552007405e-09
360, 457, 4.093795526817106e-09
86, 280, 4.067177125990388e-09
360, 460, 3.906796666938172e-09
368, 457, 3.6705965401568107e-09
280, 524, 3.6472622212624067e-09
322, 513, 3.5807586960575963e-09
342, 524, 3.5426004561643504e-09
161, 283, 3.4881946758561596e-09
368, 460, 3.464177226384048e-09
125, 280, 3.3663177853294445e-09
139, 535, 3.032154821715803e-09
7, 407, 2.98989474542202e-09
161, 444, 2.8611702721990767e-09
301, 460, 2.785128827043399e-09
301, 457, 2.7010413182274943e-09
301, 513, 2.446744713475145e-09
86, 444, 2.4327596020620356e-09
360, 513, 2.2597798393817494e-09
394, 524, 2.1216941661993025e-09
161, 418, 1.8297647483542937e-09
382, 513, 1.7049151474498721e-09
86, 283, 1.6891252358794834e-09
368, 513, 1.681982010280216e-09
86, 418, 1.5292485605994107e-09
125, 444, 1.4297659166749767e-09
125, 283, 1.4116047456703283e-09
161, 413, 1.3289319210292473e-09
125, 418, 1.2844927411945917e-09
495, 539, 1.2795038970170053e-09
86, 161, 1.1956131158724182e-09
7, 154, 1.093339706796906e-09
161, 460, 1.0730900723141978e-09
161, 457, 1.0718999733834051e-09
86, 460, 1.0200455446358498e-09
86, 413, 9.964488802786056e-10
86, 457, 9.641482218124166e-10
161, 513, 9.340286311848827e-10
125, 413, 8.393122529427397e-10
86, 513, 7.76923478397542e-10
155, 524, 7.359190078756798e-10
155, 301, 6.732712810863203e-10
280, 535, 5.47344843598162e-10
125, 513, 5.400641111343571e-10
342, 535, 5.373234979436063e-10
125, 460, 5.133703217157077e-10
460, 535, 5.003905790346706e-10
155, 390, 4.94895036775993e-10
329, 524, 4.852739717124351e-10
125, 457, 4.786399121773901e-10
139, 539, 4.4402468999340824e-10
301, 390, 4.0869740118225765e-10
322, 524, 3.291668822665838e-10
394, 535, 3.022254503492719e-10
247, 348, 2.564792655056295e-10
7, 502, 2.420831502112849e-10
301, 524, 1.8374350956581553e-10
360, 524, 1.8317789528456356e-10
234, 348, 1.8122223517446175e-10
7, 133, 1.7960077223876102e-10
368, 524, 1.4992636644530876e-10
7, 311, 1.446304715838223e-10
382, 524, 1.3243009876209667e-10
155, 535, 1.1705734358911351e-10
247, 311, 1.0091973258011076e-10
247, 407, 9.579995042854022e-11
161, 301, 9.497880965235151e-11
7, 280, 9.253364671509643e-11
161, 524, 9.238380452527172e-11
329, 535, 8.903256807682257e-11
223, 348, 8.240405272448074e-11
342, 539, 7.853861734780218e-11
7, 149, 7.819064354612363e-11
86, 524, 7.586210638525756e-11
280, 539, 7.511472363542177e-11
86, 301, 7.058063345484063e-11
161, 390, 6.487746091564229e-11
86, 390, 6.177228426030063e-11
322, 535, 6.164525352980658e-11
234, 407, 6.112244388941327e-11
7, 444, 5.6188549180645645e-11
125, 524, 4.564840280293383e-11
460, 539, 4.508031020488505e-11
394, 539, 4.219742692472075e-11
125, 301, 4.113857435269406e-11
7, 418, 4.0861282479994355e-11
7, 283, 3.861234458551911e-11
125, 390, 3.4461626847486945e-11
223, 407, 3.106101062192506e-11
360, 535, 2.8315734387443368e-11
301, 535, 2.7844730165462406e-11
7, 413, 2.6535902442684513e-11
7, 513, 2.2845527822742317e-11
382, 535, 2.0201436384485337e-11
368, 535, 2.013763508283177e-11
223, 280, 1.939305717504696e-11
234, 311, 1.8815524917713366e-11
161, 535, 1.649223395840854e-11
155, 539, 1.642511658880239e-11
7, 460, 1.574362467081246e-11
7, 457, 1.5540825656383167e-11
329, 539, 1.3771040539274593e-11
495, 550, 1.3008795688987282e-11
475, 550, 1.0257371521355614e-11
86, 535, 9.753157005686988e-12
223, 283, 8.972420186630104e-12
139, 555, 8.955634943072543e-12
322, 539, 8.81341659286571e-12
125, 535, 7.949768378626538e-12
234, 280, 4.6227992645203475e-12
234, 283, 4.378400390595677e-12
247, 502, 4.363863094865101e-12
360, 539, 4.296083544342274e-12
312, 550, 4.2447629901710234e-12
301, 539, 4.191303795227517e-12
7, 161, 3.708946428733917e-12
223, 311, 3.562963575135572e-12
234, 502, 3.4423667388080477e-12
382, 539, 3.0738246624969213e-12
368, 539, 2.898660804121273e-12
161, 539, 2.322903166985137e-12
342, 555, 1.992249212770541e-12
280, 555, 1.8211467669832106e-12
223, 502, 1.7849486850998915e-12
7, 524, 1.7321385266433497e-12
7, 301, 1.508501654666283e-12
7, 390, 1.4231540765051934e-12
86, 539, 1.3867535938078297e-12
247, 444, 1.2991848114024199e-12
234, 444, 1.168698900060427e-12
125, 539, 1.1674136859934804e-12
247, 418, 1.0074680294996194e-12
394, 555, 8.519941423307839e-13
368, 607, 8.392815296132952e-13
234, 418, 8.324542723933903e-13
460, 695, 7.127861488381234e-13
247, 413, 7.014260725441267e-13
382, 607, 6.998852334947044e-13
301, 710, 6.35250268602171e-13
247, 460, 5.883150557123367e-13
161, 607, 5.62632992975949e-13
247, 457, 5.527782499338088e-13
86, 607, 5.515867276057292e-13
234, 413, 5.513183201531863e-13
360, 710, 5.084051037816761e-13
223, 444, 5.0506271681372e-13
329, 716, 4.840558085591752e-13
161, 710, 4.3110983761444756e-13
125, 607, 4.170361857921485e-13
155, 615, 4.131622544634996e-13
247, 513, 4.126520152169854e-13
301, 695, 4.088562927198285e-13
329, 615, 3.9658700366693696e-13
460, 555, 3.842044100407151e-13
234, 301, 3.7793259757109573e-13
223, 418, 3.6515965971639697e-13
234, 457, 3.6335715154478903e-13
234, 513, 3.5877566016490107e-13
234, 460, 3.5815924811105586e-13
247, 301, 3.5570387942048334e-13
368, 710, 3.513400059524833e-13
360, 695, 3.376175633469316e-13
7, 535, 3.128144642280213e-13
161, 695, 3.1020402784447877e-13
460, 615, 3.0892235035157726e-13
155, 555, 2.93643984502693e-13
322, 716, 2.8608926210999083e-13
460, 716, 2.7820277931476613e-13
280, 749, 2.665845209763366e-13
382, 710, 2.6493760785500793e-13
86, 710, 2.6337822411644844e-13
322, 615, 2.6172407884069824e-13
223, 413, 2.530011014215618e-13
86, 695, 2.4803747061573255e-13
382, 695, 2.3762507120466e-13
329, 555, 2.3611952927508775e-13
368, 695, 2.3028896674585677e-13
574, 749, 2.2182732823731723e-13
223, 513, 1.8765635193171e-13
223, 460, 1.6888082831715903e-13
301, 716, 1.627469256487789e-13
360, 716, 1.6093806882563466e-13
223, 457, 1.6029889238662498e-13
322, 555, 1.4733150742599663e-13
125, 695, 1.348853490979975e-13
161, 716, 1.244396981012625e-13
125, 710, 1.1929396940977972e-13
394, 749, 1.0766196147176226e-13
368, 716, 1.0583660315264992e-13
301, 555, 8.805851266227364e-14
86, 716, 8.55620534502876e-14
360, 555, 8.409484697672151e-14
382, 716, 8.362251232623707e-14
342, 550, 7.613430320299464e-14
301, 615, 7.032141826474892e-14
368, 555, 6.479469530463617e-14
280, 550, 6.138425248248242e-14
360, 615, 6.024501029713776e-14
155, 749, 5.829351118841186e-14
223, 301, 5.709751007721196e-14
7, 539, 5.43905529872907e-14
382, 555, 5.264836910805522e-14
368, 615, 4.611037250807172e-14
247, 524, 4.1053238693508886e-14
161, 555, 3.875643842050145e-14
394, 550, 3.617295717861412e-14
329, 749, 3.5179208199804456e-14
234, 524, 3.4887066458990603e-14
86, 555, 2.9959398786310764e-14
125, 555, 2.264429780816644e-14
86, 615, 1.9822487855098622e-14
382, 615, 1.9172777965662892e-14
125, 716, 1.8203735957510863e-14
460, 550, 1.712627263102995e-14
680, 749, 1.4528864015284147e-14
607, 686, 1.1621245729437796e-14
223, 524, 1.1345777101991112e-14
329, 550, 1.038532898570404e-14
460, 749, 9.704252795331569e-15
697, 749, 9.602836170824463e-15
322, 749, 8.09445602112694e-15
247, 535, 7.316070099049205e-15
322, 550, 5.85167197932361e-15
301, 550, 3.5349080547375476e-15
360, 550, 3.5341904092396803e-15
234, 535, 3.2837029330642706e-15
368, 550, 2.687169903172987e-15
161, 615, 2.3498986313902254e-15
125, 615, 2.1386064722379105e-15
382, 550, 2.126216374002956e-15
7, 555, 8.764066610057753e-16
7, 607, 5.782362973698485e-16
247, 390, 4.736117962076614e-16
234, 390, 3.5298642784748805e-16
247, 671, 1.825748432514616e-16
234, 671, 1.5950984370633663e-16
7, 686, 1.4273580171243147e-16
223, 390, 1.3846425664581457e-16
223, 671, 5.903849116280904e-17
7, 615, 4.6883970878446756e-24
