Gene = CG1299
index = 170
Annotated 5SS: [ 330 1696 2027 2860 2998]
Annotated 3SS: [1525 1767 2453 2921 3062]
SMsplice 5SS: [ 167 1696 2027 2860 2998]
SMsplice 3SS: [1525 1767 2453 2921 3062]
length: 3778
Partition function (logZ) = 5.381470707738
#Introns = 1492
5SS, 3SS, prob
2998, 3062, 0.9885526802570271
2860, 2921, 0.9262628230879535
2027, 2453, 0.89790856386997
167, 220, 0.35884807751959763
330, 1525, 0.3439827466493866
1696, 1767, 0.3246881935797266
167, 1525, 0.24989650961353346
1696, 1832, 0.20294989536707822
1696, 1857, 0.1303342963091386
2027, 2312, 0.06982996393398025
3253, 3306, 0.04626825940861653
1696, 1804, 0.04162549784161068
2567, 2624, 0.03156205136763367
2364, 2453, 0.02773904730750756
330, 1832, 0.027474305173627797
167, 1593, 0.025967458730960923
3253, 3319, 0.025760371312423147
330, 1857, 0.02539661913700459
330, 1593, 0.021388870627614437
167, 1857, 0.021300698694379745
167, 1832, 0.018271719207108936
2723, 2886, 0.016529961299153472
330, 404, 0.014669076899119584
3253, 3572, 0.012448564595590485
1696, 1787, 0.01232551477036916
1372, 1525, 0.01202546811694676
1713, 1767, 0.011824838727644872
3253, 3348, 0.011679388642341873
772, 1525, 0.011596008616777138
2023, 2453, 0.010445011080270093
2860, 3062, 0.009740956320528073
3253, 3335, 0.009527277248247935
739, 1525, 0.008766353785818247
824, 1525, 0.007903900235453006
330, 730, 0.007807094323204948
330, 1611, 0.007439316511589358
1244, 1525, 0.0070376389276422535
1693, 1767, 0.006728681784482171
1713, 1832, 0.00649016285454645
3253, 3330, 0.006015531300142749
167, 730, 0.0059370361751929146
1764, 1832, 0.0059325370195482
1693, 1832, 0.005914454434791261
1696, 2453, 0.005637533508007222
1685, 1832, 0.005602637653605861
830, 1525, 0.00508703370721863
167, 1804, 0.005009513987269527
3253, 3735, 0.004571784823418968
835, 1525, 0.0045184405125542615
167, 1190, 0.004461646187495814
330, 1190, 0.004155923977248885
1696, 1743, 0.004131166900386512
330, 1804, 0.004080970768713032
157, 220, 0.0039637208806347635
1693, 1857, 0.00357945264119217
1713, 1857, 0.0034947474418117338
2723, 2794, 0.003487718185969054
1685, 1857, 0.003439245388718718
167, 1611, 0.0033135924560998647
330, 2453, 0.003286452597935152
330, 1533, 0.003204809799993091
330, 1490, 0.0031058013570995973
1696, 1904, 0.0029682639930457976
167, 2453, 0.0029164471560008893
330, 1767, 0.0028814185888058333
163, 220, 0.002859443566291073
330, 1430, 0.002806136860748764
1685, 1767, 0.00280227943347243
330, 432, 0.0026476558277203008
83, 1525, 0.0025917014694995305
1467, 1525, 0.0025680329451870125
351, 1525, 0.0025608401502462937
3253, 3545, 0.0025594389399411365
620, 1525, 0.0024302155301839045
106, 1525, 0.002276588212755964
167, 1767, 0.0022276282578175704
167, 1490, 0.002218355717912973
3253, 3444, 0.002159952648283907
330, 1565, 0.0020616596636743537
1372, 1430, 0.002046290873248217
157, 1525, 0.0019248904268884001
167, 1533, 0.0018346010927627573
906, 1525, 0.00176136875177099
1344, 1525, 0.0016669236442291976
2027, 2490, 0.0016603791627941703
167, 1565, 0.0016240404082624538
1713, 1804, 0.001563505709257772
2690, 2886, 0.0015623234869003198
638, 1525, 0.001523552371205838
167, 238, 0.0014993921817938016
936, 1525, 0.001482772375821944
330, 706, 0.0014630572394556882
330, 447, 0.0014485152992054456
251, 1525, 0.001445871686555784
588, 1525, 0.0014414728570971691
167, 255, 0.0014383079031649569
2723, 2921, 0.001428556922322761
167, 1414, 0.0014197172705704495
3253, 3659, 0.0014156027423957893
330, 1414, 0.0014061169605200543
1685, 1804, 0.0013947709511644359
167, 1430, 0.0013704054448768746
163, 1525, 0.0013373537884663277
1713, 1787, 0.00128921330795462
1693, 1804, 0.0012654393906099987
330, 540, 0.001224975474508626
959, 1525, 0.0012163536396836373
2027, 2270, 0.001189140576243263
3253, 3538, 0.0011784324001896482
167, 706, 0.0011235418688539485
3253, 3641, 0.0010931764184300356
739, 801, 0.0009765870465439385
167, 1787, 0.0009760958571639693
3253, 3656, 0.0009407518754691478
167, 1904, 0.0009316669551431274
330, 1904, 0.0009305270818673482
330, 771, 0.0009098440647771786
923, 1525, 0.0008997249579718234
330, 411, 0.000896500184794348
330, 1440, 0.0008933846993485937
330, 1787, 0.0008205185461863084
330, 801, 0.000798540135304789
1685, 1743, 0.0007840833716549316
2825, 2886, 0.0007813037611019603
2023, 2312, 0.000778267041523319
2864, 2921, 0.0007733246978296835
3253, 3356, 0.0007670110502600955
167, 771, 0.0007640027254496123
2027, 2239, 0.0007625148214068821
167, 404, 0.0007325066037351931
2357, 2453, 0.0007313131572812411
934, 1525, 0.0007174490754531454
3253, 3401, 0.0007127099543647264
167, 432, 0.000703996179483723
2567, 2886, 0.0007031773201923085
1145, 1525, 0.0006977718016050702
167, 540, 0.0006940579033813999
2292, 2453, 0.0006485946462366617
2567, 2632, 0.0006405685233899092
330, 1656, 0.0006394872004640053
772, 1593, 0.000614169364947301
824, 1593, 0.0006087067022626143
93, 1525, 0.0005950517390629898
739, 1593, 0.0005822329840494053
1372, 1593, 0.0005698230722070446
167, 801, 0.0005312614739165681
2027, 2624, 0.000518757317312231
772, 1832, 0.0004887042994100683
824, 1832, 0.00048265922702968116
1764, 1857, 0.00047301689334337447
3253, 3528, 0.00046663539752011483
167, 447, 0.0004650071934873248
739, 1857, 0.0004628763767910724
830, 1832, 0.0004595716222202816
404, 1525, 0.00044172121276319883
2723, 3062, 0.0004399602997973022
2027, 2886, 0.0004378107974072297
830, 1593, 0.0004122883362783618
330, 1018, 0.00037792624431657424
835, 1832, 0.0003758227053024965
824, 1857, 0.0003653214860846106
330, 963, 0.00036107765642169544
2718, 2886, 0.0003597658150305412
1696, 1936, 0.00035891116248060726
167, 1440, 0.0003588328132901357
1244, 1593, 0.0003558966611297257
830, 1857, 0.00034838072327099894
1072, 1525, 0.00034286535822183797
1372, 1440, 0.0003427306133659741
835, 1593, 0.0003396721051262828
2860, 2906, 0.00033600789091491794
83, 1593, 0.0003315253431629048
2794, 2886, 0.000331282598120193
167, 1018, 0.00033119316409741645
1693, 1787, 0.0003289282501916603
1619, 1832, 0.0003226352954993102
167, 1656, 0.0003184673142549352
739, 1832, 0.0003154954888962523
807, 1525, 0.0003133098188625368
330, 1372, 0.00030939085109658626
2335, 2453, 0.0002955942911124181
1696, 2312, 0.00029080346781654073
330, 576, 0.00028839875893546123
772, 1857, 0.00027928723812176235
1685, 1787, 0.0002775815449960298
601, 1525, 0.0002691881212476262
835, 1857, 0.00026616688928257827
3427, 3572, 0.00026365337838950493
2027, 2357, 0.00025624450330131066
1693, 1743, 0.0002550100502504987
83, 1832, 0.00025458050991145
167, 963, 0.0002510722785067618
167, 1372, 0.000249827381441973
57, 1525, 0.0002497252916699236
1234, 1525, 0.0002494222435688075
351, 1593, 0.00024576910446666043
2543, 2624, 0.0002452392563873052
817, 1525, 0.00023661209851288468
330, 1619, 0.0002348254642109114
351, 1857, 0.0002282570234868647
2027, 2335, 0.00022658834252801418
351, 1832, 0.00022243836362693896
1372, 1857, 0.0002219847324576729
157, 1857, 0.0002183603284725954
3267, 3335, 0.00021785866777805426
2027, 2461, 0.00021471205787702933
83, 135, 0.0002144618771241011
351, 404, 0.00021281710595483504
310, 1525, 0.00020961553358972193
330, 971, 0.0002036143683917004
330, 1344, 0.0001996489822532782
638, 706, 0.00019843548903194458
330, 1743, 0.00019695457194414794
106, 1832, 0.00019653697946665522
638, 1593, 0.00019422844066197028
1619, 1857, 0.00019135127170629278
1594, 1656, 0.00019070611365070003
1685, 2453, 0.00018855248312930713
1372, 1832, 0.00018479272051164728
1987, 2453, 0.00018431536997653487
1696, 1972, 0.00017338913250401655
1236, 1525, 0.00017256588476760183
83, 220, 0.00017239337337950783
3253, 3618, 0.00016857111546450543
167, 971, 0.00016277793858423842
167, 576, 0.00016236127204137063
620, 1832, 0.0001612202924935481
1244, 1857, 0.00015980510479685122
171, 1525, 0.00015728847239535065
167, 1743, 0.00015649173406729103
167, 1214, 0.00015376370511353466
330, 1214, 0.0001510512712092663
1693, 2453, 0.00014977520468778004
106, 220, 0.00014677973925907327
638, 730, 0.00014566199920323692
2690, 2921, 0.00014265010058267297
330, 2312, 0.00014206045809271896
157, 1832, 0.0001407073209397138
1244, 1832, 0.0001383040285271245
167, 1619, 0.00013828365901109727
698, 1525, 0.00013721185028160225
163, 1593, 0.0001365069924515239
1594, 1832, 0.00013590738105443692
157, 1593, 0.0001342557067424023
2027, 2496, 0.00013348074149435716
620, 1593, 0.00013185504792145996
167, 2312, 0.0001278488674578356
2411, 2453, 0.0001267340496796483
251, 1832, 0.00012590747364963167
135, 1525, 0.0001208330888932646
106, 1857, 0.00011935600472241777
3267, 3330, 0.00011563357397290787
330, 1145, 0.00011483854736068842
163, 1857, 0.00011419925841928376
2279, 2453, 0.00011211542075432772
167, 411, 0.0001103444426955576
330, 1378, 0.00011024808049721032
83, 1857, 0.00011015073325287546
1713, 2453, 0.00010758709666116269
1344, 1414, 0.00010651971195337995
592, 1525, 0.00010463956076275653
620, 730, 0.00010402684399183273
3267, 3348, 0.00010353819610013754
824, 1190, 0.0001026461978777844
167, 1378, 0.00010251311920725111
25, 1525, 0.00010245855384110235
167, 310, 0.0001017643016969926
576, 1525, 0.00010131507599371118
620, 1857, 0.00010108212105962686
251, 1593, 0.00010081292894631693
638, 1857, 9.961292232634382e-05
772, 1190, 9.926633382140545e-05
167, 1145, 9.527504851821824e-05
330, 1208, 9.524480618624284e-05
330, 851, 9.38943065929932e-05
330, 1290, 9.3280193012006e-05
167, 1344, 9.283362047663705e-05
1372, 1490, 9.04829106409793e-05
330, 1467, 8.970774369102935e-05
171, 220, 8.788229027109669e-05
167, 1936, 8.770392299635728e-05
588, 1593, 8.737454804464906e-05
739, 1804, 8.56437661645055e-05
2021, 2453, 8.424655994486763e-05
167, 1208, 8.2445211156235e-05
936, 1593, 8.239331595345514e-05
906, 1593, 8.186120372848281e-05
830, 1190, 8.180406421447414e-05
772, 1804, 8.111987674084759e-05
106, 1593, 8.096631429871189e-05
906, 963, 8.025842109533314e-05
772, 1767, 7.869298319179672e-05
330, 902, 7.780604695463031e-05
163, 1832, 7.566450284173755e-05
2567, 2921, 7.378488401800115e-05
772, 1611, 7.303588588163074e-05
330, 1972, 7.30014361888628e-05
739, 1190, 7.200094331470355e-05
351, 730, 7.160637861226932e-05
3267, 3319, 7.160449902282221e-05
167, 1467, 7.124204340861117e-05
93, 1832, 6.965979527758663e-05
739, 1767, 6.955818017921375e-05
772, 2453, 6.952795153531266e-05
3427, 3735, 6.758387130300646e-05
1344, 1593, 6.650372441539546e-05
3427, 3545, 6.459904885252543e-05
330, 874, 6.386246544215111e-05
167, 851, 6.366979150664648e-05
835, 1190, 6.342689814901669e-05
1594, 1857, 6.217644898154928e-05
3267, 3572, 6.036348651329053e-05
2690, 3062, 5.872643692997616e-05
739, 1611, 5.8368358878264435e-05
1693, 1904, 5.7858006445358936e-05
739, 1490, 5.7464836758591226e-05
1685, 1904, 5.718388175093175e-05
167, 1290, 5.67751675307788e-05
959, 1018, 5.6339748026043034e-05
2569, 2624, 5.5210393549762306e-05
792, 1525, 5.425935051334069e-05
824, 2453, 5.3159804834898316e-05
3519, 3572, 5.31261147405243e-05
238, 1525, 5.259410197465215e-05
167, 902, 5.247489415416435e-05
824, 1611, 5.2068403002034505e-05
3306, 3572, 5.188560119486565e-05
351, 432, 5.148852384667125e-05
351, 411, 5.127350184613284e-05
251, 1857, 5.069670310050407e-05
824, 1767, 5.028044694780648e-05
83, 1804, 4.861407509331419e-05
906, 971, 4.8582617654533114e-05
824, 1490, 4.794067942295467e-05
906, 1832, 4.7872417615464025e-05
824, 1430, 4.7870198652369864e-05
3253, 3578, 4.7801999721717924e-05
3502, 3572, 4.7529194495707034e-05
1372, 1611, 4.6917938046798724e-05
167, 1390, 4.6588818676676474e-05
739, 2453, 4.563513890704849e-05
330, 1936, 4.553227416219445e-05
167, 1231, 4.5120899968283987e-05
157, 1804, 4.4255839260216765e-05
2652, 2886, 4.387236053468551e-05
2718, 2794, 4.31697563962449e-05
588, 730, 4.300199141036089e-05
3253, 3413, 4.281383045056636e-05
330, 1390, 4.243518000047123e-05
1713, 1904, 4.212631857839594e-05
2690, 2794, 4.210965635470873e-05
93, 220, 4.1800147921611e-05
830, 2453, 4.169898538724423e-05
167, 1972, 4.119867422180451e-05
638, 1832, 4.104185133155102e-05
2652, 2707, 4.090329830234291e-05
115, 1525, 4.061243816361803e-05
351, 1190, 3.972961687261006e-05
1372, 1533, 3.8520331612894124e-05
772, 1430, 3.8443729994437224e-05
835, 902, 3.8303554471785023e-05
2027, 2557, 3.826303517222674e-05
2364, 2490, 3.7627788291896674e-05
830, 1430, 3.73533018372029e-05
339, 1525, 3.728916259798176e-05
1244, 1430, 3.714308971290918e-05
2718, 2921, 3.671943792049192e-05
2723, 2816, 3.654287512818305e-05
824, 1804, 3.650325365501538e-05
3253, 3365, 3.600347329340694e-05
83, 1767, 3.535184357081666e-05
2543, 2886, 3.4713343093946555e-05
2656, 2886, 3.453216626975137e-05
835, 2453, 3.391483070526212e-05
2027, 2587, 3.3238390218182334e-05
1619, 1804, 3.3175435245474915e-05
2027, 2566, 3.278911074872831e-05
157, 730, 3.254327736588151e-05
739, 1430, 3.249971003097116e-05
330, 835, 3.231403721892055e-05
1619, 1767, 3.22207305047725e-05
2860, 2992, 3.0834026636900954e-05
2711, 2886, 3.0234996154142703e-05
739, 1414, 3.0148032363182396e-05
330, 1622, 2.9876960488124423e-05
772, 835, 2.9826174029642282e-05
2723, 2820, 2.9738261346016364e-05
106, 1804, 2.9705731469912382e-05
2567, 3062, 2.967332394858656e-05
2027, 2921, 2.9274286843778115e-05
83, 1190, 2.9273945981944917e-05
93, 1593, 2.9229234448590385e-05
3427, 3538, 2.9109734118060387e-05
620, 706, 2.9036018737670945e-05
830, 1804, 2.8880065210527717e-05
167, 874, 2.8802550803864636e-05
1372, 1804, 2.871543226606796e-05
2567, 2707, 2.8637583586103403e-05
163, 730, 2.8486304042104015e-05
2998, 3103, 2.826415152819966e-05
959, 1593, 2.819893911136091e-05
1372, 1414, 2.803860126085771e-05
3253, 3455, 2.8032489146417248e-05
83, 730, 2.796903068251857e-05
3573, 3641, 2.7216692474785692e-05
772, 1533, 2.702551672750156e-05
830, 902, 2.680020531953392e-05
251, 730, 2.663281963838848e-05
739, 1533, 2.63173652051699e-05
3449, 3572, 2.6237249001628323e-05
351, 1767, 2.6082895326370296e-05
1979, 2453, 2.5825026998222144e-05
167, 1622, 2.5542664355940117e-05
1145, 1190, 2.4799818904662516e-05
83, 2453, 2.4578716674757182e-05
351, 2453, 2.447074409372973e-05
923, 1593, 2.4335291872943857e-05
1244, 1611, 2.4148784591091203e-05
638, 1190, 2.3943668632959046e-05
157, 1190, 2.390200348475507e-05
2027, 2286, 2.3548080615907737e-05
830, 1767, 2.3221318027198756e-05
167, 835, 2.311388947965898e-05
330, 1231, 2.295704157577229e-05
251, 1767, 2.2791478730897266e-05
135, 220, 2.2588236901164977e-05
772, 1414, 2.2511408691219327e-05
830, 1611, 2.2510885108460364e-05
1372, 1767, 2.2433165617731352e-05
2723, 2850, 2.179421884476657e-05
83, 1611, 2.1761395620838837e-05
2794, 2921, 2.1508226535554284e-05
106, 730, 2.1334854739169697e-05
1244, 1490, 2.116652121130906e-05
906, 1190, 2.1108894376726395e-05
83, 1490, 2.1051742095006023e-05
934, 1593, 2.085777866197626e-05
2027, 3062, 2.0714915608601024e-05
157, 2453, 2.0379930616445256e-05
3427, 3659, 2.0244913579469204e-05
157, 1767, 2.0206626473916027e-05
936, 1190, 2.0066568135982277e-05
772, 851, 2.0003472375672986e-05
3427, 3641, 1.984025257135598e-05
3306, 3356, 1.959066475737518e-05
3306, 3348, 1.958816606224262e-05
3467, 3572, 1.9496058211407697e-05
620, 2453, 1.949450696090585e-05
620, 1190, 1.9443368419562497e-05
1597, 1656, 1.928411167266047e-05
2023, 2490, 1.9168339573834932e-05
163, 1190, 1.8996676424294797e-05
835, 1611, 1.894964241782057e-05
2431, 2490, 1.801685756433593e-05
157, 1611, 1.790438506651569e-05
3306, 3735, 1.7822426056038722e-05
1244, 2453, 1.7485129419000235e-05
2567, 2704, 1.652814384462849e-05
163, 1611, 1.6511268794463357e-05
3253, 3332, 1.645324698085162e-05
835, 1430, 1.5791248816274244e-05
1344, 1430, 1.5771946082050872e-05
638, 2453, 1.563532715891102e-05
3267, 3735, 1.554551243342471e-05
106, 2453, 1.554325214791341e-05
163, 2453, 1.5323220319826404e-05
83, 1430, 1.5223116613367542e-05
2175, 2453, 1.5186096650510715e-05
2027, 2411, 1.5164996502520318e-05
936, 2453, 1.4854432544296139e-05
2929, 3062, 1.4714450635180737e-05
3467, 3538, 1.4434320292088656e-05
57, 220, 1.4325227363558876e-05
824, 902, 1.4302600844112224e-05
351, 447, 1.420824710812204e-05
824, 874, 1.4096046874923056e-05
1619, 2453, 1.4057760178883862e-05
3427, 3528, 1.3955142124146928e-05
3427, 3656, 1.3843035943522567e-05
167, 1449, 1.3512199933792155e-05
1244, 1414, 1.349925322698406e-05
1987, 2312, 1.3240373955363568e-05
3467, 3528, 1.3174028722935007e-05
2023, 2270, 1.2908800517534823e-05
824, 963, 1.2718509713070558e-05
251, 2453, 1.2648645353880561e-05
1372, 2453, 1.2566854045601092e-05
1696, 2490, 1.2558812335390477e-05
3467, 3545, 1.2429296102021031e-05
2027, 2464, 1.241727973810619e-05
3306, 3444, 1.2348276251149432e-05
251, 1190, 1.2173434802720948e-05
251, 310, 1.1515869968923334e-05
936, 1018, 1.118179426434879e-05
830, 963, 1.1140029785399968e-05
106, 1190, 1.0841761226880895e-05
772, 1018, 1.0775584847577297e-05
824, 1414, 1.0597233475976097e-05
2718, 3062, 1.0546893948475929e-05
772, 963, 1.01799232430699e-05
2027, 2632, 1.0164500852364536e-05
824, 1018, 9.868945143739959e-06
3267, 3545, 9.777578853015071e-06
835, 963, 9.747910062104636e-06
2656, 2707, 9.64669211391767e-06
739, 1018, 9.603005284373653e-06
3267, 3444, 9.525800472748383e-06
3253, 3384, 9.49997120652977e-06
588, 1190, 9.37493619714148e-06
351, 706, 9.290072592532147e-06
3306, 3545, 9.147835662471734e-06
638, 771, 8.938398158116698e-06
601, 730, 8.899464627710632e-06
167, 601, 8.708923788971607e-06
739, 963, 8.618880625058865e-06
1685, 2312, 8.576182281770108e-06
351, 540, 8.480888071500398e-06
830, 1018, 8.427659219275307e-06
2864, 3062, 8.418621306694884e-06
57, 135, 8.395159543009041e-06
2652, 2704, 8.34870584460335e-06
1713, 2312, 8.344988779196436e-06
906, 2453, 8.337800989184392e-06
588, 706, 8.192481212868615e-06
330, 2490, 8.158714511578822e-06
2567, 2794, 8.13715595517955e-06
959, 1190, 7.989732570411387e-06
1693, 2312, 7.848299723285877e-06
620, 771, 7.464258393203589e-06
167, 1293, 7.3289823047644775e-06
824, 971, 7.2665788112316825e-06
167, 2490, 7.2538127141346605e-06
2023, 2239, 7.205951996724693e-06
157, 255, 7.113526018351492e-06
2027, 2707, 6.999270762245633e-06
3431, 3572, 6.926369857656414e-06
3483, 3545, 6.585773543790059e-06
3308, 3572, 6.561524336777651e-06
157, 706, 6.434117786831498e-06
351, 771, 6.412247969515993e-06
772, 971, 6.411068355704098e-06
830, 971, 6.36759642667981e-06
163, 255, 6.33700007187061e-06
638, 801, 6.1593143052399375e-06
2027, 2364, 6.159209520956986e-06
1764, 2453, 6.147310162628551e-06
2567, 2727, 6.089832771912748e-06
330, 601, 6.06708437819538e-06
620, 801, 5.994183137345392e-06
3306, 3659, 5.966777680387056e-06
3267, 3659, 5.963820388304473e-06
339, 404, 5.911539481841181e-06
93, 730, 5.872232146439215e-06
2021, 2312, 5.720410965903512e-06
3573, 3735, 5.67401593604927e-06
588, 2453, 5.61101574291195e-06
3218, 3572, 5.59550639609888e-06
3306, 3401, 5.5702943887474e-06
3424, 3572, 5.450470368306934e-06
3667, 3735, 5.444403550046625e-06
1594, 2453, 5.40793624312668e-06
157, 404, 5.401797260029865e-06
157, 432, 5.383935138559686e-06
3267, 3641, 5.341440219860532e-06
698, 771, 5.339603883447118e-06
163, 706, 5.272862842195195e-06
3449, 3735, 5.086178964124857e-06
934, 2453, 5.081680919728657e-06
2825, 2921, 5.05392293636189e-06
93, 2453, 5.018829690860309e-06
835, 1018, 4.986122808699963e-06
83, 432, 4.947008009118531e-06
251, 404, 4.930535259417246e-06
706, 771, 4.927564786320697e-06
3573, 3659, 4.819878742137305e-06
404, 730, 4.791974287208997e-06
3253, 3626, 4.767625203671844e-06
2723, 2906, 4.669471096953726e-06
83, 404, 4.6590379997827026e-06
163, 238, 4.584235488958136e-06
3449, 3545, 4.568691265405641e-06
2652, 2921, 4.539091267536566e-06
25, 220, 4.480755445489123e-06
83, 706, 4.421166212392708e-06
739, 851, 4.419650432065807e-06
330, 1293, 4.268045383476165e-06
57, 730, 4.154528701540293e-06
3267, 3656, 4.148174360892425e-06
1696, 2270, 4.1183720858989185e-06
330, 738, 4.104544359941017e-06
251, 432, 4.076465364228546e-06
3306, 3641, 4.069120654250579e-06
2543, 2921, 4.049919757389006e-06
3573, 3656, 4.015810112243114e-06
163, 404, 3.990582834051792e-06
2023, 2886, 3.984421493249126e-06
3267, 3356, 3.976560208766384e-06
106, 706, 3.958786695340743e-06
2860, 3103, 3.94486299304531e-06
3306, 3656, 3.912376443563064e-06
157, 540, 3.8468546241694135e-06
1072, 1190, 3.772656046454359e-06
3267, 3538, 3.7710056057664944e-06
167, 1156, 3.729594115108955e-06
351, 801, 3.7183813632055547e-06
2292, 2357, 3.6918618496835185e-06
330, 2886, 3.645766354002588e-06
835, 971, 3.645202248199229e-06
157, 771, 3.6310791739903357e-06
163, 432, 3.627790988872154e-06
2027, 2794, 3.5854053486579717e-06
2998, 3572, 3.4981178577706444e-06
3306, 3538, 3.4914457738854947e-06
2794, 3062, 3.4641831329682853e-06
2543, 2587, 3.457108614880953e-06
2023, 2624, 3.3716277445785738e-06
106, 404, 3.368533354261831e-06
167, 1051, 3.3601439790678793e-06
83, 771, 3.358427165216499e-06
163, 771, 3.344578295612097e-06
2711, 2921, 3.3320358860630357e-06
83, 255, 3.3107993089985444e-06
3467, 3735, 3.2874586852539136e-06
2656, 2921, 3.2675452396029985e-06
167, 2886, 3.2299328369808445e-06
163, 540, 3.22415445170088e-06
739, 971, 3.2179878509134087e-06
251, 540, 3.0970876175752343e-06
157, 447, 3.0935165320053837e-06
251, 801, 3.00172696756113e-06
3267, 3401, 2.983661588524878e-06
171, 730, 2.9671893953243026e-06
330, 1051, 2.9550267568610557e-06
2102, 2453, 2.919394000158347e-06
1696, 2239, 2.914411823169231e-06
83, 447, 2.901647469676127e-06
2027, 2274, 2.8851384525554743e-06
601, 2453, 2.854264041555096e-06
807, 2453, 2.8265021487468104e-06
330, 1156, 2.818534644912597e-06
934, 1190, 2.810230874992382e-06
3218, 3348, 2.787634118736286e-06
106, 771, 2.7770448080873403e-06
157, 801, 2.7570372981857798e-06
106, 432, 2.7414456603046004e-06
3483, 3572, 2.7208968694614594e-06
157, 238, 2.7008271969312043e-06
3218, 3284, 2.6987929830138523e-06
1344, 2453, 2.694472921134987e-06
3449, 3538, 2.668786432660047e-06
83, 540, 2.664610341382319e-06
2027, 2503, 2.6326380879396994e-06
106, 540, 2.6143351816648664e-06
57, 2453, 2.60713267117287e-06
167, 738, 2.5242592500463847e-06
2364, 2461, 2.4948833560906344e-06
93, 135, 2.4846604000021947e-06
83, 801, 2.4336117030963615e-06
3449, 3528, 2.382009166388888e-06
106, 255, 2.3735801973802497e-06
1696, 2886, 2.3725438514412263e-06
3606, 3659, 2.358863289285437e-06
923, 1190, 2.357837772504127e-06
2364, 2886, 2.3482815317100796e-06
1145, 1214, 2.2989905494416843e-06
167, 324, 2.2840476833249264e-06
163, 447, 2.2764015521424354e-06
3308, 3735, 2.262675782304166e-06
115, 220, 2.2150589865034936e-06
163, 801, 2.214743315636094e-06
739, 2312, 2.171991554669778e-06
706, 1525, 2.1427813336308566e-06
251, 447, 2.1098373431455073e-06
3483, 3538, 2.088268848753036e-06
592, 730, 2.034949117265728e-06
3427, 3618, 1.918785722712712e-06
3488, 3545, 1.9073130228305132e-06
176, 220, 1.8361570442967914e-06
772, 902, 1.827078413098016e-06
3218, 3735, 1.8033243612537295e-06
1870, 2453, 1.7556544886912846e-06
106, 447, 1.7366402237211293e-06
3431, 3735, 1.6554877386470263e-06
2794, 2850, 1.6230862169397455e-06
2023, 2357, 1.6012556130356775e-06
2998, 3735, 1.5870057023850776e-06
3257, 3319, 1.585975318693444e-06
404, 2453, 1.5849347791591394e-06
807, 1190, 1.5771836724640288e-06
3306, 3365, 1.5771002037003248e-06
576, 730, 1.5613089465254895e-06
3218, 3306, 1.553605309113991e-06
3449, 3659, 1.499669098189884e-06
251, 706, 1.4964685553199268e-06
2023, 2335, 1.4946671718085767e-06
171, 2453, 1.4783750583522946e-06
588, 771, 1.4272967712158595e-06
2977, 3062, 1.3902651528220646e-06
93, 1190, 1.2953077506156948e-06
330, 2270, 1.274784019844596e-06
3545, 3735, 1.260756302573874e-06
3424, 3735, 1.2314297347996006e-06
588, 801, 1.2042369686738794e-06
3204, 3572, 1.196524413814044e-06
906, 1018, 1.163997713782551e-06
2666, 2886, 1.142996184930554e-06
934, 1018, 1.11749054177645e-06
3135, 3194, 1.114915163872308e-06
171, 238, 1.1050159663832023e-06
3306, 3528, 1.084461061803482e-06
351, 576, 1.0764538458045868e-06
310, 730, 1.0619535777180601e-06
244, 1525, 1.0596779267378745e-06
3257, 3306, 1.0489287549698582e-06
772, 2312, 1.0272981731538772e-06
2624, 2886, 9.89719964671559e-07
2652, 3062, 9.675277143423822e-07
251, 771, 9.649094219080033e-07
2723, 2992, 9.615128307070408e-07
980, 1525, 9.369963017069658e-07
1302, 1525, 9.347948711027178e-07
351, 1018, 9.19197905686837e-07
1145, 1208, 9.033094283249433e-07
135, 730, 9.022560685724633e-07
3267, 3528, 9.014695714971778e-07
351, 2312, 8.468204477785685e-07
601, 706, 8.431608299075828e-07
171, 255, 8.339003916158555e-07
25, 135, 8.299221082385809e-07
2569, 2886, 8.20325001799346e-07
830, 1490, 8.09786236589187e-07
772, 1490, 8.084269235737618e-07
3519, 3735, 7.888456800985587e-07
57, 1190, 7.624838290955391e-07
167, 2270, 7.277665128420488e-07
93, 255, 7.174652424697351e-07
83, 238, 7.150464879795734e-07
404, 540, 7.143517895376588e-07
171, 1190, 7.123277531249431e-07
83, 576, 6.946040516055334e-07
25, 730, 6.847972762695049e-07
404, 1190, 6.804119694282545e-07
2929, 2992, 6.75069236624169e-07
923, 971, 6.642798102100166e-07
106, 801, 6.489111031412337e-07
1979, 2312, 6.389651657062845e-07
106, 1611, 6.164788791164683e-07
638, 1018, 6.160148957397808e-07
351, 963, 6.099763706709416e-07
3502, 3735, 6.056867383828813e-07
93, 706, 5.984429610604086e-07
93, 404, 5.963268458003956e-07
2175, 2312, 5.896001035677395e-07
824, 1214, 5.876114431383399e-07
106, 238, 5.770637969093371e-07
2690, 2850, 5.658919248614979e-07
3606, 3735, 5.557841265633104e-07
157, 576, 5.552449048521601e-07
772, 1214, 5.524726755321323e-07
3449, 3656, 5.50072420394478e-07
93, 432, 5.47162624333187e-07
404, 706, 5.46439820557272e-07
3606, 3656, 5.371883332373574e-07
83, 1018, 5.30046531694932e-07
830, 2312, 5.288814634231211e-07
739, 1214, 5.28054192019373e-07
3467, 3659, 5.273894822827636e-07
830, 1214, 4.946556223313696e-07
906, 1857, 4.912746920657216e-07
339, 730, 4.908603634053887e-07
310, 404, 4.87045646054193e-07
404, 447, 4.78251102241611e-07
157, 1018, 4.745291973894168e-07
923, 1018, 4.6649717873481e-07
772, 1145, 4.660079432363404e-07
330, 2239, 4.65888460961644e-07
936, 1857, 4.6570842047508764e-07
824, 1533, 4.469765898811905e-07
163, 576, 4.431650433191124e-07
588, 1832, 4.4270180395861497e-07
3204, 3735, 4.3822253959064223e-07
620, 963, 4.372496025421079e-07
1244, 1533, 4.3204097457711535e-07
83, 2312, 4.3184790397156337e-07
620, 1018, 4.2200911659469185e-07
824, 2312, 4.137841013093362e-07
835, 2312, 4.1223688180173607e-07
251, 576, 3.9589408116880336e-07
163, 1018, 3.9374963147869863e-07
2860, 2967, 3.930637922497504e-07
936, 1832, 3.921470927074247e-07
2723, 2854, 3.8802821314869054e-07
157, 310, 3.8243650412968927e-07
1244, 2312, 3.813639270377946e-07
93, 540, 3.8110823466630455e-07
310, 432, 3.609075686051169e-07
251, 411, 3.6061507393622306e-07
351, 1490, 3.5935165043991636e-07
93, 771, 3.5831434752047467e-07
83, 963, 3.548981771556893e-07
157, 2312, 3.4944761275476863e-07
157, 411, 3.462888365386985e-07
592, 706, 3.407884597808328e-07
157, 963, 3.3840658346005135e-07
106, 1018, 3.370423263721899e-07
106, 576, 3.3645870292967413e-07
2860, 3735, 3.3495980047380783e-07
251, 1018, 3.3352188461189686e-07
1372, 2312, 3.315081378849897e-07
93, 447, 3.2923569960289636e-07
57, 432, 3.2752782296134963e-07
163, 1804, 3.191058285361223e-07
83, 411, 3.0320216863353193e-07
351, 1804, 2.9820045928905463e-07
1244, 1804, 2.979717869422576e-07
163, 310, 2.9438686054236406e-07
163, 411, 2.852386068505099e-07
57, 255, 2.841745562179067e-07
83, 310, 2.787161285578278e-07
135, 255, 2.782054290619494e-07
638, 963, 2.759234079003531e-07
106, 2312, 2.664069971087889e-07
576, 706, 2.6316353551190377e-07
93, 801, 2.6233634925802105e-07
163, 2312, 2.621711223836114e-07
238, 730, 2.595803726024978e-07
620, 2312, 2.549260842570493e-07
106, 963, 2.527849305970487e-07
106, 411, 2.512448874340335e-07
157, 971, 2.5050649023453576e-07
57, 404, 2.504391027250546e-07
163, 963, 2.4673125072502433e-07
588, 2312, 2.2599471727720208e-07
57, 540, 2.2432526155093057e-07
171, 706, 2.2291616889637871e-07
404, 771, 2.2203512653469934e-07
339, 432, 2.219447551203773e-07
106, 310, 2.184667034926306e-07
835, 1767, 2.1494856068075455e-07
351, 1430, 2.0207054001395734e-07
171, 404, 1.959661964435825e-07
251, 2312, 1.7818367621812866e-07
57, 706, 1.740552459390146e-07
1764, 2312, 1.7030349588925564e-07
171, 540, 1.6453062097153502e-07
171, 432, 1.6409854542588807e-07
2656, 3062, 1.5961829582242956e-07
2543, 3062, 1.5771001707728163e-07
595, 730, 1.5437837737202394e-07
339, 411, 1.532939637965566e-07
176, 238, 1.5292521996043054e-07
93, 238, 1.5103118064923243e-07
512, 576, 1.5017794886255076e-07
601, 771, 1.482614521163397e-07
310, 706, 1.4303726716798733e-07
135, 432, 1.4227796532025707e-07
100, 220, 1.3935983181358263e-07
310, 447, 1.3839522493592885e-07
176, 255, 1.3261246279125845e-07
404, 576, 1.3199394009003865e-07
93, 576, 1.3165748245504524e-07
310, 540, 1.3132942494366263e-07
57, 447, 1.25482237432972e-07
959, 2453, 1.2398597887537325e-07
1619, 2312, 1.2357585051516248e-07
817, 1190, 1.2177409144717096e-07
115, 730, 1.2169945147894984e-07
2711, 3062, 1.205409574341655e-07
698, 801, 1.1724534988644338e-07
351, 971, 1.1434397245216948e-07
135, 706, 1.1333168547379438e-07
176, 730, 1.1215929111081224e-07
923, 2453, 1.0656861884104267e-07
135, 404, 1.0650928583752367e-07
1145, 2453, 1.056445742874745e-07
447, 730, 1.0492602159485372e-07
2279, 2335, 1.0349023352615046e-07
171, 447, 1.0058467753411945e-07
906, 2312, 1.0028833386528874e-07
404, 801, 1.0023252161415517e-07
251, 324, 9.871924518814283e-08
135, 540, 9.81251598970488e-08
2102, 2312, 9.671768161790668e-08
25, 255, 9.595640215915668e-08
512, 730, 9.56081962495865e-08
2825, 3062, 9.194853061414332e-08
601, 801, 9.060792136236736e-08
244, 730, 9.017138937902034e-08
25, 706, 8.850221263648554e-08
1696, 2335, 8.752201192362844e-08
2023, 2461, 8.653822289691393e-08
339, 447, 8.380352548806298e-08
171, 771, 8.217935443732921e-08
25, 404, 8.203939126968322e-08
592, 771, 8.161657928469672e-08
25, 432, 8.05325141640768e-08
163, 971, 7.927058698341006e-08
106, 971, 7.722926706561412e-08
339, 706, 7.514095120401827e-08
339, 540, 7.402841540064931e-08
83, 971, 7.343070125019674e-08
93, 310, 7.281731783778075e-08
251, 963, 7.2280362981101e-08
135, 447, 7.206334047365901e-08
25, 540, 7.149403690590043e-08
238, 310, 7.018425842429556e-08
2998, 3148, 6.954270443469366e-08
57, 771, 6.951420079563771e-08
588, 963, 6.833800059620079e-08
620, 971, 6.816972611132294e-08
135, 2453, 6.741029184469276e-08
57, 801, 6.635848303795832e-08
25, 2453, 6.330322289917008e-08
576, 771, 6.304604029368172e-08
2690, 2992, 6.248714975202014e-08
110, 220, 6.233045190786939e-08
57, 238, 6.228899949386341e-08
1696, 2357, 6.164594387578462e-08
2364, 2496, 6.023802016530456e-08
1355, 1525, 5.8575241527863773e-08
135, 238, 5.704807680757571e-08
93, 411, 5.605246520005682e-08
57, 576, 5.589199167619091e-08
706, 801, 5.570601473484787e-08
244, 310, 5.490860233807032e-08
29, 220, 5.3058806994346466e-08
592, 801, 5.264589764727859e-08
817, 2453, 4.945536003784951e-08
333, 404, 4.898265433461748e-08
351, 1414, 4.768901235640022e-08
447, 540, 4.531451869007862e-08
171, 576, 4.39644871610137e-08
25, 447, 4.3747936460011684e-08
115, 255, 4.341616147958898e-08
135, 771, 4.281551497880298e-08
310, 411, 4.188726713451667e-08
83, 601, 4.163562539563171e-08
171, 801, 4.139360084061324e-08
310, 801, 4.1195219647124397e-08
25, 771, 4.1046948326294396e-08
238, 432, 4.096377156916425e-08
238, 404, 3.9474446443159826e-08
310, 576, 3.925141161569183e-08
260, 730, 3.8914887890556116e-08
157, 601, 3.705934035951964e-08
2723, 3103, 3.590908748541767e-08
310, 2453, 3.566938830043097e-08
135, 801, 3.5109911631072894e-08
106, 601, 3.479740771107858e-08
163, 601, 3.384516583504416e-08
171, 310, 3.361148785986671e-08
2998, 3194, 3.348633362894339e-08
238, 540, 3.3211743457714027e-08
351, 601, 3.319374230320463e-08
25, 73, 3.27669531205914e-08
1072, 2453, 3.095540333877225e-08
576, 801, 3.075591887629699e-08
595, 706, 3.0464053799827035e-08
3140, 3194, 3.0166767920082296e-08
310, 771, 2.9963653806113376e-08
25, 576, 2.9561753088674024e-08
592, 2453, 2.9198023496442482e-08
135, 576, 2.9188611254487256e-08
249, 310, 2.9147990973944004e-08
57, 310, 2.8837681162274682e-08
57, 411, 2.8121891315009026e-08
249, 730, 2.8018373627964743e-08
251, 601, 2.7831275551707665e-08
2023, 3062, 2.6902364723626337e-08
238, 447, 2.538003546635763e-08
25, 238, 2.4976769278582044e-08
25, 801, 2.4326231414575726e-08
238, 706, 2.3863336042197207e-08
115, 404, 2.3735805093915164e-08
115, 432, 2.3091547469494604e-08
1696, 2461, 2.300059147814216e-08
171, 411, 2.1243400002261848e-08
2411, 2490, 2.062023691445568e-08
339, 576, 2.0000795779752845e-08
339, 771, 1.8615289708027993e-08
552, 730, 1.8527007263958293e-08
115, 540, 1.8245032451326758e-08
244, 404, 1.8087147720589757e-08
135, 310, 1.745567905552937e-08
2860, 3148, 1.707259378335399e-08
115, 706, 1.65752121519332e-08
244, 432, 1.644607409893829e-08
176, 706, 1.6384809175714963e-08
330, 2357, 1.6367526830475236e-08
2023, 2496, 1.5739504973872807e-08
25, 79, 1.554699667410661e-08
176, 540, 1.5444947607553952e-08
330, 3062, 1.537365176529223e-08
176, 432, 1.5193190809293997e-08
135, 411, 1.4624739772757771e-08
244, 540, 1.4375646575369489e-08
260, 310, 1.435116635851412e-08
176, 404, 1.4034884857758521e-08
330, 588, 1.3561817464477767e-08
512, 706, 1.3352875030285807e-08
1696, 3062, 1.3035714649588078e-08
260, 404, 1.2601829827479352e-08
157, 324, 1.2586247443978952e-08
167, 354, 1.2441157259363734e-08
2364, 3062, 1.2440663776740344e-08
447, 706, 1.243195015052297e-08
25, 310, 1.195521835143337e-08
2998, 3152, 1.1952889311339361e-08
176, 1525, 1.18466490083884e-08
115, 447, 1.1541656324884979e-08
3119, 3194, 1.1414667443366988e-08
83, 324, 1.1382802622914359e-08
238, 771, 1.1351076102260668e-08
163, 324, 1.1291701270037752e-08
2357, 2490, 1.1096887199351898e-08
115, 238, 1.0834289112674118e-08
29, 135, 1.0768757056668581e-08
260, 432, 1.0482201150922284e-08
167, 588, 1.046679902057033e-08
157, 1430, 1.0459802169503471e-08
93, 601, 1.0101556915345121e-08
25, 411, 1.0088096265476221e-08
330, 512, 1.0015857140947809e-08
106, 1430, 9.985830213814571e-09
2292, 2490, 9.746720912488723e-09
25, 70, 9.63752348694948e-09
244, 447, 9.60162009674541e-09
176, 447, 9.599805025381318e-09
2431, 2496, 9.542234055808063e-09
333, 730, 9.520145797366474e-09
167, 329, 9.393187773746325e-09
2624, 3062, 9.245336599424735e-09
106, 324, 9.00184821403077e-09
238, 576, 8.535817192278548e-09
260, 540, 8.394002358903035e-09
2569, 3062, 7.968371396155198e-09
2860, 3194, 7.796139258871282e-09
2666, 3062, 7.690343555781783e-09
249, 404, 7.50955992014837e-09
447, 576, 7.2805809708683304e-09
249, 432, 7.247872011104634e-09
1344, 1832, 7.196409433044889e-09
244, 706, 7.083025905163522e-09
167, 512, 6.96600785638801e-09
57, 601, 6.486248138086493e-09
260, 447, 6.358928338109595e-09
333, 432, 5.985510410240061e-09
249, 540, 5.342029472385158e-09
238, 411, 5.0470063585755005e-09
1244, 1767, 4.631271244571728e-09
100, 730, 4.564196911692265e-09
115, 771, 4.332704176777187e-09
339, 801, 4.138124109418525e-09
167, 351, 3.978209025488304e-09
106, 1767, 3.9161245540425674e-09
595, 771, 3.827096497726801e-09
260, 706, 3.769019998749376e-09
176, 310, 3.694023855803605e-09
176, 771, 3.6421906946352155e-09
404, 601, 3.6163400115647873e-09
2690, 3103, 3.59289293457885e-09
638, 2312, 3.3561146462546033e-09
171, 601, 3.3379017451670086e-09
249, 447, 3.2862734436914172e-09
115, 576, 3.2059473150841183e-09
115, 310, 3.1802709334643292e-09
238, 801, 3.1421400430299442e-09
281, 730, 3.0800538201976866e-09
115, 411, 3.047761103260691e-09
176, 576, 3.015257235959828e-09
281, 404, 3.0138875089379353e-09
2614, 3062, 2.922778618769674e-09
2860, 3152, 2.889368619467787e-09
244, 771, 2.8197125863638668e-09
739, 835, 2.8141093831770593e-09
3218, 3335, 2.7927565332586625e-09
244, 576, 2.4685128098074155e-09
100, 255, 2.3785269202563635e-09
2998, 3128, 2.3743625624453406e-09
333, 447, 2.351741616373417e-09
25, 100, 2.2650241792721908e-09
93, 324, 2.257071715121115e-09
29, 730, 2.2522651196799687e-09
333, 540, 2.1999877316171306e-09
2567, 3103, 2.142782506182893e-09
2998, 3348, 2.11821679733131e-09
281, 432, 2.096377752359237e-09
3257, 3335, 2.080847125323479e-09
333, 411, 1.929269373698527e-09
115, 801, 1.8621574924534044e-09
3308, 3356, 1.8536029283857586e-09
2364, 2624, 1.8494568232014024e-09
310, 601, 1.843274959927186e-09
260, 576, 1.842171862633043e-09
135, 601, 1.8411865048683809e-09
2497, 3062, 1.7886844870809078e-09
83, 851, 1.7150983213951497e-09
3257, 3348, 1.6549688030498854e-09
638, 738, 1.5853748246675375e-09
260, 324, 1.5094919230080775e-09
447, 771, 1.5086069169868353e-09
2998, 3306, 1.4667755605116071e-09
25, 601, 1.4650185763566493e-09
244, 411, 1.461022399863367e-09
3257, 3330, 1.4589050472027671e-09
620, 738, 1.4412067576438894e-09
3204, 3348, 1.4174067689542277e-09
595, 801, 1.4170389159150492e-09
176, 411, 1.4123229196742804e-09
3218, 3319, 1.385082439972418e-09
244, 801, 1.373066276207341e-09
176, 801, 1.2542247451751575e-09
552, 706, 1.2402891033309155e-09
3204, 3306, 1.2097889525427616e-09
29, 255, 1.188676421370799e-09
171, 324, 1.1769129964320703e-09
110, 255, 1.1352175885252076e-09
792, 851, 1.1344540551055145e-09
260, 411, 1.1227842748491293e-09
57, 324, 1.092234735358063e-09
447, 801, 1.0811110417014976e-09
638, 851, 1.0715648496435917e-09
281, 540, 1.0692870400376183e-09
1696, 2624, 1.0563933653241854e-09
739, 902, 1.0438610338977677e-09
255, 310, 9.846447899324159e-10
2998, 3335, 9.677478252737422e-10
249, 706, 9.617616491746207e-10
157, 851, 9.564897868288281e-10
249, 576, 9.43856515056458e-10
351, 851, 9.404118686066837e-10
251, 851, 9.382510992860177e-10
3218, 3330, 9.305715279204839e-10
281, 447, 9.296634892549014e-10
106, 851, 9.281610543682509e-10
100, 404, 9.198364245022489e-10
57, 100, 8.989618664162445e-10
100, 432, 8.711914652544343e-10
163, 851, 8.435340602763859e-10
83, 738, 8.292602456002627e-10
100, 540, 8.291637054434941e-10
333, 706, 8.247205202259564e-10
620, 851, 8.235975193129806e-10
2027, 3103, 7.805535259526686e-10
3204, 3335, 7.485776833177218e-10
512, 801, 7.321247074339253e-10
251, 738, 7.21056141350948e-10
260, 771, 6.938272118385454e-10
29, 404, 6.91417867547189e-10
157, 738, 6.899000822926834e-10
351, 738, 6.891417712222929e-10
135, 324, 6.81067142716458e-10
249, 411, 6.73848396728962e-10
260, 801, 6.580224173818083e-10
512, 771, 6.525222487207752e-10
163, 738, 6.502376132334904e-10
29, 432, 6.458516642543077e-10
238, 324, 6.286283249036241e-10
106, 738, 6.285191772865272e-10
2860, 3348, 5.538024057863409e-10
100, 447, 5.469733984193052e-10
100, 238, 5.301502836805e-10
83, 835, 5.150090752867224e-10
110, 730, 5.03998515756114e-10
3308, 3444, 4.66551544947829e-10
110, 404, 4.6453525226007593e-10
25, 324, 4.569721244448133e-10
2718, 3103, 4.4670063912065833e-10
807, 851, 4.4354558786652536e-10
100, 706, 4.2960045206982554e-10
638, 971, 4.2626210895388383e-10
157, 835, 4.2382857221367585e-10
244, 324, 4.1910618238768243e-10
2723, 3148, 4.099676076436316e-10
588, 851, 3.924043899815423e-10
2998, 3319, 3.876309401217344e-10
29, 540, 3.682072246579784e-10
3204, 3319, 3.6588398649900807e-10
163, 835, 3.647749931190269e-10
281, 706, 3.620692959616857e-10
251, 971, 3.4612530727163255e-10
588, 738, 3.421010598370523e-10
3308, 3401, 3.403738489933384e-10
238, 601, 3.2644621211837803e-10
588, 1018, 3.2544109672603605e-10
249, 324, 3.200406861226255e-10
29, 238, 2.9312244175632145e-10
110, 238, 2.870977053587681e-10
167, 333, 2.864801097490518e-10
110, 432, 2.787009024007674e-10
339, 601, 2.7130758077104776e-10
2998, 3330, 2.5532949498020217e-10
29, 447, 2.5213631261559367e-10
115, 601, 2.435273498660491e-10
110, 540, 2.380050052149928e-10
251, 329, 2.3241711877495236e-10
512, 601, 2.2097246635423224e-10
2723, 3194, 2.2008993098552962e-10
3267, 3332, 2.103839479543686e-10
2860, 3306, 2.0651553075327597e-10
3204, 3330, 1.9986752094997438e-10
255, 730, 1.9431203837299089e-10
100, 310, 1.8868520886454606e-10
3218, 3444, 1.8828248624905252e-10
281, 411, 1.8645395611251801e-10
302, 404, 1.8554056889233402e-10
333, 576, 1.8342884397622335e-10
552, 601, 1.8336868620277013e-10
3218, 3356, 1.8324912993172298e-10
620, 835, 1.7789969076747396e-10
2860, 3335, 1.7431751060275968e-10
281, 576, 1.7136445068070963e-10
110, 447, 1.669269802461562e-10
255, 432, 1.5432229924396142e-10
115, 324, 1.5398600859476695e-10
255, 404, 1.5336595992489069e-10
3308, 3365, 1.440086864764491e-10
106, 835, 1.4137092889082016e-10
3135, 3348, 1.3222446025897603e-10
638, 835, 1.2979416547785169e-10
351, 835, 1.259734336847286e-10
1594, 1767, 1.2156247417578463e-10
29, 73, 1.2147356015315444e-10
176, 324, 1.2042332840236998e-10
351, 588, 1.1298065874092546e-10
29, 310, 1.1201477563166107e-10
93, 738, 1.1095322382457818e-10
29, 79, 1.0080142731422476e-10
251, 354, 9.776046124782161e-11
93, 851, 9.641380061256734e-11
302, 432, 9.040608611536396e-11
83, 588, 8.90766994941028e-11
351, 512, 8.568665591413684e-11
157, 354, 7.884197614253258e-11
25, 88, 7.871009385066183e-11
110, 310, 7.795624955134661e-11
157, 588, 7.719175431929787e-11
2998, 3356, 7.513604501184507e-11
83, 354, 7.467104063230823e-11
3394, 3444, 7.254960367917313e-11
3267, 3365, 7.1983931108435e-11
29, 706, 7.024384326938638e-11
3218, 3401, 6.508837767880431e-11
163, 354, 6.187752530556833e-11
157, 329, 5.487514701529955e-11
106, 588, 5.415762062307406e-11
163, 588, 5.34743449646706e-11
83, 329, 5.242385818115978e-11
106, 354, 5.179938723232104e-11
157, 512, 5.084425188033425e-11
29, 100, 4.8653658643810426e-11
255, 447, 4.801418445068819e-11
83, 512, 4.767425796223801e-11
3135, 3306, 4.6908053915140676e-11
251, 588, 4.6763686115694596e-11
100, 411, 4.383793838182549e-11
110, 706, 4.380295441108565e-11
163, 329, 4.3581598186377393e-11
302, 447, 4.276881712067045e-11
3431, 3545, 3.723552780972017e-11
3319, 3401, 3.6765549044615274e-11
163, 512, 3.630682939367488e-11
106, 329, 3.495785866624959e-11
3486, 3545, 3.3886318172192436e-11
251, 351, 3.353936558989135e-11
601, 738, 3.3502910536418175e-11
302, 730, 3.265401312253372e-11
3424, 3545, 3.228981959020977e-11
106, 512, 3.2168334573180315e-11
255, 324, 3.151941921739836e-11
29, 411, 2.931760420682262e-11
251, 512, 2.890761505180859e-11
255, 540, 2.8191216359463177e-11
57, 738, 2.7798939730261177e-11
2998, 3401, 2.6644735018718287e-11
3257, 3356, 2.5827231346100062e-11
3204, 3356, 2.566405557637885e-11
157, 351, 2.4751962576236672e-11
83, 351, 2.241791109869457e-11
3488, 3572, 2.1445624495764737e-11
110, 411, 2.0298806772119913e-11
3308, 3545, 2.0200359234725536e-11
163, 351, 2.0051429403618856e-11
3257, 3572, 1.9864544069546427e-11
93, 588, 1.8090770842314813e-11
2998, 3444, 1.7977980885443492e-11
302, 540, 1.7308931409090408e-11
106, 351, 1.6363445581936968e-11
3204, 3444, 1.4243591815436234e-11
3218, 3545, 1.3577076403838671e-11
93, 354, 1.34780673448137e-11
281, 324, 1.2665333246030245e-11
447, 601, 1.2413417797370034e-11
255, 411, 1.2013546794839603e-11
302, 411, 1.1916479732250864e-11
2998, 3545, 1.1438316008080624e-11
93, 329, 1.0047755000187742e-11
404, 512, 9.39008043313599e-12
3204, 3401, 8.451637939871176e-12
57, 354, 8.295823260160971e-12
100, 324, 8.037232187291522e-12
100, 576, 7.128628081996093e-12
29, 576, 6.990893903930243e-12
171, 354, 6.788882232136218e-12
404, 738, 6.543119489131631e-12
29, 324, 5.980957574829403e-12
310, 354, 5.903344353853206e-12
171, 329, 5.390931038731793e-12
57, 329, 5.2104013065634185e-12
251, 333, 5.1970644696235456e-12
3204, 3284, 4.68144817517533e-12
110, 324, 4.567822967880268e-12
3319, 3444, 4.0926374493043956e-12
93, 512, 3.873950798401893e-12
3257, 3444, 3.238534396807736e-12
3389, 3444, 2.957284915419628e-12
447, 512, 2.7396794360909107e-12
110, 576, 2.6836337981289866e-12
171, 738, 2.5604484693973853e-12
135, 738, 2.0951185783664026e-12
135, 354, 2.0943844983057443e-12
260, 329, 2.0132670292268694e-12
3319, 3572, 2.0030952021186304e-12
3528, 3572, 1.982182873744264e-12
157, 333, 1.9402404135919726e-12
93, 351, 1.879026968566762e-12
3505, 3572, 1.7810316801577963e-12
83, 333, 1.742184183809822e-12
698, 2453, 1.7076632351612044e-12
592, 738, 1.5833068102285843e-12
57, 512, 1.4800964557217966e-12
171, 512, 1.4762635592982672e-12
163, 333, 1.4217488625490953e-12
135, 329, 1.3331089314474467e-12
576, 738, 1.2899082195791045e-12
255, 576, 1.2429132130296505e-12
135, 512, 1.2058324791651898e-12
57, 351, 1.15905785063791e-12
106, 333, 1.1193281008391591e-12
176, 601, 1.1173599303020037e-12
25, 354, 1.0814712259094588e-12
244, 601, 1.0607584918782883e-12
238, 354, 1.0522883198448384e-12
29, 88, 1.050557048396214e-12
167, 339, 1.0458345533227833e-12
238, 329, 1.0448883431713753e-12
310, 738, 1.003364494057435e-12
25, 738, 9.611030566677641e-13
25, 329, 9.255670714660528e-13
171, 351, 9.127058497950964e-13
25, 512, 8.783685250126889e-13
310, 512, 8.676407135779349e-13
57, 588, 8.639462882124211e-13
404, 588, 7.156467132759696e-13
135, 351, 6.761353179087148e-13
302, 576, 6.508934578523755e-13
588, 835, 6.412750994765017e-13
260, 601, 5.998642354241701e-13
244, 329, 5.601579443742478e-13
171, 588, 5.294078543880983e-13
3135, 3335, 4.713348107925645e-13
3306, 3413, 4.2852896390363043e-13
2860, 3319, 4.273945045220249e-13
249, 601, 4.168131457421395e-13
244, 354, 4.0879070572994596e-13
3140, 3348, 3.9878003324575277e-13
115, 354, 3.6782498497043644e-13
249, 329, 3.5946216216082435e-13
93, 333, 3.5729658110667354e-13
260, 354, 3.431101495255928e-13
281, 354, 3.3289456439250747e-13
25, 351, 3.2748610935291717e-13
115, 329, 3.2725960641735093e-13
3267, 3413, 3.202969195999945e-13
25, 588, 3.183856915809371e-13
238, 351, 3.1202481332789316e-13
176, 354, 3.0637910896595807e-13
310, 588, 2.894582947587089e-13
135, 588, 2.870667095061903e-13
512, 588, 2.5488759479032907e-13
176, 329, 2.4868476750746585e-13
57, 333, 1.7888122981388611e-13
249, 354, 1.7459075368803767e-13
171, 333, 1.7112864913959986e-13
339, 512, 1.3935682913745913e-13
100, 601, 1.234205802658954e-13
339, 588, 1.2331583778005493e-13
238, 588, 1.0821550826966386e-13
281, 601, 1.0320885132279006e-13
333, 601, 9.66701038825216e-14
238, 512, 9.548189995623205e-14
281, 329, 5.851189067456905e-14
281, 351, 5.485362394441148e-14
244, 351, 4.632151916068499e-14
249, 771, 4.393597867904364e-14
260, 351, 4.22731490169918e-14
115, 351, 4.069719332321049e-14
135, 333, 3.4324709659604497e-14
260, 333, 3.181562388019871e-14
3140, 3306, 1.4353213567574787e-14
251, 339, 1.332252136469486e-14
3119, 3306, 1.3048252434532635e-14
115, 588, 1.3021146668794409e-14
115, 512, 1.2495767732873373e-14
29, 601, 1.1187429276153465e-14
176, 351, 1.0585503230692509e-14
110, 601, 9.309507932320495e-15
176, 512, 8.732429528617552e-15
244, 512, 7.60686636034861e-15
157, 339, 7.580867892201366e-15
255, 329, 7.239094071054402e-15
249, 351, 6.65537756930933e-15
238, 333, 6.210246942520892e-15
25, 333, 6.199959050007617e-15
83, 339, 6.024813596091635e-15
163, 339, 5.6253754541657235e-15
302, 354, 5.284375509652532e-15
260, 512, 4.7738457219541205e-15
106, 339, 4.15385824686807e-15
244, 333, 3.020853552233491e-15
100, 329, 2.9710365462228978e-15
100, 354, 2.8100639769457316e-15
249, 512, 2.3301608835908706e-15
29, 329, 2.2192985240898342e-15
281, 333, 2.114742402588098e-15
115, 333, 2.0518972551263844e-15
176, 333, 1.69471517854117e-15
110, 329, 1.675824093333011e-15
249, 333, 1.6555133082518138e-15
29, 354, 1.6503585120139512e-15
93, 339, 1.4256342296439603e-15
110, 354, 1.3733063690044213e-15
255, 354, 1.169240475928151e-15
100, 351, 8.300068063219575e-16
57, 339, 7.129174217710235e-16
302, 351, 7.002285156125373e-16
333, 512, 6.94365002693114e-16
281, 512, 6.929506799734255e-16
100, 512, 6.72684920571628e-16
171, 339, 5.595948213129117e-16
29, 351, 5.046172248088826e-16
29, 512, 5.044291262314646e-16
135, 339, 4.0355604724075463e-16
2357, 3062, 3.6112642758918296e-16
25, 339, 2.5780986595455746e-16
238, 339, 2.2350709881572364e-16
281, 339, 1.71384456346704e-16
260, 339, 1.645042007246869e-16
255, 333, 1.1506965912407148e-16
244, 339, 1.0812578799953949e-16
100, 333, 8.424184831349479e-17
115, 339, 7.47685290375995e-17
176, 339, 6.493338208237044e-17
29, 333, 6.347467010629401e-17
249, 339, 5.186032270359513e-17
110, 333, 4.3145617315186705e-17
2292, 3062, 1.8922427803405335e-17
110, 351, 7.621090415731856e-18
255, 351, 7.27041133630546e-18
100, 339, 4.602627915669526e-18
29, 339, 3.4060371195273614e-18
255, 339, 3.383983789190606e-18
2929, 3103, 3.2245873803943167e-18
110, 339, 2.111113623858655e-18
3119, 3348, 1.2766944399650634e-18
110, 512, 1.1042251789542617e-18
255, 512, 4.2563474812029426e-19
167, 358, 1.9537655462097353e-19
249, 801, 3.031935917259938e-20
251, 358, 1.495007784498914e-21
157, 358, 1.3404399899343623e-21
83, 358, 1.2358987697775668e-21
163, 358, 9.872821340741925e-22
106, 358, 8.135246967839402e-22
310, 358, 3.371031751503752e-22
93, 358, 2.3058433242217037e-22
57, 358, 1.3076715978050917e-22
171, 358, 1.0887262290718446e-22
135, 358, 6.933849415188971e-23
25, 358, 4.098488453120603e-23
238, 358, 3.8670698784701985e-23
244, 358, 1.5657045822606803e-23
115, 358, 1.4282681637823366e-23
176, 358, 1.1479046973121179e-23
260, 358, 1.1440929891000432e-23
281, 358, 7.364392055998866e-24
249, 358, 6.276863903503107e-24
302, 358, 2.3085668403440237e-24
100, 358, 7.858859531771807e-25
29, 358, 5.150410025580382e-25
110, 358, 4.279769890690267e-25
255, 358, 3.240110991140349e-25
