Gene = CG9300
index = 1028
Annotated 5SS: [188 411 829]
Annotated 3SS: [245 464 908]
SMsplice 5SS: [188 411 829]
SMsplice 3SS: [245 464 908]
length: 2348
Partition function (logZ) = 2.344297566073057
#Introns = 1461
5SS, 3SS, prob
829, 908, 0.9646473558874148
411, 464, 0.9167040949150682
188, 245, 0.67328811092166
411, 470, 0.07089866633099794
1541, 1600, 0.022127134722710304
176, 245, 0.020495897046141773
833, 908, 0.014612288200753736
173, 245, 0.010406855423320583
853, 908, 0.009431192012131337
1541, 1713, 0.00867092573239529
170, 245, 0.006552315569690224
188, 322, 0.006429854808292984
411, 551, 0.0059689663784476795
1347, 1399, 0.005434708614982706
1541, 1678, 0.004757089583482195
829, 1371, 0.004196716545058399
1347, 1424, 0.003165785128281809
188, 250, 0.0029869028034585033
1541, 1872, 0.0026629663733287534
1087, 1371, 0.002648190732408862
1214, 1371, 0.002536503509376673
411, 523, 0.0024767788610887574
1541, 1843, 0.0022331740001352183
149, 245, 0.0022160719727568386
1541, 1592, 0.002027814929690252
1541, 1859, 0.0019301809863939974
1318, 1371, 0.0016343768682361333
768, 908, 0.0016197407315936751
1541, 1769, 0.0012084563038432731
1112, 1371, 0.0010706482549319898
188, 319, 0.0009768733375037498
1238, 1371, 0.0009318355064228576
395, 464, 0.0008713986615676748
188, 464, 0.0008599683502419286
851, 908, 0.0007695733213594444
188, 263, 0.0007247006448368205
1541, 1722, 0.0007012809709839047
1541, 2092, 0.0006970915769201314
1541, 2168, 0.0006926979550479614
1541, 1865, 0.000603365699575265
2283, 2336, 0.0005855097976404161
188, 302, 0.0004961392504680455
842, 908, 0.0004906750646141711
1347, 1713, 0.000465954481144575
1091, 1371, 0.00046083536825041875
486, 551, 0.0004252987182831624
329, 464, 0.00041611662943290533
1350, 1424, 0.000392126008148452
1252, 1371, 0.00038720978980204686
1541, 1615, 0.00033987078266733804
1541, 2150, 0.0003319783776779166
1541, 1981, 0.000330600902392058
1264, 1371, 0.0003221471148525567
1541, 1607, 0.0003147279913018229
663, 908, 0.00027943578100432043
188, 271, 0.0002783239929718896
2027, 2092, 0.0002604542098522318
1541, 2336, 0.0002599724812860443
176, 322, 0.00025386485066529175
1347, 1495, 0.0002501178123484171
1350, 1399, 0.00024735615285009175
1347, 1396, 0.0002038503975315666
149, 322, 0.00019559317064327925
1115, 1371, 0.00019435228740556968
1541, 1933, 0.00017823029311223062
173, 322, 0.00017784548196246334
222, 322, 0.0001773074171521916
411, 503, 0.00016725788506879497
170, 322, 0.0001653518241436269
1347, 1872, 0.00015640427952134592
1339, 1399, 0.0001503194185480821
1347, 1678, 0.00014703972950796536
146, 245, 0.00014181508108452372
1347, 1843, 0.00013747055279002247
188, 290, 0.00013581196944877083
1269, 1371, 0.00013450150862710943
411, 908, 0.00012978389359570214
815, 908, 0.00012398759037352325
829, 1105, 0.00012248681714153891
1347, 1859, 0.00011022814151078494
1460, 1713, 0.00010939244971942938
1541, 2032, 0.00010587526864914592
188, 260, 9.382427152763809e-05
829, 1713, 9.278877441482207e-05
1141, 1371, 9.203351795489396e-05
829, 1424, 8.870327581050145e-05
188, 551, 8.512339198886871e-05
829, 1111, 8.094123742125878e-05
1214, 1269, 7.928226120595707e-05
618, 908, 7.711012905243393e-05
179, 245, 7.543299268651683e-05
1087, 1713, 7.404639022368259e-05
872, 1371, 7.336167591692384e-05
271, 322, 7.16084550018282e-05
1028, 1371, 7.003707343463035e-05
1214, 1713, 6.910684942353819e-05
1244, 1371, 6.600279077225284e-05
1214, 1424, 6.583862659074378e-05
618, 689, 6.554654984253069e-05
1087, 1424, 6.507961985472123e-05
489, 551, 6.404768081231702e-05
829, 1399, 6.386871055939788e-05
1347, 1769, 6.216992701132134e-05
829, 1872, 5.8137782908424725e-05
1087, 1399, 5.572497394242231e-05
829, 1387, 5.1922236812356564e-05
829, 1678, 5.1831927839489416e-05
1347, 2168, 5.1176053520450224e-05
1541, 1691, 5.0864298454363484e-05
1460, 1678, 5.067582427581408e-05
829, 1495, 4.883571027029813e-05
1112, 1713, 4.860925387344325e-05
1129, 1371, 4.831148443909386e-05
2239, 2336, 4.704624921335579e-05
829, 1843, 4.685323560677051e-05
1214, 1399, 4.6162755284601825e-05
176, 250, 4.490987870316176e-05
829, 1859, 4.427486756662269e-05
192, 245, 4.353244343673441e-05
176, 464, 4.3427644799572523e-05
1139, 1371, 4.190925396219594e-05
188, 470, 4.147689205828377e-05
1460, 1872, 4.136025700892771e-05
2213, 2336, 3.971758514993723e-05
1350, 1713, 3.912562099270899e-05
2255, 2336, 3.9039981017225574e-05
176, 319, 3.862175409806202e-05
833, 1371, 3.84358628192179e-05
157, 245, 3.815288801455933e-05
149, 464, 3.813362005628188e-05
1347, 1722, 3.787165535507399e-05
1112, 1424, 3.705808626270576e-05
1087, 1387, 3.670084621770847e-05
1347, 1865, 3.604900504107956e-05
1347, 1463, 3.5951055295102713e-05
1347, 2092, 3.5050616550459706e-05
1087, 1872, 3.500233077387525e-05
1347, 1600, 3.29150298084392e-05
1626, 1678, 3.287658920889374e-05
1087, 1495, 3.269077622533712e-05
1001, 1371, 3.2292862779503584e-05
173, 464, 3.212119639483529e-05
222, 290, 3.191122787333222e-05
1460, 1843, 2.985327698198975e-05
170, 464, 2.960793116287397e-05
1214, 1387, 2.907708756510885e-05
1112, 1399, 2.900067817510068e-05
222, 302, 2.896539234365744e-05
2239, 2302, 2.857081151112983e-05
222, 319, 2.81174323136957e-05
149, 319, 2.8000534429843193e-05
1214, 1495, 2.7069093457681316e-05
329, 551, 2.680264621560723e-05
173, 319, 2.6800947092122536e-05
1087, 1843, 2.6682669212467596e-05
746, 908, 2.667234579925369e-05
768, 1371, 2.660251869822444e-05
1347, 1576, 2.6553099325808034e-05
1087, 1859, 2.617154408728509e-05
1087, 1678, 2.5314037297888822e-05
1460, 1859, 2.523624989005267e-05
792, 908, 2.511963381720607e-05
1028, 1105, 2.3995554999585606e-05
170, 319, 2.3942075707628394e-05
1318, 1387, 2.3514216290148734e-05
188, 523, 2.3067843525486386e-05
1541, 1780, 2.30116363846362e-05
1347, 2336, 2.3002237127811528e-05
663, 707, 2.272881481065229e-05
173, 250, 2.2231345185016612e-05
1350, 1495, 2.2064184883543748e-05
411, 475, 2.1944764015639032e-05
829, 2168, 2.167094349455278e-05
829, 1769, 2.1400041218451038e-05
176, 302, 2.134694403730703e-05
1214, 1872, 2.1319275641758642e-05
1339, 1387, 2.072818638369948e-05
1339, 1424, 2.00596008505283e-05
389, 464, 1.934282883961315e-05
1238, 1424, 1.9070237891254396e-05
395, 470, 1.9024044680531372e-05
1347, 1981, 1.8753191445111603e-05
1460, 1769, 1.811826475917043e-05
1541, 1656, 1.77993371259482e-05
329, 470, 1.7730122250986862e-05
1112, 1387, 1.7639191383918724e-05
1541, 1828, 1.7610750463066652e-05
222, 464, 1.7386406813381714e-05
1238, 1713, 1.738141093712763e-05
1214, 1678, 1.7088963465089197e-05
1112, 1495, 1.7067796892612192e-05
1112, 1872, 1.696156601138514e-05
1112, 1678, 1.679879003439687e-05
1347, 2150, 1.672162390295317e-05
303, 464, 1.6626682915064796e-05
1238, 1399, 1.623895262100199e-05
1347, 1459, 1.5736755014883292e-05
1214, 1843, 1.5729819565561654e-05
1541, 2212, 1.5574191566485406e-05
1541, 2154, 1.54200184266612e-05
149, 302, 1.5053934715599758e-05
1626, 1713, 1.4985782420610651e-05
173, 302, 1.482121628292422e-05
170, 250, 1.4527573109003224e-05
2027, 2168, 1.4067652199201664e-05
146, 322, 1.3950663508873585e-05
829, 1865, 1.3604024724764344e-05
1460, 1576, 1.3516597388546146e-05
1214, 1264, 1.3454233802215266e-05
1112, 1843, 1.342781181051747e-05
1087, 1769, 1.3249808112773567e-05
170, 302, 1.3158667996648554e-05
222, 271, 1.3053659745098718e-05
1091, 1713, 1.2968607112573781e-05
1112, 1859, 1.2904198123009566e-05
1350, 1872, 1.2647659705729175e-05
1214, 1859, 1.2408782590158218e-05
1460, 1600, 1.2355648775286179e-05
1350, 1678, 1.2255149242210792e-05
829, 2336, 1.1874525172540889e-05
1214, 1769, 1.1762490051418143e-05
1105, 1371, 1.1587319045647604e-05
1091, 1424, 1.1179852775444382e-05
1541, 2322, 1.101300019771449e-05
1238, 1387, 1.0779225419860917e-05
176, 263, 1.0697005562428339e-05
1460, 2168, 1.054436418421843e-05
382, 464, 1.0435193850931427e-05
2255, 2322, 1.012316389750712e-05
1091, 1399, 1.0104853259051446e-05
1214, 2168, 1.0042483375757427e-05
829, 1600, 9.69270831934913e-06
1541, 2302, 9.518023323741389e-06
1541, 2027, 9.50091822340051e-06
1339, 1396, 9.383927334838708e-06
329, 523, 8.540588790110234e-06
1350, 1843, 8.519371397075655e-06
1318, 1399, 8.359760061226348e-06
1028, 1111, 8.02518908823745e-06
618, 707, 7.92884971017518e-06
149, 250, 7.772302528338184e-06
176, 271, 7.661547766130436e-06
1087, 2092, 7.401477948413385e-06
829, 1981, 7.227380347829129e-06
1350, 1859, 7.135118307478116e-06
173, 263, 6.856464687143393e-06
2213, 2282, 6.853819730251482e-06
1087, 2168, 6.763376048830257e-06
829, 2092, 6.718737746957795e-06
1460, 1865, 6.6046846611300846e-06
411, 689, 6.553662057943192e-06
149, 263, 6.0462427927090445e-06
1327, 1371, 5.936850262364173e-06
176, 290, 5.9328290302568854e-06
829, 2150, 5.876468045797756e-06
1350, 1396, 5.861321269480704e-06
170, 263, 5.813634796417209e-06
1115, 1713, 5.71882755937549e-06
1087, 1865, 5.667817022919172e-06
829, 1576, 5.653215856213105e-06
149, 271, 5.561019554352313e-06
1347, 1592, 5.556239791274458e-06
1541, 1626, 5.483034995705445e-06
1091, 1387, 5.403999010807332e-06
1238, 1495, 5.371756263666914e-06
1460, 2092, 5.2944076566660715e-06
271, 319, 5.238958094399091e-06
1460, 1722, 5.2363771189453554e-06
395, 551, 5.224779256292364e-06
2027, 2150, 5.187272912913074e-06
1264, 1424, 5.168714885528002e-06
173, 271, 5.148216028490567e-06
1238, 1872, 5.01994283276598e-06
1087, 2336, 5.0059957372880735e-06
1339, 1713, 5.005574911176124e-06
1115, 1424, 4.974207669594792e-06
1347, 1933, 4.89780607240437e-06
1238, 1678, 4.884180579997025e-06
411, 707, 4.856220774692697e-06
1252, 1424, 4.809964875432901e-06
853, 1371, 4.702820703479138e-06
1238, 1843, 4.615070161695052e-06
1264, 1399, 4.591644010580531e-06
1252, 1399, 4.4462487674260435e-06
1019, 1371, 4.416602817991499e-06
173, 290, 4.3860141893948534e-06
1087, 1600, 4.3598728315098204e-06
170, 271, 4.353219566162835e-06
1091, 1872, 4.322574753641718e-06
149, 290, 4.256339709634151e-06
176, 551, 4.244335384419406e-06
1091, 1495, 4.2430364439623345e-06
1112, 2168, 4.235854443349973e-06
263, 322, 4.235475446474096e-06
1087, 1576, 4.222308912355548e-06
25, 106, 4.205011914399062e-06
663, 1371, 4.202718187290871e-06
829, 1722, 4.156424881204406e-06
1087, 1722, 4.0980306684139e-06
1112, 1769, 4.040120828910965e-06
170, 290, 4.027782899304759e-06
1707, 1769, 4.008686917723008e-06
1218, 1371, 3.983227135470097e-06
1091, 1843, 3.968211884810128e-06
1460, 2336, 3.946664777918616e-06
1350, 1769, 3.92647838147919e-06
25, 245, 3.876696095920788e-06
1115, 1399, 3.822480793774468e-06
618, 680, 3.784979234513305e-06
1087, 2150, 3.7602887553869816e-06
329, 382, 3.760208383954805e-06
829, 1396, 3.7020356241996037e-06
1214, 2092, 3.6953160691496624e-06
1347, 2032, 3.6406606383251055e-06
1264, 1387, 3.6377567043559666e-06
2239, 2322, 3.565993371466256e-06
1214, 1722, 3.5485162434958537e-06
1112, 1865, 3.4914625997341598e-06
1091, 1859, 3.4556777461791786e-06
1252, 1387, 3.4539916774277847e-06
1087, 1269, 3.3180863329648527e-06
149, 551, 3.3019191420712853e-06
1214, 1600, 3.291946361661412e-06
1252, 1713, 3.2207768339473575e-06
829, 1269, 3.220606842542144e-06
1318, 1424, 3.2028378948151202e-06
333, 464, 3.1764465516481777e-06
1214, 2336, 3.153482663762821e-06
977, 1371, 3.145943084052957e-06
1264, 1713, 3.09127677242303e-06
1350, 2168, 3.083545146385286e-06
329, 395, 3.0618716572173866e-06
2027, 2336, 3.058202423449093e-06
1087, 1396, 3.049158755330063e-06
173, 551, 2.9624611059032245e-06
411, 1371, 2.9342485288840145e-06
2258, 2336, 2.9278164978860314e-06
1214, 1576, 2.8750173984265296e-06
829, 1463, 2.844234568821597e-06
157, 322, 2.8027481526220886e-06
1087, 1463, 2.794768095103679e-06
1091, 1678, 2.677962243801269e-06
618, 662, 2.655081083727628e-06
1339, 1495, 2.64400111371206e-06
170, 551, 2.604216016040247e-06
1541, 2282, 2.589874644345766e-06
1112, 1600, 2.5343373309545906e-06
1214, 1396, 2.523928068498477e-06
146, 464, 2.515301679696485e-06
411, 569, 2.3298717748377065e-06
1112, 2336, 2.3158745842821757e-06
1087, 1139, 2.2746272803379285e-06
1115, 1495, 2.2680098021991513e-06
395, 523, 2.141807143124788e-06
176, 470, 2.0268718192431133e-06
411, 662, 2.0177668617213345e-06
146, 319, 1.975301742742163e-06
1112, 1269, 1.9463540097641695e-06
872, 1105, 1.8672766636974745e-06
636, 689, 1.737134414351622e-06
188, 908, 1.7251650919979765e-06
1001, 1105, 1.7126772934084e-06
2213, 2302, 1.6794906862391007e-06
411, 506, 1.5660770927911373e-06
149, 470, 1.5617240667724746e-06
188, 287, 1.444860999374673e-06
173, 470, 1.4218104066626364e-06
222, 551, 1.3753106022248137e-06
1350, 2336, 1.3139017050209448e-06
149, 523, 1.307808279273557e-06
170, 470, 1.2717183116244717e-06
864, 908, 1.2673838413521718e-06
303, 551, 1.2593777396645469e-06
36, 106, 1.258457015432648e-06
188, 503, 1.2501787590489238e-06
2213, 2322, 1.2458019941890847e-06
2255, 2302, 1.1926380122683755e-06
411, 533, 1.16165189676864e-06
176, 260, 1.13010275969401e-06
176, 523, 1.1176822155438734e-06
411, 636, 1.1122967295402686e-06
146, 302, 1.0763709232406739e-06
271, 464, 1.0537936190471207e-06
636, 707, 9.568296887500835e-07
188, 329, 8.641499783964097e-07
387, 464, 8.285368162697693e-07
173, 523, 8.228966336802849e-07
222, 470, 8.123027396366127e-07
170, 523, 7.879149762434403e-07
25, 322, 7.338522055200942e-07
179, 322, 7.307841387724177e-07
372, 464, 6.994866087534258e-07
173, 260, 6.837898717448845e-07
192, 322, 6.753434863575638e-07
303, 470, 6.518466687104817e-07
441, 551, 6.363612520820612e-07
1091, 2336, 6.161313880544234e-07
188, 382, 6.014074134666876e-07
1115, 1387, 5.91159705598587e-07
170, 260, 5.58897389805627e-07
411, 606, 5.433069726134104e-07
222, 523, 5.410416380150206e-07
157, 464, 5.341202702699591e-07
263, 319, 5.208702896570586e-07
149, 260, 5.171728902185457e-07
1141, 1424, 5.073508424502416e-07
441, 523, 5.060585631588126e-07
146, 250, 4.958418840871455e-07
4, 245, 4.905928230234742e-07
411, 575, 4.805537297694887e-07
1269, 1399, 4.606948190379502e-07
157, 319, 4.450207554334134e-07
303, 523, 4.4054309277122603e-07
389, 470, 4.39871937875675e-07
361, 464, 4.372796654467999e-07
1269, 1424, 4.358858048547214e-07
146, 263, 4.2758527404013463e-07
329, 503, 4.244598522646825e-07
188, 395, 4.0733196563654554e-07
222, 287, 4.0156204848598904e-07
872, 1424, 3.998708885193745e-07
1112, 1396, 3.8203596322082283e-07
146, 271, 3.686878334638351e-07
1269, 1387, 3.6009090013767216e-07
1141, 1399, 3.5625005377350097e-07
109, 245, 3.5508299889437796e-07
1327, 1387, 3.544819551969113e-07
618, 1371, 3.540704852715681e-07
1347, 1438, 3.5351345074555815e-07
1028, 1399, 3.467848225051807e-07
1028, 1424, 3.380500396429178e-07
464, 523, 3.2858938744355114e-07
36, 245, 3.274667555898602e-07
382, 470, 3.245237345948615e-07
1350, 1463, 3.182933257088962e-07
192, 250, 2.8568009101703406e-07
146, 290, 2.8442069994569047e-07
1141, 1387, 2.810600160741622e-07
25, 109, 2.758346565041305e-07
1214, 1463, 2.7370095280161185e-07
411, 578, 2.6053379109545305e-07
872, 1399, 2.599715664587995e-07
1129, 1424, 2.5682887737520516e-07
4, 106, 2.4114705949108084e-07
1139, 1424, 2.337146257019634e-07
146, 551, 2.332520035345029e-07
382, 551, 2.3301990831496503e-07
1238, 1396, 2.2820835517238194e-07
389, 551, 2.2718641573795493e-07
1028, 1387, 2.176355121198079e-07
815, 1371, 2.1698719370751518e-07
1327, 1399, 2.1609145035499078e-07
333, 551, 2.152155446859306e-07
157, 302, 2.1180052337353973e-07
1244, 1424, 2.1084422420694288e-07
1244, 1399, 2.0994120686076507e-07
411, 653, 2.0881660827890173e-07
829, 1264, 2.0840130555585596e-07
58, 106, 2.0223880350869007e-07
1376, 1424, 2.002840680597833e-07
829, 1459, 1.980265439960943e-07
1129, 1399, 1.948525282468037e-07
1087, 1459, 1.9261874680086938e-07
441, 503, 1.8766927186315478e-07
179, 250, 1.8077819941958273e-07
1087, 1264, 1.802058052189687e-07
872, 1387, 1.7213622962299798e-07
411, 680, 1.700724853493701e-07
663, 758, 1.69805975140944e-07
1112, 1463, 1.6656463318822721e-07
1139, 1399, 1.5835622605155621e-07
872, 1111, 1.581440332199773e-07
1087, 1208, 1.566231633823372e-07
1252, 1495, 1.5646558019107124e-07
1318, 1396, 1.5579986783355596e-07
188, 689, 1.4874124076181086e-07
1350, 1459, 1.4852146888090806e-07
1244, 1387, 1.4829904402061651e-07
25, 128, 1.4599722828515027e-07
25, 464, 1.3698082061372461e-07
1214, 1459, 1.3417137226592183e-07
1091, 1396, 1.3405291996283555e-07
333, 470, 1.3391267682654074e-07
157, 250, 1.3078905384357263e-07
1001, 1424, 1.2752792877559205e-07
1139, 1387, 1.2743912651517374e-07
1264, 1495, 1.2700484855784136e-07
1214, 1339, 1.2428332420120914e-07
833, 1399, 1.2363885975411661e-07
58, 245, 1.2352068824293894e-07
768, 842, 1.2163055957833893e-07
192, 263, 1.1953421779123313e-07
1129, 1387, 1.1794854879030245e-07
179, 464, 1.1728009375625968e-07
829, 1208, 1.1367708553907407e-07
1001, 1399, 1.1119609763656492e-07
25, 319, 1.10440167135019e-07
179, 319, 1.0995716371874735e-07
833, 1424, 1.0903023792825982e-07
833, 1105, 1.0889116529545501e-07
395, 503, 1.082474913142373e-07
1001, 1111, 1.059224326963652e-07
829, 1339, 1.0497684766200854e-07
1112, 1264, 1.0362743743346451e-07
636, 908, 1.0332250492145505e-07
146, 470, 1.0310275170308725e-07
192, 319, 1.0237623799016388e-07
382, 523, 1.0078594491769015e-07
271, 551, 9.85415657589124e-08
1112, 1208, 9.84371603067568e-08
833, 1387, 9.604486507881085e-08
4, 322, 9.255252508021698e-08
464, 551, 9.238393386617163e-08
389, 523, 9.197321357339665e-08
768, 1424, 9.132746894234011e-08
1087, 1339, 8.950674782601536e-08
146, 523, 8.840205216245949e-08
1091, 1269, 8.762051576818517e-08
768, 1399, 8.61355761539513e-08
192, 464, 8.461766062071286e-08
1141, 1208, 8.409230410543951e-08
1214, 1350, 8.403059895077761e-08
339, 464, 8.306200519734181e-08
1264, 1396, 8.270636869636697e-08
1238, 1463, 8.247328705671344e-08
1001, 1387, 8.075268328477067e-08
188, 707, 8.055644534526227e-08
1252, 1396, 8.017354557100125e-08
829, 956, 7.987515066242157e-08
157, 263, 7.938042378956372e-08
1112, 1459, 7.84347837441311e-08
851, 1371, 7.699717934862821e-08
910, 1371, 7.647935851016983e-08
768, 1105, 7.624179272323642e-08
157, 271, 7.618209424049084e-08
36, 109, 7.364874969478946e-08
663, 746, 7.32490656424886e-08
188, 326, 7.2924140353096e-08
746, 1371, 7.195412854710146e-08
1091, 1463, 7.19132945036044e-08
1141, 1495, 7.179508523775016e-08
829, 1350, 7.09744117060357e-08
833, 1111, 7.07715339185305e-08
842, 1371, 6.76841404278029e-08
1264, 1339, 6.539154203885065e-08
1318, 1495, 6.511994054875409e-08
1115, 1396, 6.427741690004227e-08
157, 290, 6.404979938559231e-08
333, 523, 6.377708434353376e-08
1087, 1237, 6.27749606245918e-08
1087, 1350, 6.264864504479751e-08
1019, 1105, 6.179374456578119e-08
179, 302, 6.157752860589808e-08
1105, 1399, 5.8379292324710725e-08
36, 322, 5.818656961789773e-08
1105, 1424, 5.812392157275353e-08
1252, 1318, 5.810103127218971e-08
109, 322, 5.6479349488502537e-08
176, 287, 5.58614593879261e-08
149, 503, 5.3676146552312185e-08
303, 382, 5.312372983612612e-08
829, 1237, 5.231103754303848e-08
1339, 1463, 5.027277966830483e-08
768, 1111, 5.027100386458232e-08
829, 1072, 4.9812336169471054e-08
411, 617, 4.9420710256089966e-08
1115, 1269, 4.889917927521962e-08
271, 470, 4.873720565120099e-08
1269, 1495, 4.856191122767384e-08
176, 503, 4.8231116287102136e-08
192, 302, 4.7358335405756076e-08
411, 613, 4.6565845798523994e-08
1269, 1339, 4.6394655701582334e-08
157, 551, 4.516445274843832e-08
1238, 1339, 4.488227775130964e-08
58, 128, 4.4775814154717023e-08
1028, 1495, 4.386507898765031e-08
25, 302, 4.386027412607879e-08
1238, 1459, 4.3655562713860035e-08
1264, 1318, 4.359671217265522e-08
872, 1495, 4.359639984700001e-08
1112, 1339, 4.359452618242222e-08
1112, 1237, 4.357285145467662e-08
275, 322, 4.312200983323594e-08
149, 287, 4.2679698756306175e-08
329, 689, 4.182966591454509e-08
173, 287, 4.1746738513419306e-08
411, 565, 4.141275580253652e-08
192, 271, 4.0844038214390826e-08
768, 1387, 3.943516729346969e-08
170, 287, 3.935520211572463e-08
1129, 1495, 3.7736287880669165e-08
829, 1373, 3.719759155940698e-08
188, 662, 3.7012161096981927e-08
146, 260, 3.694567367993433e-08
1214, 1318, 3.67989442700689e-08
176, 329, 3.64938431731191e-08
411, 659, 3.599780297270307e-08
173, 503, 3.534192174204563e-08
179, 263, 3.528900215758369e-08
188, 569, 3.517685935025048e-08
1252, 1463, 3.4987463860510055e-08
1438, 1495, 3.4324681758245186e-08
58, 109, 3.4097374317492034e-08
1139, 1495, 3.348013956566053e-08
170, 503, 3.343372692696145e-08
329, 404, 3.3371937923477796e-08
411, 625, 3.324454596253834e-08
1091, 1459, 3.30867626080753e-08
1460, 2150, 3.291003936891819e-08
329, 908, 3.191409408862228e-08
789, 908, 3.181412458709144e-08
1112, 2092, 3.1587220916128887e-08
1139, 1208, 3.1378769204895035e-08
1091, 1264, 3.1339776589992226e-08
1019, 1111, 3.1119542940914264e-08
176, 382, 3.0840146698822785e-08
2041, 2092, 3.0689133336018933e-08
149, 329, 3.026236779684455e-08
271, 523, 3.011114481255893e-08
329, 707, 3.002737448069601e-08
1327, 1424, 2.9190088595986616e-08
1141, 1269, 2.908721728683049e-08
1091, 1208, 2.8691208480702936e-08
372, 551, 2.8206876863586412e-08
1244, 1495, 2.814048791184715e-08
1214, 2150, 2.784497915793614e-08
372, 470, 2.761812825587733e-08
173, 329, 2.7277171710860872e-08
333, 395, 2.723864280963839e-08
1105, 1387, 2.7161628504814665e-08
263, 464, 2.698830896706772e-08
853, 1399, 2.688251281401727e-08
411, 758, 2.6788790031144384e-08
792, 1371, 2.6768828789181865e-08
222, 503, 2.603972195597738e-08
70, 245, 2.566308673352771e-08
618, 758, 2.5642030218054946e-08
853, 1105, 2.5552801064387775e-08
1001, 1495, 2.5446945113369896e-08
1112, 1350, 2.5140981779528045e-08
170, 329, 2.5020096957613343e-08
411, 581, 2.5009515544471493e-08
1087, 1373, 2.4749180052377444e-08
829, 1318, 2.4479333214879107e-08
486, 908, 2.4402836324402244e-08
1269, 1396, 2.4350340252382872e-08
157, 470, 2.4290534782958163e-08
1238, 1318, 2.4248716778085686e-08
1350, 1438, 2.4217793000189106e-08
768, 815, 2.4138514120448306e-08
486, 689, 2.4121277240980344e-08
829, 876, 2.4083226695256022e-08
271, 329, 2.404864715697093e-08
486, 569, 2.3888131222928676e-08
149, 382, 2.3856093239846225e-08
829, 1438, 2.3399616378420427e-08
1238, 1350, 2.320430366188525e-08
1214, 1373, 2.313851799259222e-08
173, 382, 2.3107384891783468e-08
977, 1105, 2.286407016275613e-08
361, 551, 2.27831479187032e-08
179, 271, 2.2720493914891353e-08
853, 1424, 2.2639104017052694e-08
222, 329, 2.2174152774237807e-08
170, 382, 2.2024864211414087e-08
833, 1495, 2.0845484653128386e-08
1115, 1463, 2.0367958104933986e-08
387, 470, 2.0281343927024702e-08
663, 1424, 2.0138129526368908e-08
303, 503, 1.9970549528295285e-08
1019, 1424, 1.964697375217877e-08
1318, 1373, 1.9488414022900553e-08
1264, 1463, 1.92441675697133e-08
4, 128, 1.9158616258907432e-08
1141, 1396, 1.9135557165517293e-08
58, 322, 1.902014336004394e-08
4, 109, 1.8979423005181628e-08
329, 401, 1.8932973755612555e-08
768, 1495, 1.8715578033733403e-08
361, 470, 1.8714807700963413e-08
1019, 1399, 1.8616951046730303e-08
176, 395, 1.8550002748018556e-08
1339, 1459, 1.8505372528094882e-08
1091, 1139, 1.846913340700135e-08
188, 431, 1.822008908401171e-08
663, 1105, 1.7746626143317882e-08
1087, 1318, 1.7568756695585688e-08
1214, 1865, 1.726297199254661e-08
853, 1387, 1.7217884647897194e-08
1252, 1339, 1.7186035776363824e-08
188, 636, 1.717132767107826e-08
70, 128, 1.7026719474515868e-08
1028, 1396, 1.6978417038770758e-08
1238, 1859, 1.6944523847843588e-08
157, 523, 1.65088672132326e-08
663, 1399, 1.6428700014745435e-08
486, 707, 1.6330646581467418e-08
1218, 1424, 1.5906515292745504e-08
179, 290, 1.5844354376266845e-08
149, 395, 1.5819281432102957e-08
1087, 1438, 1.57233062094721e-08
1327, 1396, 1.5719125879053996e-08
36, 128, 1.5584195200275744e-08
1814, 1872, 1.532252498959753e-08
192, 290, 1.518893406134928e-08
222, 382, 1.515800191026182e-08
1460, 1981, 1.4856132957936599e-08
192, 260, 1.4781421492910143e-08
188, 475, 1.4432966872953143e-08
1115, 1208, 1.439185470649766e-08
4, 319, 1.4170824048814256e-08
4, 464, 1.4051882792317801e-08
829, 1139, 1.4011816199214117e-08
25, 250, 1.3886164417872239e-08
303, 395, 1.3785623912770027e-08
411, 1424, 1.3700945808966306e-08
1115, 1264, 1.348436421419394e-08
188, 404, 1.3044745292463427e-08
25, 551, 1.2874446014479767e-08
1214, 1438, 1.2669717709546764e-08
25, 122, 1.2639660879192593e-08
853, 1111, 1.2434418348058975e-08
333, 382, 1.2365891384738695e-08
173, 395, 1.2272176744544343e-08
1091, 1339, 1.2229834775181914e-08
188, 506, 1.1991585409110934e-08
387, 551, 1.182110528917478e-08
486, 533, 1.1703595750967144e-08
1252, 1459, 1.1684876097467661e-08
179, 551, 1.1648178610592356e-08
25, 271, 1.1563658737563986e-08
25, 263, 1.1527719618029453e-08
329, 431, 1.1331285887051691e-08
188, 533, 1.1287277225313379e-08
1318, 1463, 1.0924492745936614e-08
329, 662, 1.088014839154858e-08
977, 1111, 1.067571646914128e-08
1112, 1318, 1.0655942405254457e-08
170, 395, 1.0639409251594913e-08
329, 569, 1.0558592611910539e-08
36, 464, 1.0375064370241939e-08
372, 523, 1.0318553752881537e-08
25, 290, 1.0000719288114997e-08
1115, 1459, 9.876063986494644e-09
1028, 1269, 9.84807711204583e-09
1139, 1269, 9.758051730750188e-09
188, 606, 9.596737827407325e-09
109, 464, 9.504267478961172e-09
1238, 1769, 9.425650721099151e-09
1264, 1459, 9.142950850719377e-09
1129, 1269, 9.128287401603536e-09
1091, 1237, 9.117143768721285e-09
1141, 1463, 8.896647418670959e-09
1141, 1264, 8.889372084139907e-09
872, 1269, 8.545735172639265e-09
361, 523, 8.4928462411097e-09
663, 1111, 8.47844501879829e-09
1112, 1722, 8.402926515424745e-09
192, 551, 8.346755193521827e-09
36, 319, 8.309599239378182e-09
149, 689, 8.110872629343698e-09
109, 319, 8.031257310230479e-09
188, 575, 7.854783156307663e-09
1350, 1722, 7.806782596851602e-09
618, 746, 7.75142175977252e-09
1129, 1208, 7.717948337597511e-09
1218, 1269, 7.708666639773823e-09
486, 662, 7.593110735514728e-09
25, 132, 7.54734572455013e-09
222, 395, 7.531822571242445e-09
157, 260, 7.4305600672630626e-09
329, 636, 7.2739410720545175e-09
1387, 1495, 7.199787701267284e-09
1141, 1713, 7.141573682369754e-09
1115, 1678, 6.894657649473075e-09
872, 1713, 6.757797535022979e-09
395, 689, 6.757050275796507e-09
1105, 1495, 6.619782574826737e-09
411, 746, 6.520719441353307e-09
4, 302, 6.505595470165482e-09
1115, 1872, 6.4323469339233625e-09
1350, 1865, 6.418814723387291e-09
382, 503, 6.351069813461408e-09
829, 1012, 6.3103890259982294e-09
1339, 1872, 6.091911367634589e-09
746, 807, 5.977591898113547e-09
176, 689, 5.854230829104078e-09
1376, 1495, 5.704512119461423e-09
1460, 1592, 5.63989383728872e-09
395, 908, 5.639070675148117e-09
176, 908, 5.613475778566824e-09
179, 470, 5.601180124065191e-09
58, 122, 5.5876738194834274e-09
329, 475, 5.57370820020893e-09
1350, 1600, 5.565836163683387e-09
411, 629, 5.432081621132527e-09
339, 551, 5.394515016203529e-09
25, 470, 5.296619425465456e-09
389, 503, 5.290504868918032e-09
188, 401, 5.10635455249837e-09
411, 1105, 5.071643154965378e-09
25, 523, 5.06070372503628e-09
1264, 1872, 5.031868647721367e-09
387, 523, 4.9152509256891166e-09
149, 908, 4.851968742262406e-09
149, 707, 4.83449050604891e-09
176, 707, 4.831902797969417e-09
636, 680, 4.812589446300124e-09
486, 636, 4.7825321302206105e-09
188, 578, 4.509055718367555e-09
70, 322, 4.493531621383712e-09
663, 1495, 4.463149140792102e-09
329, 506, 4.3979554462234215e-09
395, 707, 4.315064377061835e-09
58, 464, 4.29349284886244e-09
329, 533, 4.2907618852639515e-09
489, 569, 4.11849229716374e-09
173, 689, 4.086519590574761e-09
1214, 1981, 4.077997250483333e-09
179, 260, 4.0180553180801576e-09
486, 575, 3.975989465845235e-09
188, 680, 3.965455573036611e-09
192, 470, 3.956950917591932e-09
146, 503, 3.877640559460429e-09
1252, 1872, 3.841324346334613e-09
173, 707, 3.836792976117593e-09
170, 707, 3.802996997267257e-09
173, 908, 3.6521904598447266e-09
170, 689, 3.5956105588656365e-09
1115, 1843, 3.5187600458107297e-09
2044, 2092, 3.509077343990577e-09
395, 475, 3.502216526181201e-09
339, 470, 3.4980616793731926e-09
486, 606, 3.3257692096338115e-09
872, 956, 3.302585882402789e-09
329, 606, 3.248550580623332e-09
1087, 1933, 3.152682043433654e-09
36, 302, 3.1222451392352077e-09
1350, 2092, 3.105216151765004e-09
179, 523, 3.0983305893682825e-09
1252, 1859, 3.0819847937395154e-09
109, 302, 3.052195880094734e-09
188, 653, 3.010501865056208e-09
170, 908, 3.0087951222472024e-09
1626, 1872, 2.9866047555246015e-09
1091, 1769, 2.9758262813131617e-09
333, 503, 2.9728514450202182e-09
663, 765, 2.960693845578479e-09
1115, 1859, 2.9582820636462427e-09
176, 326, 2.9292550179586113e-09
872, 1872, 2.922240042712124e-09
663, 842, 2.904132501221193e-09
663, 807, 2.8961536458004397e-09
146, 287, 2.8650301702092446e-09
1087, 1981, 2.8008254431741738e-09
1460, 1933, 2.7981726490694872e-09
1961, 2032, 2.7781942727084066e-09
1339, 1843, 2.77400419749166e-09
58, 319, 2.7035326696120942e-09
4, 551, 2.609975210353714e-09
329, 575, 2.5985928109937877e-09
263, 551, 2.5929489443071386e-09
618, 1105, 2.5653521246437427e-09
1091, 1865, 2.4868036152119413e-09
1238, 1865, 2.448386247557597e-09
149, 326, 2.4297859448176536e-09
1141, 1872, 2.420520508391482e-09
275, 319, 2.3744117062858675e-09
1028, 1713, 2.3270868493150997e-09
1264, 1859, 2.272222574846143e-09
1626, 1843, 2.2212546399901867e-09
85, 245, 2.2044036219863836e-09
192, 523, 2.2033060275616397e-09
173, 326, 2.1643075321276453e-09
489, 689, 2.14959852590773e-09
1339, 1859, 2.127089744154144e-09
1028, 1872, 2.117981156735983e-09
486, 578, 2.1137189963253044e-09
146, 329, 2.11039351384829e-09
176, 662, 2.07409665048865e-09
170, 326, 2.062861652703779e-09
4, 250, 2.0595098922743432e-09
1252, 1843, 2.0573208655726072e-09
222, 689, 1.985000661435787e-09
663, 767, 1.9565789483432126e-09
1318, 1713, 1.9542566109858035e-09
222, 707, 1.9348320142869236e-09
222, 908, 1.927763747258402e-09
222, 326, 1.894701720837311e-09
1112, 2150, 1.876696492441958e-09
395, 569, 1.7620126339336286e-09
1252, 1678, 1.74796381430889e-09
149, 662, 1.7381961209482134e-09
1339, 1678, 1.7331829822641334e-09
275, 464, 1.7251840161320068e-09
4, 290, 1.7141012777161837e-09
746, 815, 1.7122374320498142e-09
815, 1105, 1.7092137314309292e-09
618, 1111, 1.6821524396492938e-09
146, 382, 1.6666949117044318e-09
411, 1111, 1.6657376945322478e-09
1264, 1678, 1.6509992761071324e-09
489, 707, 1.6384329635100587e-09
441, 506, 1.6165574082596568e-09
339, 523, 1.5926231181421652e-09
271, 326, 1.5651651216314087e-09
173, 662, 1.5397927993898043e-09
58, 132, 1.506053315359759e-09
792, 842, 1.5030095320498164e-09
1238, 2168, 1.5009266530385176e-09
329, 578, 1.491215325637968e-09
4, 122, 1.4756164143703397e-09
4, 263, 1.4754479828300428e-09
1112, 1981, 1.4751773380734831e-09
176, 569, 1.4720979857180543e-09
4, 271, 1.4719513489845943e-09
36, 122, 1.4352979579729286e-09
170, 662, 1.4294663067238911e-09
58, 302, 1.425604518847461e-09
36, 250, 1.3707098868787378e-09
149, 569, 1.370297887901507e-09
533, 689, 1.3584166552561655e-09
109, 250, 1.3517439275704705e-09
1115, 1237, 1.3250630754483002e-09
663, 815, 1.3229840210158812e-09
395, 662, 1.261473862655638e-09
829, 1592, 1.242803104257794e-09
271, 382, 1.2418768263964162e-09
1269, 1713, 1.2241120167963278e-09
263, 470, 1.1511529206797901e-09
489, 908, 1.1205159050649232e-09
149, 636, 1.1016209244750528e-09
271, 503, 1.0955310254593424e-09
395, 506, 1.0943562705215674e-09
146, 395, 1.0799193834635006e-09
1141, 1678, 1.0784142915947383e-09
303, 689, 1.0757185883169534e-09
533, 606, 1.0744947634013836e-09
815, 1111, 1.067429124953723e-09
109, 263, 1.0615298055186174e-09
173, 569, 1.0517097531174402e-09
36, 551, 1.0288182679976572e-09
4, 132, 9.97774362830383e-10
25, 260, 9.953111668473731e-10
1238, 1722, 9.81057153153185e-10
70, 132, 9.789431385536208e-10
170, 569, 9.686817792818642e-10
109, 271, 9.34594185444883e-10
833, 1269, 9.254350809509179e-10
36, 263, 9.088879424349697e-10
70, 464, 8.835683896958159e-10
829, 1933, 8.716028179896494e-10
1001, 1072, 8.609549301786139e-10
109, 290, 8.567651097468487e-10
36, 290, 8.400415766515711e-10
149, 431, 8.309158906548964e-10
36, 271, 8.290214323483716e-10
768, 1269, 8.185192591094501e-10
1139, 1713, 8.098471309814164e-10
188, 617, 7.963571489486288e-10
1347, 1615, 7.953260938985135e-10
411, 842, 7.86006336833113e-10
36, 132, 7.819452394866503e-10
109, 551, 7.819167223645572e-10
1141, 1237, 7.789963044574846e-10
176, 431, 7.731290314733404e-10
872, 1264, 7.653582412583983e-10
1238, 1600, 7.635928835491806e-10
395, 636, 7.51626886897497e-10
188, 613, 7.506241353975696e-10
271, 395, 7.380575783757577e-10
1087, 1592, 7.268272251310446e-10
851, 1105, 7.227912259881387e-10
746, 1105, 7.085921564115031e-10
872, 1208, 7.073516402845481e-10
4, 470, 7.047863676469238e-10
303, 908, 6.970709192764318e-10
533, 908, 6.835653765167643e-10
188, 565, 6.818047541252782e-10
157, 503, 6.774173581789964e-10
70, 319, 6.76996223775865e-10
618, 842, 6.614363446981377e-10
1350, 1981, 6.568950076238874e-10
70, 122, 6.485216983458245e-10
157, 287, 6.484095010057146e-10
1028, 1208, 6.403118018453599e-10
176, 475, 6.36487466832566e-10
395, 533, 6.206630698614791e-10
222, 569, 6.197151331657553e-10
1139, 1264, 6.101175859899319e-10
411, 807, 5.977565509531149e-10
618, 807, 5.895488446592566e-10
188, 758, 5.713884845112359e-10
1129, 1264, 5.648905903021793e-10
176, 533, 5.622970649798431e-10
149, 506, 5.584545270808081e-10
339, 395, 5.51190673984023e-10
4, 523, 5.500753145796194e-10
263, 523, 5.485031781218384e-10
1028, 1264, 5.414153121118008e-10
1001, 1269, 5.384634882157088e-10
173, 431, 5.309931453268861e-10
36, 470, 5.259128230860868e-10
149, 533, 5.24232454849081e-10
1091, 1600, 5.052712671233652e-10
636, 758, 4.992708912841025e-10
263, 329, 4.98829449344491e-10
58, 551, 4.911657772103347e-10
149, 475, 4.877427567609941e-10
746, 842, 4.87576828612203e-10
176, 506, 4.796784174051454e-10
170, 431, 4.760098527345284e-10
176, 404, 4.745620760999222e-10
58, 250, 4.738457326424464e-10
842, 1105, 4.71172576710052e-10
303, 431, 4.630444320472109e-10
910, 1105, 4.582468095162655e-10
109, 470, 4.5677054783846517e-10
746, 1111, 4.56496402780597e-10
173, 475, 4.543864135956686e-10
1214, 1592, 4.4719758218974296e-10
411, 765, 4.4309359035528993e-10
149, 404, 4.424955107580101e-10
58, 271, 4.3928202153775984e-10
188, 581, 4.343556071659021e-10
58, 263, 4.3404690938035296e-10
222, 431, 4.290730456300079e-10
489, 575, 4.275060818092391e-10
792, 1105, 4.23981097420931e-10
372, 503, 4.2308008986020755e-10
173, 533, 4.1865508169333977e-10
170, 475, 4.1791160415307363e-10
851, 1111, 4.1587947789424034e-10
489, 533, 4.1247041347358155e-10
333, 404, 4.0022621899452933e-10
170, 533, 3.895583126315422e-10
157, 329, 3.863968579539956e-10
36, 523, 3.8377692414105694e-10
872, 1072, 3.6445277091923817e-10
173, 506, 3.558552815680196e-10
833, 1264, 3.410752594920153e-10
170, 506, 3.4088027890024117e-10
173, 404, 3.4058639571593545e-10
157, 382, 3.386206282053625e-10
1139, 1237, 3.380098811812492e-10
58, 290, 3.3602413360811534e-10
303, 404, 3.3441166070590093e-10
382, 431, 3.3060132211779833e-10
872, 1237, 3.1715705273838763e-10
170, 404, 3.1445322913098933e-10
85, 322, 3.1426106707947726e-10
768, 1264, 3.101961435439139e-10
910, 1111, 3.0899141228662816e-10
361, 503, 2.992766115472418e-10
1028, 1237, 2.978139944134885e-10
411, 815, 2.9373272278551406e-10
833, 1208, 2.9207358344107603e-10
1129, 1237, 2.8987944510867555e-10
1105, 1269, 2.890726139719606e-10
842, 1111, 2.8522261393564824e-10
1028, 1072, 2.839065025115259e-10
70, 302, 2.745950553338807e-10
1091, 2168, 2.606959993011302e-10
222, 475, 2.516163878087321e-10
1001, 1208, 2.4878230361132337e-10
222, 404, 2.4661743724520354e-10
1961, 2168, 2.311657771887073e-10
1019, 1072, 2.1889723891821542e-10
333, 401, 2.1687155465916819e-10
833, 956, 2.1576690305826968e-10
792, 1111, 1.9916053820914176e-10
157, 395, 1.9884938011742464e-10
618, 815, 1.9732781657237482e-10
176, 401, 1.8902682755881983e-10
1001, 1264, 1.86904796189826e-10
768, 1208, 1.8564401142878736e-10
149, 401, 1.7923170988549448e-10
146, 326, 1.716854409111231e-10
663, 1269, 1.6754358153500456e-10
853, 1269, 1.6097841563451421e-10
192, 287, 1.5919503079554578e-10
179, 287, 1.5144901129533174e-10
441, 908, 1.4694827769126096e-10
303, 401, 1.412668595373451e-10
4, 260, 1.3687402796659267e-10
173, 401, 1.3293346211584294e-10
833, 1072, 1.2215842881198483e-10
170, 401, 1.2165780560232794e-10
70, 250, 1.0745950792362984e-10
25, 329, 1.0378777849417926e-10
1028, 1139, 1.0169330657407354e-10
768, 1072, 1.0012880695155402e-10
179, 329, 9.866486977997384e-11
25, 382, 9.787932314813186e-11
382, 908, 9.764082040059651e-11
833, 1237, 9.756066740124404e-11
1105, 1208, 9.729513735630609e-11
222, 401, 9.428871824478337e-11
872, 1139, 9.326008529351877e-11
25, 287, 9.313262969898044e-11
109, 260, 9.097185006936108e-11
192, 329, 8.965517298868702e-11
768, 956, 8.773676371395813e-11
146, 908, 8.455006482774878e-11
70, 263, 8.433460225958784e-11
70, 290, 8.374393145387716e-11
36, 260, 8.35080700069169e-11
179, 382, 8.101478128298739e-11
70, 271, 8.065177591958321e-11
389, 908, 7.87131834423157e-11
1269, 1318, 7.671446690678127e-11
1105, 1264, 6.635405015280507e-11
1218, 1264, 6.4877588904948e-11
25, 395, 6.377569403841703e-11
333, 908, 6.294396647451311e-11
192, 382, 6.142883609674654e-11
1019, 1269, 6.001049208426234e-11
179, 395, 5.373797066865704e-11
85, 128, 5.3623869408831054e-11
1244, 1318, 5.1881665042952605e-11
1001, 1237, 5.156216246838894e-11
1091, 1318, 5.103402470818876e-11
263, 326, 4.913741794592037e-11
853, 956, 4.8315878576011135e-11
789, 842, 4.701601010362345e-11
977, 1269, 4.5689042739397655e-11
339, 382, 4.554460711384683e-11
85, 319, 4.5143132935805755e-11
192, 395, 3.791979487930977e-11
58, 260, 3.667237490953146e-11
263, 382, 3.2418415432918615e-11
1115, 1339, 3.213420161714904e-11
157, 326, 3.140178540216786e-11
663, 1387, 2.959419505795009e-11
146, 404, 2.9072198368006776e-11
872, 1396, 2.8656917240603493e-11
1115, 1318, 2.7913478874056994e-11
275, 329, 2.6915232775615753e-11
829, 994, 2.5260278194605045e-11
85, 302, 2.5194534138090597e-11
271, 404, 1.9985078770748757e-11
339, 404, 1.7438824869789138e-11
411, 1399, 1.6752593075511726e-11
263, 395, 1.6350814247374526e-11
4, 287, 1.6329030365309676e-11
636, 842, 1.5934444245143812e-11
1141, 1339, 1.5352728113417786e-11
4, 382, 1.4716358671228277e-11
1244, 1339, 1.415054556096789e-11
1141, 1318, 1.2962704283618394e-11
4, 329, 1.2016952781708579e-11
1019, 1387, 1.1910538924261548e-11
146, 401, 1.1857178236987712e-11
1028, 1339, 1.1821911923584775e-11
85, 132, 1.1388050120390808e-11
1028, 1318, 9.912401401308979e-12
1218, 1399, 9.78654564164149e-12
853, 1072, 9.739308961925936e-12
663, 956, 9.357882962061676e-12
36, 329, 8.842344614951504e-12
1129, 1339, 8.725678215574643e-12
977, 1399, 8.548732575028116e-12
36, 287, 8.517182373681522e-12
25, 326, 8.461142532500296e-12
179, 326, 8.259796404835297e-12
109, 287, 8.19990872852695e-12
271, 401, 8.047052172937027e-12
1244, 1396, 8.028026622880322e-12
4, 395, 7.793354012398607e-12
85, 250, 7.78923557209375e-12
271, 908, 7.787079646410397e-12
339, 401, 7.779778882353436e-12
192, 326, 7.65073867197476e-12
70, 260, 7.646698452181348e-12
109, 329, 7.496307631208068e-12
1129, 1396, 7.280188166521173e-12
1139, 1339, 7.152464252786767e-12
36, 382, 6.983364779020072e-12
157, 404, 6.616279756908707e-12
85, 263, 6.533548317810981e-12
109, 382, 6.4289327622898886e-12
372, 908, 6.317534348735544e-12
663, 1072, 6.31589695012467e-12
85, 290, 6.160677470064419e-12
85, 271, 6.0808385728011675e-12
977, 1072, 5.2604027596225295e-12
977, 1424, 5.097844321981467e-12
36, 395, 4.734321770852419e-12
361, 908, 4.631474997675552e-12
833, 1139, 4.333202097991016e-12
109, 395, 4.185030539848095e-12
361, 404, 4.081408019956068e-12
1001, 1339, 4.055811353030443e-12
157, 908, 3.99065678224759e-12
636, 1105, 3.961806647965545e-12
872, 1012, 3.749863176136933e-12
464, 908, 3.746954456832756e-12
768, 1139, 3.586713893465446e-12
58, 287, 3.286559916553524e-12
58, 329, 3.1804381709244414e-12
833, 876, 2.9794275741519995e-12
768, 876, 2.808133255981042e-12
58, 382, 2.6060137905025593e-12
157, 401, 2.547142653768088e-12
1001, 1139, 2.5281311692136664e-12
815, 876, 2.375580228545405e-12
275, 382, 1.939389923108593e-12
25, 404, 1.909703872103993e-12
58, 395, 1.6681012954032362e-12
411, 956, 1.5860841550289251e-12
275, 326, 1.3573463065640446e-12
179, 404, 1.347983919624486e-12
192, 404, 1.3061160171302105e-12
815, 956, 1.273526729601325e-12
275, 395, 1.227442280841011e-12
618, 956, 1.1834654427923316e-12
303, 569, 1.1236840268953978e-12
4, 326, 1.0216741653658367e-12
176, 636, 1.0086141695643018e-12
176, 606, 9.00566419082297e-13
872, 994, 8.972483668230058e-13
70, 287, 8.736920367130917e-13
395, 606, 8.547416832228578e-13
25, 401, 7.731139141724421e-13
176, 575, 7.714121282202486e-13
829, 946, 7.656205171110452e-13
173, 636, 7.58669937606365e-13
170, 636, 7.466496559084793e-13
222, 662, 7.448828499659595e-13
149, 575, 7.18417722291339e-13
36, 326, 7.180697543140966e-13
395, 575, 7.167152756014953e-13
329, 653, 7.004603265716238e-13
173, 606, 6.919135526625208e-13
109, 523, 6.798189351242211e-13
70, 382, 6.681731629700163e-13
303, 707, 6.618829079196854e-13
109, 326, 6.585895367795634e-13
170, 606, 6.424319433107085e-13
387, 908, 6.419252764803269e-13
149, 606, 6.271572427019728e-13
222, 636, 6.062756095391094e-13
833, 1012, 5.968636644792e-13
70, 329, 5.866128851568598e-13
222, 533, 5.675087654974386e-13
222, 506, 5.63139060933198e-13
173, 575, 5.629914272015566e-13
85, 260, 5.61962348969934e-13
179, 401, 5.553943791961886e-13
58, 470, 5.460403447417955e-13
170, 575, 5.301571598551953e-13
303, 475, 5.252792784478345e-13
387, 503, 5.107787406671394e-13
910, 956, 4.992871049095569e-13
192, 401, 4.894766691791876e-13
176, 578, 4.552084196460908e-13
329, 680, 4.536519360854141e-13
25, 503, 4.4933533119093283e-13
263, 404, 4.4875548383686354e-13
851, 956, 4.4674824650021285e-13
149, 578, 4.4244779061935315e-13
663, 876, 4.4232253936477537e-13
441, 569, 4.3521405002421536e-13
395, 578, 4.224321990881434e-13
768, 1012, 4.185895799740642e-13
222, 606, 4.0550621558876545e-13
146, 689, 3.8304734665730615e-13
303, 662, 3.6332153438976797e-13
222, 575, 3.530804457562702e-13
25, 908, 3.385846044284189e-13
173, 578, 3.3615667781295627e-13
842, 956, 3.293575694962359e-13
70, 395, 3.2775126918622576e-13
179, 908, 3.109877209654123e-13
372, 431, 3.025338902339177e-13
179, 503, 2.9607456407054136e-13
303, 506, 2.9180650399245886e-13
192, 503, 2.812219791419419e-13
441, 689, 2.74746778360029e-13
833, 994, 2.6227807979122006e-13
746, 956, 2.580982876149557e-13
58, 326, 2.489334513259122e-13
58, 523, 2.356441805940195e-13
4, 404, 2.3238394222340553e-13
533, 707, 1.8468138332965219e-13
263, 401, 1.7913291628859386e-13
146, 707, 1.7180676273969477e-13
768, 994, 1.5328414361011295e-13
36, 404, 1.5173007027405056e-13
333, 431, 1.4679839917410179e-13
361, 431, 1.376065260491546e-13
109, 404, 1.3189792396623442e-13
853, 1012, 1.225733577913087e-13
146, 431, 1.0406794145827267e-13
192, 908, 1.0206305193027612e-13
872, 946, 9.797955683594186e-14
4, 401, 8.983264139740355e-14
389, 475, 8.000559227838499e-14
85, 464, 7.405221985051009e-14
382, 475, 7.357130315164283e-14
389, 431, 6.220415458875364e-14
275, 470, 6.180113046721732e-14
864, 1105, 5.887796278564987e-14
85, 287, 5.734611984486149e-14
36, 401, 5.729009754851426e-14
58, 404, 5.26831288327697e-14
303, 533, 5.227083352086148e-14
109, 401, 5.169217158836639e-14
70, 326, 5.04873924033088e-14
85, 329, 5.00471624564742e-14
85, 382, 4.973252718866865e-14
271, 431, 4.691009701265582e-14
275, 551, 4.353905908580435e-14
441, 533, 4.1540063265816104e-14
489, 662, 4.029579297295853e-14
70, 470, 3.500816486489868e-14
339, 503, 3.458847307067588e-14
275, 404, 3.339908198311348e-14
85, 395, 2.9252335822452973e-14
533, 662, 2.853809582870407e-14
329, 1105, 2.832039120898958e-14
464, 533, 2.7484430547149217e-14
333, 475, 2.7382591287636186e-14
70, 551, 2.7351212771058206e-14
146, 475, 2.688623955645597e-14
58, 401, 2.0537593468697767e-14
663, 1208, 2.011681384959677e-14
382, 506, 1.96373141731137e-14
157, 431, 1.8675018861514755e-14
853, 1208, 1.830747025622789e-14
486, 680, 1.8172992202334783e-14
389, 506, 1.7537027863763033e-14
146, 569, 1.5654166522765477e-14
275, 523, 1.5461113634097682e-14
833, 1713, 1.5097729140241677e-14
146, 506, 1.4966604798297153e-14
4, 503, 1.4856299642074492e-14
768, 1713, 1.376949993224955e-14
275, 401, 1.3474959404687595e-14
263, 503, 1.3344130204351063e-14
382, 569, 1.2571234288740966e-14
146, 533, 1.0996302151557968e-14
389, 569, 1.0783167093683383e-14
872, 1678, 1.0632474426605873e-14
70, 404, 1.0496209516796835e-14
339, 908, 1.0461366279576595e-14
636, 1111, 1.026934683932798e-14
382, 533, 9.413873549697665e-15
271, 475, 7.613168095394964e-15
333, 569, 7.502441727090642e-15
387, 431, 7.179221150904826e-15
833, 946, 6.8980608537445915e-15
25, 431, 4.670685308131122e-15
85, 326, 3.959787100870783e-15
70, 401, 3.946865224953613e-15
339, 431, 3.923484944444433e-15
179, 431, 3.703442604486008e-15
157, 475, 3.5303909432730498e-15
768, 946, 3.1790644066944476e-15
192, 431, 2.8477789067383967e-15
333, 506, 2.7179516446503737e-15
170, 578, 2.6639132161843304e-15
303, 575, 2.6199035843413106e-15
486, 565, 2.4980940038590437e-15
372, 475, 2.45688101719907e-15
329, 565, 2.4468403617331117e-15
853, 994, 2.2891987806467157e-15
853, 946, 2.2661438241235368e-15
663, 1012, 2.1648130557915963e-15
361, 475, 2.0193921853128625e-15
70, 523, 1.889159105716412e-15
222, 578, 1.8090005233839584e-15
489, 578, 1.6840262345470867e-15
382, 689, 1.6431398625010014e-15
387, 475, 1.5428101650957359e-15
109, 503, 1.5175902400882e-15
36, 503, 1.5023727136926182e-15
389, 533, 1.3861457497258318e-15
389, 689, 1.3729065187808735e-15
85, 470, 1.2421912554278765e-15
303, 578, 1.0826442706856564e-15
333, 533, 1.076076965868162e-15
663, 994, 1.012707391819003e-15
263, 431, 9.163550257674728e-16
303, 606, 8.818441008926387e-16
533, 578, 8.815323956103025e-16
489, 606, 8.712372295176301e-16
85, 404, 8.123699566273847e-16
329, 581, 7.271507145914586e-16
663, 946, 6.95308090141598e-16
271, 506, 6.375424946604032e-16
4, 431, 6.339999767583949e-16
441, 575, 6.00001742892342e-16
179, 475, 5.758048905398636e-16
768, 851, 5.60958508540902e-16
329, 613, 5.370163163554241e-16
25, 475, 5.272772420741706e-16
486, 581, 4.986555039823388e-16
271, 569, 4.776501130338966e-16
329, 617, 4.733588275836166e-16
192, 475, 4.3697310093453404e-16
303, 636, 3.882526046500658e-16
36, 431, 3.607546504529519e-16
271, 533, 3.5929886415678234e-16
768, 833, 3.4727684645439497e-16
339, 475, 3.368201645160427e-16
85, 401, 3.322003541377576e-16
109, 431, 2.912531824909391e-16
533, 575, 2.802891055223227e-16
157, 569, 2.760394347434739e-16
146, 575, 2.6280767532262567e-16
489, 636, 2.414589777083643e-16
486, 613, 2.379681930578274e-16
441, 578, 2.1272579576020985e-16
464, 569, 2.091727412313921e-16
486, 617, 1.9340686537760784e-16
533, 636, 1.8002328343413116e-16
58, 431, 1.7830029963607105e-16
382, 575, 1.7748310559183694e-16
389, 575, 1.605851276523068e-16
263, 475, 1.4910177729263314e-16
146, 578, 1.326627143386673e-16
486, 653, 1.295394736057676e-16
146, 636, 1.0795763811396072e-16
4, 908, 9.990558763824421e-17
441, 606, 9.841848670805045e-17
441, 636, 9.186130070979232e-17
4, 475, 8.4713684411323e-17
395, 653, 7.52926500762801e-17
275, 431, 5.766697204209e-17
792, 851, 5.564518741323292e-17
389, 606, 5.4641856052559773e-17
382, 606, 5.434728673304216e-17
36, 475, 5.2382768700524685e-17
618, 1072, 5.177890531673161e-17
109, 475, 4.908506641324406e-17
411, 1012, 4.405379574645293e-17
815, 1072, 4.38793693412625e-17
663, 851, 3.6011620478871704e-17
70, 431, 3.4775882060888987e-17
411, 851, 3.375549285265031e-17
58, 475, 2.085239415683071e-17
489, 565, 1.8238209119570617e-17
188, 625, 1.3332323314152621e-17
395, 565, 1.2099132523144559e-17
188, 659, 9.650009486281796e-18
618, 851, 7.879756169882469e-18
275, 475, 5.5478895062979366e-18
746, 851, 4.83232250486392e-18
188, 842, 2.767124700520419e-18
263, 908, 2.328159492926143e-18
146, 606, 2.0636089531331063e-18
864, 1111, 1.4518596635014254e-18
441, 707, 3.2264138491462774e-19
85, 431, 2.37843232770225e-19
36, 908, 9.77022217781865e-22
275, 503, 4.978716956922871e-22
58, 503, 4.9368318734054754e-24
85, 523, 1.3372192865527985e-24
70, 503, 1.3146038536722316e-24
