Gene = ebd2
index = 1688
Annotated 5SS: [ 247 2600]
Annotated 3SS: [2333 3212]
SMsplice 5SS: [ 247 2600]
SMsplice 3SS: [2333 3212]
length: 4521
Partition function (logZ) = -1.5967035735976445
#Introns = 1344
5SS, 3SS, prob
2600, 3212, 0.9490038287348498
247, 2333, 0.2947943558428603
247, 1954, 0.23276141189722335
2251, 2333, 0.1649359119883645
2146, 2333, 0.1274088199457018
476, 2333, 0.07080691767605851
3497, 3592, 0.06708567271274732
182, 237, 0.062127525500967555
247, 316, 0.05566265323125769
247, 1067, 0.053658425925172046
182, 2333, 0.05176336187498883
3485, 3592, 0.05009497591072099
1246, 2333, 0.029603574940454264
481, 2333, 0.027825136021188964
247, 678, 0.02726349111899298
182, 1954, 0.02700893757104391
2285, 2333, 0.02673336521174112
2244, 2333, 0.02442857792056302
1246, 1954, 0.02436103089470024
247, 3212, 0.02100968796381074
476, 1954, 0.017600510872145883
3497, 3567, 0.014256975329262496
874, 2333, 0.013833807154279933
247, 728, 0.012964768538044194
247, 1885, 0.010787582454235497
247, 1095, 0.009159920017386821
247, 332, 0.008030574612300745
238, 2333, 0.00740047321173313
874, 1954, 0.00731222696951934
940, 2333, 0.007062515660239724
1544, 2333, 0.00692530437442404
247, 1245, 0.006866429174172952
874, 1067, 0.0063853002299368074
182, 1067, 0.005912645651416683
1544, 1954, 0.005861939509162231
940, 1067, 0.005566068220697231
940, 1954, 0.005429115051760346
476, 1067, 0.005246989037828392
1312, 2333, 0.005212759707867697
481, 1954, 0.004996708447226841
238, 1954, 0.0048974099391631025
2600, 2978, 0.004862325056965195
182, 678, 0.004784657021037693
1686, 1954, 0.004655345979048093
3485, 4085, 0.0045125061127998
476, 678, 0.004165885705108877
427, 2333, 0.003997429590656349
427, 1954, 0.00399374386041877
2419, 3212, 0.0037141528738541645
182, 3212, 0.003688137593795556
3635, 3683, 0.0035799242487742663
3090, 3212, 0.0035571149812252878
1686, 2333, 0.0034858212786426064
3485, 3567, 0.0034372499485565257
2167, 2333, 0.0029234072116011856
3635, 4085, 0.0028761717907798976
3635, 3843, 0.002654264273820295
182, 728, 0.0026249604033958033
3497, 4085, 0.0025263433571755265
2161, 2333, 0.0024785610374336202
247, 1675, 0.0024706166178738755
1666, 2333, 0.0024357268729460007
1666, 1954, 0.002430150877886219
182, 1885, 0.0023202118055777733
3874, 4085, 0.0022945601656320265
3485, 3843, 0.002247180253934571
1312, 1954, 0.002222491317231298
3121, 3212, 0.002143843235876006
247, 2096, 0.002106842053257008
3449, 3592, 0.002020383613024781
438, 1954, 0.0020039621413310907
3497, 3843, 0.0020002052417428047
247, 732, 0.001931270700190824
476, 3212, 0.0018572831007213604
247, 1071, 0.0018057498180334437
1246, 3212, 0.0017789411051796814
2146, 3212, 0.0017254491648795137
3110, 3212, 0.001710852582234973
476, 728, 0.001680688426469921
2909, 3212, 0.0015954603089251066
238, 1067, 0.0015509481752580818
481, 1067, 0.001421405044479711
481, 678, 0.0013562945994444217
4271, 4478, 0.0013486138065825176
3497, 4037, 0.0013232366893697375
3874, 3941, 0.0012802449397896316
813, 2333, 0.0012498831081849543
182, 1095, 0.0012493174508551217
3635, 3814, 0.0011916827257306387
3485, 4037, 0.001190044597678292
247, 405, 0.0011277602754671608
3485, 4023, 0.0011159016316678772
338, 2333, 0.0011156804797003048
2600, 3178, 0.0011053751787626028
476, 1885, 0.001080229199429833
438, 2333, 0.0010693236845422628
247, 2391, 0.001061363644298557
427, 1067, 0.0010522098493215004
3485, 4478, 0.0010419965341705493
3867, 4085, 0.001024202531269637
182, 275, 0.0010216536863853162
3497, 3629, 0.0010068062736742155
3497, 3814, 0.0009822413547004093
338, 1954, 0.0009728244014272872
247, 697, 0.000948862044378032
182, 1245, 0.0009211524535987835
3629, 3683, 0.0009175542538908843
247, 636, 0.0009044617100328635
247, 556, 0.0008970175206981402
3635, 4037, 0.0008851995508636474
874, 1095, 0.0008760283953328936
3485, 3629, 0.0008574154476382603
3485, 3814, 0.0008532029362436465
802, 2333, 0.0008370808702990737
476, 1095, 0.0008264754496910924
1211, 2333, 0.0008138247855831992
4210, 4478, 0.0008105802394707705
1246, 1885, 0.0008016052564191033
3635, 4023, 0.0007965448616252619
4210, 4270, 0.0007899016935526907
3497, 4478, 0.0007893838965727334
3635, 4478, 0.0007709821614906801
2600, 3050, 0.0007621017498593752
802, 1954, 0.0007545857904847591
3497, 4023, 0.0007403354142778118
427, 678, 0.0007266007516691536
2600, 2655, 0.0007069036733264117
476, 556, 0.0006634209336698241
874, 3212, 0.0006595475511466723
2600, 3592, 0.0006518444500898808
238, 678, 0.0006370936718090492
481, 3212, 0.0006245754802273368
182, 316, 0.0006134604606970049
4247, 4478, 0.0006084257006319986
481, 728, 0.0006039794194081551
813, 1954, 0.0005988927869201523
247, 514, 0.0005931916954522254
3497, 4064, 0.0005900631657879081
247, 1034, 0.0005818712627469101
940, 1095, 0.0005718071302149051
3874, 4037, 0.0005680473210020902
478, 2333, 0.0005671433670493939
1657, 2333, 0.0005655832152707151
1554, 2333, 0.0005581751220341562
476, 1245, 0.0005461452322031866
3635, 4064, 0.0005288147056263109
1657, 1954, 0.0005286536262577078
238, 3212, 0.0005273725137578276
1554, 1954, 0.0005264150330979786
3485, 3545, 0.000518998072488848
3874, 4023, 0.0005128457900243259
3497, 3683, 0.0005113913879120148
247, 693, 0.0005045118407283932
1211, 1954, 0.0005020182013064081
247, 680, 0.0004950587299453517
3103, 3212, 0.0004888679254538596
3485, 3683, 0.00047790813848660194
3449, 3512, 0.0004579736361810725
1071, 2333, 0.00045696202557530554
238, 316, 0.0004489176169372417
247, 2285, 0.00042809433986909
182, 332, 0.00042736878128296483
874, 1885, 0.0004223049666597728
3485, 4064, 0.0004202658599683212
2251, 3212, 0.0004195295509241996
481, 556, 0.0004141391598333544
427, 3212, 0.0003982000505235513
3635, 3904, 0.00039311647347568243
3497, 3904, 0.00038394385266794567
247, 1590, 0.0003805361261524659
247, 1998, 0.0003789719976938288
247, 1934, 0.0003769784440697488
3485, 3904, 0.00037649503940848973
238, 728, 0.00037053828685459635
874, 1245, 0.0003648974295742811
247, 2343, 0.00034939878936527584
1071, 1954, 0.00034630364091388333
238, 1885, 0.00034545685484286734
182, 732, 0.0003428226221374635
632, 2333, 0.00034091985461501566
427, 728, 0.0003378905941697507
1269, 2333, 0.0003333887048127835
3874, 4478, 0.00033265320102104576
481, 1885, 0.000329215478777124
438, 1067, 0.00032495762538764435
2884, 3212, 0.0003183598786566373
802, 1067, 0.00030991093964309363
481, 1095, 0.00030939925340012285
2175, 2333, 0.00030936717379572256
247, 702, 0.000303155410366242
4008, 4085, 0.00030077398098605476
2146, 2391, 0.0002924057249124916
3874, 4064, 0.0002920488436137945
247, 1992, 0.00028912629406261465
1959, 2333, 0.0002875064254411401
940, 3212, 0.000284491621789327
2146, 2285, 0.00027729944407652263
247, 661, 0.00027303342760191725
2600, 3260, 0.00027202830458133927
2146, 2205, 0.00027138873784543385
182, 246, 0.0002585046718747754
338, 1067, 0.00025732111199514083
813, 1067, 0.00025106362913017796
3867, 3941, 0.00024988828820397813
4247, 4299, 0.00024145355859096998
3867, 4023, 0.00024127089051772496
553, 1954, 0.0002382579077110692
1686, 1748, 0.0002327489013577002
1246, 1675, 0.0002318378958014367
182, 1675, 0.00022726753125061936
3867, 4037, 0.0002247717007588259
247, 2070, 0.00022462462576390238
427, 1095, 0.00021976922206568813
3346, 3592, 0.0002196613460096762
1544, 1885, 0.00021558047127321684
3629, 3843, 0.00021251063638510454
476, 732, 0.00021007607932738343
2463, 3212, 0.00020583468719159102
3629, 4085, 0.00020554936434327625
3635, 3719, 0.0002045749809874255
238, 1095, 0.00020204168349115367
476, 1071, 0.0001993165611309092
247, 1891, 0.00019704579281140173
3489, 3592, 0.00019687159033037092
438, 678, 0.00019612731596821022
182, 2391, 0.00019255992258488186
1686, 1885, 0.0001865574584467424
182, 697, 0.00018147388209367106
940, 1245, 0.0001814283651924499
476, 697, 0.00018072528011822805
874, 1071, 0.0001793685145636381
4008, 4064, 0.00017420746926602362
3093, 3212, 0.00017335544463002722
3449, 4085, 0.00017284720503053759
247, 338, 0.00017009736548062853
1269, 1954, 0.00016644696245824098
987, 1067, 0.00016575882615616654
2909, 2978, 0.00016423703414156194
182, 1071, 0.00016390904240311615
481, 1245, 0.00016381808447563377
476, 636, 0.00016127911509917396
182, 2096, 0.0001580542803435358
940, 1885, 0.00015227722431533725
9, 95, 0.00015153590090931832
940, 1071, 0.00014988044658480244
1246, 2391, 0.00014833538736979497
238, 1245, 0.00014576005722358447
182, 556, 0.0001444215929741939
427, 1885, 0.00014318511055336203
632, 678, 0.00014159672326415301
238, 332, 0.00013961149324602545
2045, 2333, 0.0001393970409879446
476, 1675, 0.000136405750461292
3635, 3823, 0.00013396023213149935
3867, 4478, 0.000132993394318924
247, 385, 0.0001325460027841703
2251, 2391, 0.00013215850126452075
3867, 4064, 0.00013064670064882048
3512, 3592, 0.00012973212975481344
3497, 3662, 0.00012863057744235494
182, 405, 0.00012831367166961363
3485, 3662, 0.0001266833136980264
1217, 2333, 0.00012625504545110537
3497, 3613, 0.00012296633209350638
1992, 2333, 0.00012013531320771816
338, 678, 0.00011871860499216808
2285, 2343, 0.00011320786737809435
2146, 2343, 0.00010992151672637524
3485, 3613, 0.00010981783718013724
1686, 3212, 0.00010980727082936364
247, 797, 0.00010934949852270393
1544, 1675, 0.00010869722782206383
3485, 3823, 0.00010852336582996005
1544, 3212, 0.00010814847953777965
476, 693, 0.00010634435001651727
2604, 3212, 0.00010535543939541533
3497, 3545, 0.00010478646674009179
438, 3212, 0.00010462510954439005
2600, 4085, 0.00010320075187100059
2669, 3212, 0.00010275777255410235
182, 636, 0.00010160508218052855
1576, 1954, 0.00010155374128011496
2746, 3212, 0.00010110444282832301
182, 1034, 0.00010015462486473601
1246, 1320, 9.998703776058343e-05
2634, 3212, 9.978687229137339e-05
438, 728, 9.92803685574738e-05
3635, 3941, 9.873660903311227e-05
338, 405, 9.844158291749471e-05
427, 1245, 9.753349106897912e-05
182, 693, 9.657208123225463e-05
3449, 3843, 9.480001678850062e-05
1666, 1885, 9.311912561234732e-05
632, 1954, 9.265906596247014e-05
3629, 3814, 9.124617914126014e-05
2251, 2343, 9.077826535970927e-05
3497, 3823, 9.052725786757892e-05
553, 678, 8.971649183286777e-05
1312, 1885, 8.901035910708198e-05
4247, 4304, 8.615031860515382e-05
874, 2391, 8.496028130113428e-05
182, 680, 8.438415189499965e-05
269, 2333, 8.360809923020892e-05
2600, 2810, 8.334019303015353e-05
182, 514, 8.221323546049363e-05
182, 1590, 8.202988145139684e-05
338, 3212, 8.194868783603124e-05
476, 1034, 8.145513311013268e-05
553, 1067, 8.000060156471614e-05
247, 1748, 7.802690509387955e-05
481, 732, 7.786626722125018e-05
182, 2285, 7.766783174365983e-05
186, 2333, 7.697265699498978e-05
247, 1543, 7.688542082456409e-05
940, 1034, 7.61736279288119e-05
247, 1017, 7.503219822299144e-05
874, 1034, 7.430257278759898e-05
478, 1954, 7.297026316955272e-05
4271, 4372, 7.200902837547885e-05
332, 2333, 7.123302623217197e-05
2244, 3212, 7.079336350965602e-05
247, 1159, 7.032770103303741e-05
9, 2333, 6.996327960252782e-05
59, 2333, 6.965239653210728e-05
481, 697, 6.945653965504623e-05
3497, 3941, 6.941533666043069e-05
3449, 3567, 6.892967944437385e-05
476, 680, 6.858852304940055e-05
884, 2333, 6.856032025655434e-05
3635, 3783, 6.793360573874122e-05
247, 1704, 6.471095704034265e-05
182, 1998, 6.463071339499851e-05
874, 1675, 6.37654664564401e-05
182, 2343, 6.339034146576e-05
3629, 4037, 6.164154059045324e-05
269, 1954, 6.155857491573418e-05
1576, 2333, 6.147650520873172e-05
3485, 3941, 6.0365014899543115e-05
182, 1934, 5.861431412110919e-05
476, 531, 5.749211792895371e-05
3629, 4478, 5.7460534008913676e-05
1544, 1590, 5.727118957106589e-05
957, 1067, 5.684591249704859e-05
1217, 1954, 5.655799334323747e-05
182, 702, 5.6521964050566525e-05
632, 1067, 5.632525022912296e-05
481, 636, 5.612954635613971e-05
9, 79, 5.612300876376241e-05
2888, 3212, 5.573505564496159e-05
338, 728, 5.5575011848123904e-05
287, 2333, 5.487962783682756e-05
238, 1071, 5.48658212798752e-05
247, 818, 5.4708849302791986e-05
1312, 3212, 5.378285778729865e-05
4210, 4299, 5.219233813949285e-05
332, 1954, 5.1622022180884626e-05
3449, 4478, 5.1458276448912645e-05
186, 237, 5.142810855785413e-05
2600, 3843, 5.137699887476362e-05
476, 702, 5.1112622960444536e-05
3629, 4023, 5.093817771063308e-05
1666, 3212, 5.074528960794217e-05
247, 1924, 5.043016838037649e-05
238, 732, 5.0387491084640025e-05
3497, 3783, 5.018455044173113e-05
3449, 3814, 5.015320918763707e-05
481, 1071, 4.9962825727932285e-05
3497, 3719, 4.979418720623392e-05
2146, 2207, 4.966632896382816e-05
247, 957, 4.9522485040835714e-05
3485, 3783, 4.9452727380442296e-05
3786, 3843, 4.925290543071449e-05
802, 1095, 4.895447105947277e-05
4372, 4478, 4.848353161851546e-05
427, 732, 4.54848163558836e-05
1246, 1590, 4.5052157270601315e-05
632, 697, 4.498141064692926e-05
3485, 3719, 4.4795769955019196e-05
3497, 4109, 4.463326069616919e-05
238, 1675, 4.411303944974296e-05
182, 259, 4.39141227038163e-05
1246, 2285, 4.367615342366861e-05
3267, 3592, 4.3225785762056773e-05
247, 1633, 4.313207886246749e-05
4271, 4491, 4.246610552092077e-05
884, 1067, 4.2287352635269086e-05
438, 1095, 4.215540315052674e-05
182, 661, 4.2054553679794844e-05
476, 1590, 4.180499854016926e-05
427, 514, 4.1556449248318254e-05
481, 1675, 4.154043795088278e-05
3635, 3795, 4.138903361512115e-05
3629, 4064, 3.9398647190392855e-05
427, 1675, 3.8929327205330755e-05
427, 556, 3.880807765880967e-05
3485, 4109, 3.8424870892254786e-05
802, 3212, 3.749966302046596e-05
481, 693, 3.729938590856354e-05
3635, 4109, 3.718903252868825e-05
632, 728, 3.6265305499874393e-05
476, 661, 3.596957685638424e-05
3497, 4491, 3.537398647689217e-05
59, 111, 3.4827310231390324e-05
813, 1095, 3.462500654044504e-05
338, 1095, 3.46216001914591e-05
3497, 3795, 3.414708080073805e-05
3485, 3795, 3.402396705368998e-05
3449, 4023, 3.3875984379624577e-05
478, 1067, 3.387206279006646e-05
3121, 3178, 3.361957974742065e-05
3449, 3629, 3.3343371811754395e-05
2505, 3212, 3.327214477304711e-05
2600, 4478, 3.3195470479361995e-05
3485, 4491, 3.260500661390701e-05
2600, 3814, 3.1564190781252136e-05
427, 697, 3.1466926337943445e-05
940, 1017, 3.1273383537680006e-05
438, 514, 3.119132957859233e-05
2285, 3212, 3.093506527568958e-05
1246, 1748, 3.072325791691268e-05
247, 812, 3.066454143547935e-05
427, 1071, 3.060096834950808e-05
3449, 4037, 3.0057483520996185e-05
478, 678, 3.000640368316342e-05
874, 957, 2.9970128478799356e-05
4210, 4491, 2.939738855613152e-05
2167, 3212, 2.9243524079320818e-05
247, 3178, 2.855961678798571e-05
481, 1034, 2.8554813883035983e-05
3307, 3592, 2.8401939550403595e-05
3629, 3904, 2.837450711437857e-05
247, 1959, 2.8348846917677136e-05
2161, 3212, 2.8173476106101026e-05
427, 636, 2.814883852194733e-05
632, 693, 2.7968319916587217e-05
2811, 3212, 2.7677833838570646e-05
940, 1675, 2.7354948728173424e-05
4247, 4372, 2.6990325427498538e-05
247, 2205, 2.688353146650476e-05
2600, 4023, 2.684128827367668e-05
3110, 3178, 2.6311855114203485e-05
182, 1891, 2.6053025650128827e-05
4271, 4446, 2.5347477256294312e-05
247, 1766, 2.5170472530791495e-05
3713, 3843, 2.5027937973888538e-05
4210, 4372, 2.4844114888983216e-05
553, 728, 2.4770600109399323e-05
269, 332, 2.471779810992465e-05
438, 1245, 2.4203421527259392e-05
1312, 1675, 2.3744378272143537e-05
174, 237, 2.3439129564527927e-05
3635, 4491, 2.320449695654527e-05
182, 1992, 2.2853206154095876e-05
2600, 3307, 2.2808446573772325e-05
238, 405, 2.2672802652265097e-05
813, 3212, 2.262816796510137e-05
1071, 1245, 2.2194592045199068e-05
481, 680, 2.2019784456324064e-05
4247, 4491, 2.1949773060126323e-05
247, 2181, 2.1908981182335142e-05
238, 697, 2.1471626646616028e-05
238, 636, 2.1198281699351213e-05
247, 1075, 2.110450550484819e-05
247, 3592, 2.0292791875654562e-05
3449, 3683, 2.027404836513914e-05
238, 556, 2.0255763129680333e-05
182, 1748, 1.9862018932952405e-05
247, 2161, 1.958643598971942e-05
481, 702, 1.9464415673493735e-05
3497, 4372, 1.9199524784828098e-05
332, 1067, 1.9135572594909335e-05
182, 1704, 1.901357548135889e-05
247, 1967, 1.8646786267677337e-05
553, 3212, 1.8345216904172535e-05
1246, 2096, 1.824512720896088e-05
1071, 3212, 1.785262517027993e-05
338, 1245, 1.768256194316577e-05
3489, 3567, 1.7673721787800005e-05
3713, 4085, 1.7313730923333403e-05
2419, 2978, 1.709910989044041e-05
1211, 3212, 1.701736969569044e-05
3460, 3592, 1.659652783918853e-05
3485, 4446, 1.646670757483677e-05
3512, 3567, 1.6297256811513624e-05
247, 531, 1.6263781945663618e-05
247, 1630, 1.5996087271938324e-05
238, 514, 1.5957653217023176e-05
427, 1034, 1.5654617820092147e-05
867, 1067, 1.5495855333224515e-05
427, 693, 1.5475266671080603e-05
186, 1954, 1.5197371972408049e-05
182, 385, 1.5064229878067677e-05
247, 969, 1.4928322929706029e-05
1554, 3212, 1.4874398267149074e-05
884, 1954, 1.4782022870190921e-05
9, 1954, 1.4633052408583358e-05
182, 1924, 1.441208226878221e-05
3497, 4446, 1.4151538758538052e-05
269, 1067, 1.4074304404325275e-05
1246, 1998, 1.3980703333540048e-05
238, 1034, 1.3794211832144584e-05
3346, 4085, 1.3752265022423848e-05
3449, 4064, 1.3690519327494162e-05
553, 1095, 1.3674731034811944e-05
182, 1017, 1.3478438389587761e-05
438, 732, 1.2945424156452236e-05
802, 1245, 1.278007168247554e-05
182, 338, 1.272952025749931e-05
247, 1646, 1.2677005462657794e-05
478, 3212, 1.2551780376085777e-05
4210, 4446, 1.2525315432010733e-05
182, 797, 1.250173754838549e-05
481, 661, 1.2348051573143001e-05
182, 1159, 1.2163420226472035e-05
438, 556, 1.2161377095015615e-05
476, 1017, 1.209375100684347e-05
247, 1320, 1.1726749054435734e-05
813, 1245, 1.1580162359022578e-05
478, 728, 1.1518804039441821e-05
182, 1633, 1.1505630690750367e-05
1246, 1633, 1.1430886723008509e-05
238, 693, 1.135759730401496e-05
427, 680, 1.1342472182362289e-05
3635, 4446, 1.1273022801060768e-05
332, 678, 1.0780499022881647e-05
1554, 1675, 1.0599792977372396e-05
4247, 4446, 1.0559705556488866e-05
238, 680, 1.0526060533078379e-05
874, 1017, 1.0293222914533388e-05
3635, 3912, 1.0171464911539223e-05
3497, 3912, 1.0078548661405328e-05
186, 1067, 9.990611546283402e-06
59, 1067, 9.912388745790888e-06
427, 702, 9.76300835504465e-06
3346, 3843, 9.513096149364681e-06
182, 957, 9.386659881138428e-06
797, 1067, 9.238927985630046e-06
1544, 1633, 9.185487809734671e-06
481, 531, 8.785996025500265e-06
1246, 1704, 8.692259103158217e-06
714, 1067, 8.656305188565032e-06
247, 1253, 8.527177043320694e-06
632, 702, 8.518944264129213e-06
269, 678, 8.420544294790117e-06
2600, 3079, 8.377994312275139e-06
4059, 4478, 8.196348308746826e-06
438, 1071, 8.193905327340035e-06
438, 1885, 8.068272253287499e-06
476, 957, 8.050902785400838e-06
3635, 3699, 7.836541272801027e-06
182, 818, 7.78603891276288e-06
238, 702, 7.668449996675102e-06
4301, 4478, 7.507361590095868e-06
802, 1071, 7.3893631915452494e-06
247, 3260, 7.302147052740804e-06
1269, 3212, 7.272695331787453e-06
287, 1067, 7.139579042973571e-06
438, 697, 7.070648307827616e-06
186, 678, 6.948227786392157e-06
338, 732, 6.859556005072935e-06
247, 452, 6.724183963324004e-06
3874, 4491, 6.648191284079779e-06
438, 636, 6.4797397119022186e-06
247, 568, 6.395082197908649e-06
30, 95, 6.384331795813758e-06
3346, 4478, 6.3809339504194235e-06
238, 661, 6.310569816056315e-06
338, 1071, 6.290419342157775e-06
9, 1067, 6.243535053229151e-06
553, 636, 6.191279841058274e-06
940, 994, 6.134392284988796e-06
247, 983, 6.073536971672761e-06
269, 3212, 5.961861510972125e-06
478, 556, 5.931631654863873e-06
1657, 3212, 5.831057850113244e-06
287, 678, 5.70291152030305e-06
332, 3212, 5.660037156583212e-06
476, 797, 5.517621117684471e-06
186, 3212, 5.4992810952654285e-06
338, 697, 5.498447447696415e-06
427, 661, 5.49236356945877e-06
481, 1590, 5.417665297371433e-06
1666, 1748, 5.404929467727016e-06
661, 728, 5.191955518850493e-06
182, 3178, 5.152692007894521e-06
2146, 2978, 5.146921010798355e-06
1246, 2978, 5.0145985476786895e-06
9, 3212, 5.0053285093006714e-06
247, 994, 4.743548316144571e-06
269, 316, 4.659316311882153e-06
332, 405, 4.6261880135680325e-06
813, 1071, 4.482843642370875e-06
476, 1159, 4.348774613835499e-06
338, 556, 4.278244372499926e-06
476, 818, 4.226852168283263e-06
332, 728, 4.213094087319265e-06
182, 1543, 4.177144364908225e-06
182, 812, 4.09937528876442e-06
338, 636, 4.085365077866574e-06
247, 4478, 4.085167135760936e-06
987, 1095, 4.075153176157997e-06
438, 693, 4.020014978557174e-06
874, 1748, 3.987379561009585e-06
632, 680, 3.93661622980917e-06
884, 1095, 3.9310950156122945e-06
478, 1095, 3.898931728531609e-06
632, 732, 3.880014927044425e-06
9, 678, 3.757155452995973e-06
957, 1095, 3.622529261005397e-06
1544, 1748, 3.6115085365671962e-06
9, 111, 3.447061352479334e-06
186, 728, 3.420959397378891e-06
874, 1590, 3.3906529336525748e-06
238, 338, 3.3780172623505715e-06
2600, 3301, 3.296531774932226e-06
247, 714, 3.269123111291893e-06
238, 1590, 3.2609088697948086e-06
2419, 3050, 3.221650631039548e-06
632, 1095, 3.2111976245735956e-06
182, 969, 3.147233557046124e-06
438, 680, 3.1191334174368843e-06
481, 1017, 3.115540364480839e-06
476, 2978, 3.0407568400185004e-06
438, 1034, 3.0314590777946188e-06
59, 678, 3.0138361285250414e-06
238, 385, 2.9772137656495014e-06
553, 732, 2.9648037185186918e-06
556, 678, 2.902931628395636e-06
874, 1159, 2.8146564671512323e-06
553, 697, 2.79431294877643e-06
338, 693, 2.733146279396679e-06
338, 514, 2.6313043107189564e-06
238, 797, 2.381292579173943e-06
59, 237, 2.3783829064778113e-06
438, 702, 2.319768232875547e-06
476, 1543, 2.3023150736904952e-06
269, 728, 2.222547435415026e-06
1312, 1590, 2.1619548341393205e-06
2909, 3050, 2.159291089778631e-06
182, 531, 2.104007770967928e-06
481, 797, 2.0942682575270806e-06
476, 812, 2.0809602846723756e-06
259, 316, 2.0766446871995615e-06
287, 728, 2.0741851616868546e-06
987, 1071, 2.0016773868945644e-06
802, 1034, 1.9938103244232226e-06
59, 728, 1.8992753583207637e-06
481, 957, 1.890441864466063e-06
476, 568, 1.8837175550659287e-06
338, 680, 1.8480909457975118e-06
338, 702, 1.8320985653477417e-06
940, 1590, 1.8304067215697842e-06
182, 1075, 1.7860284980740594e-06
869, 1067, 1.7835296122234697e-06
9, 237, 1.7715331178872309e-06
813, 1034, 1.7648156539786497e-06
186, 275, 1.7151513331182368e-06
338, 385, 1.7027710190443227e-06
481, 1159, 1.6497162574032254e-06
438, 661, 1.6289962143616765e-06
247, 584, 1.6244851385502984e-06
632, 3212, 1.5848157039702296e-06
287, 332, 1.561277514985972e-06
3235, 3301, 1.5299534017795094e-06
957, 1034, 1.5267993044688913e-06
247, 762, 1.5112161090175183e-06
247, 647, 1.5013460524709587e-06
238, 1159, 1.494307656037296e-06
247, 754, 1.457807373988247e-06
3235, 3307, 1.4568749685870813e-06
3307, 3368, 1.448686604482834e-06
3090, 3178, 1.4374614062646626e-06
2600, 2730, 1.4122852099214802e-06
553, 693, 1.4104458490856777e-06
481, 818, 1.4023679531612103e-06
476, 969, 1.3226332565333504e-06
427, 797, 1.318475122050783e-06
269, 1095, 1.2700203140784923e-06
476, 1320, 1.2677140717167926e-06
427, 957, 1.2575168654799207e-06
553, 680, 1.2097131911572647e-06
238, 1017, 1.2068845486813735e-06
478, 732, 1.1712022321379583e-06
476, 1075, 1.1546847092692718e-06
342, 405, 1.1402461084413098e-06
68, 1067, 1.108495200947297e-06
940, 1159, 1.0978501170975887e-06
332, 1095, 1.085317889826378e-06
182, 568, 1.0614508756983278e-06
584, 678, 1.0536740293033114e-06
238, 818, 1.0520023431164272e-06
478, 697, 1.0441896252580093e-06
59, 117, 1.032787919001157e-06
191, 237, 9.943779609220829e-07
174, 678, 9.880871328535528e-07
2146, 3050, 9.669380364922538e-07
478, 636, 9.56434834700724e-07
338, 661, 9.509327018598253e-07
987, 1034, 9.452739490037135e-07
3346, 3426, 9.377012264337059e-07
182, 983, 9.364333935680776e-07
957, 1017, 9.337052033980615e-07
186, 316, 9.214400329192981e-07
874, 1320, 9.090848334688267e-07
59, 3212, 9.016402780231204e-07
411, 678, 8.924188410670973e-07
182, 452, 8.887301915009331e-07
2419, 3178, 8.495773856227817e-07
874, 969, 8.376976125912425e-07
427, 818, 8.375649932967559e-07
553, 702, 7.849833341847792e-07
874, 994, 7.839431888309733e-07
481, 568, 7.767978543726119e-07
338, 1034, 7.762514160007258e-07
182, 714, 7.762239864302353e-07
427, 531, 7.72315692142534e-07
9, 728, 7.706003958763814e-07
553, 1245, 7.373020931050702e-07
259, 332, 7.320632883223711e-07
238, 957, 7.176911556142975e-07
287, 3212, 7.109429538567268e-07
3103, 3178, 6.762899194322455e-07
481, 812, 6.743755170523226e-07
182, 994, 6.702552265133295e-07
553, 661, 6.581692442010508e-07
396, 678, 6.568889669026854e-07
186, 332, 6.462985805515286e-07
238, 812, 6.299703899838789e-07
332, 385, 6.145175919515424e-07
478, 1245, 6.141427381784074e-07
478, 693, 6.133422660172701e-07
342, 678, 6.128544533029707e-07
556, 728, 6.028160971919997e-07
68, 111, 5.587466203888088e-07
238, 969, 5.467887504451729e-07
427, 1017, 5.452110261987534e-07
68, 678, 5.173806581769721e-07
2600, 4037, 5.163918771883761e-07
476, 3050, 5.1427224282532e-07
2600, 3567, 5.101154847179927e-07
476, 994, 5.038462549177667e-07
332, 732, 4.7592303581088474e-07
59, 275, 4.595118434035547e-07
411, 728, 4.5328211062504723e-07
481, 969, 4.5053982287100917e-07
427, 812, 4.4523538248293733e-07
2600, 3349, 4.451595300933373e-07
174, 728, 4.4307418765440485e-07
1217, 3212, 4.356781662870257e-07
68, 237, 4.3445658230234844e-07
186, 246, 4.3078311593738084e-07
247, 471, 4.2725973835270704e-07
3991, 4085, 4.1922832955923244e-07
238, 531, 4.188794559135656e-07
476, 983, 4.1624811033185296e-07
478, 680, 4.0903126708417765e-07
332, 697, 4.0778664834214084e-07
269, 338, 4.0676816252439755e-07
476, 3178, 4.0407219152397807e-07
3383, 3592, 3.9518118172119865e-07
488, 678, 3.946072065734416e-07
269, 405, 3.896033972763386e-07
1071, 1159, 3.877217672560343e-07
884, 957, 3.8693518976381515e-07
2909, 3178, 3.735615819609312e-07
661, 732, 3.679681956410869e-07
259, 678, 3.671841374959495e-07
186, 732, 3.657557050669752e-07
476, 714, 3.65597073143341e-07
574, 678, 3.654002730688937e-07
287, 405, 3.611088021386458e-07
1246, 3178, 3.5929473187343866e-07
2146, 3178, 3.50062372302933e-07
2600, 3368, 3.4747813171186114e-07
478, 702, 3.456618269244167e-07
3629, 3719, 3.3891445742161137e-07
802, 957, 3.323294462806106e-07
59, 164, 3.313821103206535e-07
427, 1159, 3.3056759613616805e-07
9, 316, 3.2213625623460454e-07
59, 316, 3.1556611884124947e-07
59, 332, 3.065193067314646e-07
3713, 3814, 3.0578978012498144e-07
2419, 3260, 3.014603498205345e-07
9, 275, 2.9839626438539573e-07
884, 3212, 2.921987137427581e-07
191, 678, 2.908908628475117e-07
431, 678, 2.8766475536620163e-07
342, 728, 2.8540282589613384e-07
438, 797, 2.8498177078414696e-07
636, 697, 2.7640621383735327e-07
584, 636, 2.759737931182227e-07
584, 728, 2.753462705047145e-07
332, 636, 2.732260626022602e-07
478, 531, 2.713382126963373e-07
3267, 3349, 2.673728835441127e-07
488, 556, 2.6538124265458036e-07
182, 3260, 2.584331355192466e-07
269, 732, 2.5810220144361504e-07
3874, 4109, 2.5278332052445e-07
182, 584, 2.5227485344210397e-07
574, 636, 2.518194471804537e-07
269, 697, 2.490156575952945e-07
2600, 4064, 2.469489089640239e-07
174, 275, 2.391876096364797e-07
3346, 3567, 2.3850677340369625e-07
556, 636, 2.3672395799309126e-07
2600, 3426, 2.3603441222405622e-07
438, 531, 2.3566914879204452e-07
478, 661, 2.296091974406856e-07
9, 332, 2.271466295751732e-07
438, 818, 2.2381453305650085e-07
59, 732, 2.2301228459585386e-07
3489, 4085, 2.2211281982891436e-07
332, 556, 2.211623926646991e-07
476, 584, 2.187044810819858e-07
2600, 3629, 2.1170180886522183e-07
247, 1138, 2.0986306358976664e-07
68, 728, 2.0795116017876475e-07
9, 164, 2.0748498298774364e-07
396, 728, 2.073085245694382e-07
874, 983, 2.0434097221780147e-07
186, 697, 2.0315618029069029e-07
332, 693, 2.0285285062589677e-07
174, 3212, 2.019712308409141e-07
287, 732, 1.9864507045418336e-07
269, 636, 1.9825539706262327e-07
287, 338, 1.9733215282328133e-07
427, 568, 1.958938977448315e-07
182, 754, 1.9442509945686145e-07
186, 405, 1.9355861488153897e-07
2600, 3683, 1.8950625665523153e-07
182, 647, 1.8718967275348803e-07
238, 452, 1.851762769874007e-07
287, 697, 1.7998721375672403e-07
182, 762, 1.7862232131168417e-07
332, 514, 1.7817128095261073e-07
3991, 4064, 1.7490871047396443e-07
2600, 3512, 1.7459575547881774e-07
191, 728, 1.7403067307904227e-07
68, 3212, 1.6777064689976434e-07
269, 556, 1.6720640772953774e-07
3235, 3592, 1.6352001022467574e-07
338, 818, 1.6294980704343863e-07
3267, 3368, 1.6213298086766375e-07
259, 728, 1.5702704786236425e-07
191, 275, 1.5561442877575173e-07
238, 568, 1.5107366745529054e-07
174, 316, 1.4953227444672532e-07
338, 797, 1.466171405189842e-07
476, 3260, 1.4542165734675466e-07
3449, 3904, 1.4170537733187797e-07
9, 732, 1.414294698738215e-07
438, 812, 1.3749733510796534e-07
481, 3178, 1.3393249377746465e-07
30, 79, 1.337555840030449e-07
269, 693, 1.3222940159048322e-07
3449, 3662, 1.2973540131284594e-07
884, 1245, 1.294711190800875e-07
3274, 3592, 1.2878072091820265e-07
174, 332, 1.2362652161265497e-07
481, 714, 1.2256511135515696e-07
186, 556, 1.2236229538270725e-07
269, 514, 1.2172034005728272e-07
186, 693, 1.213266376951389e-07
3485, 3529, 1.2036987347458833e-07
287, 636, 1.1978769155205132e-07
3570, 3629, 1.1939876760592023e-07
476, 647, 1.1665075244174492e-07
874, 3178, 1.164273720875586e-07
2146, 3260, 1.1427729611425527e-07
632, 1245, 1.1312757956457553e-07
476, 762, 1.1208521766641518e-07
636, 728, 1.109642742452383e-07
3320, 3592, 1.0991368864695529e-07
182, 1320, 1.0963309908435926e-07
3090, 3260, 1.0960796790825686e-07
186, 259, 1.094759351079005e-07
269, 680, 1.0891216247825011e-07
3346, 3512, 1.0841015083007814e-07
332, 680, 1.0812434115488936e-07
488, 728, 1.0665556747581136e-07
238, 3178, 1.0614443389209708e-07
186, 636, 1.0432337190016479e-07
287, 556, 1.0205301913733272e-07
3346, 3629, 1.0036672332313907e-07
238, 714, 1.0007344536501187e-07
3708, 3843, 9.786666734506013e-08
636, 678, 9.778086891832206e-08
59, 405, 9.514879782139946e-08
3449, 3523, 9.41047229498925e-08
3713, 3783, 9.254455292306973e-08
636, 693, 9.229412150102087e-08
3460, 3512, 9.155535479507832e-08
476, 754, 8.949389592489461e-08
9, 556, 8.606141794514126e-08
427, 3178, 8.463262297955319e-08
3346, 3683, 8.422468562187126e-08
9, 405, 8.3539541577881e-08
59, 556, 8.313583727124401e-08
2884, 3178, 8.256999148877178e-08
68, 164, 8.213256489711166e-08
68, 275, 8.16195711358813e-08
481, 584, 8.082847464127709e-08
63, 111, 8.066690308346396e-08
427, 714, 8.022018935414594e-08
182, 1138, 7.96476750672054e-08
287, 514, 7.753602715675011e-08
59, 697, 7.721974469163774e-08
332, 702, 7.511843879799092e-08
3093, 3178, 7.346636189614247e-08
9, 697, 7.243917527998407e-08
186, 514, 7.243393231260306e-08
182, 471, 7.165969350452311e-08
2251, 3178, 6.914181520109518e-08
191, 316, 6.819505733479579e-08
68, 316, 6.75209719960997e-08
269, 702, 6.666609369618371e-08
186, 680, 6.653123717359602e-08
287, 693, 6.566819788490821e-08
3629, 3783, 6.491110658267683e-08
3489, 3629, 6.422559891227567e-08
1246, 3260, 6.272304457316544e-08
2909, 3260, 6.174642193992525e-08
438, 568, 6.16039478684262e-08
3346, 3814, 6.050927562979909e-08
3449, 3545, 5.980114886782673e-08
247, 1166, 5.858094557578732e-08
3858, 4085, 5.807250826047729e-08
3708, 4085, 5.803400936173616e-08
68, 117, 5.6521004134375724e-08
9, 514, 5.613380940920595e-08
338, 531, 5.600357942413963e-08
3449, 3613, 5.571585315366806e-08
3267, 3426, 5.559378340055782e-08
1246, 1327, 5.350846724253039e-08
3489, 3545, 5.349363420254899e-08
1246, 1543, 5.274581979053868e-08
3489, 3843, 5.251455947494099e-08
269, 385, 5.2384205160528834e-08
431, 728, 5.073661196121895e-08
68, 332, 5.0276223889223454e-08
3708, 3814, 5.003083592711845e-08
287, 680, 4.999094550989346e-08
9, 636, 4.971845892121139e-08
59, 636, 4.9710939663111434e-08
940, 3178, 4.919938275976075e-08
9, 117, 4.8458687884360644e-08
191, 332, 4.7549821185213076e-08
247, 475, 4.6906415131956497e-08
186, 702, 4.664495422824334e-08
287, 385, 4.292268490427381e-08
3629, 3823, 4.215674482840975e-08
238, 584, 4.195021988316661e-08
481, 647, 4.1837111186005714e-08
269, 661, 4.174484961557077e-08
874, 3260, 4.105247028339342e-08
238, 647, 3.9873049911383326e-08
3121, 3260, 3.9648548461310165e-08
30, 111, 3.9550342889072116e-08
2600, 3904, 3.902965974946997e-08
332, 661, 3.871242622931388e-08
1544, 3178, 3.820533784159146e-08
338, 452, 3.703247057793312e-08
238, 3260, 3.695375480198457e-08
3267, 3567, 3.690391279648755e-08
174, 246, 3.46364843049653e-08
427, 584, 3.1743471099729364e-08
174, 405, 2.986265080495434e-08
59, 138, 2.8208800397989353e-08
59, 514, 2.6117290986476833e-08
3307, 3426, 2.597172103717158e-08
259, 405, 2.471617725777934e-08
476, 3592, 2.438573372645724e-08
338, 568, 2.407049938628909e-08
182, 3592, 2.3888217366935832e-08
427, 647, 2.3885802077378742e-08
191, 246, 2.2994638505561477e-08
186, 1095, 2.2952974661934446e-08
59, 217, 2.2128043253579647e-08
4059, 4109, 2.1998890534645256e-08
186, 385, 2.1077272961947867e-08
3449, 3823, 2.087918268844384e-08
3274, 3349, 2.063218311140446e-08
867, 1095, 1.8918519375009776e-08
186, 338, 1.818961248367556e-08
59, 182, 1.809096612592883e-08
68, 405, 1.798283164927995e-08
71, 237, 1.7649538029911825e-08
2419, 3592, 1.7503957006576594e-08
9, 217, 1.7076813771765935e-08
68, 138, 1.6726485294669335e-08
3110, 3260, 1.6685125682003967e-08
3449, 3529, 1.6199623684555738e-08
481, 762, 1.564653428794193e-08
3267, 3843, 1.556800556107153e-08
411, 514, 1.5229703009527036e-08
338, 812, 1.5082249831906367e-08
238, 762, 1.477308882772133e-08
238, 754, 1.447736081522051e-08
191, 259, 1.4243304902201427e-08
191, 405, 1.414376722676316e-08
481, 754, 1.361370390321111e-08
9, 385, 1.2733323753845459e-08
63, 237, 1.2200895845527646e-08
427, 471, 1.2082851417876025e-08
59, 385, 1.0884735538449887e-08
2146, 3592, 1.0724083667508709e-08
1246, 3592, 1.0657431664779493e-08
182, 1166, 1.0635940635986828e-08
3449, 3719, 1.0488034101997625e-08
238, 471, 1.013837453416606e-08
30, 237, 9.66596913721149e-09
259, 338, 9.628909890671107e-09
59, 338, 9.299009464922614e-09
9, 182, 9.280199753437026e-09
59, 189, 8.965101260354359e-09
2634, 3178, 8.934655922884343e-09
59, 246, 8.460284036209478e-09
182, 475, 8.373928328213208e-09
174, 217, 7.5648058998202e-09
874, 3592, 7.041833763928807e-09
247, 862, 6.8770663107273304e-09
9, 138, 6.793839998429898e-09
9, 338, 6.735319174961341e-09
59, 149, 6.375243441943576e-09
9, 246, 6.3446995961344e-09
174, 259, 6.003738692696302e-09
9, 680, 5.773013888086322e-09
59, 259, 5.7656068886251695e-09
3572, 3629, 5.718974354600068e-09
574, 728, 5.419773662881902e-09
9, 189, 5.388825855177191e-09
59, 693, 5.296263761100346e-09
411, 556, 5.088488070807314e-09
9, 693, 5.008632461821959e-09
174, 385, 4.8645219539732304e-09
427, 475, 4.853194693668267e-09
9, 259, 4.795991717460409e-09
59, 680, 4.542140085745025e-09
287, 661, 4.187519572865351e-09
68, 217, 4.0947085436698e-09
63, 117, 4.0459237328768964e-09
259, 385, 3.930439789222655e-09
556, 697, 3.928342326589877e-09
342, 385, 3.901612266644454e-09
247, 1549, 3.87501095797851e-09
3489, 3814, 3.828761231286523e-09
3267, 3629, 3.746374671722716e-09
186, 661, 3.7191780297177967e-09
553, 797, 3.6246063789351906e-09
68, 182, 3.5869657835239167e-09
71, 164, 3.5819445576229408e-09
59, 199, 3.4998390954500102e-09
238, 3592, 3.4158132449254486e-09
174, 338, 3.2947110091077627e-09
174, 556, 3.2642006430610736e-09
59, 661, 3.232618885214893e-09
71, 275, 3.178476771063789e-09
478, 568, 3.0108239561169532e-09
3512, 3629, 2.9252150332663054e-09
9, 149, 2.870297764861063e-09
2600, 3613, 2.8680445149322286e-09
71, 316, 2.757756430023385e-09
174, 732, 2.6196560919293514e-09
174, 514, 2.5831640531136737e-09
396, 514, 2.5756598957023146e-09
342, 556, 2.567676752614479e-09
63, 275, 2.46393581928666e-09
68, 385, 2.4426149870858094e-09
332, 452, 2.4006596651588475e-09
396, 452, 2.3862700248445056e-09
9, 199, 2.291865077542106e-09
556, 732, 2.2115730098422298e-09
68, 149, 2.1647236704530993e-09
431, 514, 2.049182817221507e-09
63, 164, 2.03600871369401e-09
71, 332, 1.9907605130510138e-09
68, 189, 1.9791225808565716e-09
396, 556, 1.9355726063114044e-09
556, 1067, 1.933023433626634e-09
63, 316, 1.8222042419136218e-09
174, 1067, 1.7843430912434044e-09
68, 338, 1.7254545763703408e-09
342, 514, 1.701811984467888e-09
427, 969, 1.6868134892017053e-09
68, 246, 1.6483341358574537e-09
287, 702, 1.6036497303355962e-09
63, 332, 1.59597279735398e-09
68, 556, 1.5414314335434936e-09
30, 275, 1.5354912974326006e-09
3307, 3843, 1.5273456161199038e-09
342, 1067, 1.516059655499722e-09
30, 316, 1.510785410131093e-09
191, 385, 1.5014138678009484e-09
584, 661, 1.4864383731010768e-09
259, 1067, 1.437682168085488e-09
269, 452, 1.3779267210176262e-09
636, 702, 1.363681570998375e-09
191, 338, 1.332326869157212e-09
342, 636, 1.309124152574138e-09
396, 1067, 1.3066287569498798e-09
174, 636, 1.2984074190362983e-09
411, 1067, 1.285920819052393e-09
9, 661, 1.283039322698754e-09
259, 556, 1.2672090500359173e-09
30, 332, 1.2530165573692032e-09
556, 680, 1.2515297812845304e-09
338, 471, 1.1990066501445382e-09
182, 862, 1.1919878107063853e-09
238, 475, 1.1847201073936725e-09
174, 697, 1.172928921534245e-09
30, 164, 1.1366700967556217e-09
556, 693, 1.1269197816910146e-09
68, 259, 1.1171665781106858e-09
59, 208, 1.0932448834602264e-09
940, 983, 1.0183183032002496e-09
71, 117, 1.0004731742489232e-09
59, 702, 9.876914848159356e-10
287, 452, 9.542504906767152e-10
71, 138, 9.307521459283269e-10
259, 514, 8.632297531486802e-10
68, 514, 8.204184550275179e-10
186, 452, 8.131421803874471e-10
9, 208, 7.849536388021326e-10
68, 199, 7.649425135855499e-10
71, 405, 7.022281731065027e-10
411, 636, 6.688599657239291e-10
9, 702, 6.548589218610533e-10
68, 732, 6.459805382930409e-10
59, 452, 5.41188854079721e-10
63, 405, 5.315837889115067e-10
191, 514, 5.178062185091506e-10
30, 405, 4.752656916241393e-10
481, 3592, 4.5906508842249894e-10
476, 862, 4.589024285862623e-10
9, 452, 4.29382522114826e-10
30, 117, 3.970856027964036e-10
481, 983, 3.967029615849585e-10
191, 556, 3.640998659529802e-10
802, 862, 3.4425679645184523e-10
247, 904, 3.3453504877717537e-10
431, 556, 3.267835075128764e-10
63, 138, 2.550471782074361e-10
411, 471, 2.4710780919914845e-10
338, 475, 2.4286393781638143e-10
68, 208, 2.372701217821758e-10
438, 584, 2.1161382522836716e-10
342, 452, 2.102179654790376e-10
174, 452, 1.8033843748343844e-10
71, 217, 1.7191635546880315e-10
59, 174, 1.662117226905334e-10
332, 531, 1.629935114027245e-10
338, 584, 1.4655734321973451e-10
71, 182, 1.4117292865791932e-10
411, 697, 1.2787255083123933e-10
269, 531, 1.2494694017306147e-10
71, 149, 1.21899534589347e-10
63, 217, 1.2013355896836789e-10
68, 452, 1.1118398963834971e-10
429, 514, 1.0823175480293453e-10
332, 471, 1.0797143968719032e-10
287, 531, 1.0436477364809393e-10
63, 182, 1.0430170434115654e-10
259, 452, 1.0384736946477482e-10
71, 385, 1.0317057469895733e-10
186, 531, 9.957966582086872e-11
9, 174, 8.712795690157929e-11
71, 189, 8.16457830188086e-11
269, 471, 7.757225067140143e-11
30, 217, 7.51781377350222e-11
411, 732, 7.30101015132348e-11
71, 338, 6.612518564384477e-11
59, 186, 6.559327488414649e-11
71, 246, 6.516448960588167e-11
63, 385, 6.281754488808922e-11
59, 531, 6.15216021723861e-11
186, 471, 5.657458298035973e-11
269, 568, 5.6079089251904484e-11
287, 471, 5.6014028649781566e-11
191, 452, 5.495818402611083e-11
9, 531, 5.3618054879406036e-11
30, 385, 5.258367297083767e-11
63, 189, 5.2546446384237666e-11
332, 568, 5.252493413755866e-11
30, 182, 5.175070167185855e-11
63, 338, 5.0239548838087154e-11
182, 904, 4.956627198850705e-11
411, 475, 4.801665619388873e-11
63, 246, 4.7801213065884323e-11
396, 471, 4.731772469433901e-11
71, 259, 4.674704156839587e-11
63, 149, 4.210404049871837e-11
186, 568, 4.033822503265283e-11
478, 584, 3.9367173161697814e-11
30, 338, 3.889921872804794e-11
287, 568, 3.873602473164392e-11
30, 246, 3.774778604825443e-11
9, 186, 3.7126201688835963e-11
2746, 3178, 3.63450076735867e-11
71, 514, 3.5227110246023395e-11
30, 138, 3.4177276439816335e-11
59, 471, 3.296084080395894e-11
71, 199, 3.231575246918087e-11
63, 259, 3.102316446693389e-11
68, 174, 3.0877865137193665e-11
429, 556, 2.994960431730995e-11
30, 189, 2.938893484626781e-11
411, 531, 2.8933680697514916e-11
9, 568, 2.786081886838811e-11
59, 568, 2.7117780792841302e-11
71, 556, 2.6262734664699237e-11
30, 514, 2.341673277654632e-11
476, 904, 2.2621351283621058e-11
332, 475, 2.2137004316066377e-11
63, 514, 2.2025801211039653e-11
174, 531, 2.1822742068480856e-11
9, 471, 2.1226406331279732e-11
30, 259, 2.1047354248826238e-11
63, 199, 2.0334601659236804e-11
63, 556, 1.963210856936857e-11
30, 149, 1.7828509151379655e-11
269, 475, 1.759473524710856e-11
396, 531, 1.5842050250230502e-11
342, 531, 1.5592642789310098e-11
68, 186, 1.4126023494429487e-11
68, 636, 1.4018416960631204e-11
332, 584, 1.3610587223477581e-11
269, 584, 1.352690418874624e-11
259, 636, 1.3019809207397533e-11
186, 475, 1.2468170950574251e-11
259, 531, 1.1915622718707246e-11
30, 556, 1.169846213319231e-11
287, 475, 1.1670167464188778e-11
342, 471, 1.1397196918839079e-11
238, 904, 1.1297146370508705e-11
174, 471, 1.1236765021332957e-11
30, 199, 1.0554513104743497e-11
488, 568, 1.0447129419806533e-11
1312, 3178, 1.004392709301452e-11
71, 208, 9.963152049039247e-12
287, 584, 9.935103548013825e-12
1666, 3178, 9.843685434831247e-12
68, 531, 9.668174695604474e-12
186, 584, 9.103198164397965e-12
431, 531, 9.000860108021663e-12
488, 531, 8.126994654686038e-12
71, 678, 7.673520048070143e-12
481, 904, 7.521480393661134e-12
174, 568, 7.362124478931651e-12
191, 531, 7.062299234216467e-12
411, 568, 6.974587922151505e-12
59, 475, 6.962022544387793e-12
63, 208, 6.36232162545384e-12
396, 475, 6.21446052096538e-12
59, 584, 5.876248499561538e-12
68, 568, 5.779323300194945e-12
259, 471, 5.047791965901032e-12
9, 584, 5.045119827398859e-12
342, 568, 4.948808189128412e-12
9, 475, 4.925345834473219e-12
342, 697, 4.876186037780469e-12
68, 697, 4.693314004103137e-12
259, 568, 4.6156473202209096e-12
584, 697, 4.563953114380821e-12
396, 636, 4.5386443014308114e-12
71, 452, 4.311534707416436e-12
68, 471, 4.274938983438687e-12
910, 1067, 3.9942464997188825e-12
30, 208, 3.910626429830118e-12
396, 568, 3.797090537550008e-12
488, 636, 3.2078112009675894e-12
191, 568, 3.1533209264633086e-12
342, 732, 3.114018546115638e-12
191, 636, 2.9984346061108085e-12
63, 452, 2.869212558038857e-12
191, 471, 2.752044804669876e-12
191, 732, 2.621409168940826e-12
259, 732, 2.537646956058072e-12
431, 568, 2.1887189525151406e-12
30, 452, 1.9720144382848917e-12
174, 584, 1.9076877129776154e-12
411, 584, 1.3960376533191267e-12
71, 174, 1.329908221030645e-12
342, 584, 1.285218511823001e-12
68, 584, 1.192731209425108e-12
488, 584, 1.1382077590345587e-12
429, 678, 1.113034714146128e-12
63, 678, 1.0911206136210283e-12
396, 584, 9.764276042042064e-13
259, 584, 9.303644508206248e-13
63, 174, 8.853546816119984e-13
247, 381, 8.581513849351052e-13
174, 475, 8.470322842169241e-13
342, 475, 8.451309837090864e-13
71, 186, 5.66263173079924e-13
259, 475, 5.580066437298557e-13
68, 475, 4.902498921267084e-13
30, 174, 4.891284492806297e-13
63, 186, 3.8653096563680784e-13
431, 475, 3.2793392646560924e-13
191, 475, 3.179240893939415e-13
431, 636, 2.796970200710564e-13
30, 186, 2.079151904755854e-13
71, 471, 1.7108847817063174e-13
429, 471, 1.1896544361474604e-13
63, 471, 1.1401017899472355e-13
182, 381, 8.779969398065572e-14
30, 471, 7.948597350627747e-14
429, 475, 6.199021911465244e-14
71, 636, 3.81832735685704e-14
429, 531, 3.7762008213792425e-14
429, 636, 2.774700361341273e-14
238, 381, 1.9359137899035305e-14
71, 531, 1.8526770791918292e-14
30, 531, 1.6306435701231175e-14
63, 531, 1.5090067344958504e-14
71, 475, 1.2318076335274249e-14
63, 475, 9.056258352538799e-15
182, 251, 8.634148329355972e-15
30, 475, 5.57728152966149e-15
338, 381, 2.6814318018615874e-15
332, 381, 1.7042887622599673e-15
269, 381, 3.172456498554497e-16
287, 381, 2.970137314686658e-16
186, 381, 1.287912342666289e-16
9, 381, 7.9496566375461e-17
59, 381, 7.06204283845126e-17
174, 381, 2.881741296802336e-17
259, 381, 2.5907419824944943e-17
186, 251, 1.8779457918468748e-17
68, 381, 1.597540313241356e-17
191, 381, 9.64687721837154e-18
191, 251, 1.5923661122931469e-18
174, 251, 9.555919070269114e-19
71, 381, 6.565640692669829e-19
63, 381, 4.250163299598191e-19
59, 251, 4.1915512803027753e-19
9, 251, 3.5233575303474277e-19
30, 381, 3.1053174592858603e-19
68, 251, 8.743614490635372e-20
71, 251, 3.527744467148025e-21
63, 251, 2.420467182741892e-21
30, 251, 1.757850336090764e-21
