Gene = CG34126
index = 595
Annotated 5SS: [ 459 2302 2996 3811 4341 5476 5705 6435 7059 7235 7797 8837 9016 9226
 9469 9649]
Annotated 3SS: [2099 2368 3098 4247 4402 5544 6292 6500 7119 7775 8693 8891 9077 9293
 9530 9946]
SMsplice 5SS: [ 459 2302 3022 3811 4341 5627 6435 7059 7235 8837 9016 9226 9469 9649]
SMsplice 3SS: [ 512 2368 3098 4247 4402 6292 6500 7119 8693 8891 9077 9293 9530 9946]
length: 11089
Partition function (logZ) = 31.827315097335333
#Introns = 2574
5SS, 3SS, prob
6435, 6500, 0.9995032493611089
8837, 8891, 0.9934030026584076
2302, 2368, 0.9824157060601814
9226, 9293, 0.9687196282377916
9016, 9077, 0.9223223175125255
4341, 4402, 0.9064854437828403
9469, 9530, 0.9024170972980649
3022, 3098, 0.7579076491477573
3811, 4247, 0.7166033230167722
7059, 7119, 0.5925244374498133
5476, 5544, 0.45967047737660816
9649, 9946, 0.32579222007210096
7059, 7180, 0.3083821360821977
2502, 2602, 0.3066386148876013
7235, 8693, 0.30517751458005465
459, 512, 0.27017543323419846
6227, 6292, 0.253148053708117
7797, 8693, 0.23153902658203454
5705, 5751, 0.2293645044314646
8446, 8693, 0.19588972994324946
5627, 5751, 0.1952119232480213
2996, 3098, 0.18010739741228793
7797, 7938, 0.17988412092354594
5627, 6292, 0.16085990793873964
459, 2099, 0.16016137619413176
5841, 5892, 0.1531224401457154
9649, 10642, 0.1473026056651436
4149, 4247, 0.12089403989599735
6186, 6292, 0.09788207901676588
5978, 6292, 0.09515797997796495
8157, 8693, 0.08397388635296005
2047, 2099, 0.079319613420951
5627, 5892, 0.07574960823175374
7235, 7441, 0.07464572323376208
459, 1978, 0.0728076407733741
5978, 6030, 0.07052632532352436
459, 628, 0.06880279109473687
8053, 8693, 0.06756769236087778
9649, 9698, 0.06355464630257193
459, 647, 0.061057291830779674
7235, 7938, 0.059550782820782744
5978, 6064, 0.05821205651092336
3811, 3872, 0.055128992242763616
5684, 5751, 0.05451676087814626
5476, 5589, 0.05087778649614836
5705, 5892, 0.04850683247160681
5705, 6292, 0.04696352138162186
9649, 10277, 0.045713964900495
9649, 9770, 0.0449372420369294
2502, 3098, 0.04298783472824465
9449, 9530, 0.04124752301134682
3811, 4118, 0.04051129038787066
4341, 4443, 0.0401897135409557
9649, 9785, 0.036561331459017424
2502, 2796, 0.03541411430889521
592, 647, 0.03423246211811743
8989, 9050, 0.034227118825831356
602, 647, 0.033902560115638546
3981, 4247, 0.03274444064045503
242, 2099, 0.030293965380527647
6065, 6292, 0.02816285706928386
9649, 10153, 0.026253572786214437
5998, 6064, 0.025440408870901588
5627, 6064, 0.025437401886397565
9649, 9822, 0.02486090299005727
5476, 6292, 0.023815302765443712
7235, 7282, 0.022582488454033357
6179, 6292, 0.019441117052099378
7526, 8693, 0.018360722916661538
9226, 9316, 0.01792724047504107
7797, 8024, 0.017888198441982965
2502, 2899, 0.017498586298834124
7797, 8189, 0.016865356225961782
1279, 2099, 0.016461735149231143
7059, 8693, 0.015508939749024526
5476, 5751, 0.015040246834709137
7235, 8189, 0.014372700691321346
4341, 6292, 0.013657652787853518
5860, 6292, 0.013649275070985052
4341, 4460, 0.013612123075773468
5705, 6064, 0.013552643958099186
602, 2099, 0.01332037560294802
6575, 7180, 0.013284988128047483
3811, 4190, 0.012881047700615147
5841, 6292, 0.01279073478499413
1803, 2099, 0.012429461676817806
7797, 8312, 0.012354658863381886
9649, 10568, 0.011327633949469913
2502, 2707, 0.01113409862070963
5476, 5892, 0.011041292585577593
3975, 4247, 0.010265094460700981
7235, 8024, 0.010174739642167452
3938, 4247, 0.009848779999693366
2726, 2796, 0.009327734338905559
4444, 6292, 0.009299985185464462
5801, 5892, 0.009213813402563385
9823, 9946, 0.008850263225450801
9649, 10307, 0.008623275975731549
9649, 9892, 0.008387461537651757
242, 1978, 0.008354090605945323
8053, 8189, 0.008347015946356284
7235, 8312, 0.00800887285677341
7235, 7359, 0.007928068303635252
459, 1381, 0.007919686048762854
7235, 7370, 0.007918046387166103
9649, 10369, 0.007674026756282298
8207, 8693, 0.007636409397472118
3032, 3098, 0.007290998458472232
9016, 9293, 0.006995432254789659
3312, 4247, 0.006496069894922856
5801, 6292, 0.006402954074944199
2525, 2602, 0.006394261485820027
3262, 3332, 0.006383780516473323
5662, 5751, 0.006123455434209971
7526, 7938, 0.00598556650023537
9649, 10242, 0.0059789734058158135
9649, 10412, 0.005924838063308726
7797, 8082, 0.005902206506573505
9649, 10360, 0.005847044940708131
8841, 8891, 0.005588302045016584
10067, 10153, 0.005572571231487838
2031, 2099, 0.005526439591690184
459, 1389, 0.0055123088296183545
459, 1270, 0.005413715547382824
5998, 6292, 0.005275836293840334
2502, 2722, 0.005257594451930505
1803, 1978, 0.0051937485928402445
1279, 1381, 0.005150693609008382
2558, 2602, 0.005078083420481076
459, 1573, 0.005072403679588797
8009, 8693, 0.005069964511865948
3811, 3971, 0.004976331709510801
1279, 1978, 0.004960388869968504
242, 628, 0.00488623507497088
5627, 6030, 0.004836149618333165
8440, 8693, 0.004779619977989971
765, 2099, 0.004621795797672941
9649, 10156, 0.00461496822809529
258, 2099, 0.004610798450992102
10067, 10642, 0.0045978024866770014
602, 1978, 0.004425906607492385
459, 1438, 0.0043787276965442405
5801, 5863, 0.004319792428968354
7797, 8336, 0.00421749775422751
142, 2099, 0.004192193423953385
10067, 10277, 0.004099779832444629
459, 1848, 0.00407932150752855
1903, 1978, 0.00407229034385015
459, 2368, 0.004062065437976936
8157, 8312, 0.004006685965732616
242, 647, 0.003978650171917895
9649, 9791, 0.0037147088184201725
9649, 10571, 0.0036389759292962897
7697, 8693, 0.003602840918853883
4341, 5589, 0.0035933758290885402
7388, 7441, 0.0034991507799383816
1279, 1389, 0.003448950619360288
7235, 8082, 0.003388244397894449
8053, 8312, 0.0033010179680126516
5841, 6064, 0.003251720477472014
5532, 5589, 0.003210410366266968
9649, 11027, 0.003206174503586164
5937, 6292, 0.003173469925205491
5684, 6292, 0.0031570165579499427
7251, 8693, 0.0031529392554127743
4341, 5751, 0.0031226353527803023
5627, 5863, 0.003029622682709796
6762, 7180, 0.003005849145234861
5678, 5751, 0.0030002979645070275
592, 2099, 0.0029831384002064094
3981, 4118, 0.002941989708418766
5860, 6064, 0.0028330885350093126
3333, 4247, 0.0028074976157804543
4444, 5589, 0.0028026200548786863
9823, 9892, 0.0027226659568366056
9649, 10515, 0.0025775248306670077
5662, 6292, 0.0025401965288099322
4341, 5892, 0.002523486407262955
86, 2099, 0.0024664016989582424
5476, 5559, 0.0024201602837106272
5705, 6030, 0.0023750584674779814
9649, 9814, 0.0023553487665631465
5476, 6064, 0.002341307970504928
10198, 10277, 0.002330870291053006
7235, 8336, 0.002321675777272697
1803, 1848, 0.002317961450821351
3198, 4247, 0.002292884243427082
7797, 8604, 0.0022758005434313977
765, 1978, 0.002263855011299803
4341, 5544, 0.0022163083071502984
5705, 5863, 0.002212256286290437
8374, 8693, 0.00216127956071231
9482, 9530, 0.00214760573167752
8446, 8604, 0.0019830010969873286
5684, 5892, 0.0019615088932513304
3037, 3098, 0.0019458621429410388
4657, 6292, 0.0019285326036552791
9475, 9530, 0.001914480435907287
8460, 8693, 0.0019036683473318636
2492, 2602, 0.0018933002817650374
459, 2109, 0.001872585228750828
2302, 2426, 0.0018117121957164192
1279, 1438, 0.0017980749160295976
459, 888, 0.0017805123333495404
142, 200, 0.0017694454950160868
258, 1978, 0.0017601456797212826
6575, 8693, 0.0017486094886278469
3262, 4247, 0.0016931743692683596
6092, 6292, 0.0016862526754002633
7235, 8604, 0.0016740772316067032
3834, 4247, 0.001671160882947352
459, 1592, 0.001641877140472367
7059, 7938, 0.0016088869716748013
7059, 7441, 0.0015983156361336335
7235, 7458, 0.0015814828511623166
5662, 5892, 0.0015562346386417767
5847, 5892, 0.0015306865619284821
4444, 5892, 0.0015126279317861197
4073, 4247, 0.0015104055358422723
6575, 7119, 0.0014880190742020945
5639, 5751, 0.001470961705961936
8119, 8189, 0.0014273942735142826
4444, 5751, 0.0014220782686918362
7235, 7509, 0.0014180295320316877
459, 1939, 0.001403563536128317
8009, 8082, 0.0014009357016935237
2878, 3098, 0.0013932348370669992
258, 628, 0.0013784520273130655
3811, 3938, 0.001376490346127422
9823, 10642, 0.00137369407845193
703, 2099, 0.0013678549610918367
2306, 2368, 0.0013626344414745522
2047, 2109, 0.001320307651345185
8157, 8218, 0.001298046119663521
3044, 3098, 0.0012865455626950295
459, 875, 0.001277070970690468
3758, 4247, 0.0012621837825093748
8135, 8189, 0.0012594871584648223
2302, 2602, 0.0012534367189016393
1635, 2099, 0.0012281517613994273
602, 1381, 0.0012245922586257031
9016, 9316, 0.0012040605641237816
4007, 4247, 0.0011997803378952113
4444, 5544, 0.0011987883367953669
9649, 10796, 0.0011891070426495172
4341, 6064, 0.001188541413148951
142, 1978, 0.0011752207260870028
459, 1492, 0.0011662854694252961
602, 1270, 0.0011517666968477837
6951, 7180, 0.0011501156028782416
6762, 6807, 0.0011227581980789852
6575, 6807, 0.0011151728456122655
5485, 5544, 0.0011083835688595611
2502, 2629, 0.0010929931941789947
7797, 8624, 0.0010758045952888146
7526, 8024, 0.0010589347149933717
5645, 5751, 0.001043866784963134
86, 628, 0.0010430287208000714
1279, 1573, 0.0010422827210137592
258, 647, 0.0010398900293766286
9649, 10452, 0.0010344387176041692
5937, 6064, 0.0010334238818421775
602, 2368, 0.0010055472717417262
602, 1389, 0.0009914546539753235
9649, 10788, 0.0009890182160309702
5705, 5764, 0.0009876278031622195
242, 1381, 0.0009856557105483608
9226, 9530, 0.000978839486088974
242, 512, 0.0009674435735498898
602, 1438, 0.0009556500643298558
1903, 2099, 0.0009549507257039311
2502, 4247, 0.0009354712174464668
2558, 3098, 0.0009305043098646687
8028, 8693, 0.0009292056526910537
7697, 7938, 0.0009264967182586995
1418, 2099, 0.0009166062661700309
7526, 8189, 0.0009154739738530042
242, 1389, 0.0009128711234092766
459, 1410, 0.0009120785657861679
970, 2099, 0.0009046569631696415
2502, 2686, 0.0008975301058073494
8053, 8336, 0.0008903426963591393
5801, 6064, 0.000888090571102566
10067, 10156, 0.0008819279639957815
1279, 1848, 0.0008766124948174789
8119, 8693, 0.0008740843586437941
459, 1233, 0.0008732807824557306
3445, 4247, 0.0008572379415872039
9761, 9822, 0.0008535023789114724
8135, 8693, 0.0008496876575479238
602, 1848, 0.0008460008009657101
142, 628, 0.0008391079921623003
9649, 11057, 0.000816884456371065
7235, 8745, 0.0008094007736714121
5841, 6030, 0.0008038220081345171
9649, 10965, 0.000796125502808184
5639, 6292, 0.00079435613052409
3975, 4118, 0.0007839064047586748
5476, 6030, 0.0007667196456221455
5269, 6292, 0.000756695234262475
7251, 7441, 0.0007536519788407728
9649, 10148, 0.0007523494047593994
86, 647, 0.0007512532759669583
8157, 8336, 0.0007410672782190158
3981, 4190, 0.0007378729842495059
7059, 7150, 0.0007377223991939017
8053, 8604, 0.0007346089492117294
2726, 3098, 0.0007325808287606358
142, 647, 0.0007307893500271603
9649, 9993, 0.0007275370794590723
7235, 8624, 0.0007264792656953178
9469, 9946, 0.0006987756771162731
3198, 3332, 0.000697447471440942
242, 1270, 0.0006970256876157836
7526, 8312, 0.0006902747863196056
4444, 6064, 0.0006835891911654469
3811, 3924, 0.0006711617696429223
10067, 10369, 0.000655892779601736
1635, 1978, 0.0006459159043515955
5847, 6292, 0.0006432509538648654
4657, 5589, 0.0006347526533487412
8446, 8624, 0.0006317436794179387
8207, 8312, 0.0006295707066311091
5860, 6030, 0.0006239769008550806
8264, 8693, 0.0006228491410604213
9892, 9946, 0.000613250676036727
242, 2368, 0.0006087467786383677
10067, 10568, 0.0006085914762819501
10067, 10307, 0.0006039742120286977
8837, 9050, 0.000599270522556306
459, 1960, 0.0005980059263419642
3811, 6292, 0.0005957693151719186
5639, 5892, 0.0005956473554784941
602, 1573, 0.0005912857469801156
3938, 4118, 0.0005865115578457695
7388, 8693, 0.0005856135057760441
2996, 4247, 0.000585511595570668
3811, 3992, 0.0005735492730062832
7251, 7938, 0.0005468337249125129
1279, 2368, 0.000539271072299907
86, 1978, 0.0005386597386467639
3022, 4247, 0.000528512786567133
9649, 10875, 0.0005250263162059434
9649, 10159, 0.0005232188083022262
592, 1978, 0.0005217761559324947
3811, 4402, 0.0005163080766724212
608, 2099, 0.000514398634453453
9823, 10277, 0.0005130103777933945
5962, 6030, 0.0005101355042696555
8989, 9077, 0.0005064831397055265
2558, 2796, 0.0005003347049878071
5645, 6292, 0.0004993876464944004
4657, 5892, 0.0004973378072774668
459, 965, 0.0004973057150406178
5684, 6064, 0.0004971479727495738
3811, 4443, 0.00048722302988774306
7797, 8589, 0.00048547700707364424
8028, 8082, 0.0004818421068544592
6788, 7180, 0.0004765824477119691
3262, 3311, 0.0004716003898497849
3811, 4148, 0.00047075578124593687
5269, 5589, 0.00046932401089258276
10067, 10360, 0.0004676442470004173
10067, 10242, 0.0004640894517987952
772, 2099, 0.00046027257315314925
2638, 2707, 0.0004586353064008088
7797, 8584, 0.0004572706059488145
7797, 8745, 0.00045143176870576345
459, 1984, 0.00044765326647754387
7235, 8584, 0.0004475939796768623
5645, 5892, 0.0004471493455860825
459, 1616, 0.00044319381215837623
10198, 10642, 0.0004384958161226536
3003, 3098, 0.00043717688434561703
5662, 6064, 0.0004333380657698125
7093, 7180, 0.0004296205639527719
3212, 4247, 0.0004279229979844526
2546, 2602, 0.00042623826647647934
242, 1848, 0.00042612784935308916
6762, 8693, 0.0004259437404084009
5476, 5863, 0.0004240729833855929
7797, 8354, 0.000422223456654948
1418, 1978, 0.0004215403116439251
6575, 6627, 0.00041834200029384333
8446, 8584, 0.00041477823690770914
1279, 1592, 0.0004143991421261684
7068, 7180, 0.00041400961851923633
7059, 7147, 0.00040740250155810946
459, 2267, 0.00040713740554144056
1279, 1410, 0.00040577115745599646
8446, 8589, 0.00039487539612441353
703, 1978, 0.0003941999011256743
602, 888, 0.000390344018126312
9649, 10079, 0.000388489705303283
9649, 9838, 0.00038547248160121603
970, 1978, 0.00038536185459401114
1803, 2368, 0.0003853156625167611
6179, 6232, 0.00038505451819568625
6186, 6232, 0.00038169797610813374
8009, 8189, 0.00036982062003082007
765, 1381, 0.00036091464396318697
1279, 1492, 0.00036054438959955555
9389, 9530, 0.00035932412026273847
2492, 3098, 0.00035923876434324495
3318, 4247, 0.00035495971782187753
4657, 5751, 0.00035202108673989505
242, 1573, 0.00035140740150159687
2024, 2099, 0.0003482921853786995
5657, 5751, 0.0003476692020394005
602, 1592, 0.0003469074053470677
612, 2099, 0.0003463495962420308
765, 1270, 0.0003455551406479272
5937, 6030, 0.00034338286496242144
9661, 9946, 0.0003418551872399964
3232, 4247, 0.000336840728591627
4417, 4460, 0.00033630517639996523
459, 1106, 0.0003359408142300082
7068, 7119, 0.00033529989311022315
5269, 5544, 0.0003347438423196608
2302, 3098, 0.00033271571359127936
6762, 7119, 0.0003293596343908519
142, 222, 0.00032859664934066144
7318, 8693, 0.00032796129683190453
9761, 9946, 0.00032634204636328244
7797, 8699, 0.0003236916349353048
242, 1438, 0.00031949177470618964
7235, 8354, 0.0003192879078331987
7235, 8699, 0.0003185081449385795
7526, 8082, 0.00031827947226488506
7235, 8589, 0.00031717597501952784
8157, 8604, 0.00031433175596859864
2302, 2796, 0.00031080257461007214
10079, 10153, 0.0003080830035442019
9078, 9293, 0.00030273636937506115
616, 2099, 0.0003012390576688001
5962, 6292, 0.0002998804585831749
6701, 7180, 0.0002964750769354907
5269, 5751, 0.0002960616655708985
2726, 2899, 0.0002950766392183433
3312, 4118, 0.0002941473610385891
3811, 3855, 0.00029232716070474627
7987, 8693, 0.00029222188338283146
2558, 2899, 0.0002907068612285622
9649, 11014, 0.00029015965241539814
2549, 2602, 0.00028999658042709543
3765, 4247, 0.0002879728088855751
5627, 6232, 0.00028601992562102236
2502, 2710, 0.0002856768475023633
3971, 4247, 0.00028397492420492124
596, 647, 0.00028367689865513627
2797, 3098, 0.0002800805677844607
9469, 9648, 0.0002787460620651827
10067, 10412, 0.00027491024220155364
7441, 8693, 0.0002734312522845113
8264, 8312, 0.0002729329657954284
459, 2602, 0.0002698211120129677
3804, 4247, 0.00026588716296599587
4657, 5544, 0.0002646104787522821
9449, 9946, 0.0002645271075417618
7059, 8189, 0.0002642511370431236
9649, 10375, 0.000260633121961409
2502, 2971, 0.00026059869583892724
4641, 6292, 0.0002596032801037114
459, 1196, 0.00025806873624374573
765, 1438, 0.0002580080105986019
602, 875, 0.000256863750562192
765, 1389, 0.0002553518493844142
459, 1788, 0.00025373829982255864
10589, 10642, 0.0002505585315907002
7318, 7441, 0.0002502750135606822
9469, 9546, 0.00024677482044201766
9823, 10153, 0.00024248810962815704
7059, 8024, 0.00024232130625625258
5574, 5751, 0.0002414960778272865
9649, 10383, 0.0002403610570394847
2492, 2796, 0.00023627357222505944
258, 512, 0.00023615689799850225
5642, 5751, 0.0002358496552478544
242, 1939, 0.00023562047658765988
459, 2426, 0.00023512708431736452
459, 1795, 0.00023507150135406517
459, 2058, 0.00023434134693803635
4073, 4118, 0.0002338990663127979
2502, 2947, 0.00023216561353680876
1418, 1492, 0.00023194705059485324
1803, 1939, 0.0002291649111868321
608, 1978, 0.00022867498704430718
9649, 10524, 0.00022713525863520917
5678, 6292, 0.00022568755844322306
4417, 6292, 0.00022176148576591077
3312, 3535, 0.00022147095306724956
2302, 2381, 0.00022137310108481423
459, 1515, 0.00022127257223038605
5659, 5751, 0.00021854230322123144
5678, 5892, 0.00021830336462906678
3975, 4190, 0.00021729143636308476
4657, 6064, 0.0002156799989372941
2797, 2899, 0.00021461310155812587
5801, 6030, 0.00021449246496359694
4752, 6292, 0.0002117392833088683
2525, 3098, 0.00021139446186645638
9226, 9322, 0.0002108082475403332
765, 888, 0.00021002173135630065
459, 1922, 0.00020950200031919964
772, 1978, 0.000207834685981259
2558, 2707, 0.00020638850638999938
1903, 1960, 0.00020498228372944395
7059, 8312, 0.00020433759124848641
602, 1939, 0.00020369577647329218
9649, 10083, 0.0002025773105283112
258, 1381, 0.00020229051150503916
7059, 7153, 0.00020205481409060533
242, 477, 0.00019708230548367493
3811, 5544, 0.00019601914843246838
3248, 4247, 0.00019563236876228533
10067, 10148, 0.00019521340485218586
10067, 11027, 0.00019443931788733364
7318, 7370, 0.00019359007004626764
5269, 5892, 0.00019158533279216517
4341, 5369, 0.00019031226474086355
4882, 6292, 0.00018894872950962004
242, 1592, 0.00018622734155317042
2878, 2947, 0.00018430767279503272
8446, 8745, 0.0001837926972552031
4444, 4503, 0.00018316460767682697
2525, 2796, 0.000180260139651962
9485, 9530, 0.00018000470735212804
86, 1381, 0.00017997763053527748
4341, 4416, 0.0001783558864178905
5962, 6064, 0.00017812724408300753
459, 765, 0.00017723194633461744
4341, 5376, 0.00017316616923125305
2558, 2629, 0.00017254190670664514
2502, 2638, 0.00017236481851035993
2564, 3098, 0.0001703267301847017
3212, 3332, 0.0001696982338163403
5847, 6064, 0.00016827555109185933
459, 3098, 0.0001667741747924257
1279, 1939, 0.00016623485280037206
6638, 7180, 0.0001660349146543093
6018, 6064, 0.00016534183139706355
765, 2368, 0.0001637234482142494
142, 512, 0.0001630921663017608
234, 2099, 0.00016143244246739016
10231, 10277, 0.00016115089133090344
3811, 3948, 0.00016064229766319716
2302, 2899, 0.00016049097870728286
765, 1848, 0.00015936680129651284
3248, 3311, 0.00015910274883866495
592, 1381, 0.00015899421429850486
3938, 3992, 0.0001585935237921747
535, 628, 0.0001577319703204891
6937, 7180, 0.00015748680594365302
8969, 9050, 0.00015695946779259773
142, 1848, 0.0001564559926532496
3938, 4190, 0.00015644294014028695
6435, 6519, 0.0001555607491312189
10074, 10153, 0.00015500611005610644
258, 1270, 0.0001534196375962077
765, 1573, 0.00015336111618014382
459, 526, 0.0001509142154414035
3985, 4247, 0.0001504159642852973
5639, 6064, 0.00015038095768190967
5574, 5892, 0.00014927440287436467
7388, 7938, 0.00014813319396988968
765, 875, 0.00014801215672914623
258, 2368, 0.00014734247796160802
258, 1848, 0.00014620127871258485
5841, 5903, 0.0001446659469424952
142, 1381, 0.00014350896473606185
9016, 9530, 0.00014214071075627707
9649, 11031, 0.00014207175961772014
8956, 9050, 0.00014178587365397565
9994, 10277, 0.00013859854777709083
3811, 4460, 0.00013746589085605567
5978, 6232, 0.00013638557823670612
9823, 10369, 0.00013618219417996387
6575, 6921, 0.00013605708985302888
459, 1765, 0.00013568676257792224
258, 1389, 0.00013525901384809296
86, 2368, 0.00013518675919519166
4752, 5589, 0.00013491267814318066
418, 2099, 0.000134418832698419
3333, 4118, 0.0001342304814841231
5269, 5320, 0.00013299694435024402
242, 353, 0.00013298935212877828
5574, 6292, 0.00013242224965772856
6435, 6513, 0.0001323270262848673
5365, 5589, 0.00013230717640856453
3811, 3891, 0.000131514864585464
612, 1978, 0.00013124067876688915
6575, 7938, 0.0001310966461747026
7235, 7530, 0.00013092587926002023
3232, 3332, 0.00013078252461030544
602, 1233, 0.00012986481928257615
86, 512, 0.00012939008313178917
1635, 1848, 0.00012934006032317886
6951, 7119, 0.00012749737076201377
3232, 3297, 0.0001272365662678245
86, 1848, 0.00012688052316168168
602, 1410, 0.00012667986028084343
7059, 7370, 0.00012623859371336003
2832, 2899, 0.0001259245241196869
8053, 8624, 0.00012546668989014303
8009, 8312, 0.0001251000507072134
4429, 6292, 0.0001247882835267495
3248, 3332, 0.00012397109540138342
4007, 4118, 0.00012381254766329582
6575, 7441, 0.00012354266366163767
459, 1213, 0.00012298505038841386
3402, 4247, 0.00012104382146803722
4341, 4554, 0.00012097138600475772
3198, 3311, 0.00012079009102772174
242, 1492, 0.00012061785066003873
86, 1389, 0.00012051755501067759
3811, 5751, 0.00012019834415255093
5365, 6292, 0.00012019327527592714
242, 888, 0.0001201287441955644
602, 2109, 0.00012012312893432349
142, 2368, 0.0001194666632559992
592, 1270, 0.00011871434207088552
4952, 6292, 0.00011848005675880733
4376, 4443, 0.0001182179704376111
2047, 2368, 0.00011814549878637264
3625, 4247, 0.00011764287734898099
7235, 7775, 0.0001176132400422071
3008, 3098, 0.00011714744392653149
2528, 2602, 0.00011656188042444046
1286, 2099, 0.0001158101760273253
4752, 5751, 0.00011561507995778983
9469, 10642, 0.0001136859196265645
6575, 6677, 0.00011293987883913391
2502, 2752, 0.00011198668950719088
1682, 2099, 0.00011126143429227284
4341, 4602, 0.00011104998745922986
2502, 2674, 0.0001103302764574453
5627, 5841, 0.00010985734990554817
234, 1978, 0.00010927216684891349
7832, 7938, 0.00010909653129756952
142, 1389, 0.00010817982760957891
258, 1573, 0.00010805723548853105
242, 1960, 0.00010765176275300144
3333, 3535, 0.00010694152383827272
5365, 5544, 0.00010631685991538932
7059, 7359, 0.0001062119241792368
242, 1233, 0.00010576508134146128
592, 1389, 0.00010496825933058403
7251, 7370, 0.00010486841609323956
3312, 4190, 0.0001030934551156974
3445, 3535, 0.00010289247014834082
7697, 8189, 0.00010280621560314663
4444, 4554, 0.00010184430231941378
602, 1492, 0.00010177158843280857
3834, 4118, 0.00010156076999173808
970, 1381, 0.00010138654547535921
703, 1381, 0.0001012915670983362
9649, 10048, 0.00010124198068270646
242, 875, 0.00010106449368988917
459, 2796, 0.00010091097396850289
3198, 4118, 0.00010071207600888913
4341, 5863, 0.00010068455254653834
4341, 6030, 0.00010045740124794645
3022, 3332, 0.00010026432710209443
9065, 9293, 0.00010016939953891601
535, 647, 9.908638491370847e-05
4444, 4602, 9.895758863512664e-05
142, 1438, 9.778636394466634e-05
5662, 6030, 9.715185183566406e-05
459, 1174, 9.686600368596973e-05
5645, 6064, 9.656744978236794e-05
4752, 5892, 9.644317384722275e-05
86, 200, 9.611216337011907e-05
592, 1438, 9.536193081047428e-05
602, 1106, 9.487272319771098e-05
703, 765, 9.460133061321722e-05
258, 1438, 9.450637496210068e-05
5596, 5751, 9.400455098686596e-05
7059, 7282, 9.39775710922768e-05
2492, 2899, 9.387409103138504e-05
9649, 10456, 9.33383441235398e-05
5642, 5892, 9.313500742847862e-05
602, 965, 9.287717503473898e-05
4341, 4656, 9.26952183548359e-05
970, 1270, 9.229843659673251e-05
4837, 6292, 9.225832108500872e-05
7059, 8082, 9.090411374951042e-05
2558, 2722, 9.08138469767806e-05
7697, 8024, 9.080440205595302e-05
3182, 4247, 8.96274200457181e-05
142, 1270, 8.945803306338537e-05
2996, 3332, 8.942280770956786e-05
1279, 1616, 8.921614290602879e-05
86, 222, 8.847645663835522e-05
8053, 8589, 8.792803909474504e-05
5705, 6232, 8.786348725217988e-05
86, 1270, 8.710900412643206e-05
4444, 6030, 8.703713919683658e-05
2573, 3098, 8.663368932749688e-05
2492, 2707, 8.652227962367024e-05
4341, 4557, 8.632119680585735e-05
2525, 2899, 8.623459555063303e-05
4213, 4402, 8.619116047845884e-05
6435, 7180, 8.52073537731002e-05
3312, 3674, 8.416336821909985e-05
602, 1616, 8.38754139917358e-05
8837, 9077, 8.309687460399732e-05
592, 1848, 8.30032181531901e-05
1418, 1573, 8.275257545294012e-05
5657, 5892, 8.268168258119816e-05
5365, 5751, 8.199468123430519e-05
86, 1939, 8.187828972325441e-05
7251, 7359, 8.163386057911847e-05
2638, 2796, 7.966329973122198e-05
459, 2899, 7.901931509598527e-05
765, 1592, 7.873190493330963e-05
5657, 6292, 7.817529589078467e-05
4444, 4557, 7.795560839352864e-05
86, 1438, 7.788007667000823e-05
5684, 6030, 7.780832280250533e-05
5294, 6292, 7.747571691949165e-05
5627, 5764, 7.736658630066364e-05
7318, 7938, 7.720939969094917e-05
2302, 2707, 7.661214162610713e-05
4882, 5589, 7.626554392711445e-05
7251, 8024, 7.623021115089079e-05
2564, 2796, 7.600178156291827e-05
242, 1984, 7.553817115003914e-05
459, 1650, 7.552992967613775e-05
9823, 10307, 7.545339946586223e-05
703, 1270, 7.54517440783678e-05
3022, 3226, 7.53212572279925e-05
8053, 8584, 7.481788280088959e-05
4921, 4983, 7.449330294114597e-05
1286, 1381, 7.422758981520038e-05
9765, 9822, 7.407172245120703e-05
4641, 5751, 7.359757316720672e-05
3811, 5892, 7.353646091159052e-05
142, 1573, 7.300298435246886e-05
7797, 8218, 7.251950836340431e-05
608, 1381, 7.23681760022228e-05
592, 1573, 7.191244767669461e-05
8446, 8699, 7.188312645260008e-05
970, 1389, 7.147762673761267e-05
7388, 7458, 7.116071425965381e-05
4641, 5589, 7.027515189137823e-05
5705, 5841, 6.997191313810846e-05
459, 1094, 6.971674041916036e-05
418, 477, 6.966935938154812e-05
3262, 4118, 6.928510516192618e-05
4444, 5376, 6.900247906185761e-05
1803, 1960, 6.891560582006049e-05
4837, 5589, 6.815857007319006e-05
4345, 4402, 6.784095551145696e-05
2502, 3332, 6.782367490013664e-05
5485, 5589, 6.741638192969605e-05
3198, 3297, 6.727359623759907e-05
7235, 7350, 6.714891500933931e-05
703, 1848, 6.699719484204519e-05
9449, 9648, 6.684255018983984e-05
5028, 5589, 6.674234995297284e-05
4444, 5369, 6.636285936402837e-05
2996, 3226, 6.623346076609675e-05
4444, 4656, 6.579644018910675e-05
7441, 7938, 6.435530396544734e-05
5684, 5863, 6.408923795744736e-05
2564, 2629, 6.35051523931191e-05
703, 1389, 6.345929544061398e-05
6701, 6807, 6.342309628669714e-05
234, 628, 6.276068503176335e-05
10875, 11027, 6.23769259653717e-05
3758, 4118, 6.195497009590069e-05
4417, 5751, 6.179658459866085e-05
2638, 3098, 6.113709386763676e-05
6762, 6921, 6.068328487684537e-05
258, 477, 6.049255362981838e-05
242, 1410, 6.040258325412858e-05
1279, 1960, 6.03883913941534e-05
9994, 10642, 6.035373603281776e-05
7251, 8189, 5.925049423809531e-05
1635, 2368, 5.890986073211127e-05
4213, 4443, 5.830309096824232e-05
5662, 5863, 5.8143307074269565e-05
9469, 9537, 5.756564417853212e-05
258, 1939, 5.7561707277645305e-05
5365, 5892, 5.728247475362114e-05
3811, 5589, 5.716385352592898e-05
3445, 4118, 5.631953034860549e-05
418, 628, 5.612478804301717e-05
592, 2368, 5.6049004262118346e-05
234, 647, 5.5895302671654015e-05
4882, 5751, 5.578080934894638e-05
1279, 1515, 5.552097013111877e-05
2573, 2796, 5.519451247713377e-05
7441, 7509, 5.5110204177909754e-05
10067, 10571, 5.501236017858094e-05
3232, 3311, 5.377843523629849e-05
6844, 7180, 5.376331412781451e-05
1682, 1978, 5.349440740418489e-05
3198, 3535, 5.3083851882489395e-05
970, 2368, 5.283237904336684e-05
4882, 5892, 5.262681986224124e-05
242, 295, 5.210470670925087e-05
5269, 5369, 5.205363739440253e-05
8264, 8336, 5.2052080401623255e-05
5532, 5751, 5.199280759657411e-05
703, 1438, 5.165035976086971e-05
7039, 7180, 5.078869763152116e-05
9016, 9113, 5.0777305564158854e-05
5269, 6064, 5.0283460859854015e-05
772, 1381, 5.0273730688066034e-05
4444, 5863, 4.9943229325988225e-05
4417, 5892, 4.97684487336028e-05
4341, 4983, 4.9642491255667415e-05
4444, 4983, 4.9637310887867884e-05
602, 1196, 4.9633720087284855e-05
86, 1573, 4.9627462311273923e-05
970, 1573, 4.929495124741637e-05
608, 2368, 4.9253025387935485e-05
2525, 2707, 4.862952555517655e-05
703, 2368, 4.824349222754823e-05
765, 1492, 4.792937084485033e-05
5269, 5376, 4.773829281580741e-05
4149, 4402, 4.70065655803113e-05
459, 1772, 4.692693064968406e-05
5596, 5892, 4.631017219123874e-05
608, 1270, 4.616948289612299e-05
463, 512, 4.595019091963614e-05
608, 1438, 4.569080994607809e-05
8989, 9293, 4.553383451950966e-05
86, 1592, 4.541102835021522e-05
4641, 5892, 4.5164092086785344e-05
6575, 6936, 4.510666753638547e-05
9649, 10424, 4.4886093232542356e-05
7526, 8336, 4.4867014888012693e-05
258, 353, 4.4811211766433756e-05
592, 888, 4.475877008388524e-05
970, 1438, 4.452710319427245e-05
3262, 3535, 4.452409011540596e-05
9126, 9293, 4.449924080952253e-05
3277, 3332, 4.445377856273567e-05
608, 1389, 4.441531003985812e-05
616, 1978, 4.438632242858232e-05
4952, 5589, 4.432202341918809e-05
1286, 1389, 4.354250536539367e-05
612, 1381, 4.3520956943423926e-05
258, 1592, 4.334189983659961e-05
4073, 4190, 4.312861724692835e-05
592, 1592, 4.288221295510733e-05
5294, 5589, 4.282763831499077e-05
4921, 5589, 4.278982954203993e-05
4149, 4443, 4.242994328607713e-05
1174, 1233, 4.21116807322527e-05
4341, 5151, 4.1953875983617156e-05
2302, 2398, 4.187461879629544e-05
242, 1788, 4.1701105900263635e-05
602, 765, 4.142029936389464e-05
2502, 2968, 4.133488042383806e-05
242, 2267, 4.095368610689384e-05
242, 1106, 4.080403043729851e-05
602, 2602, 4.0777323591162654e-05
6788, 7119, 4.030775627672504e-05
9078, 9316, 4.0211955240423916e-05
7235, 8891, 4.0198837102197134e-05
4952, 5751, 4.004107270529203e-05
1803, 1922, 3.99816241145402e-05
1314, 1381, 3.985616177731255e-05
3333, 3392, 3.9671900601286763e-05
3333, 4190, 3.966602720266889e-05
2573, 2629, 3.9631180733638566e-05
772, 1270, 3.951585613280487e-05
4952, 5892, 3.950867091747869e-05
1418, 2368, 3.9362946526054984e-05
2564, 2899, 3.880235037943359e-05
242, 1922, 3.863168374960401e-05
142, 1592, 3.8614498861495475e-05
4921, 5751, 3.8585183374406735e-05
418, 647, 3.7818368730951706e-05
3198, 4190, 3.7400645409691384e-05
242, 2602, 3.696764812774041e-05
6949, 7180, 3.656594523569135e-05
4752, 5544, 3.6492440545249534e-05
258, 888, 3.6396465231837736e-05
5659, 5892, 3.634716827431869e-05
9469, 10277, 3.633281785534198e-05
242, 1196, 3.6155646750816004e-05
10198, 10307, 3.601807644473721e-05
3562, 4247, 3.5982644135751453e-05
1279, 1788, 3.5840216569229275e-05
4417, 5589, 3.5347859599315806e-05
602, 1515, 3.5014304386519964e-05
1279, 2267, 3.500489146214962e-05
1418, 1848, 3.491297413002989e-05
6575, 6861, 3.468086305360758e-05
3312, 3589, 3.4652432877603194e-05
4213, 4279, 3.4286306084159364e-05
3333, 3674, 3.405892403682952e-05
703, 1573, 3.3750888322056044e-05
4429, 5751, 3.33027850377275e-05
602, 3098, 3.3179813476550825e-05
2502, 4118, 3.2918083105472176e-05
765, 1233, 3.276986395199073e-05
602, 2426, 3.268616829504956e-05
242, 1616, 3.251802339189575e-05
242, 1795, 3.250407362621028e-05
459, 997, 3.249388531274165e-05
7235, 8218, 3.207894247639822e-05
242, 965, 3.203189813300211e-05
258, 1492, 3.2018200946914135e-05
9994, 10153, 3.201421592075869e-05
2564, 2707, 3.186429565540453e-05
4837, 5751, 3.181006679865538e-05
8837, 8926, 3.1637014055318204e-05
703, 888, 3.149027803241436e-05
2502, 3226, 3.123524756923107e-05
7228, 7282, 3.109847161409233e-05
592, 875, 3.1077999157565584e-05
1279, 2426, 3.0692245721136415e-05
9469, 9577, 3.0569414992126266e-05
7059, 7458, 3.0388340661385014e-05
4341, 4824, 3.0360154440896382e-05
3727, 4247, 3.0171464414904712e-05
4752, 4824, 3.0117397689516755e-05
765, 965, 3.0062048453799696e-05
3811, 4131, 2.9864283648188153e-05
4341, 5559, 2.9792247962492392e-05
5627, 5903, 2.954860172568418e-05
1279, 2602, 2.951785441726543e-05
5627, 6500, 2.94626310331698e-05
2502, 2906, 2.929198395078001e-05
86, 477, 2.9269891038760642e-05
242, 447, 2.9262917342290006e-05
1795, 1848, 2.9225551030960785e-05
3981, 4402, 2.9058983116156048e-05
612, 2368, 2.88801967857788e-05
2302, 2345, 2.8806779696948043e-05
6762, 7441, 2.8780778015660942e-05
5532, 5892, 2.845377129521714e-05
7041, 7180, 2.8297982539217207e-05
2502, 2742, 2.8205127513314163e-05
970, 1848, 2.8186925878773282e-05
6762, 6818, 2.81629935720522e-05
86, 1492, 2.8112394220647e-05
3212, 3311, 2.811087132025427e-05
4837, 5892, 2.7854346463747812e-05
142, 477, 2.782632107313624e-05
6575, 6717, 2.766519505799589e-05
142, 888, 2.7663993388298754e-05
5627, 6356, 2.7648005379697532e-05
10067, 10159, 2.7646969721625227e-05
612, 1389, 2.7339264893298733e-05
3312, 3571, 2.7329447066009164e-05
463, 628, 2.728336360227361e-05
2638, 2722, 2.7230212101388077e-05
2882, 3098, 2.7062719158154983e-05
3981, 4148, 2.693811760923394e-05
258, 1410, 2.653458983818514e-05
7797, 7987, 2.6527097745975375e-05
7656, 7938, 2.623890821172e-05
772, 888, 2.6106397280993026e-05
2573, 2707, 2.601472579032072e-05
1279, 1795, 2.5930157942533537e-05
602, 2267, 2.5821057759872286e-05
2302, 2722, 2.544767073948346e-05
6701, 7119, 2.5402532101790813e-05
3834, 4190, 2.5337044516167948e-05
4115, 4247, 2.506111010789277e-05
9469, 9549, 2.4991684876848713e-05
5759, 5892, 2.4958111744258385e-05
2996, 4118, 2.492742012881886e-05
616, 1381, 2.483384872854483e-05
258, 875, 2.467197544401563e-05
459, 2707, 2.4474884225497973e-05
765, 1106, 2.4433401091277726e-05
459, 1803, 2.4280634464103605e-05
3453, 4247, 2.4254517266266687e-05
612, 1270, 2.389798949904155e-05
6575, 6720, 2.384031061296101e-05
8837, 8913, 2.3801115713796477e-05
6575, 6643, 2.3611530116428498e-05
612, 1438, 2.348264780160508e-05
5028, 5751, 2.3367535142183196e-05
418, 512, 2.336394582121263e-05
86, 888, 2.332481811452947e-05
463, 647, 2.3295096970243836e-05
6968, 7180, 2.3238657590318258e-05
2502, 2758, 2.3102656689619095e-05
86, 1233, 2.2975301342953902e-05
3312, 3586, 2.291721268141009e-05
9437, 9530, 2.2891483179184697e-05
772, 1389, 2.2816332783770836e-05
242, 3098, 2.272776942075717e-05
2492, 2722, 2.2560879515785973e-05
5574, 6064, 2.2076779969188808e-05
6762, 6861, 2.2004393757714322e-05
602, 1788, 2.196860470288492e-05
3212, 3297, 2.170459027870032e-05
2445, 2602, 2.1692823914784798e-05
9449, 9546, 2.168386508682172e-05
9649, 9846, 2.145053666109083e-05
765, 1410, 2.1376722902705677e-05
3248, 3297, 2.132185242250107e-05
4429, 5892, 2.1221621573646905e-05
703, 875, 2.1208171929476384e-05
2878, 2971, 2.117567796644923e-05
4213, 4460, 2.1167539224948847e-05
1279, 3098, 2.1109398814371085e-05
3182, 3226, 2.1099234242691676e-05
9649, 9827, 2.1001250895596695e-05
1903, 2368, 2.0668947070102195e-05
6788, 6861, 2.0417012158238915e-05
7228, 7441, 2.0293841260469788e-05
3312, 3971, 2.027982733880583e-05
142, 1492, 2.0256788939006417e-05
772, 1438, 2.0232319730175324e-05
258, 1233, 2.0155777978207324e-05
5028, 5892, 2.004693383061222e-05
7059, 7509, 2.002839457618192e-05
9226, 9385, 1.9992568300309983e-05
2875, 3098, 1.997424027467632e-05
242, 2426, 1.99324139464674e-05
7282, 7441, 1.979961413973437e-05
1174, 1270, 1.9737524767361812e-05
2525, 2722, 1.9643593564305733e-05
9190, 9293, 1.963951928429316e-05
772, 2368, 1.9631024134627716e-05
616, 2368, 1.960856613258004e-05
3262, 4190, 1.9530914808493698e-05
4444, 4824, 1.952851306416387e-05
4341, 5320, 1.9299816337469844e-05
7844, 7938, 1.9296168032531726e-05
86, 875, 1.9278722555158752e-05
142, 875, 1.8958766290500804e-05
772, 875, 1.890074736201533e-05
3182, 3332, 1.8847630876044603e-05
1418, 1592, 1.884294134746243e-05
608, 888, 1.8737022167581444e-05
2996, 3535, 1.863200060421211e-05
8956, 9077, 1.8530528684461024e-05
3625, 3674, 1.8431190086353223e-05
327, 628, 1.8211302158560792e-05
608, 1573, 1.8120693275742674e-05
3637, 4247, 1.8081360547298667e-05
7797, 8891, 1.8001363194250034e-05
4007, 4190, 1.799809738615899e-05
4417, 6064, 1.794030651684265e-05
6615, 7180, 1.7888785820713797e-05
5164, 5892, 1.774872493333705e-05
9065, 9316, 1.772789184711572e-05
3198, 3674, 1.764481276361502e-05
4921, 5892, 1.7543040066453103e-05
3981, 4443, 1.749874007528913e-05
7039, 7119, 1.7486517978051894e-05
3312, 3470, 1.7284213527318683e-05
3022, 4118, 1.7268101691211155e-05
9016, 9322, 1.6973657512916124e-05
5294, 5369, 1.689071917020598e-05
234, 1381, 1.682262188958314e-05
4429, 5589, 1.675714810582559e-05
2277, 2368, 1.6705720807721223e-05
242, 1515, 1.669110846470719e-05
3212, 4118, 1.6689221381169316e-05
3971, 4118, 1.659029335764775e-05
5294, 5892, 1.6560560502848735e-05
5764, 5892, 1.6502465301193858e-05
594, 647, 1.6500704515304386e-05
3729, 4247, 1.6160658893886935e-05
3811, 4255, 1.611289835223021e-05
3758, 4190, 1.5747994713151864e-05
8837, 9293, 1.5746612711211985e-05
3804, 4118, 1.5697785793330353e-05
6575, 6687, 1.5664591189203977e-05
142, 207, 1.5644696846717473e-05
9469, 9585, 1.5534503258595723e-05
2558, 2686, 1.5483981092813728e-05
765, 1616, 1.4949758126035144e-05
6937, 7119, 1.4904946998392837e-05
86, 1410, 1.4774382757674259e-05
3804, 3872, 1.4722037105677342e-05
7251, 7458, 1.4701053898808968e-05
2564, 2722, 1.4629498198573985e-05
5639, 5863, 1.459913780875046e-05
3022, 3311, 1.4463877063242823e-05
6762, 6936, 1.4412689131990249e-05
6951, 7012, 1.434781045944e-05
4444, 5151, 1.4275350408898107e-05
3312, 3661, 1.4261867356625726e-05
3333, 3589, 1.4251362711360786e-05
6638, 6807, 1.4244588432480865e-05
1286, 1438, 1.4171595200391e-05
6575, 6731, 1.4066198271725299e-05
3318, 3535, 1.4014866014448185e-05
5189, 5751, 1.3994166358732002e-05
5294, 5751, 1.3932073143496564e-05
327, 647, 1.3913421924785114e-05
6575, 6690, 1.3827520619805948e-05
2996, 3311, 1.3810453450730852e-05
5164, 5751, 1.3779803871245799e-05
3445, 4190, 1.3674859104926031e-05
2758, 3098, 1.3660158223047318e-05
5164, 5589, 1.3650041227809782e-05
3333, 3571, 1.3638883456110372e-05
3318, 4118, 1.3623461918009144e-05
3312, 3392, 1.3604441164017624e-05
3262, 3674, 1.3593412228971082e-05
234, 512, 1.359194848190305e-05
4417, 5544, 1.3491512063531726e-05
4618, 5751, 1.3249589360154326e-05
242, 1174, 1.3198075287406785e-05
142, 353, 1.3196207026018328e-05
6575, 7150, 1.3184156481828856e-05
5705, 6500, 1.3149861557650852e-05
4882, 5544, 1.3058228386116393e-05
258, 327, 1.301667768790653e-05
5978, 6500, 1.300388335679323e-05
4149, 4460, 1.2999129739467278e-05
3811, 4164, 1.2969628316005782e-05
592, 1233, 1.2850142758556808e-05
765, 2602, 1.2757368833452964e-05
6944, 7180, 1.2730227147129243e-05
3765, 4118, 1.270760319369152e-05
602, 1174, 1.2580369234705626e-05
616, 1389, 1.2475912896727398e-05
6575, 8024, 1.244813050280848e-05
3985, 4118, 1.2409209662049775e-05
3022, 3535, 1.2340016182999785e-05
5485, 5751, 1.2312315608433502e-05
459, 2722, 1.2288240241564811e-05
3312, 3541, 1.2268256932410403e-05
7235, 7515, 1.214447864812611e-05
608, 875, 1.2009351566044988e-05
3056, 3098, 1.1901928182327113e-05
1307, 1381, 1.1887987522288286e-05
970, 1106, 1.1865816115891174e-05
765, 1196, 1.1840551195479352e-05
9016, 9218, 1.1832668442436864e-05
4657, 4983, 1.1793281534394719e-05
242, 765, 1.1533094171793206e-05
7041, 7119, 1.1525549024656798e-05
258, 1106, 1.1490409741356338e-05
592, 965, 1.1379590941667552e-05
4522, 5751, 1.1356828562928596e-05
3811, 6064, 1.113818750084782e-05
6788, 6921, 1.0989937498325433e-05
2832, 3098, 1.0955012344089608e-05
142, 1233, 1.0884408703651735e-05
7235, 7518, 1.0864909639267728e-05
3445, 3674, 1.0858911729213394e-05
7181, 7441, 1.0842307299896554e-05
7309, 7370, 1.064741724000119e-05
4341, 4972, 1.0607365875847457e-05
5645, 5863, 1.0579630208487319e-05
2241, 2368, 1.0577093524780087e-05
4341, 4503, 1.0534955000822942e-05
612, 888, 1.044974290604901e-05
9482, 9546, 1.0424366063854134e-05
86, 1106, 1.0368968791514679e-05
3312, 3872, 1.0323693524224996e-05
3834, 3971, 1.0205754724019549e-05
242, 1213, 1.0075930413844518e-05
8969, 9077, 9.970861601415075e-06
2824, 3098, 9.967558947121052e-06
6435, 6807, 9.858436594632994e-06
3333, 3586, 9.833666341034554e-06
86, 353, 9.829249928137717e-06
9226, 9306, 9.780192126425364e-06
602, 1213, 9.763957184546594e-06
2502, 3535, 9.758689163969112e-06
142, 268, 9.62137264208552e-06
9449, 9577, 9.494597404737776e-06
258, 965, 9.466867909012588e-06
3212, 3535, 9.407277864894805e-06
602, 1094, 9.26248992787414e-06
6575, 6971, 9.222608903639841e-06
4341, 5507, 9.20609916782e-06
4657, 4824, 9.195964558587686e-06
6951, 7016, 9.189655193207336e-06
592, 1106, 9.146834372319181e-06
2726, 4247, 9.14469552537952e-06
616, 1270, 9.068945078938418e-06
4657, 5863, 8.980795925709662e-06
234, 1389, 8.959731035607083e-06
258, 2602, 8.948537814481961e-06
3333, 3470, 8.774654713138668e-06
4877, 5751, 8.759788375372365e-06
242, 327, 8.734979874107711e-06
4744, 5751, 8.694283153974014e-06
1803, 2602, 8.678742736293988e-06
3198, 3571, 8.591656124826467e-06
6186, 6500, 8.570046324097884e-06
234, 2368, 8.472169422098417e-06
765, 3098, 8.42619706675181e-06
2302, 2524, 8.311248694570954e-06
3445, 3571, 8.288975539248923e-06
86, 2602, 8.210285610851804e-06
703, 1233, 8.094443313296505e-06
7697, 7775, 8.062240276419285e-06
142, 242, 8.05129705519372e-06
142, 204, 8.050175689536225e-06
242, 1094, 8.003557976793766e-06
4444, 4972, 7.969471176308027e-06
86, 178, 7.940351900232758e-06
3198, 3589, 7.914242931907132e-06
8446, 8891, 7.877519546028974e-06
6638, 7119, 7.87389037992968e-06
459, 2381, 7.855212950411467e-06
2502, 4190, 7.807243079874212e-06
234, 1270, 7.797769897094526e-06
7526, 7775, 7.709140790496954e-06
3981, 4460, 7.627938913561972e-06
121, 628, 7.5459059960488825e-06
9126, 9316, 7.461247867352738e-06
3333, 3971, 7.405222948692654e-06
3198, 3260, 7.3787002496822975e-06
1803, 3098, 7.303469345722672e-06
3811, 4279, 7.264757856255962e-06
142, 2602, 7.255558400442041e-06
5705, 5903, 7.2339349953747285e-06
1206, 1270, 7.218032235690052e-06
3975, 4402, 7.127031745258009e-06
258, 447, 7.104084973998017e-06
3445, 3589, 7.086381200537544e-06
3022, 3110, 7.063478235874177e-06
4921, 4972, 7.061516626976538e-06
258, 1196, 7.0233678667597475e-06
142, 1106, 7.000103997158211e-06
2558, 4247, 6.985919705450926e-06
6844, 6921, 6.9248801235457615e-06
3333, 3541, 6.811329567305229e-06
2502, 3311, 6.777528999129778e-06
418, 2368, 6.758165566929057e-06
142, 965, 6.752368412099933e-06
1803, 2426, 6.68476316874482e-06
3232, 3535, 6.657872979752667e-06
970, 1233, 6.6372867092993e-06
86, 1196, 6.611936001005456e-06
616, 888, 6.524792020272121e-06
6670, 7180, 6.516919035454631e-06
3198, 3971, 6.512436413001799e-06
4657, 5151, 6.479402112155979e-06
4744, 5892, 6.479223861409426e-06
2996, 3297, 6.46339863088745e-06
96, 628, 6.455882220628144e-06
8053, 8891, 6.44052786889923e-06
6880, 7180, 6.429216805819724e-06
6762, 7938, 6.39383897238339e-06
6629, 7180, 6.383504051837316e-06
612, 875, 6.380968090197579e-06
7282, 7359, 6.360827140582829e-06
8841, 9050, 6.3601308235000256e-06
5476, 6500, 6.300197200866206e-06
8989, 9316, 6.264053973024769e-06
86, 965, 6.2559353999843165e-06
765, 2426, 6.223899209097713e-06
86, 268, 6.0724003232311935e-06
3262, 3571, 6.032265124285806e-06
3022, 3297, 6.020594072372758e-06
4877, 5892, 6.0118161845663085e-06
4522, 4602, 5.9800073910318685e-06
3198, 3586, 5.936798748859875e-06
3333, 3661, 5.860153158370655e-06
96, 647, 5.85908021352991e-06
3198, 3277, 5.798321938821088e-06
3212, 3277, 5.7324809673420665e-06
55, 628, 5.681208172129546e-06
5053, 5892, 5.679992024839022e-06
121, 647, 5.566822688518424e-06
258, 3098, 5.501575415284706e-06
7251, 8082, 5.475044423544405e-06
3402, 3470, 5.411622382816596e-06
3445, 3586, 5.3950445362414855e-06
3938, 4443, 5.365597153391134e-06
6575, 7147, 5.346126378081857e-06
3262, 3589, 5.290698637896882e-06
6376, 6500, 5.289082671234042e-06
3758, 3971, 5.229539065383611e-06
5023, 5751, 5.204511188254173e-06
3445, 3541, 5.1385162215051e-06
242, 463, 5.104778514116735e-06
4618, 5892, 5.101550275876775e-06
3402, 3535, 5.067351823612258e-06
86, 3098, 5.047696775223714e-06
5053, 5589, 5.0472625723833494e-06
142, 1196, 5.044239352624966e-06
6435, 7119, 4.99584226470604e-06
2996, 3674, 4.9625034262201115e-06
86, 242, 4.909257271792088e-06
6575, 7093, 4.904634005331816e-06
5189, 5892, 4.8884064919527854e-06
2445, 3098, 4.8388292404467865e-06
7235, 7987, 4.828330784143968e-06
5485, 5892, 4.814569515713214e-06
3333, 3872, 4.796195068041284e-06
25, 628, 4.792968078196643e-06
2549, 3098, 4.787434491635016e-06
2546, 3098, 4.786482395317477e-06
5053, 5751, 4.753835038152196e-06
6065, 6500, 4.7235812698684905e-06
608, 1848, 4.7136133378552065e-06
5476, 5841, 4.696279898694704e-06
6701, 6921, 4.592651662189539e-06
2996, 3110, 4.575955076665852e-06
3022, 3131, 4.571325743043481e-06
55, 647, 4.560151277650142e-06
4073, 4148, 4.511748969050855e-06
4376, 4460, 4.473746351636337e-06
142, 3098, 4.460728953442472e-06
703, 1106, 4.4382741305301625e-06
7206, 7441, 4.407151151343706e-06
703, 965, 4.3944665555886e-06
3938, 4402, 4.331969700858888e-06
3312, 4402, 4.322493071500844e-06
7093, 7150, 4.313185970111676e-06
5678, 6064, 4.295324158488282e-06
3312, 4443, 4.2615785297545695e-06
592, 765, 4.1924092857762655e-06
602, 1960, 4.1628770746512235e-06
258, 1960, 4.1526249932224116e-06
6844, 7119, 4.076438537068233e-06
5100, 5751, 4.07614233249041e-06
9449, 9585, 4.053054505215051e-06
2996, 3131, 4.035420104435541e-06
142, 447, 4.013328911158627e-06
5335, 5751, 4.007259768941242e-06
3453, 3535, 3.9863325973395304e-06
327, 512, 3.979161307392559e-06
86, 447, 3.962904865740192e-06
3262, 3586, 3.938632457845693e-06
3022, 3122, 3.931786631042691e-06
2573, 2899, 3.871500910697259e-06
86, 128, 3.851627859845431e-06
9078, 9530, 3.806866494199833e-06
311, 628, 3.799097700688905e-06
2302, 4247, 3.7797534750926316e-06
6575, 6788, 3.763209617801596e-06
592, 3098, 3.715498522419066e-06
6615, 6677, 3.713272547871573e-06
8837, 9316, 3.6935506284609707e-06
6762, 6971, 3.693499601217935e-06
3248, 3535, 3.6821141788972097e-06
258, 765, 3.6578586628807905e-06
8157, 8891, 3.657743831514205e-06
2525, 4247, 3.6177633878619934e-06
3022, 3230, 3.6108787110610406e-06
4417, 4554, 3.6097884823225917e-06
4417, 4602, 3.608425242628031e-06
3975, 4443, 3.5075128408745987e-06
512, 628, 3.499500137463846e-06
3198, 3470, 3.405869254367144e-06
6575, 7012, 3.3752027907321817e-06
2996, 3122, 3.361988219778897e-06
2638, 2899, 3.276313801312078e-06
2492, 4247, 3.266968564587112e-06
4657, 4972, 3.236045137445823e-06
3198, 3541, 3.2190956464758063e-06
9449, 9549, 3.1997571523588415e-06
6762, 6809, 3.1469102241097845e-06
2502, 3297, 3.126155520051099e-06
6762, 7150, 3.095663774197531e-06
535, 2368, 3.067612983916348e-06
3262, 3470, 3.056401119214852e-06
6575, 6818, 3.0432719717708947e-06
242, 414, 3.0366769485756155e-06
242, 2796, 3.035218680613669e-06
9016, 9197, 3.0178632793809148e-06
311, 647, 2.9825169462994944e-06
9016, 9385, 2.9817855659189613e-06
2996, 3230, 2.9708225060476826e-06
9469, 9770, 2.968767471589417e-06
25, 647, 2.9656746233690372e-06
9190, 9316, 2.9494912072109128e-06
121, 200, 2.9352726246807145e-06
353, 628, 2.9221358740514156e-06
234, 477, 2.9117792739648238e-06
6575, 7153, 2.8934835645915475e-06
7697, 8082, 2.840154161032933e-06
9485, 9546, 2.8381686160123903e-06
2824, 2899, 2.824489453544064e-06
6949, 7119, 2.812578042880833e-06
3182, 3311, 2.801316644202552e-06
3333, 4402, 2.7890329101205083e-06
407, 628, 2.7789067404342413e-06
353, 647, 2.77665706805521e-06
2031, 2368, 2.7496437277398128e-06
5476, 5764, 2.725397904971039e-06
608, 965, 2.714470719711791e-06
7206, 7282, 2.679398286590035e-06
3262, 3541, 2.6793577222167886e-06
1286, 2368, 2.661760530195535e-06
2528, 3098, 2.6524839419522947e-06
772, 965, 2.6512439354281315e-06
3182, 3230, 2.6264961001943327e-06
616, 875, 2.6005832442618864e-06
142, 234, 2.564306205460046e-06
9226, 9333, 2.5444308397046216e-06
647, 2368, 2.4873972417457716e-06
1286, 1978, 2.4804310047859003e-06
5841, 6500, 2.4682260687683233e-06
9469, 9785, 2.458668192550405e-06
9449, 9537, 2.454084974209945e-06
3758, 3872, 2.450699701393157e-06
6788, 6936, 2.4305305747308844e-06
9065, 9113, 2.418697030247336e-06
9661, 9770, 2.4088694745026547e-06
512, 647, 2.401905466847898e-06
4429, 4554, 2.3300008091730438e-06
6575, 7016, 2.2854200533281346e-06
8956, 9293, 2.283555713159883e-06
3312, 3938, 2.272514946679403e-06
6615, 6807, 2.2601611719198835e-06
3318, 3674, 2.258116132477149e-06
4417, 4557, 2.2461906865412156e-06
1682, 2368, 2.245970157467536e-06
86, 765, 2.2074766617065296e-06
9765, 9946, 2.169550379482482e-06
3232, 4118, 2.169194671998327e-06
407, 647, 2.164367379450747e-06
703, 3098, 2.144649278152451e-06
258, 2426, 2.1353102877541103e-06
612, 1573, 2.1342538125380944e-06
3625, 4118, 2.0857999781184242e-06
2573, 2722, 2.075194459837404e-06
407, 477, 2.0622964968473715e-06
9661, 9785, 2.0612784018297657e-06
459, 2398, 2.0529260440358866e-06
6575, 6762, 2.035736359713568e-06
5100, 5892, 2.022413099555373e-06
86, 2426, 1.9591477058831997e-06
207, 628, 1.933739037232675e-06
4345, 4443, 1.9322625785850644e-06
5684, 5764, 1.9270607510356717e-06
6701, 6762, 1.9180763825790016e-06
3333, 4443, 1.9173213137942124e-06
652, 2368, 1.915489411450786e-06
142, 765, 1.8201663178797177e-06
5860, 6500, 1.8102753221791677e-06
9725, 9785, 1.8015404962029192e-06
2502, 3230, 1.7549846825782987e-06
3248, 4118, 1.7509230906863942e-06
142, 2426, 1.731329611279248e-06
6670, 6807, 1.711050934839971e-06
7093, 7147, 1.709835695735185e-06
6435, 6551, 1.7019506046922088e-06
207, 647, 1.6995806901474365e-06
772, 1573, 1.6778516249288378e-06
6575, 6809, 1.674385129835281e-06
2638, 2686, 1.6691187213159893e-06
7093, 7153, 1.657934397889315e-06
592, 1492, 1.6375226592064388e-06
9469, 9822, 1.6210835355222914e-06
3182, 3297, 1.6166596496546506e-06
9065, 9530, 1.612414156565526e-06
608, 3098, 1.6039271131774708e-06
6575, 6636, 1.6034587521210243e-06
6968, 7119, 1.6024095097768306e-06
234, 353, 1.6018338792018963e-06
185, 628, 1.587546019659687e-06
8956, 9020, 1.5625512766838137e-06
4341, 6500, 1.5534258763807365e-06
4213, 5751, 1.54709367137425e-06
6762, 7147, 1.5322988872878997e-06
3811, 4602, 1.5092711324042655e-06
2558, 2638, 1.4754461362640913e-06
6638, 6690, 1.4732671538575568e-06
9145, 9293, 1.4560649607836752e-06
2047, 3098, 1.4505315107484043e-06
592, 1410, 1.4485764945415527e-06
9389, 9468, 1.4428529567638524e-06
2502, 3571, 1.4321021795276812e-06
9469, 9698, 1.411141478125138e-06
592, 2426, 1.3963132064226459e-06
6638, 6921, 1.3621259796409337e-06
6762, 7093, 1.360678155579725e-06
258, 463, 1.3539887157057435e-06
6638, 6717, 1.3429688211440108e-06
3318, 3392, 1.3301851898404097e-06
9603, 9648, 1.32715662555558e-06
6179, 6500, 1.3251997386541052e-06
9482, 9549, 1.3189429097639465e-06
2502, 3110, 1.3134787014063496e-06
616, 1438, 1.3131333614182708e-06
8989, 9530, 1.3062412298681618e-06
2855, 3098, 1.3040834115687665e-06
121, 512, 1.2931420944264489e-06
9226, 9370, 1.2917660934217445e-06
9761, 9814, 1.282710738012333e-06
9475, 9546, 1.2729421750923117e-06
4248, 4402, 1.246779770350397e-06
242, 1650, 1.236600683401845e-06
6227, 6500, 1.224430494310251e-06
86, 234, 1.221360606027781e-06
3022, 3571, 1.2200361407393736e-06
234, 295, 1.2130968265085383e-06
2573, 2638, 1.20264392032241e-06
8969, 9293, 1.1975908213319474e-06
6677, 7180, 1.196694197587154e-06
3123, 3226, 1.1926195962696144e-06
7526, 8891, 1.1829697121630032e-06
4695, 5751, 1.1788126983555062e-06
4429, 4602, 1.153604157845804e-06
6951, 7150, 1.1517738763751096e-06
7059, 8891, 1.1447980378235636e-06
9026, 9077, 1.1354925299285072e-06
9093, 9293, 1.133898654607358e-06
6615, 7119, 1.131296606211019e-06
970, 3098, 1.1290905627175212e-06
1174, 1381, 1.0988567096627096e-06
142, 1410, 1.0825251271569861e-06
1418, 3098, 1.0752038493416818e-06
1314, 1389, 1.070537309397599e-06
142, 275, 1.0588092997440105e-06
3198, 3872, 1.0440325762532695e-06
4429, 4557, 1.039389792797127e-06
3312, 4460, 1.033571596539858e-06
6762, 7153, 1.0079615191811069e-06
242, 432, 9.977528520916323e-07
9661, 9822, 9.671849166691723e-07
6762, 7012, 9.643860287176448e-07
535, 1381, 9.620183401522905e-07
258, 414, 9.618647028390968e-07
121, 222, 9.582342065361106e-07
86, 207, 9.484971093589312e-07
4261, 4402, 9.446939433425362e-07
5639, 6030, 9.367010510053058e-07
1096, 1381, 9.314414289331771e-07
5847, 6030, 9.297899131502871e-07
3123, 3332, 9.147176724632631e-07
2502, 3131, 9.136207081698345e-07
6944, 7119, 9.118927009486332e-07
121, 178, 9.095935880664982e-07
9226, 9546, 9.051797427742486e-07
3182, 3535, 9.034991859054529e-07
459, 2345, 8.892739294808132e-07
608, 1592, 8.872195627131518e-07
4444, 6500, 8.831366136351662e-07
6638, 6687, 8.76960745369994e-07
6575, 7370, 8.762146551133383e-07
612, 3098, 8.633679526649724e-07
6629, 6807, 8.624084387368205e-07
9226, 9468, 8.343795943456593e-07
327, 2368, 8.262412077130771e-07
772, 3098, 8.22123713650509e-07
6638, 6720, 8.201271929794223e-07
9172, 9293, 8.151175511311918e-07
1096, 1270, 8.127179281466553e-07
6951, 7093, 8.103920737738558e-07
5998, 6500, 8.096881460649432e-07
1635, 3098, 7.899640191680166e-07
2047, 2426, 7.885463020041827e-07
7068, 7150, 7.883094392358298e-07
6880, 6936, 7.86859143787542e-07
86, 463, 7.632994077168264e-07
9226, 9648, 7.608262737139199e-07
2878, 3226, 7.55727389692399e-07
1279, 1650, 7.455384583026408e-07
9126, 9530, 7.390655222927757e-07
8841, 9077, 7.390217224623672e-07
9226, 9482, 7.33591391057529e-07
9449, 9770, 7.297719664083306e-07
6563, 7180, 7.273946311806663e-07
9226, 9946, 7.258967768440871e-07
9482, 9537, 7.17421945520093e-07
9164, 9293, 7.11774788829146e-07
703, 2426, 7.10920548866867e-07
6762, 7016, 7.074128251694354e-07
6575, 7359, 7.071292252503953e-07
86, 275, 7.070960123784516e-07
765, 1174, 7.036205294760288e-07
3811, 4370, 7.035888446228806e-07
6701, 6861, 6.920899844657226e-07
602, 1650, 6.856401615289163e-07
5801, 6500, 6.821651675829222e-07
608, 1106, 6.810775132304952e-07
142, 463, 6.370330114164584e-07
6931, 7180, 6.299619540011893e-07
2502, 3122, 6.264315568612902e-07
86, 1616, 6.263725287973247e-07
96, 222, 6.239286591751019e-07
592, 1196, 6.237612955419999e-07
6951, 7441, 6.068790920273031e-07
258, 1616, 5.981592373602661e-07
9449, 9785, 5.971835532327964e-07
1174, 2368, 5.918396294738115e-07
9469, 9892, 5.778265817327338e-07
9078, 9322, 5.734857149536877e-07
96, 200, 5.720142416902257e-07
7068, 7147, 5.702858455609284e-07
207, 268, 5.643040374130185e-07
664, 2368, 5.625460347053232e-07
55, 2368, 5.615092461931733e-07
1633, 2368, 5.599378542655414e-07
9226, 9577, 5.56864743810262e-07
142, 1616, 5.541634897451754e-07
9389, 9482, 5.533698170945186e-07
2558, 3332, 5.526576372646129e-07
9016, 9225, 5.508377162370355e-07
5662, 6500, 5.501369521877437e-07
9078, 9218, 5.479498047611244e-07
1096, 2368, 5.402585780256059e-07
121, 2368, 5.338578432218156e-07
616, 3098, 5.264175181894684e-07
970, 1592, 5.240962227955658e-07
3402, 4118, 5.161857256391619e-07
7059, 7135, 5.096548285008412e-07
6885, 7180, 5.057176209689155e-07
5937, 6500, 4.995225192278028e-07
9449, 9822, 4.99080597462072e-07
3262, 3872, 4.973754768613446e-07
459, 535, 4.908203074345683e-07
142, 295, 4.858024635006641e-07
3182, 4118, 4.841426844131101e-07
765, 1094, 4.839291053773099e-07
9770, 9822, 4.670901106969448e-07
55, 200, 4.6563581727830443e-07
9725, 9946, 4.5928022751594973e-07
5684, 6500, 4.5339445981695273e-07
9482, 9577, 4.48752517359491e-07
2558, 3226, 4.4501605241241105e-07
55, 222, 4.4314391806281814e-07
9761, 9892, 4.3407204210967104e-07
86, 295, 4.329475812402973e-07
703, 1592, 4.307426672881348e-07
86, 204, 4.298254008033253e-07
9770, 9946, 4.258441133839948e-07
142, 414, 4.2539103359483875e-07
6575, 7282, 4.213697597113784e-07
2306, 2426, 4.198204017167021e-07
55, 128, 4.162231171410063e-07
9449, 9698, 4.1550611215638354e-07
142, 327, 4.143378993329518e-07
8956, 9316, 4.143289482957933e-07
6937, 7012, 4.1094359948499024e-07
616, 1573, 4.1020019356358604e-07
8837, 9020, 4.093640188615231e-07
7235, 9050, 3.9726427142008285e-07
9603, 9946, 3.8584095463980325e-07
7039, 7093, 3.828161155155976e-07
6575, 6944, 3.802139486682978e-07
6951, 7147, 3.7997708798177663e-07
6949, 7012, 3.740299491884411e-07
6435, 6921, 3.7374006008357946e-07
2302, 3332, 3.735459963308087e-07
6575, 7058, 3.735343416193843e-07
96, 512, 3.7341272782410424e-07
4657, 6500, 3.719875069842181e-07
327, 477, 3.6855635586828206e-07
9485, 9549, 3.6711500759224963e-07
407, 512, 3.598838472869872e-07
258, 1174, 3.597433659245876e-07
459, 1069, 3.5879062454938386e-07
6701, 6936, 3.565726203155124e-07
86, 327, 3.5545581320668376e-07
703, 1492, 3.5410354268424286e-07
612, 1106, 3.540834871827402e-07
1286, 1573, 3.4900611770514177e-07
86, 414, 3.4896914142918687e-07
9016, 9306, 3.410953498208835e-07
772, 1592, 3.3973211584615726e-07
772, 1106, 3.390190871720234e-07
3022, 3116, 3.341683260601012e-07
258, 1094, 3.286706575893225e-07
9567, 9648, 3.261857599107503e-07
6435, 6677, 3.2409549565711393e-07
25, 512, 3.215908848048998e-07
970, 1094, 3.186368798289572e-07
9354, 9530, 3.1798903666683077e-07
1635, 2426, 3.178396146551153e-07
608, 1233, 3.17393222425173e-07
55, 512, 3.1648168099585626e-07
1529, 1592, 3.163018510312172e-07
234, 1438, 3.162057557787534e-07
7181, 7938, 3.1517387826799076e-07
311, 512, 3.1259113260108354e-07
970, 1196, 3.0808271843227157e-07
185, 242, 3.0608098548408e-07
6521, 7180, 3.0352588503770305e-07
8841, 8913, 3.028936512618082e-07
703, 1196, 2.9877765026191903e-07
6951, 7153, 2.968041278413019e-07
9226, 9585, 2.929468509086826e-07
8969, 9020, 2.918032241678772e-07
8841, 8926, 2.8899096005176497e-07
970, 1492, 2.886862316646577e-07
142, 1174, 2.8581167509376885e-07
234, 3098, 2.852054864419579e-07
9181, 9293, 2.804325953013245e-07
1029, 1106, 2.797809746831082e-07
9389, 9546, 2.770589826558187e-07
9482, 9648, 2.7645332252770306e-07
8837, 9530, 2.6662694219626963e-07
418, 1381, 2.653622575771787e-07
2996, 3116, 2.6413154147548946e-07
25, 222, 2.6270244024260495e-07
185, 647, 2.604899959092322e-07
7797, 9050, 2.5688136840752226e-07
258, 432, 2.5464158905359734e-07
418, 1270, 2.544437191225713e-07
3834, 3938, 2.5138968381963566e-07
592, 1094, 2.508878889353044e-07
6670, 6731, 2.478434183748997e-07
970, 1174, 2.463230945362623e-07
9126, 9197, 2.4365272071146877e-07
25, 200, 2.3518233608856912e-07
258, 1515, 2.3357208750416255e-07
535, 1270, 2.3320820705273584e-07
258, 1213, 2.3216715471991116e-07
9016, 9333, 2.3008472282152459e-07
86, 1515, 2.2983204759267684e-07
3758, 3837, 2.2882363701953077e-07
345, 628, 2.2548388044873272e-07
616, 1106, 2.2393650457285087e-07
353, 512, 2.2373746439239146e-07
3834, 3891, 2.2361498631195968e-07
86, 1174, 2.1977895670139699e-07
234, 447, 2.18914830127926e-07
1174, 1389, 2.1491454330152655e-07
6880, 7119, 2.087517690907496e-07
86, 1094, 2.0820488638636393e-07
142, 1094, 2.0609239855550687e-07
3333, 3938, 2.056823660625793e-07
602, 997, 2.02288255429703e-07
6629, 6677, 2.0144932108899939e-07
9065, 9218, 1.9986393770368213e-07
970, 1410, 1.9691719601819124e-07
703, 1410, 1.9655400483265521e-07
1029, 1094, 1.934856372595307e-07
242, 997, 1.9152520522707433e-07
418, 1438, 1.9079187087980524e-07
592, 1174, 1.8861343526528025e-07
8969, 9316, 1.864542974596463e-07
6594, 7180, 1.8575895428011304e-07
9065, 9322, 1.8470082168410462e-07
9389, 9648, 1.8307891287560318e-07
8837, 8951, 1.768000821719478e-07
608, 765, 1.7374072281123817e-07
234, 888, 1.7306156123173404e-07
9078, 9197, 1.7059346128986254e-07
3312, 3924, 1.6953344679711654e-07
612, 965, 1.6945162347898076e-07
9145, 9316, 1.6888327371573307e-07
1096, 1389, 1.652332641768078e-07
535, 888, 1.6341582953421765e-07
6788, 7150, 1.6216592561434902e-07
535, 1389, 1.6017926174578426e-07
9016, 9370, 1.557454896118198e-07
9126, 9218, 1.5495429491554948e-07
142, 432, 1.5431164032030472e-07
25, 94, 1.538585930813408e-07
9093, 9316, 1.5355345731881191e-07
142, 1213, 1.5314369342673402e-07
703, 1174, 1.528787386071291e-07
418, 1389, 1.5127931739134688e-07
8841, 9293, 1.484934053902974e-07
3312, 3837, 1.4705206267682774e-07
9698, 9770, 1.4493819677212564e-07
3765, 3837, 1.4348723472006456e-07
6092, 6500, 1.426368547234052e-07
3834, 3924, 1.426015218085315e-07
9389, 9577, 1.4071097795199234e-07
9482, 9585, 1.391686337217033e-07
1096, 1174, 1.3609373301063893e-07
418, 463, 1.3594715585430314e-07
3312, 3425, 1.3483115343440143e-07
703, 1094, 1.34451458384552e-07
9469, 9615, 1.3102002562399472e-07
608, 1174, 1.2967849379596638e-07
86, 432, 1.252681615633133e-07
772, 1233, 1.237754760985755e-07
9823, 9993, 1.2151326017384118e-07
652, 1381, 1.197569399242726e-07
242, 526, 1.1940080993350818e-07
418, 3098, 1.1848131182988126e-07
608, 1196, 1.1804090954835475e-07
3262, 3971, 1.1762193420593881e-07
9469, 10153, 1.1689801470646877e-07
8028, 8189, 1.1668355726708071e-07
833, 888, 1.1605575230097101e-07
7309, 7441, 1.1503815836885e-07
234, 875, 1.147655469261251e-07
765, 1213, 1.1450188125774595e-07
9016, 9546, 1.1428436772337728e-07
207, 512, 1.1416368505183106e-07
772, 1196, 1.0932913852102999e-07
418, 888, 1.0926044114589527e-07
652, 888, 1.0920897825221549e-07
9016, 9648, 1.0669447746778489e-07
20, 628, 1.060259846543528e-07
608, 1094, 1.0566026095213494e-07
7251, 8891, 1.0562499845798352e-07
612, 1233, 1.0561830516951274e-07
121, 477, 1.0518920639428891e-07
535, 875, 1.0463322502353251e-07
647, 888, 1.019554205383033e-07
616, 965, 1.0120747045696292e-07
86, 1213, 9.892821392179655e-08
345, 647, 9.831667915143148e-08
96, 178, 9.804333361761216e-08
2996, 3044, 9.6215940850813e-08
275, 628, 9.066230765638898e-08
327, 447, 8.946147549008987e-08
275, 647, 8.781835535860186e-08
9725, 9770, 8.655172109370313e-08
2047, 2602, 8.62280846041114e-08
234, 327, 8.569672054587531e-08
6788, 7093, 8.504864608117865e-08
3333, 3837, 8.443708346078565e-08
9078, 9385, 8.443515051773114e-08
234, 1106, 8.387903308519021e-08
817, 875, 8.340116234316341e-08
55, 477, 8.289423102742e-08
96, 477, 8.271501724078692e-08
353, 477, 8.150173746800357e-08
185, 512, 8.064090394826841e-08
612, 1174, 8.024285904991232e-08
121, 353, 7.821520309343029e-08
4213, 4370, 7.801896619443444e-08
55, 353, 7.758521840899932e-08
612, 765, 7.752131921096888e-08
3445, 3971, 7.726153134826836e-08
453, 512, 7.680759618074387e-08
9016, 9577, 7.499117032764723e-08
5639, 6500, 7.441343553390572e-08
407, 463, 7.370455468950392e-08
9226, 9770, 7.284280132952118e-08
9469, 9791, 7.167445410093766e-08
3811, 6500, 7.042858672817158e-08
2525, 2629, 6.871988990794357e-08
8989, 9113, 6.836927737140316e-08
616, 1233, 6.811784769624338e-08
2492, 2629, 6.806839794245085e-08
142, 258, 6.73661522520484e-08
592, 1213, 6.729065203021312e-08
9475, 9537, 6.663257899627851e-08
311, 477, 6.635019822131201e-08
3333, 3425, 6.61492544855353e-08
121, 268, 6.602318548633613e-08
121, 242, 6.55442845774189e-08
459, 772, 6.499485610711322e-08
20, 647, 6.466207059929803e-08
612, 1196, 6.342090601100227e-08
275, 353, 6.318518982395768e-08
9661, 9791, 6.303026631002078e-08
652, 875, 6.24403707805001e-08
356, 628, 6.15801602966769e-08
234, 463, 6.100408267425059e-08
9947, 10153, 6.077374552860662e-08
8108, 8189, 6.0713048315806e-08
353, 414, 6.03362427611995e-08
1096, 1196, 6.024870683801948e-08
3198, 4402, 5.945906224913687e-08
8989, 9218, 5.820540897500465e-08
5645, 6500, 5.8083564017692155e-08
96, 353, 5.74739513023817e-08
185, 268, 5.7335687065756194e-08
459, 540, 5.5977351825681895e-08
5269, 6500, 5.503583610872277e-08
2502, 3116, 5.470064572488535e-08
55, 268, 5.464730151589591e-08
772, 1174, 5.450521547160504e-08
234, 1233, 5.4025113316827044e-08
970, 1213, 5.174589844572841e-08
345, 512, 5.1507858575832e-08
647, 875, 5.0728513471464935e-08
20, 222, 5.012069639974897e-08
459, 970, 4.917326525831531e-08
3262, 4402, 4.8943272529042006e-08
616, 765, 4.7894840063375384e-08
311, 353, 4.757687217347836e-08
765, 997, 4.724752720756155e-08
535, 1106, 4.640609781894464e-08
9065, 9197, 4.626167544755188e-08
55, 178, 4.602114512796529e-08
616, 1196, 4.537719402065257e-08
1096, 1233, 4.525677949390796e-08
207, 275, 4.5016182631095724e-08
234, 965, 4.498064004347815e-08
20, 200, 4.4109547717405626e-08
234, 414, 4.388342962927935e-08
9725, 9791, 4.3462336531533566e-08
9226, 9785, 4.324464701202573e-08
817, 888, 4.309722876980014e-08
25, 477, 4.2877165800738656e-08
356, 647, 4.272624600771026e-08
4149, 4370, 4.223592172156911e-08
418, 875, 4.222417458142401e-08
772, 1094, 4.145265233820391e-08
96, 268, 4.135486703234412e-08
20, 512, 4.1189974674610674e-08
652, 1270, 3.95241594368547e-08
418, 1106, 3.9482817510273434e-08
327, 888, 3.9319245881827577e-08
463, 888, 3.915632058355001e-08
25, 128, 3.9019364566759655e-08
596, 888, 3.898766814892482e-08
25, 353, 3.841076857310952e-08
703, 1213, 3.8048675009088456e-08
608, 1213, 3.7532821214459466e-08
3312, 3855, 3.7271358861666505e-08
2302, 2629, 3.704104912033244e-08
86, 258, 3.64931369556377e-08
275, 512, 3.621554503711239e-08
258, 997, 3.6168165777771605e-08
356, 512, 3.587401349463603e-08
96, 242, 3.538945024198168e-08
843, 888, 3.524719753126953e-08
9449, 9615, 3.5211026888105884e-08
9485, 9577, 3.5078054231557985e-08
647, 1270, 3.4699952163115065e-08
207, 353, 3.469292826936883e-08
242, 1069, 3.4024712508186525e-08
55, 242, 3.390860493800621e-08
3834, 4402, 3.356938235092348e-08
418, 965, 3.296345794535549e-08
327, 414, 3.248582540356818e-08
185, 477, 3.205982865330186e-08
207, 477, 3.205747571752368e-08
364, 628, 3.156260453919849e-08
364, 647, 3.1392533250006825e-08
234, 1196, 3.138641477542268e-08
327, 875, 3.078306267133768e-08
463, 875, 2.9863468824240784e-08
9172, 9316, 2.9539620720304066e-08
142, 997, 2.9354003308963947e-08
3445, 3872, 2.9167663742802458e-08
612, 1094, 2.8596322808315187e-08
696, 765, 2.851790294165012e-08
1029, 1270, 2.8509054219926677e-08
3445, 4402, 2.8300276395590963e-08
86, 997, 2.8240128381235446e-08
25, 268, 2.8162641205213634e-08
364, 512, 2.779313168698673e-08
616, 1174, 2.7733485729517062e-08
9126, 9322, 2.7436101412402327e-08
9164, 9316, 2.731414971437053e-08
664, 888, 2.685967800407763e-08
258, 526, 2.6522282109449082e-08
463, 1270, 2.6507674476830382e-08
3981, 4370, 2.605689207554155e-08
327, 463, 2.5744985700846554e-08
535, 965, 2.571818699553505e-08
8989, 9322, 2.5411571788088753e-08
596, 875, 2.4807289646427515e-08
327, 1270, 2.477807017367614e-08
592, 997, 2.4710254307461144e-08
25, 75, 2.4628931888457034e-08
185, 353, 2.460089978928618e-08
8837, 9218, 2.4585678573966845e-08
1438, 1492, 2.4566213316371747e-08
707, 765, 2.4486438285989338e-08
949, 1106, 2.4348759088034392e-08
4370, 4443, 2.3875837838772026e-08
185, 234, 2.360339339317646e-08
602, 1069, 2.3056420198678387e-08
345, 477, 2.2774220443940747e-08
25, 242, 2.268677468689993e-08
664, 875, 2.2594933072618616e-08
379, 628, 2.185992961894677e-08
4073, 4402, 2.1704320078252027e-08
4007, 4402, 2.156531501787594e-08
608, 1492, 2.137437611250344e-08
612, 1213, 2.074269360820362e-08
379, 512, 2.030056132354727e-08
25, 178, 2.0226366384163726e-08
9469, 9814, 1.9362664062698148e-08
9449, 9791, 1.9338600090046845e-08
9469, 9609, 1.90927650854292e-08
4248, 4443, 1.8963655130963155e-08
353, 447, 1.8768454628241024e-08
121, 1270, 1.8462622539469408e-08
3975, 4460, 1.8350224488747504e-08
463, 526, 1.8217997928164027e-08
418, 1233, 1.7563197840359972e-08
55, 888, 1.7545365611279885e-08
4331, 4402, 1.720521818236112e-08
379, 647, 1.6771431591757417e-08
121, 234, 1.6708866973575727e-08
652, 965, 1.660857853413694e-08
142, 526, 1.6553924692066122e-08
652, 765, 1.645356122951645e-08
55, 1270, 1.640459745180145e-08
949, 1270, 1.6188514555024934e-08
121, 888, 1.5969403779336643e-08
121, 207, 1.585175219121549e-08
7181, 7282, 1.5426156243157277e-08
5023, 5892, 1.541704646452591e-08
20, 94, 1.5336020650574798e-08
311, 447, 1.5068229930728246e-08
647, 765, 1.5051407796763746e-08
379, 447, 1.5046092027005016e-08
86, 526, 1.504020519009117e-08
234, 765, 1.462771161742782e-08
121, 447, 1.4594703028510236e-08
55, 447, 1.4480503511948064e-08
463, 965, 1.427236082148783e-08
647, 1381, 1.4159660638401618e-08
535, 1233, 1.4118808994694969e-08
1307, 1389, 1.3668161665628762e-08
356, 477, 1.3462250406467843e-08
647, 965, 1.3436192255110068e-08
3758, 4402, 1.341648515742253e-08
596, 1270, 1.3325155621644521e-08
234, 432, 1.3153701872126714e-08
1279, 2796, 1.2732523837503554e-08
96, 447, 1.2611528091091047e-08
234, 1573, 1.2608868142058908e-08
9661, 9814, 1.2177858481399846e-08
9469, 9618, 1.1921398693442341e-08
96, 888, 1.1897940001212376e-08
121, 875, 1.1566425698460383e-08
9765, 9814, 1.1517956083972587e-08
7251, 7509, 1.1494553466968438e-08
345, 414, 1.1203114914628666e-08
275, 477, 1.1005827447099496e-08
915, 965, 1.0917668478285156e-08
364, 477, 1.0687140632956646e-08
4261, 4443, 1.0669903712346105e-08
3198, 4443, 1.0519143296200314e-08
664, 1270, 1.0442032173458789e-08
2492, 2686, 1.0336544579617799e-08
356, 414, 1.0294256299937846e-08
20, 75, 1.0147353025096612e-08
96, 234, 1.0108095958530611e-08
2525, 2686, 1.0091124890695748e-08
2996, 4402, 9.928860403015845e-09
463, 1233, 9.804050508198863e-09
55, 875, 9.615668221652726e-09
696, 888, 9.443176428250472e-09
535, 765, 9.066946543761433e-09
7228, 7938, 8.93541448463863e-09
3938, 4460, 8.928787752852222e-09
55, 234, 8.856971910893347e-09
121, 204, 8.698467376852394e-09
9, 222, 8.640756432721542e-09
25, 447, 8.586939442513948e-09
6951, 7938, 8.560198785902421e-09
25, 888, 8.364412930076322e-09
9, 628, 8.129509765335446e-09
121, 275, 8.072494457483783e-09
418, 765, 7.86134199780261e-09
3938, 4148, 7.770539643874081e-09
9758, 9822, 7.749688014519415e-09
379, 477, 7.711325385166539e-09
1029, 1233, 7.70906276569944e-09
3975, 4148, 7.289498914339889e-09
20, 353, 7.285773271288399e-09
96, 875, 7.213063242831163e-09
3938, 4370, 7.167915001068439e-09
696, 875, 7.045402169995461e-09
3975, 4370, 6.947849116549977e-09
3834, 4443, 6.914126656158669e-09
652, 1233, 6.880846621250382e-09
1903, 3098, 6.769213476557769e-09
20, 128, 6.6738625169397084e-09
96, 207, 6.662855474827097e-09
772, 1213, 6.6425056274532054e-09
275, 327, 6.621650859192737e-09
20, 477, 6.545300599014079e-09
602, 772, 6.385709856081438e-09
9, 647, 6.325314263789583e-09
9, 200, 6.297157498619349e-09
686, 888, 6.284651452634045e-09
327, 432, 6.2024410093574135e-09
1286, 3098, 6.150353109078383e-09
3312, 4370, 6.138488942528549e-09
9145, 9218, 6.079177621451304e-09
703, 772, 6.0774799966836125e-09
55, 275, 6.003282149544743e-09
121, 463, 5.83220549483911e-09
25, 234, 5.821348617198924e-09
3445, 4443, 5.643652586491865e-09
3312, 4148, 5.563705947808632e-09
242, 772, 5.512024340837566e-09
707, 888, 5.460554850452285e-09
9485, 9648, 5.378857127887733e-09
55, 207, 5.351640725243427e-09
207, 447, 5.3340845604734016e-09
96, 275, 5.320519972273313e-09
2306, 3098, 5.303234236671766e-09
55, 463, 5.264344872946586e-09
20, 268, 5.208648196183193e-09
1286, 1410, 5.186302252514747e-09
9, 512, 5.162927775374336e-09
96, 463, 5.101522786572448e-09
7309, 7359, 5.055691970358847e-09
3022, 4402, 5.033886348936416e-09
608, 1410, 5.02951486725366e-09
602, 970, 4.949315558859277e-09
353, 463, 4.895576443483445e-09
9661, 9892, 4.872869880313781e-09
4429, 5544, 4.808249385837974e-09
185, 275, 4.756448778991501e-09
345, 447, 4.733237220034638e-09
242, 970, 4.631641617950118e-09
311, 463, 4.597802498170956e-09
703, 997, 4.552137177728598e-09
4641, 5544, 4.527426579415733e-09
364, 447, 4.450633589779827e-09
242, 535, 4.432638678642308e-09
4952, 5544, 4.413429989454329e-09
311, 414, 4.380596354753713e-09
535, 2099, 4.378627019082172e-09
121, 414, 4.372798317630378e-09
9475, 9648, 4.364282520752278e-09
9449, 9814, 4.272296607562316e-09
25, 1270, 4.1099159898856505e-09
185, 447, 4.0849981331182695e-09
121, 327, 3.865407832980647e-09
7282, 7370, 3.854300166904896e-09
20, 178, 3.835243732779287e-09
121, 295, 3.719287291643678e-09
20, 242, 3.673114525042183e-09
356, 447, 3.660815147268008e-09
55, 414, 3.594006384554815e-09
311, 1270, 3.5804005749045623e-09
9755, 9822, 3.5536822975113374e-09
4345, 4460, 3.5466468604046866e-09
96, 1270, 3.4160960638572653e-09
4248, 4460, 3.3954979440045303e-09
25, 275, 3.3802612929184535e-09
1810, 2368, 3.379309227812106e-09
25, 463, 3.3745223944927167e-09
353, 432, 3.370938193560378e-09
207, 295, 3.260318799892961e-09
25, 80, 3.2591579786867683e-09
652, 3098, 3.2348111517898566e-09
1073, 1270, 3.111442660969381e-09
463, 1381, 3.038284821087801e-09
55, 295, 2.9612051383242216e-09
55, 327, 2.9599669664048055e-09
25, 207, 2.9441310994562336e-09
364, 414, 2.939737600309103e-09
647, 3098, 2.9330314203919697e-09
96, 204, 2.932253864858831e-09
3262, 4443, 2.927940100459448e-09
96, 414, 2.8874366356097166e-09
4073, 4443, 2.8726077031864405e-09
4248, 4370, 2.8419987419843385e-09
327, 1381, 2.7919684632817655e-09
96, 295, 2.760541697746051e-09
5847, 6500, 2.7037036200174106e-09
1061, 1270, 2.5315508036386904e-09
4429, 4503, 2.5111201496392107e-09
96, 327, 2.4348626986658355e-09
956, 1270, 2.3998513521684636e-09
55, 204, 2.3800382384272455e-09
2502, 4402, 2.3118472455630743e-09
696, 1270, 2.308256383199371e-09
7228, 7359, 2.263474577854749e-09
535, 3098, 2.2418033246951753e-09
2878, 3332, 2.23443527455501e-09
25, 414, 2.089951327196675e-09
2726, 3332, 2.049559082468098e-09
275, 447, 2.0447212977143117e-09
1682, 3098, 2.0297996049336514e-09
9725, 9822, 2.0207926728802207e-09
207, 327, 2.015261239733303e-09
9603, 9698, 2.0109179045841726e-09
843, 1270, 1.9769199507603554e-09
96, 1381, 1.956895324120415e-09
4752, 6500, 1.942214934865035e-09
25, 327, 1.8976309667615624e-09
364, 432, 1.860507800779624e-09
25, 295, 1.8454447075607452e-09
207, 463, 1.7835454135541324e-09
9389, 9946, 1.7816556916214736e-09
142, 246, 1.7792851633888288e-09
185, 463, 1.7376684808826852e-09
185, 295, 1.7209359606066049e-09
1029, 1381, 1.7142738306433313e-09
463, 1389, 1.696407168579084e-09
4641, 6500, 1.679854620856278e-09
6563, 6627, 1.6520664526475245e-09
372, 512, 1.6467495498999895e-09
345, 463, 1.6306860824739415e-09
327, 1389, 1.6157494614984112e-09
9, 75, 1.6102371743169384e-09
3212, 4190, 1.600402159325022e-09
20, 447, 1.5954788051826253e-09
772, 2426, 1.5832018672775438e-09
6435, 6627, 1.576372137773275e-09
2996, 4190, 1.5563566861418805e-09
3811, 4416, 1.5208813519070695e-09
3318, 4190, 1.506974806366483e-09
207, 258, 1.4996585794318076e-09
418, 526, 1.4909009043958735e-09
3022, 4190, 1.4734468907967227e-09
207, 414, 1.42670545417179e-09
311, 432, 1.3867191998695388e-09
453, 628, 1.3495857850392779e-09
121, 432, 1.3348443837254207e-09
234, 526, 1.3238310211611196e-09
185, 327, 1.3082157273986146e-09
25, 204, 1.3029974101913054e-09
9226, 9698, 1.2676312066991599e-09
55, 432, 1.2455510560445895e-09
4417, 6500, 1.2181549492017987e-09
327, 3098, 1.194979733060495e-09
9, 353, 1.1929150886125856e-09
86, 246, 1.188202448772882e-09
4417, 4503, 1.1873594757895031e-09
185, 258, 1.1523518366087805e-09
1174, 3098, 1.1481916887946905e-09
391, 512, 1.139632667810858e-09
9, 477, 1.1328903408355602e-09
463, 3098, 1.1227252081660277e-09
20, 234, 1.109247458312961e-09
391, 447, 1.0963023557762733e-09
9, 128, 1.0776489645558062e-09
6677, 6807, 1.0653318627920643e-09
6762, 7359, 1.0288855317943953e-09
185, 414, 1.0226485711664777e-09
258, 535, 1.0111201203397012e-09
5962, 6500, 1.0089226329101645e-09
4882, 6500, 1.0036755296024935e-09
379, 432, 9.911357604248442e-10
453, 647, 9.429007093864555e-10
5574, 6500, 9.310197914464133e-10
242, 540, 9.140232914042409e-10
6762, 7370, 9.058803541454704e-10
379, 463, 8.821602441785104e-10
96, 432, 8.802160294851609e-10
356, 463, 8.778697799571021e-10
356, 432, 8.729223957220964e-10
364, 463, 8.526252150500838e-10
55, 3098, 8.413376747060934e-10
3232, 4190, 8.076254677678828e-10
121, 3098, 7.999061805036308e-10
20, 80, 7.949600246791434e-10
4952, 6500, 7.925570534566743e-10
592, 2602, 7.730130826260208e-10
275, 463, 7.558988183613523e-10
3804, 4190, 7.464755565859309e-10
9, 94, 7.316096942549114e-10
372, 628, 7.169983400293162e-10
3, 222, 7.120193571130156e-10
7228, 7370, 7.116525428389028e-10
4429, 6500, 6.996567358087231e-10
372, 447, 6.929609701793509e-10
372, 477, 6.803469326491176e-10
9, 268, 6.728515584286985e-10
25, 432, 6.690656977011396e-10
4921, 6500, 6.60367464552024e-10
3971, 4190, 6.597604226483007e-10
96, 3098, 6.573397972001912e-10
391, 477, 6.533469085805997e-10
2492, 3332, 6.436506790353498e-10
275, 414, 6.306648563478161e-10
5365, 6500, 6.121006419042405e-10
8837, 9322, 6.104965838800721e-10
20, 275, 5.782343884458671e-10
372, 647, 5.761084666909877e-10
2726, 3226, 5.719133214995495e-10
25, 3098, 5.678655013718588e-10
142, 535, 5.601175924438093e-10
9065, 9385, 5.539975414858354e-10
345, 432, 5.535088913764098e-10
3, 200, 5.450600930585827e-10
20, 463, 5.340773473031433e-10
20, 207, 5.29676253723576e-10
6, 222, 5.13945745223603e-10
9, 242, 4.994631593896724e-10
121, 258, 4.82409143959911e-10
25, 875, 4.688694497741504e-10
9, 178, 4.63466557372195e-10
86, 535, 4.4576263621136943e-10
4837, 6500, 4.3645897434592947e-10
463, 765, 4.289009907823853e-10
3, 512, 4.1163250149616027e-10
5678, 6500, 4.0743306705218197e-10
391, 628, 3.946815053788871e-10
207, 432, 3.9368360003074495e-10
311, 875, 3.885343455791046e-10
353, 888, 3.8744298044800567e-10
2525, 3332, 3.868407847543232e-10
6, 200, 3.698367365058677e-10
20, 414, 3.697825967749719e-10
2797, 3332, 3.650817648040992e-10
185, 432, 3.6271142755230726e-10
20, 327, 3.552065084484319e-10
20, 295, 3.4611965034924153e-10
327, 526, 3.267943478859979e-10
311, 888, 3.233642922459727e-10
55, 258, 3.1320971178482415e-10
96, 258, 3.083689773680366e-10
327, 765, 3.0470989750726413e-10
6, 512, 2.980147291682414e-10
463, 535, 2.8449205789332715e-10
391, 647, 2.8048771645939303e-10
5028, 6500, 2.7697599155414853e-10
3212, 4402, 2.7329990772399894e-10
5978, 6519, 2.7013197012588646e-10
5164, 6500, 2.643631086043353e-10
9, 447, 2.6360637661522717e-10
3804, 4402, 2.6009189936787914e-10
407, 888, 2.577820335740214e-10
3, 628, 2.5296346417510706e-10
2492, 3226, 2.5190676553087105e-10
949, 1381, 2.4570534024045535e-10
20, 204, 2.4138136035954864e-10
207, 875, 2.3997226084469987e-10
207, 888, 2.3183232415102063e-10
258, 540, 2.3002621331961073e-10
596, 3098, 2.2920079441464548e-10
353, 875, 2.228593207631157e-10
664, 765, 2.2048354575467293e-10
596, 765, 2.1462440216886597e-10
3318, 4402, 2.144196011480909e-10
4522, 6500, 2.1118508246754897e-10
185, 888, 2.0578298348060058e-10
86, 163, 2.027930179030111e-10
652, 1389, 2.0236890409615937e-10
606, 888, 2.0028555435929592e-10
512, 888, 2.0015225997057464e-10
686, 765, 1.9767754499367378e-10
391, 463, 1.9485215228803934e-10
275, 432, 1.8947442824193313e-10
372, 432, 1.8248704260066081e-10
6629, 6687, 1.8127315826200218e-10
4744, 6500, 1.8041335549355097e-10
5164, 6292, 1.8014493730953118e-10
5627, 6519, 1.78062248441634e-10
5532, 6292, 1.7523087081357863e-10
6615, 6687, 1.7522979257358367e-10
2525, 3226, 1.7502480310924644e-10
647, 1389, 1.7463476339905e-10
407, 875, 1.7401772544970256e-10
686, 875, 1.7052665529767037e-10
1096, 3098, 1.6689525937662603e-10
25, 258, 1.659744536169738e-10
6762, 7282, 1.6201887976212584e-10
4618, 6500, 1.6166758203007531e-10
512, 875, 1.608796032916215e-10
606, 875, 1.5573246912382936e-10
6629, 6690, 1.5182661490689038e-10
6, 628, 1.5125788383266157e-10
5705, 6519, 1.5060651486988231e-10
1029, 1389, 1.4786081437528467e-10
3, 647, 1.474576477879357e-10
185, 875, 1.4222060013819925e-10
664, 3098, 1.3745466104580262e-10
707, 875, 1.349993974576477e-10
9, 234, 1.347101443112584e-10
20, 432, 1.2549133705594456e-10
345, 888, 1.2479763213559196e-10
96, 765, 1.199184458062934e-10
142, 540, 1.1934079421118767e-10
3, 477, 1.1610507039377116e-10
4877, 6500, 1.1557472404872118e-10
949, 1389, 1.1539050446405752e-10
2302, 3226, 1.1515804376397796e-10
121, 526, 1.1231646212702233e-10
3, 353, 1.0664917294095217e-10
5978, 6513, 1.053326139836224e-10
6, 647, 1.0214617353777033e-10
55, 765, 1.0196949366651839e-10
121, 765, 1.0031331500392922e-10
3032, 3226, 9.854299879968403e-11
6615, 6690, 9.462201202854692e-11
86, 540, 9.255534311303417e-11
55, 526, 9.133862403779502e-11
20, 888, 9.056378098452778e-11
3, 128, 8.891763386494437e-11
96, 526, 8.86010437821166e-11
345, 875, 8.818046555504184e-11
407, 526, 8.723080309212567e-11
2797, 3226, 8.69178397085978e-11
9, 275, 8.586749418733821e-11
185, 246, 8.471623919610214e-11
311, 526, 8.385836961403838e-11
7197, 7282, 8.322630402487006e-11
20, 875, 7.836497348132405e-11
275, 875, 7.76933082928234e-11
25, 526, 7.705136511945951e-11
8446, 9050, 7.668118939083536e-11
9, 207, 7.547446227653761e-11
5627, 6469, 7.522403097415536e-11
3, 75, 7.482428794063702e-11
275, 888, 7.456795830681017e-11
5627, 6513, 7.353897709232177e-11
6, 75, 7.26466486218624e-11
3811, 4554, 7.253789143931052e-11
418, 535, 7.24452264169781e-11
6, 477, 7.141866130670706e-11
6, 353, 7.14095371296209e-11
9, 463, 6.980710848403383e-11
372, 463, 6.723281463428056e-11
6, 128, 6.324719723639306e-11
3, 268, 6.130945760929249e-11
356, 888, 6.109132681774793e-11
9, 295, 5.6881708221955343e-11
9, 414, 5.665324418457466e-11
9, 80, 5.6383361091837164e-11
234, 535, 5.566138125539041e-11
353, 526, 5.53545627297741e-11
2564, 3226, 5.293063755710015e-11
9, 327, 4.964835677393641e-11
3, 94, 4.959774967004595e-11
6629, 7119, 4.8887488867787176e-11
3, 242, 4.5879196384012695e-11
6670, 6720, 4.5509565662278016e-11
5705, 6513, 4.377166393043855e-11
3, 178, 4.247827870966822e-11
6, 268, 3.9965127348180634e-11
6, 94, 3.759590198753011e-11
8053, 9050, 3.7421843650262314e-11
5978, 6469, 3.6507183232635016e-11
6670, 6717, 3.6501777923346945e-11
5705, 6469, 3.418313140912973e-11
9, 204, 3.348382302926327e-11
463, 540, 3.2581688546985165e-11
207, 526, 3.247320852674045e-11
6435, 6717, 3.181908515664972e-11
20, 258, 3.1231917837719294e-11
327, 965, 3.069022819364592e-11
8207, 8891, 3.0366230046124227e-11
6, 242, 3.031995063239008e-11
6, 178, 2.8107789885415553e-11
185, 526, 2.752695114741307e-11
6435, 6720, 2.4989994791339102e-11
596, 965, 2.3492917040284234e-11
3811, 4557, 2.052056394720858e-11
3, 447, 1.952925626155012e-11
121, 965, 1.9439394888716897e-11
6435, 6687, 1.8942742184622607e-11
4007, 4443, 1.8130455296741614e-11
9, 432, 1.76195675149519e-11
327, 535, 1.6476471152111105e-11
345, 526, 1.646604130223643e-11
55, 965, 1.573486087667877e-11
372, 414, 1.557918360817603e-11
121, 246, 1.53414296497414e-11
6186, 6469, 1.5153083014697846e-11
418, 540, 1.50634552924084e-11
6, 447, 1.4494920159919204e-11
96, 965, 1.4266374482923304e-11
20, 526, 1.222078277935843e-11
234, 540, 1.2090157801281383e-11
275, 526, 1.1677848620465388e-11
6376, 6469, 1.152868545493746e-11
3, 234, 1.1463947344005743e-11
463, 1106, 1.1258026893004446e-11
327, 1106, 1.0889740888039241e-11
6615, 6717, 9.384553772450327e-12
356, 526, 8.75270298707011e-12
453, 526, 8.657768151510976e-12
96, 246, 8.444893732031995e-12
3, 275, 8.37210465244038e-12
5476, 6469, 8.301408792277326e-12
364, 526, 8.23130939641802e-12
55, 246, 8.055055996150931e-12
6, 234, 7.87444669329568e-12
652, 1106, 7.594037559260003e-12
6670, 7119, 7.423798259870579e-12
3, 207, 7.203243291308257e-12
258, 772, 6.686335626463904e-12
3, 463, 5.90677400512868e-12
3003, 3226, 5.653030770547812e-12
6, 275, 5.518462976418751e-12
6065, 6469, 5.4542695938464e-12
121, 535, 5.203483081725962e-12
3, 414, 5.2030204969660656e-12
379, 526, 5.169995307228997e-12
3, 295, 5.112317862207314e-12
25, 246, 5.0892319064945056e-12
9, 258, 5.034296625295495e-12
96, 163, 4.8918095569510165e-12
833, 875, 4.8279181434743815e-12
55, 535, 4.768850586591661e-12
592, 772, 4.707985798465607e-12
6, 207, 4.6948124396166365e-12
3758, 4443, 4.309651444562657e-12
6, 463, 4.051181108761931e-12
142, 772, 4.019576720482801e-12
96, 535, 3.9787580794097265e-12
86, 772, 3.939861643935301e-12
5841, 6469, 3.859318808591538e-12
3, 327, 3.858098586934838e-12
5860, 6469, 3.777871544012802e-12
327, 540, 3.7660728232912354e-12
6, 414, 3.490674113154013e-12
407, 535, 3.4740918229515515e-12
6, 295, 3.4234291306388753e-12
3, 204, 3.088373977136644e-12
311, 535, 3.0822260846431157e-12
25, 535, 3.0727577455603466e-12
9181, 9316, 2.8816868885508868e-12
6, 327, 2.7554820766831977e-12
353, 535, 2.6340289929853687e-12
594, 888, 2.4309704920383975e-12
9190, 9322, 2.4262573472980976e-12
664, 965, 2.404202172375048e-12
3, 80, 2.335379332844453e-12
25, 965, 2.334068453792202e-12
6, 80, 2.3257292468772377e-12
8841, 9316, 2.2100267859229194e-12
6, 204, 1.9933461799045497e-12
608, 772, 1.8742339954738447e-12
3, 432, 1.6490634338516523e-12
9, 526, 1.5678918683708402e-12
843, 965, 1.4345028911848851e-12
207, 535, 1.416728713946297e-12
185, 535, 1.3891282773872151e-12
3333, 4460, 1.3254328709806365e-12
612, 772, 1.162290208104012e-12
55, 540, 1.1519039870264432e-12
311, 965, 1.134225883643022e-12
121, 540, 1.0931152044461313e-12
407, 965, 1.0799808046858191e-12
353, 965, 1.0706833923214508e-12
207, 965, 8.477155798538761e-13
6, 432, 8.220245631836399e-13
20, 246, 8.199105547402489e-13
345, 535, 7.848046767492204e-13
96, 540, 7.476224688328434e-13
407, 540, 7.076304257688056e-13
311, 540, 6.376529812474967e-13
25, 540, 6.328197875125328e-13
353, 540, 5.62556471668991e-13
372, 526, 5.545837165039135e-13
20, 535, 5.328459095353992e-13
275, 535, 5.091470396863421e-13
356, 535, 4.692838219319217e-13
9373, 9530, 4.030686969886927e-13
3, 258, 4.0177439944756197e-13
55, 163, 3.9358150750281703e-13
9190, 9530, 3.7472648751388754e-13
9376, 9530, 3.544104297650569e-13
364, 535, 3.5415902617272084e-13
185, 540, 3.2262449162747465e-13
207, 540, 3.1896547187209236e-13
6, 258, 2.7885040402683376e-13
9449, 9892, 2.734737980646089e-13
379, 535, 2.6613351839119043e-13
121, 163, 2.460761296673369e-13
25, 163, 1.9960010193735096e-13
2878, 4247, 1.2821912407273885e-13
391, 526, 1.239660749498506e-13
9, 246, 1.2226819845091153e-13
345, 540, 7.367786467912166e-14
25, 765, 6.626511295860432e-14
453, 535, 6.397414789927586e-14
275, 540, 5.1573468717553725e-14
311, 765, 5.092635932462118e-14
353, 765, 5.0702803056686296e-14
207, 765, 4.7604341845144334e-14
20, 540, 4.7562320198803235e-14
407, 765, 4.7482092459284284e-14
356, 540, 4.57199866758773e-14
3, 526, 4.5615952962273436e-14
606, 765, 4.3467458382561485e-14
9437, 9648, 4.021132653176651e-14
364, 540, 3.5698183800628186e-14
20, 163, 3.4672661074449656e-14
9, 535, 3.311931210832782e-14
6, 526, 3.160559705112753e-14
512, 765, 3.00786863223329e-14
379, 540, 2.458996649757241e-14
185, 765, 2.433966537730811e-14
7235, 9077, 2.233960138771022e-14
7797, 9077, 2.1736051774272505e-14
275, 765, 1.512967468705445e-14
345, 765, 1.4478989871073806e-14
20, 765, 1.424666854762877e-14
3, 246, 1.1669147629396491e-14
356, 765, 8.61110331192286e-15
594, 765, 8.459535616698108e-15
6, 246, 7.631461427724826e-15
3, 46, 5.295082810422567e-15
9, 163, 4.9872596575314394e-15
594, 875, 9.603284659158173e-16
356, 875, 9.503283992876778e-16
364, 888, 6.899715500843431e-16
3, 163, 4.4007450713570886e-16
6, 163, 3.0734710138089883e-16
364, 875, 9.049707170971886e-17
